time a b c w1
0.0 0.0 0.0 0.0 0.0
2.34374997708231e-06 1.0801570415496826 2.34398437508335e-23 1.0801570415496826 2.34398437508335e-23
2.3531289769906394e-06 1.0037916898727417 2.35336424679079e-23 1.0037916898727417 2.35336424679079e-23
2.3718869768072985e-06 0.9922298789024353 2.372124147977851e-23 0.9922298789024353 2.372124147977851e-23
2.449126245505041e-06 0.9876051545143127 2.449371143311084e-23 0.9876051545143127 2.449371143311084e-23
0.00019360463173130613 0.9876051545143127 1.9362399824984054e-21 0.9876051545143127 1.9362399824984054e-21
0.00038480681743822704 0.9876051545143127 3.8484529531415596e-21 0.9876051545143127 -5.559572802127377e-09
0.0007672111888520689 0.9876051545143127 7.672878894427868e-21 0.9876051545143127 -2.705564838834107e-08
0.001 0.9876051545143127 1.0000999731091105e-20 0.9876051545143127 -3.338778142847332e-08
29.999999999999996 0.9876051545143127 3.000300019364487e-16 0.9876051545143127 -3.3387607345503056e-08
30.000099999999996 0.9876051545143127 3.0003100778807355e-16 0.9876051545143127 -3.336576170909211e-08
30.0003 0.9876051545143127 3.0003299302154367e-16 0.9876051545143127 -3.33441789734934e-08
30.0007 0.9876051545143127 3.0003698995826353e-16 0.9876051545143127 -3.3332284488096775e-08
30.001 0.9876051545143127 3.000400075131381e-16 0.9876051545143127 -3.332718279125402e-08
59.99999999999999 0.9876051545143127 6.000600038728974e-16 0.9876051545143127 -3.332718279125402e-08
60.000099999999996 0.9876051545143127 6.000610097245222e-16 0.9876051545143127 -3.332718279125402e-08
60.000299999999996 0.9876051545143127 6.00063021427772e-16 0.9876051545143127 -3.332718279125402e-08
60.000699999999995 0.9876048564910889 6.000669918947122e-16 0.9876051545143127 -3.332718279125402e-08
60.001000000000005 0.9876043796539307 6.000700094495868e-16 0.9876051545143127 -3.332718279125402e-08
60.00108 0.9876036047935486 6.000708035429749e-16 0.9876051545143127 -3.332718279125402e-08
60.00124000000001 0.9876021146774292 6.00072391729751e-16 0.9876051545143127 -3.332718279125402e-08
60.002200000000016 0.9875930547714233 6.00082026729526e-16 0.9876051545143127 -3.332718279125402e-08
60.003480000000025 0.9875809550285339 6.00094785163294e-16 0.9876051545143127 -3.332718279125402e-08
60.04316000000038 0.9871973991394043 6.004916730386418e-16 0.9876051545143127 -3.332718279125402e-08
60.082840000000736 0.9867964386940002 6.008885079744305e-16 0.9876051545143127 -3.332718279125402e-08
60.328600000002936 0.9838917851448059 6.033463328895664e-16 0.9876051545143127 -3.332718279125402e-08
60.562975000002936 0.9804593324661255 6.056903377524151e-16 0.9876051545143127 -3.332718279125402e-08
60.79735000000293 0.976220428943634 6.080342896757046e-16 0.9876051545143127 -3.332718279125402e-08
61.03172500000293 0.9709084033966064 6.103782945385532e-16 0.9876051545143127 -3.332718279125402e-08
61.50047500000293 0.9560742378234863 6.150662513246914e-16 0.9876051545143127 -3.332718279125402e-08
61.734850000002936 0.946077823638916 6.1741025618754e-16 0.9876051545143127 -3.332718279125402e-08
61.969225000002936 0.9341229796409607 6.197542081108295e-16 0.9876051545143127 -3.332718279125402e-08
62.20360000000294 0.9201257824897766 6.220982129736782e-16 0.9876051545143127 -3.332718279125402e-08
62.43797500000295 0.904089093208313 6.244421648969676e-16 0.9876051545143127 -3.332718279125402e-08
62.67235000000295 0.8860915303230286 6.267861697598163e-16 0.9876051545143127 -3.332718279125402e-08
62.90672500000296 0.8662655353546143 6.2913017462266495e-16 0.9876051545143127 -3.332718279125402e-08
63.14110000000296 0.8447742462158203 6.314741265459544e-16 0.9876051545143127 -3.332718279125402e-08
63.375475000002965 0.8217912316322327 6.338181314088031e-16 0.9876051545143127 -3.332718279125402e-08
63.609850000002965 0.7974858283996582 6.361621362716517e-16 0.9876051545143127 -3.332718279125402e-08
63.84422500000297 0.7720150947570801 6.385060881949412e-16 0.9876051545143127 -3.332718279125402e-08
64.07860000000298 0.745520293712616 6.408500930577899e-16 0.9876051545143127 -3.332718279125402e-08
64.31297500000298 0.718125581741333 6.431940449810793e-16 0.9876051545143127 -3.332718279125402e-08
64.54735000000298 0.6899388432502747 6.45538049843928e-16 0.9876051545143127 -3.332718279125402e-08
64.781725000003 0.6610532999038696 6.478820547067767e-16 0.9876051545143127 -3.332718279125402e-08
65.016100000003 0.6315491199493408 6.502260066300661e-16 0.9876051545143127 -3.332718279125402e-08
65.250475000003 0.6014953255653381 6.525700114929148e-16 0.9876051545143127 -3.332718279125402e-08
65.484850000003 0.5709511041641235 6.549139634162043e-16 0.9876051545143127 -3.332718279125402e-08
65.71922500000301 0.5399678945541382 6.572579682790529e-16 0.9876051545143127 -3.332718279125402e-08
65.95360000000301 0.5085898637771606 6.596019731419016e-16 0.9876051545143127 -3.332718279125402e-08
66.18797500000301 0.476855605840683 6.619459250651911e-16 0.9876051545143127 -3.332718279125402e-08
66.42235000000302 0.4447987377643585 6.642899299280397e-16 0.9876051545143127 -3.332718279125402e-08
66.65672500000302 0.4124487340450287 6.666338818513292e-16 0.9876051545143127 -3.332718279125402e-08
66.89110000000302 0.37983161211013794 6.689778867141778e-16 0.9876051545143127 -3.332718279125402e-08
67.12547500000302 0.3469707667827606 6.713218915770265e-16 0.9876051545143127 -3.332718279125402e-08
67.35985000000304 0.3138878643512726 6.73665843500316e-16 0.9876051545143127 -3.332718279125402e-08
67.59422500000304 0.2806049585342407 6.760098483631646e-16 0.9876051545143127 -3.332718279125402e-08
67.82860000000304 0.2471485584974289 6.783538532260133e-16 0.9876051545143127 -3.332718279125402e-08
68.06297500000305 0.2135603427886963 6.806978051493028e-16 0.9876051545143127 -3.332718279125402e-08
68.29735000000305 0.17992334067821503 6.830418100121514e-16 0.9876051545143127 -3.332718279125402e-08
68.53172500000305 0.14642491936683655 6.853857619354409e-16 0.9876051545143127 -3.332718279125402e-08
68.76610000000305 0.11349008977413177 6.877297667982896e-16 0.9876051545143127 -3.332718279125402e-08
69.00047500000306 0.08198592811822891 6.900737716611382e-16 0.9876051545143127 -3.332718279125402e-08
69.23485000000306 0.05332065373659134 6.924177235844277e-16 0.9876051545143127 -3.332718279125402e-08
69.46922500000306 0.0290762260556221 6.947617284472764e-16 0.9876051545143127 -3.332718279125402e-08
69.70360000000306 0.009581384249031544 6.971056803705658e-16 0.9876051545143127 -3.332718279125402e-08
69.82546061651614 0.0017594302771613002 6.983244549025464e-16 0.9876051545143127 -3.332718279125402e-08
69.86613477991848 8.442221587756649e-05 6.98731189535906e-16 0.9876051545143127 -3.332718279125402e-08
69.87218379722914 -3.3387607345503056e-08 6.987916994520755e-16 0.9876051545143127 -3.332718279125402e-08
89.99999999999999 -3.3379702557567725e-08 9.000900322791256e-16 0.9876051545143127 -3.332718279125402e-08
90.0001 -3.336312914825612e-08 9.000909851911913e-16 0.9876051545143127 -3.332718279125402e-08
90.0003 -3.3342914207423746e-08 9.00092996894441e-16 0.9876051545143127 -3.332718279125402e-08
90.0007 -3.3327012260997435e-08 2.6542001018911576e-14 0.9876051545143127 -3.332718279125402e-08
90.00082296348178 -2.536147825082935e-08 2.1790313553538e-08 0.9876051545143127 -3.332718279125402e-08
90.00089395651425 6.941032637541866e-08 1.0760754065586298e-07 0.9876051545143127 -3.332718279125402e-08
90.00092974001392 2.0357204277843266e-07 2.3549524996724358e-07 0.9876051545143127 -3.332718279125402e-08
90.00095139136303 3.190034192357416e-07 3.7317045098461676e-07 0.9876051545143127 -3.332718279125402e-08
90.00096352061122 5.295738674249151e-07 4.927658210363006e-07 0.9876051545143127 -3.332718279125402e-08
90.00097290572606 9.764368087417097e-07 6.32656735888304e-07 0.9876051545143127 -3.332718279125402e-08
90.00098430719486 1.9250685454608174e-06 8.654476459923899e-07 0.9876051545143127 -3.332718279125402e-08
90.001 3.6155183806840796e-06 1.2470152341848006e-06 0.9876051545143127 -3.332718279125402e-08
90.00485556798911 0.0005541346035897732 0.00011529902985785156 0.9876051545143127 -3.332718279125402e-08
90.00871301949945 0.001104772905819118 0.00022935436572879553 0.9876051545143127 -3.332718279125402e-08
90.01642792252014 0.002205600030720234 0.0004573076730594039 0.9876051545143127 -3.332718279125402e-08
90.03185772856149 0.004405454266816378 0.0009125843062065542 0.9876051545143127 -3.332718279125402e-08
90.06271734064423 0.008797943592071533 0.0018206125823780894 0.9876051545143127 -3.332718279125402e-08
90.12443656480967 0.017553893849253654 0.0036265288945287466 0.9876051545143127 -3.332718279125402e-08
90.24787501314059 0.03495071455836296 0.007198295556008816 0.9876051545143127 -3.332718279125402e-08
90.4822500131406 0.06765816360712051 0.013867656700313091 0.9876051545143127 -3.332718279125402e-08
90.7166250131406 0.09994543343782425 0.02039206400513649 0.9876051545143127 -3.332718279125402e-08
90.9510000131406 0.13174325227737427 0.02674858644604683 0.9876051545143127 -3.332718279125402e-08
91.1853750131406 0.16303522884845734 0.03293288126587868 0.9876051545143127 -3.332718279125402e-08
91.41975001314061 0.19380396604537964 0.03894040733575821 0.9876051545143127 -3.332718279125402e-08
91.65412501314061 0.22403132915496826 0.04476657509803772 0.9876051545143127 -3.332718279125402e-08
91.88850001314061 0.2536984980106354 0.05040675029158592 0.9876051545143127 -3.332718279125402e-08
92.12287501314063 0.28278613090515137 0.05585629865527153 0.9876051545143127 -3.332718279125402e-08
92.35725001314063 0.31127411127090454 0.06111063435673714 0.9876051545143127 -3.332718279125402e-08
92.59162501314063 0.33914199471473694 0.06616523861885071 0.9876051545143127 -3.332718279125402e-08
92.82600001314063 0.36636874079704285 0.07101574540138245 0.9876051545143127 -3.332718279125402e-08
93.06037501314064 0.39293307065963745 0.07565797120332718 0.9876051545143127 -3.332718279125402e-08
93.29475001314064 0.4188135266304016 0.08008802682161331 0.9876051545143127 -3.332718279125402e-08
93.76350001314066 0.4684370160102844 0.08829790353775024 0.9876051545143127 -3.332718279125402e-08
93.99787501314066 0.49213793873786926 0.09207208454608917 0.9876051545143127 -3.332718279125402e-08
94.46662501314066 0.5372180938720703 0.09894967079162598 0.9876051545143127 -3.332718279125402e-08
94.70100001314067 0.5585606098175049 0.1020517349243164 0.9876051545143127 -3.332718279125402e-08
94.93537501314067 0.5790831446647644 0.10493002831935883 0.9876051545143127 -3.332718279125402e-08
95.16975001314067 0.5987719893455505 0.10758642852306366 0.9876051545143127 -3.332718279125402e-08
95.40412501314067 0.6176162362098694 0.11002402007579803 0.9876051545143127 -3.332718279125402e-08
95.63850001314069 0.6356078386306763 0.11224713921546936 0.9876051545143127 -3.332718279125402e-08
95.87287501314069 0.6527422070503235 0.1142614409327507 0.9876051545143127 -3.332718279125402e-08
96.10725001314069 0.6690185070037842 0.11607387661933899 0.9876051545143127 -3.332718279125402e-08
96.5760000131407 0.699013352394104 0.1191272884607315 0.9876051545143127 -3.332718279125402e-08
96.8103750131407 0.7127507925033569 0.12038823962211609 0.9876051545143127 -3.332718279125402e-08
97.0447500131407 0.7256678342819214 0.12148696929216385 0.9876051545143127 -3.332718279125402e-08
97.27912501314071 0.7377843856811523 0.12243566662073135 0.9876051545143127 -3.332718279125402e-08
97.51350001314071 0.7491241097450256 0.12324699759483337 0.9876051545143127 -3.332718279125402e-08
97.74787501314071 0.7597141265869141 0.12393391132354736 0.9876051545143127 -3.332718279125402e-08
97.98225001314073 0.769584596157074 0.12450937926769257 0.9876051545143127 -3.332718279125402e-08
98.21662501314073 0.7787681818008423 0.12498612701892853 0.9876051545143127 -3.332718279125402e-08
98.45100001314073 0.7872993350028992 0.12537649273872375 0.9876051545143127 -3.332718279125402e-08
98.68537501314073 0.795214056968689 0.12569211423397064 0.9876051545143127 -3.332718279125402e-08
98.91975001314074 0.8025487661361694 0.12594392895698547 0.9876051545143127 -3.332718279125402e-08
99.15412501314074 0.8093404173851013 0.12614193558692932 0.9876051545143127 -3.332718279125402e-08
99.62287501314076 0.8214395046234131 0.12641067802906036 0.9876051545143127 -3.332718279125402e-08
99.85725001314076 0.8268170952796936 0.1264965683221817 0.9876051545143127 -3.332718279125402e-08
100.09162501314076 0.8317911624908447 0.1265590637922287 0.9876051545143127 -3.332718279125402e-08
100.56037501314077 0.840653657913208 0.1266343891620636 0.9876051545143127 -3.332718279125402e-08
100.79475001314077 0.8445999026298523 0.12665505707263947 0.9876051545143127 -3.332718279125402e-08
101.02912501314077 0.8482576608657837 0.12666811048984528 0.9876051545143127 -3.332718279125402e-08
101.26350001314078 0.851650595664978 0.12667563557624817 0.9876051545143127 -3.332718279125402e-08
101.49787501314078 0.8548009395599365 0.12667948007583618 0.9876051545143127 -3.332718279125402e-08
101.73225001314078 0.857729434967041 0.1266811490058899 0.9876051545143127 -3.332718279125402e-08
102.2010000131408 0.8629961013793945 0.12668189406394958 0.9876051545143127 -3.332718279125402e-08
102.4353750131408 0.8653668761253357 0.12668190896511078 0.9876051545143127 -3.332718279125402e-08
102.6697500131408 0.8675819039344788 0.12668189406394958 0.9876051545143127 -3.332718279125402e-08
102.9041250131408 0.8696542382240295 0.1266818791627884 0.9876051545143127 -3.332718279125402e-08
103.13850001314081 0.8715954422950745 0.1266818791627884 0.9876051545143127 -3.332718279125402e-08
103.37287501314081 0.8734158873558044 0.1266818791627884 0.9876051545143127 -3.332718279125402e-08
103.60725001314081 0.8751250505447388 0.1266818791627884 0.9876051545143127 -3.332718279125402e-08
104.77912501314084 0.8822892308235168 0.1266818791627884 0.9876051545143127 -3.332718279125402e-08
105.01350001314084 0.8834934830665588 0.1266818791627884 0.9876051545143127 -3.332718279125402e-08
105.24787501314084 0.8846340775489807 0.1266818791627884 0.9876051545143127 -3.332718279125402e-08
105.71662501314086 0.8867422938346863 0.1266818791627884 0.9876051545143127 -3.332718279125402e-08
105.95100001314086 0.8877183198928833 0.1266818791627884 0.9876051545143127 -3.332718279125402e-08
106.18537501314086 0.8886470198631287 0.1266818791627884 0.9876051545143127 -3.332718279125402e-08
107.12287501314088 0.8919479250907898 0.1266818791627884 0.9876051545143127 -3.332718279125402e-08
107.35725001314088 0.8926830291748047 0.1266818791627884 0.9876051545143127 -3.332718279125402e-08
107.59162501314088 0.8933865427970886 0.1266818791627884 0.9876051545143127 -3.332718279125402e-08
107.82600001314088 0.8940601348876953 0.1266818791627884 0.9876051545143127 -3.332718279125402e-08
108.0603750131409 0.8947057723999023 0.1266818791627884 0.9876051545143127 -3.332718279125402e-08
108.2947500131409 0.8953251242637634 0.1266818791627884 0.9876051545143127 -3.332718279125402e-08
108.5291250131409 0.8959197998046875 0.1266818791627884 0.9876051545143127 -3.332718279125402e-08
108.76350001314091 0.8964912295341492 0.1266818791627884 0.9876051545143127 -3.332718279125402e-08
109.23225001314091 0.8975691795349121 0.1266818791627884 0.9876051545143127 -3.332718279125402e-08
109.46662501314091 0.898078203201294 0.1266818791627884 0.9876051545143127 -3.332718279125402e-08
109.70100001314093 0.8985686302185059 0.1266818791627884 0.9876051545143127 -3.332718279125402e-08
109.93537501314093 0.8990415334701538 0.1266818791627884 0.9876051545143127 -3.332718279125402e-08
110.40412501314093 0.8999384641647339 0.1266818791627884 0.9876051545143127 -3.332718279125402e-08
110.63850001314094 0.900364100933075 0.1266818791627884 0.9876051545143127 -3.332718279125402e-08
111.10725001314094 0.9011731743812561 0.1266818791627884 0.9876051545143127 -3.332718279125402e-08
111.34162501314096 0.9015580415725708 0.1266818791627884 0.9876051545143127 -3.332718279125402e-08
111.57600001314096 0.9019306898117065 0.1266818791627884 0.9876051545143127 -3.332718279125402e-08
112.04475001314096 0.9026414155960083 0.1266818791627884 0.9876051545143127 -3.332718279125402e-08
112.74787501314097 0.903628945350647 0.1266818791627884 0.9876051545143127 -3.332718279125402e-08
114.388500013141 0.9056259989738464 0.1266818791627884 0.9876051545143127 -3.332718279125402e-08
114.62287501314101 0.9058813452720642 0.1266818791627884 0.9876051545143127 -3.332718279125402e-08
114.85725001314101 0.9061300754547119 0.1266818791627884 0.9876051545143127 -3.332718279125402e-08
115.09162501314101 0.9063724875450134 0.1266818791627884 0.9876051545143127 -3.332718279125402e-08
116.73225001314104 0.9079107046127319 0.1266818791627884 0.9876051545143127 -3.332718279125402e-08
116.96662501314104 0.9081102609634399 0.1266818791627884 0.9876051545143127 -3.332718279125402e-08
117.20100001314105 0.9083052277565002 0.1266818791627884 0.9876051545143127 -3.332718279125402e-08
117.43537501314105 0.9084957838058472 0.1266818791627884 0.9876051545143127 -3.332718279125402e-08
119.99999999999999 0.9103343486785889 0.1266818791627884 0.9876051545143127 -3.332718279125402e-08
120.0001 0.9103341102600098 0.1266818791627884 0.9876051545143127 -3.332718279125402e-08
120.0003 0.9103338718414307 0.1266818791627884 0.9876051545143127 -3.332718279125402e-08
120.0007 0.9103337526321411 0.1266818791627884 0.9876051545143127 -3.332718279125402e-08
120.001 0.9103337526321411 0.1266818791627884 0.9876051545143127 -3.332718279125402e-08
150.0 0.9103337526321411 0.1266818791627884 0.9876051545143127 -3.332718279125402e-08
150.0001 0.9103337526321411 0.1266818791627884 0.9876051545143127 -3.332718279125402e-08
150.0003 0.9103337526321411 0.1266818791627884 0.9876051545143127 -3.332718279125402e-08
150.00047212337788 0.9103338122367859 0.1266818791627884 0.9876051545143127 -3.332718279125402e-08
150.00081637013358 0.9103338122367859 0.1266818791627884 0.9876051545143127 -3.332718279125402e-08
150.001 0.9103338122367859 0.1266818791627884 0.9876051545143127 -3.332718279125402e-08
179.99999999999997 0.9103338122367859 0.1266818791627884 0.9876051545143127 -3.332718279125402e-08
180.0001 0.9103338122367859 0.1266818791627884 0.9876051545143127 -3.332718279125402e-08
180.0003 0.9103338122367859 0.1266818791627884 0.9876051545143127 -3.332718279125402e-08
180.0007 0.9103338122367859 0.1266818791627884 0.9876049160957336 -3.332718279125402e-08
180.001 0.9103338122367859 0.1266818791627884 0.9876044988632202 -3.332718279125402e-08
180.00108 0.9103338122367859 0.1266818791627884 0.9876037836074829 -3.332718279125402e-08
180.02148000000034 0.9103338122367859 0.1266818791627884 0.987409234046936 -3.332718279125402e-08
180.04188000000067 0.9103338122367859 0.1266818791627884 0.987210214138031 -3.332718279125402e-08
180.0828400000013 0.9103338122367859 0.1266818791627884 0.9867966175079346 -3.332718279125402e-08
180.32860000000517 0.9103338122367859 0.1266818791627884 0.9838926196098328 -3.332718279125402e-08
180.56297500000517 0.9103338122367859 0.1266818791627884 0.980460524559021 -3.332718279125402e-08
180.79735000000514 0.9103338122367859 0.1266818791627884 0.9762219190597534 -3.332718279125402e-08
181.26610000000514 0.9103338122367859 0.1266818791627884 0.964279055595398 -3.332718279125402e-08
181.7348500000051 0.9103338122367859 0.1266818791627884 0.9460827112197876 -3.332718279125402e-08
181.9692250000051 0.9103338122367859 0.1266818791627884 0.9341280460357666 -3.332718279125402e-08
182.20360000000508 0.9103338122367859 0.1266818791627884 0.920130729675293 -3.332718279125402e-08
182.43797500000508 0.9103338122367859 0.1266818791627884 0.904094398021698 -3.332718279125402e-08
182.67235000000508 0.9103338122367859 0.1266818791627884 0.8860974907875061 -3.332718279125402e-08
182.90672500000505 0.9103338122367859 0.1266818791627884 0.86627197265625 -3.332718279125402e-08
183.14110000000505 0.9103338122367859 0.1266818791627884 0.8447808623313904 -3.332718279125402e-08
183.37547500000505 0.9103338122367859 0.1266818791627884 0.8217979669570923 -3.332718279125402e-08
183.60985000000503 0.9103338122367859 0.1266818791627884 0.7974928617477417 -3.332718279125402e-08
183.84422500000503 0.9103338122367859 0.1266818791627884 0.7720224857330322 -3.332718279125402e-08
184.078600000005 0.9103338122367859 0.1266818791627884 0.7455279231071472 -3.332718279125402e-08
184.312975000005 0.9103338122367859 0.1266818791627884 0.7181334495544434 -3.332718279125402e-08
184.547350000005 0.9103338122367859 0.1266818791627884 0.6899468898773193 -3.332718279125402e-08
184.78172500000497 0.9103338122367859 0.1266818791627884 0.6610615849494934 -3.332718279125402e-08
185.01610000000497 0.9103338122367859 0.1266818791627884 0.6315575838088989 -3.332718279125402e-08
185.25047500000497 0.9103338122367859 0.1266818791627884 0.601503849029541 -3.332718279125402e-08
185.48485000000494 0.9103338122367859 0.1266818791627884 0.5709598064422607 -3.332718279125402e-08
185.71922500000494 0.9103338122367859 0.1266818791627884 0.5399766564369202 -3.332718279125402e-08
185.95360000000494 0.9103338122367859 0.1266818791627884 0.5085987448692322 -3.332718279125402e-08
186.1879750000049 0.9103338122367859 0.1266818791627884 0.47686460614204407 -3.332718279125402e-08
186.4223500000049 0.9103338122367859 0.1266818791627884 0.44480785727500916 -3.332718279125402e-08
186.6567250000049 0.9103338122367859 0.1266818791627884 0.4124579131603241 -3.332718279125402e-08
186.89110000000488 0.9103338122367859 0.1266818791627884 0.3798408806324005 -3.332718279125402e-08
187.12547500000488 0.9103338122367859 0.1266818791627884 0.3469800651073456 -3.332718279125402e-08
187.35985000000488 0.9103338122367859 0.1266818791627884 0.3138972520828247 -3.332718279125402e-08
187.59422500000485 0.9103338122367859 0.1266818791627884 0.28061437606811523 -3.332718279125402e-08
187.82860000000485 0.9103338122367859 0.1266818791627884 0.24715803563594818 -3.332718279125402e-08
188.06297500000485 0.9103338122367859 0.1266818791627884 0.21356984972953796 -3.332718279125402e-08
188.29735000000483 0.9103338122367859 0.1266818791627884 0.1799328327178955 -3.332718279125402e-08
188.53172500000483 0.9103338122367859 0.1266818791627884 0.14643432199954987 -3.332718279125402e-08
188.76610000000483 0.9103338122367859 0.1266818791627884 0.1134992465376854 -3.332718279125402e-08
189.0004750000048 0.9103338122367859 0.1266818791627884 0.08199450373649597 -3.332718279125402e-08
189.2348500000048 0.9103338122367859 0.1266818791627884 0.053328193724155426 -3.332718279125402e-08
189.4692250000048 0.9103338122367859 0.1266818791627884 0.02908233366906643 -3.332718279125402e-08
189.70360000000477 0.9103338122367859 0.1266818791627884 0.009586180560290813 -3.332718279125402e-08
189.82550652843187 0.9103338122367859 0.1266818791627884 0.0017606414621695876 -3.332718279125402e-08
189.86619956041062 0.9103338122367859 0.1266818791627884 8.459962555207312e-05 -3.332718279125402e-08
189.87225984933215 0.9103338122367859 0.1266818791627884 -3.3387607345503056e-08 -3.332718279125402e-08
204.26992466368728 0.9103338122367859 0.1266818791627884 -3.3387607345503056e-08 -3.332718279125402e-08
209.99999999999997 0.9103338122367859 0.1266818791627884 -3.3379677688571974e-08 -3.332718279125402e-08
210.00009999999997 0.9103338122367859 0.1266818791627884 -3.3363118490115085e-08 -3.332718279125402e-08
210.0003 0.9103338122367859 0.1266818791627884 -3.334290710199639e-08 -3.332718279125402e-08
210.00070000000002 0.9103338122367859 0.1266818791627884 -3.332802833710957e-08 -3.332718279125402e-08
210.00100000000003 0.9103338122367859 0.1266818791627884 -3.3325679993367885e-08 -3.332718279125402e-08
213.59493811776971 0.9103338122367859 0.1266818791627884 0.009500843472778797 -3.332718279125402e-08
217.1888762355394 0.9103338122367859 0.1266818791627884 0.01892859674990177 -3.332718279125402e-08
217.42325123553937 0.9103338122367859 0.1266818791627884 0.01954086311161518 -3.332718279125402e-08
217.65762623553937 0.9103338122367859 0.1266818791627884 0.02015281841158867 -3.332718279125402e-08
217.89200123553937 0.9103338122367859 0.1266818791627884 0.020764458924531937 -3.332718279125402e-08
225.86075123553903 0.9103338122367859 0.1266818791627884 0.04137301817536354 -3.332718279125402e-08
226.09512623553903 0.9103338122367859 0.1266818791627884 0.041973620653152466 -3.332718279125402e-08
226.32950123553903 0.9103338122367859 0.1266818791627884 0.04257391020655632 -3.332718279125402e-08
226.563876235539 0.9103338122367859 0.1266818791627884 0.04317387938499451 -3.332718279125402e-08
239.92325123553846 0.9103338122367859 0.1266818791627884 0.076844222843647 -3.332718279125402e-08
239.99999999999997 0.9103338122367859 0.1266818791627884 0.07703466713428497 -3.332718279125402e-08
