time a b c w1
0.0 0.0 0.0 0.0 0.0
2.34374997708231e-06 1.0801570415496826 2.34398437508335e-23 1.0801570415496826 2.34398437508335e-23
2.3531289769906394e-06 1.0037916898727417 2.35336424679079e-23 1.0037916898727417 2.35336424679079e-23
2.3718869768072985e-06 0.9922298789024353 2.372124147977851e-23 0.9922298789024353 2.372124147977851e-23
2.449126245505041e-06 0.9876051545143127 2.449371143311084e-23 0.9876051545143127 2.449371143311084e-23
0.00019360463173130613 0.9876051545143127 1.9362399824984054e-21 0.9876051545143127 1.9362399824984054e-21
0.00038480681743822704 0.9876051545143127 3.8484529531415596e-21 0.9876051545143127 -5.559464444360174e-09
0.0007672111888520689 0.9876051545143127 7.672878894427868e-21 0.9876051545143127 -2.705487389675909e-08
0.001 0.9876051545143127 1.0000999731091105e-20 0.9876051545143127 -3.338633192129237e-08
29.999999999999996 0.9876051545143127 3.000300019364487e-16 0.9876051545143127 -3.3386157838322106e-08
30.000099999999996 0.9876051545143127 3.0003100778807355e-16 0.9876051545143127 -3.3364894846954485e-08
30.0003 0.9876051545143127 3.0003299302154367e-16 0.9876051545143127 -3.3343891203685416e-08
30.0007 0.9876051545143127 3.0003698995826353e-16 0.9876051545143127 -3.3332312909806205e-08
30.001 0.9876051545143127 3.000400075131381e-16 0.9876051545143127 -3.332734621608324e-08
59.99999999999999 0.9876051545143127 6.000600038728974e-16 0.9876051545143127 -3.332734621608324e-08
60.000099999999996 0.9876051545143127 6.000610097245222e-16 0.9876051545143127 -3.332734621608324e-08
60.000299999999996 0.9876051545143127 6.00063021427772e-16 0.9876051545143127 -3.332734621608324e-08
60.000699999999995 0.9876049757003784 6.000669918947122e-16 0.9876051545143127 -3.332734621608324e-08
60.001000000000005 0.9876047372817993 6.000700094495868e-16 0.9876051545143127 -3.332734621608324e-08
60.00124000000001 0.987603485584259 6.00072391729751e-16 0.9876051545143127 -3.332734621608324e-08
60.002200000000016 0.9875984191894531 6.00082026729526e-16 0.9876051545143127 -3.332734621608324e-08
60.00604000000004 0.987578272819519 6.001204079099484e-16 0.9876051545143127 -3.332734621608324e-08
60.021400000000185 0.987497091293335 6.002740385107567e-16 0.9876051545143127 -3.332734621608324e-08
60.082840000000736 0.987163245677948 6.008885079744305e-16 0.9876051545143127 -3.332734621608324e-08
60.16476000000147 0.9866940975189209 6.01707747653103e-16 0.9876051545143127 -3.332734621608324e-08
60.562975000002936 0.9840536713600159 6.056903377524151e-16 0.9876051545143127 -3.332734621608324e-08
61.03172500000293 0.9800109267234802 6.103782945385532e-16 0.9876051545143127 -3.332734621608324e-08
61.26610000000293 0.9774531126022339 6.127222464618427e-16 0.9876051545143127 -3.332734621608324e-08
61.50047500000293 0.974433183670044 6.150662513246914e-16 0.9876051545143127 -3.332734621608324e-08
61.969225000002936 0.9665958285331726 6.197542081108295e-16 0.9876051545143127 -3.332734621608324e-08
62.43797500000295 0.9555062651634216 6.244421648969676e-16 0.9876051545143127 -3.332734621608324e-08
62.67235000000295 0.9483749866485596 6.267861697598163e-16 0.9876051545143127 -3.332734621608324e-08
63.375475000002965 0.9189357161521912 6.338181314088031e-16 0.9876051545143127 -3.332734621608324e-08
63.609850000002965 0.906099259853363 6.361621362716517e-16 0.9876051545143127 -3.332734621608324e-08
63.84422500000297 0.8916724324226379 6.385060881949412e-16 0.9876051545143127 -3.332734621608324e-08
64.07860000000298 0.8756689429283142 6.408500930577899e-16 0.9876051545143127 -3.332734621608324e-08
64.31297500000298 0.8581371307373047 6.431940449810793e-16 0.9876051545143127 -3.332734621608324e-08
64.54735000000298 0.8391513824462891 6.45538049843928e-16 0.9876051545143127 -3.332734621608324e-08
64.781725000003 0.8188040256500244 6.478820547067767e-16 0.9876051545143127 -3.332734621608324e-08
65.016100000003 0.797196626663208 6.502260066300661e-16 0.9876051545143127 -3.332734621608324e-08
65.250475000003 0.7744334936141968 6.525700114929148e-16 0.9876051545143127 -3.332734621608324e-08
65.484850000003 0.7506168484687805 6.549139634162043e-16 0.9876051545143127 -3.332734621608324e-08
65.71922500000301 0.7258437871932983 6.572579682790529e-16 0.9876051545143127 -3.332734621608324e-08
65.95360000000301 0.7002044320106506 6.596019731419016e-16 0.9876051545143127 -3.332734621608324e-08
66.18797500000301 0.6737810969352722 6.619459250651911e-16 0.9876051545143127 -3.332734621608324e-08
66.42235000000302 0.6466482877731323 6.642899299280397e-16 0.9876051545143127 -3.332734621608324e-08
66.65672500000302 0.618872880935669 6.666338818513292e-16 0.9876051545143127 -3.332734621608324e-08
66.89110000000302 0.5905145406723022 6.689778867141778e-16 0.9876051545143127 -3.332734621608324e-08
67.12547500000302 0.5616265535354614 6.713218915770265e-16 0.9876051545143127 -3.332734621608324e-08
67.35985000000304 0.5322563648223877 6.73665843500316e-16 0.9876051545143127 -3.332734621608324e-08
67.59422500000304 0.5024461150169373 6.760098483631646e-16 0.9876051545143127 -3.332734621608324e-08
67.82860000000304 0.47223353385925293 6.783538532260133e-16 0.9876051545143127 -3.332734621608324e-08
68.06297500000305 0.4416521191596985 6.806978051493028e-16 0.9876051545143127 -3.332734621608324e-08
68.29735000000305 0.4107319116592407 6.830418100121514e-16 0.9876051545143127 -3.332734621608324e-08
68.53172500000305 0.3794998824596405 6.853857619354409e-16 0.9876051545143127 -3.332734621608324e-08
68.76610000000305 0.3479806184768677 6.877297667982896e-16 0.9876051545143127 -3.332734621608324e-08
69.23485000000306 0.2841721475124359 6.924177235844277e-16 0.9876051545143127 -3.332734621608324e-08
69.46922500000306 0.2519318759441376 6.947617284472764e-16 0.9876051545143127 -3.332734621608324e-08
69.70360000000306 0.21951358020305634 6.971056803705658e-16 0.9876051545143127 -3.332734621608324e-08
69.93797500000308 0.18698525428771973 6.994496852334145e-16 0.9876051545143127 -3.332734621608324e-08
70.17235000000308 0.15449166297912598 7.017936900962632e-16 0.9876051545143127 -3.332734621608324e-08
70.40672500000308 0.12235434353351593 7.041376420195526e-16 0.9876051545143127 -3.332734621608324e-08
70.64110000000309 0.09124286472797394 7.064816468824013e-16 0.9876051545143127 -3.332734621608324e-08
70.87547500000309 0.06232473626732826 7.0882565174524995e-16 0.9876051545143127 -3.332734621608324e-08
71.10985000000309 0.03710111603140831 7.111696036685394e-16 0.9876051545143127 -3.332734621608324e-08
71.34422500000309 0.016752293333411217 7.135136085313881e-16 0.9876051545143127 -3.332734621608324e-08
71.5786000000031 0.0015285627450793982 7.158575604546775e-16 0.9876051545143127 -3.332734621608324e-08
71.62786872384989 7.967515557538718e-05 7.163503218717427e-16 0.9876051545143127 -3.332734621608324e-08
71.66347216615101 -3.3386157838322106e-08 7.167063933469448e-16 0.9876051545143127 -3.332734621608324e-08
89.99999999999999 -3.33482006453778e-08 9.000900322791256e-16 0.9876051545143127 -3.332734621608324e-08
90.0001 -3.3352243633544276e-08 9.000909851911913e-16 0.9876051545143127 -3.332734621608324e-08
90.0003 -3.333256870519108e-08 9.00092996894441e-16 0.9876051545143127 -3.332734621608324e-08
90.0007 -3.327376774109325e-08 9.000970203009405e-16 0.9876051545143127 -3.332734621608324e-08
90.00082296384218 -3.061565223561047e-08 1.0358180979608278e-08 0.9876051545143127 -3.332734621608324e-08
90.00089395683855 2.710321211907285e-08 5.5992455116893325e-08 0.9876051545143127 -3.332734621608324e-08
90.00092969192589 5.761247123814428e-08 1.2442424690561893e-07 0.9876051545143127 -3.332734621608324e-08
90.00095177289947 3.7733595803501885e-08 2.011170181503985e-07 0.9876051545143127 -3.332734621608324e-08
90.00096484963409 1.839069341258437e-07 2.829676475357701e-07 0.9876051545143127 -3.332734621608324e-08
90.00097519479331 6.118597184467944e-07 3.925144085314969e-07 0.9876051545143127 -3.332734621608324e-08
90.00098669785866 1.4313510519059491e-06 5.620970568998018e-07 0.9876051545143127 -3.332734621608324e-08
90.00099995522552 2.632015366543783e-06 7.944310027596657e-07 0.9876051545143127 -3.332734621608324e-08
90.001 2.636778617670643e-06 7.953136105243175e-07 0.9876051545143127 -3.332734621608324e-08
90.0127372735325 0.0013832483673468232 0.0002490937476977706 0.9876051545143127 -3.332734621608324e-08
90.02447463661396 0.002762633142992854 0.0004969999426975846 0.9876051545143127 -3.332734621608324e-08
90.04794936277689 0.005517686251550913 0.0009916290873661637 0.9876051545143127 -3.332734621608324e-08
90.09489881510275 0.011012854985892773 0.0019761393778026104 0.9876051545143127 -3.332734621608324e-08
90.18879771975448 0.021943220868706703 0.003926136065274477 0.9876051545143127 -3.332734621608324e-08
90.37659552905792 0.04361008107662201 0.007764872629195452 0.9876051545143127 -3.332734621608324e-08
90.61097052905794 0.07032211869955063 0.012452509254217148 0.9876051545143127 -3.332734621608324e-08
90.84534552905794 0.09663678705692291 0.017016232013702393 0.9876051545143127 -3.332734621608324e-08
91.07972052905794 0.12252701818943024 0.021448511630296707 0.9876051545143127 -3.332734621608324e-08
91.31409552905795 0.14798568189144135 0.02574821189045906 0.9876051545143127 -3.332734621608324e-08
91.54847052905795 0.17300181090831757 0.02991338260471821 0.9876051545143127 -3.332734621608324e-08
92.01722052905795 0.22167137265205383 0.037834759801626205 0.9876051545143127 -3.332734621608324e-08
92.25159552905797 0.2453102320432663 0.041589245200157166 0.9876051545143127 -3.332734621608324e-08
92.48597052905797 0.268469899892807 0.04520411789417267 0.9876051545143127 -3.332734621608324e-08
92.72034552905797 0.29114294052124023 0.048678766936063766 0.9876051545143127 -3.332734621608324e-08
92.95472052905797 0.31332314014434814 0.05201294645667076 0.9876051545143127 -3.332734621608324e-08
93.65784552905798 0.37679848074913025 0.061164144426584244 0.9876051545143127 -3.332734621608324e-08
93.892220529058 0.39690861105918884 0.06393062323331833 0.9876051545143127 -3.332734621608324e-08
94.360970529058 0.435523122549057 0.06904193758964539 0.9876051545143127 -3.332734621608324e-08
94.595345529058 0.45401731133461 0.07138895988464355 0.9876051545143127 -3.332734621608324e-08
95.06409552905801 0.48936378955841064 0.07567407190799713 0.9876051545143127 -3.332734621608324e-08
95.29847052905801 0.5062028169631958 0.07761554419994354 0.9876051545143127 -3.332734621608324e-08
95.53284552905802 0.5224801898002625 0.07942614704370499 0.9876051545143127 -3.332734621608324e-08
95.76722052905802 0.5381990671157837 0.08110923320055008 0.9876051545143127 -3.332734621608324e-08
96.00159552905802 0.5533633828163147 0.08266837894916534 0.9876051545143127 -3.332734621608324e-08
96.23597052905802 0.5679734945297241 0.08410723507404327 0.9876051545143127 -3.332734621608324e-08
96.93909552905804 0.6084944605827332 0.08774434030056 0.9876051545143127 -3.332734621608324e-08
97.17347052905805 0.6209163665771484 0.08874625712633133 0.9876051545143127 -3.332734621608324e-08
97.40784552905805 0.6328098177909851 0.08965146541595459 0.9876051545143127 -3.332734621608324e-08
97.64222052905805 0.6441860795021057 0.09046527743339539 0.9876051545143127 -3.332734621608324e-08
97.87659552905805 0.6550541520118713 0.09119346737861633 0.9876051545143127 -3.332734621608324e-08
98.11097052905806 0.6654240489006042 0.09184186160564423 0.9876051545143127 -3.332734621608324e-08
98.34534552905806 0.6753094792366028 0.09241609275341034 0.9876051545143127 -3.332734621608324e-08
98.57972052905806 0.6847248673439026 0.09292172640562057 0.9876051545143127 -3.332734621608324e-08
98.81409552905808 0.6936850547790527 0.09336421638727188 0.9876051545143127 -3.332734621608324e-08
99.04847052905808 0.7022057175636292 0.09374873340129852 0.9876051545143127 -3.332734621608324e-08
99.28284552905808 0.7103021144866943 0.09408072382211685 0.9876051545143127 -3.332734621608324e-08
99.51722052905808 0.7179887890815735 0.09436599165201187 0.9876051545143127 -3.332734621608324e-08
100.2203455290581 0.7387571334838867 0.0949886292219162 0.9876051545143127 -3.332734621608324e-08
100.45472052905811 0.7449723482131958 0.09513236582279205 0.9876051545143127 -3.332734621608324e-08
100.68909552905811 0.7508608102798462 0.09525112062692642 0.9876051545143127 -3.332734621608324e-08
100.92347052905811 0.7564387321472168 0.09534817934036255 0.9876051545143127 -3.332734621608324e-08
101.15784552905811 0.7617219686508179 0.095426544547081 0.9876051545143127 -3.332734621608324e-08
101.39222052905812 0.7667259573936462 0.09548904746770859 0.9876051545143127 -3.332734621608324e-08
101.62659552905812 0.771465539932251 0.09553822875022888 0.9876051545143127 -3.332734621608324e-08
101.86097052905812 0.7759552001953125 0.09557633101940155 0.9876051545143127 -3.332734621608324e-08
102.56409552905814 0.788059413433075 0.09564226120710373 0.9876051545143127 -3.332734621608324e-08
102.79847052905814 0.7916817665100098 0.09565337002277374 0.9876051545143127 -3.332734621608324e-08
103.03284552905815 0.7951177358627319 0.09566102176904678 0.9876051545143127 -3.332734621608324e-08
103.26722052905815 0.798378050327301 0.09566602110862732 0.9876051545143127 -3.332734621608324e-08
103.50159552905815 0.8014727830886841 0.09566903114318848 0.9876051545143127 -3.332734621608324e-08
103.73597052905815 0.8044118285179138 0.0956706702709198 0.9876051545143127 -3.332734621608324e-08
103.97034552905816 0.8072047233581543 0.09567150473594666 0.9876051545143127 -3.332734621608324e-08
104.20472052905816 0.809860110282898 0.0956718772649765 0.9876051545143127 -3.332734621608324e-08
104.43909552905816 0.8123860955238342 0.09567200392484665 0.9876051545143127 -3.332734621608324e-08
104.67347052905818 0.8147902488708496 0.09567201882600784 0.9876051545143127 -3.332734621608324e-08
104.90784552905818 0.8170796632766724 0.09567200392484665 0.9876051545143127 -3.332734621608324e-08
105.14222052905818 0.819261372089386 0.09567199647426605 0.9876051545143127 -3.332734621608324e-08
105.37659552905818 0.8213418126106262 0.09567199647426605 0.9876051545143127 -3.332734621608324e-08
105.61097052905819 0.823326826095581 0.09567199647426605 0.9876051545143127 -3.332734621608324e-08
105.84534552905819 0.8252219557762146 0.09567199647426605 0.9876051545143127 -3.332734621608324e-08
106.07972052905819 0.8270324468612671 0.09567199647426605 0.9876051545143127 -3.332734621608324e-08
106.3140955290582 0.8287631273269653 0.09567199647426605 0.9876051545143127 -3.332734621608324e-08
106.5484705290582 0.8304184675216675 0.09567199647426605 0.9876051545143127 -3.332734621608324e-08
106.7828455290582 0.8320027589797974 0.09567199647426605 0.9876051545143127 -3.332734621608324e-08
107.0172205290582 0.8335198163986206 0.09567199647426605 0.9876051545143127 -3.332734621608324e-08
107.48597052905822 0.8363671898841858 0.09567199647426605 0.9876051545143127 -3.332734621608324e-08
107.72034552905822 0.8377044200897217 0.09567199647426605 0.9876051545143127 -3.332734621608324e-08
107.95472052905824 0.8389881253242493 0.09567199647426605 0.9876051545143127 -3.332734621608324e-08
108.42347052905824 0.8414064645767212 0.09567199647426605 0.9876051545143127 -3.332734621608324e-08
108.65784552905824 0.842546284198761 0.09567199647426605 0.9876051545143127 -3.332734621608324e-08
108.89222052905825 0.8436431884765625 0.09567199647426605 0.9876051545143127 -3.332734621608324e-08
109.12659552905825 0.8446992039680481 0.09567199647426605 0.9876051545143127 -3.332734621608324e-08
110.06409552905826 0.8485544919967651 0.09567199647426605 0.9876051545143127 -3.332734621608324e-08
110.29847052905826 0.8494352698326111 0.09567199647426605 0.9876051545143127 -3.332734621608324e-08
110.53284552905828 0.8502860069274902 0.09567199647426605 0.9876051545143127 -3.332734621608324e-08
110.76722052905828 0.8511080741882324 0.09567199647426605 0.9876051545143127 -3.332734621608324e-08
112.4078455290583 0.8561639189720154 0.09567199647426605 0.9876051545143127 -3.332734621608324e-08
112.6422205290583 0.8567994236946106 0.09567199647426605 0.9876051545143127 -3.332734621608324e-08
112.8765955290583 0.857416033744812 0.09567199647426605 0.9876051545143127 -3.332734621608324e-08
113.11097052905832 0.8580145239830017 0.09567199647426605 0.9876051545143127 -3.332734621608324e-08
113.34534552905832 0.8585957288742065 0.09567199647426605 0.9876051545143127 -3.332734621608324e-08
113.57972052905832 0.8591602444648743 0.09567199647426605 0.9876051545143127 -3.332734621608324e-08
113.81409552905833 0.8597089052200317 0.09567199647426605 0.9876051545143127 -3.332734621608324e-08
115.45472052905836 0.8631535768508911 0.09567199647426605 0.9876051545143127 -3.332734621608324e-08
115.68909552905836 0.8635956048965454 0.09567199647426605 0.9876051545143127 -3.332734621608324e-08
115.92347052905836 0.8640264868736267 0.09567199647426605 0.9876051545143127 -3.332734621608324e-08
116.15784552905836 0.8644466400146484 0.09567199647426605 0.9876051545143127 -3.332734621608324e-08
116.39222052905838 0.864856481552124 0.09567199647426605 0.9876051545143127 -3.332734621608324e-08
116.86097052905838 0.8656466603279114 0.09567199647426605 0.9876051545143127 -3.332734621608324e-08
117.32972052905839 0.8663997054100037 0.09567199647426605 0.9876051545143127 -3.332734621608324e-08
117.56409552905839 0.8667631149291992 0.09567199647426605 0.9876051545143127 -3.332734621608324e-08
117.79847052905839 0.8671181797981262 0.09567199647426605 0.9876051545143127 -3.332734621608324e-08
118.0328455290584 0.8674652576446533 0.09567199647426605 0.9876051545143127 -3.332734621608324e-08
118.2672205290584 0.8678044676780701 0.09567199647426605 0.9876051545143127 -3.332734621608324e-08
118.5015955290584 0.8681362271308899 0.09567199647426605 0.9876051545143127 -3.332734621608324e-08
118.7359705290584 0.8684606552124023 0.09567199647426605 0.9876051545143127 -3.332734621608324e-08
119.67347052905843 0.8696903586387634 0.09567199647426605 0.9876051545143127 -3.332734621608324e-08
119.90784552905843 0.8699827194213867 0.09567199647426605 0.9876051545143127 -3.332734621608324e-08
119.99999999999999 0.8700962662696838 0.09567199647426605 0.9876051545143127 -3.332734621608324e-08
120.0001 0.8700959086418152 0.09567199647426605 0.9876051545143127 -3.332734621608324e-08
120.0003 0.8700955510139465 0.09567199647426605 0.9876051545143127 -3.332734621608324e-08
120.0007 0.870095431804657 0.09567199647426605 0.9876051545143127 -3.332734621608324e-08
120.001 0.870095431804657 0.09567199647426605 0.9876051545143127 -3.332734621608324e-08
150.0 0.870095431804657 0.09567199647426605 0.9876051545143127 -3.332734621608324e-08
150.0001 0.870095431804657 0.09567199647426605 0.9876051545143127 -3.332734621608324e-08
150.0003 0.870095431804657 0.09567199647426605 0.9876051545143127 -3.332734621608324e-08
150.0007 0.870095431804657 0.09567199647426605 0.9876051545143127 -3.332734621608324e-08
150.001 0.870095431804657 0.09567199647426605 0.9876051545143127 -3.332734621608324e-08
179.99999999999997 0.870095431804657 0.09567199647426605 0.9876051545143127 -3.332734621608324e-08
180.0001 0.870095431804657 0.09567199647426605 0.9876051545143127 -3.332734621608324e-08
180.0003 0.870095431804657 0.09567199647426605 0.9876051545143127 -3.332734621608324e-08
180.0007 0.870095431804657 0.09567199647426605 0.9876050353050232 -3.332734621608324e-08
180.001 0.870095431804657 0.09567199647426605 0.9876047968864441 -3.332734621608324e-08
180.16480000000257 0.870095431804657 0.09567199647426605 0.9866940379142761 -3.332734621608324e-08
180.32860000000517 0.870095431804657 0.09567199647426605 0.9856774210929871 -3.332734621608324e-08
180.56297500000517 0.870095431804657 0.09567199647426605 0.9840518832206726 -3.332734621608324e-08
180.79735000000514 0.870095431804657 0.09567199647426605 0.9821857810020447 -3.332734621608324e-08
181.26610000000514 0.870095431804657 0.09567199647426605 0.9774497747421265 -3.332734621608324e-08
181.7348500000051 0.870095431804657 0.09567199647426605 0.9708481431007385 -3.332734621608324e-08
182.20360000000508 0.870095431804657 0.09567199647426605 0.9615224003791809 -3.332734621608324e-08
182.90672500000505 0.870095431804657 0.09567199647426605 0.9399758577346802 -3.332734621608324e-08
183.37547500000505 0.870095431804657 0.09567199647426605 0.9189212918281555 -3.332734621608324e-08
183.60985000000503 0.870095431804657 0.09567199647426605 0.9060829877853394 -3.332734621608324e-08
183.84422500000503 0.870095431804657 0.09567199647426605 0.8916545510292053 -3.332734621608324e-08
184.078600000005 0.870095431804657 0.09567199647426605 0.8756495118141174 -3.332734621608324e-08
184.312975000005 0.870095431804657 0.09567199647426605 0.8581160306930542 -3.332734621608324e-08
184.547350000005 0.870095431804657 0.09567199647426605 0.8391287326812744 -3.332734621608324e-08
184.78172500000497 0.870095431804657 0.09567199647426605 0.8187798261642456 -3.332734621608324e-08
185.01610000000497 0.870095431804657 0.09567199647426605 0.7971709966659546 -3.332734621608324e-08
185.25047500000497 0.870095431804657 0.09567199647426605 0.7744066119194031 -3.332734621608324e-08
185.48485000000494 0.870095431804657 0.09567199647426605 0.7505887746810913 -3.332734621608324e-08
185.71922500000494 0.870095431804657 0.09567199647426605 0.725814700126648 -3.332734621608324e-08
185.95360000000494 0.870095431804657 0.09567199647426605 0.7001744508743286 -3.332734621608324e-08
186.1879750000049 0.870095431804657 0.09567199647426605 0.6737502217292786 -3.332734621608324e-08
186.4223500000049 0.870095431804657 0.09567199647426605 0.6466166377067566 -3.332734621608324e-08
186.6567250000049 0.870095431804657 0.09567199647426605 0.6188404560089111 -3.332734621608324e-08
186.89110000000488 0.870095431804657 0.09567199647426605 0.5904814600944519 -3.332734621608324e-08
187.12547500000488 0.870095431804657 0.09567199647426605 0.5615928769111633 -3.332734621608324e-08
187.35985000000488 0.870095431804657 0.09567199647426605 0.5322221517562866 -3.332734621608324e-08
187.59422500000485 0.870095431804657 0.09567199647426605 0.5024114847183228 -3.332734621608324e-08
187.82860000000485 0.870095431804657 0.09567199647426605 0.4721984565258026 -3.332734621608324e-08
188.06297500000485 0.870095431804657 0.09567199647426605 0.44161662459373474 -3.332734621608324e-08
188.29735000000483 0.870095431804657 0.09567199647426605 0.41069602966308594 -3.332734621608324e-08
188.53172500000483 0.870095431804657 0.09567199647426605 0.37946367263793945 -3.332734621608324e-08
189.0004750000048 0.870095431804657 0.09567199647426605 0.31616029143333435 -3.332734621608324e-08
189.2348500000048 0.870095431804657 0.09567199647426605 0.2841350734233856 -3.332734621608324e-08
189.4692250000048 0.870095431804657 0.09567199647426605 0.2518945634365082 -3.332734621608324e-08
189.93797500000477 0.870095431804657 0.09567199647426605 0.18694770336151123 -3.332734621608324e-08
190.17235000000477 0.870095431804657 0.09567199647426605 0.1544542908668518 -3.332734621608324e-08
190.40672500000474 0.870095431804657 0.09567199647426605 0.12231767177581787 -3.332734621608324e-08
190.64110000000474 0.870095431804657 0.09567199647426605 0.09120795875787735 -3.332734621608324e-08
190.87547500000474 0.870095431804657 0.09567199647426605 0.06229320913553238 -3.332734621608324e-08
191.1098500000047 0.870095431804657 0.09567199647426605 0.037074677646160126 -3.332734621608324e-08
191.3442250000047 0.870095431804657 0.09567199647426605 0.016731811687350273 -3.332734621608324e-08
191.5786000000047 0.870095431804657 0.09567199647426605 0.0015169332036748528 -3.332734621608324e-08
191.62775394190805 0.870095431804657 0.09567199647426605 7.634188659721985e-05 -3.332734621608324e-08
191.66305531188615 0.870095431804657 0.09567199647426605 -3.3386157838322106e-08 -3.332734621608324e-08
204.93862075099204 0.870095431804657 0.09567199647426605 -3.3386157838322106e-08 -3.332734621608324e-08
209.99999999999997 0.870095431804657 0.09567199647426605 -3.33476641856123e-08 -3.3327342663369564e-08
210.00009999999997 0.870095431804657 0.09567199647426605 -3.3352065997860336e-08 -3.3327342663369564e-08
210.0003 0.870095431804657 0.09567199647426605 -3.333239106950714e-08 -3.3327342663369564e-08
210.00070000000002 0.870095431804657 0.09567199647426605 -3.327980735434721e-08 -3.3327342663369564e-08
210.00100000000003 0.870095431804657 0.09567199647426605 -3.326433173356236e-08 -3.3327342663369564e-08
214.24791715545146 0.870095431804657 0.09567199647426605 0.015047471038997173 -3.3327342663369564e-08
218.49483431090286 0.870095431804657 0.09567199647426605 0.02987305261194706 -3.3327342663369564e-08
218.72920931090283 0.870095431804657 0.09567199647426605 0.03068474493920803 -3.3327342663369564e-08
218.96358431090283 0.870095431804657 0.09567199647426605 0.03149575740098953 -3.3327342663369564e-08
219.19795931090283 0.870095431804657 0.09567199647426605 0.032306089997291565 -3.3327342663369564e-08
229.39327181090238 0.870095431804657 0.09567199647426605 0.06689576059579849 -3.3327342663369564e-08
239.58858431090198 0.870095431804657 0.09567199647426605 0.10018941015005112 -3.3327342663369564e-08
239.82295931090198 0.870095431804657 0.09567199647426605 0.10093952715396881 -3.3327342663369564e-08
239.99999999999997 0.870095431804657 0.09567199647426605 0.10150579363107681 -3.3327342663369564e-08
