time a b c w1 w2
0.0 0.0 0.0 0.0 0.0 0.0
1.757812428601624e-06 1.0832566022872925 1.0832566022872925 1.0832566022872925 1.757988202426422e-23 1.757988202426422e-23
1.7648476783160305e-06 1.0055341720581055 1.0055341720581055 1.0055341720581055 1.7650242106122693e-23 1.7650242106122693e-23
1.7789181777448437e-06 0.9905999898910522 0.9905999898910522 0.9905999898910522 1.7790960692117828e-23 1.7790960692117828e-23
1.8070591766024704e-06 0.984626293182373 0.984626293182373 0.984626293182373 1.8072399441829907e-23 1.8072399441829907e-23
0.00013281055255599797 0.984626293182373 0.984626293182373 0.984626293182373 1.3282383013875093e-21 1.3282383013875093e-21
0.00026381985277929004 0.984626293182373 0.984626293182373 0.984626293182373 2.6384624023353322e-21 2.6384624023353322e-21
0.0005258384532258742 0.984626293182373 0.984626293182373 0.984626293182373 -5.9402767149663305e-09 -5.9402767149663305e-09
0.001 0.984626293182373 0.984626293182373 0.984626293182373 -3.3380178621200685e-08 -3.3380178621200685e-08
29.999999999999996 0.984626293182373 0.984626293182373 0.984626293182373 -3.338031717703416e-08 -3.338031717703416e-08
30.000099999999996 0.984626293182373 0.984626293182373 0.984626293182373 -3.3361402529408224e-08 -3.3361402529408224e-08
30.0003 0.984626293182373 0.984626293182373 0.984626293182373 -3.334271880817141e-08 -3.334271880817141e-08
30.0007 0.984626293182373 0.984626293182373 0.984626293182373 -3.333242304393025e-08 -3.333242304393025e-08
30.001 0.984626293182373 0.984626293182373 0.984626293182373 -3.332799636268646e-08 -3.332799636268646e-08
59.99999999999999 0.984626293182373 0.984626293182373 0.984626293182373 -3.332799636268646e-08 -3.332799636268646e-08
60.000099999999996 0.984626293182373 0.984626293182373 0.984626293182373 -3.332799636268646e-08 -3.332799636268646e-08
60.000299999999996 0.984626293182373 0.984626293182373 0.984626293182373 -3.332799636268646e-08 -3.332799636268646e-08
60.000699999999995 0.984626293182373 0.984626293182373 0.9846256375312805 -3.332799636268646e-08 -3.332799636268646e-08
60.001000000000005 0.984626293182373 0.984626293182373 0.9846242666244507 -3.332799636268646e-08 -3.332799636268646e-08
60.00124000000001 0.984626293182373 0.984626293182373 0.9846214056015015 -3.332799636268646e-08 -3.332799636268646e-08
60.00156000000001 0.984626293182373 0.984626293182373 0.9846176505088806 -3.332799636268646e-08 -3.332799636268646e-08
60.002200000000016 0.984626293182373 0.984626293182373 0.9846101403236389 -3.332799636268646e-08 -3.332799636268646e-08
60.003480000000025 0.984626293182373 0.984626293182373 0.9845952391624451 -3.332799636268646e-08 -3.332799636268646e-08
60.00604000000004 0.984626293182373 0.984626293182373 0.9845651984214783 -3.332799636268646e-08 -3.332799636268646e-08
60.01116000000009 0.984626293182373 0.984626293182373 0.9845048189163208 -3.332799636268646e-08 -3.332799636268646e-08
60.021400000000185 0.984626293182373 0.984626293182373 0.9843837022781372 -3.332799636268646e-08 -3.332799636268646e-08
60.04188000000037 0.984626293182373 0.984626293182373 0.9841392040252686 -3.332799636268646e-08 -3.332799636268646e-08
60.082840000000736 0.984626293182373 0.984626293182373 0.9836368560791016 -3.332799636268646e-08 -3.332799636268646e-08
60.16476000000147 0.984626293182373 0.984626293182373 0.9825722575187683 -3.332799636268646e-08 -3.332799636268646e-08
60.328600000002936 0.984626293182373 0.984626293182373 0.9802511930465698 -3.332799636268646e-08 -3.332799636268646e-08
60.504381250002936 0.984626293182373 0.984626293182373 0.9774739742279053 -3.332799636268646e-08 -3.332799636268646e-08
60.680162500002936 0.984626293182373 0.984626293182373 0.9743223786354065 -3.332799636268646e-08 -3.332799636268646e-08
60.877916406252936 0.984626293182373 0.984626293182373 0.9703651070594788 -3.332799636268646e-08 -3.332799636268646e-08
61.03172500000294 0.984626293182373 0.984626293182373 0.9667679667472839 -3.332799636268646e-08 -3.332799636268646e-08
61.33934218750294 0.984626293182373 0.984626293182373 0.9580870270729065 -3.332799636268646e-08 -3.332799636268646e-08
61.53709609375294 0.984626293182373 0.984626293182373 0.9517056941986084 -3.332799636268646e-08 -3.332799636268646e-08
61.58104140625294 0.984626293182373 0.984626293182373 0.9501055479049683 -3.332799636268646e-08 -3.332799636268646e-08
62.02049453125295 0.984626293182373 0.984626293182373 0.9313600659370422 -3.332799636268646e-08 -3.332799636268646e-08
62.37205703125295 0.984626293182373 0.984626293182373 0.9126219749450684 -3.332799636268646e-08 -3.332799636268646e-08
62.54783828125295 0.984626293182373 0.984626293182373 0.9019131660461426 -3.332799636268646e-08 -3.332799636268646e-08
62.78953750000294 0.984626293182373 0.984626293182373 0.8859313726425171 -3.332799636268646e-08 -3.332799636268646e-08
62.94334609375295 0.984626293182373 0.984626293182373 0.8747678399085999 -3.332799636268646e-08 -3.332799636268646e-08
63.20701796875296 0.984626293182373 0.984626293182373 0.8539950847625732 -3.332799636268646e-08 -3.332799636268646e-08
63.38279921875296 0.984626293182373 0.984626293182373 0.839293897151947 -3.332799636268646e-08 -3.332799636268646e-08
63.55858046875296 0.984626293182373 0.984626293182373 0.8238654732704163 -3.332799636268646e-08 -3.332799636268646e-08
63.73436171875296 0.984626293182373 0.984626293182373 0.8077446222305298 -3.332799636268646e-08 -3.332799636268646e-08
63.91014296875296 0.984626293182373 0.984626293182373 0.7909486293792725 -3.332799636268646e-08 -3.332799636268646e-08
64.08592421875295 0.984626293182373 0.984626293182373 0.7735212445259094 -3.332799636268646e-08 -3.332799636268646e-08
64.26170546875295 0.984626293182373 0.984626293182373 0.7555282711982727 -3.332799636268646e-08 -3.332799636268646e-08
64.61326796875295 0.984626293182373 0.984626293182373 0.717975378036499 -3.332799636268646e-08 -3.332799636268646e-08
64.78904921875295 0.984626293182373 0.984626293182373 0.6984790563583374 -3.332799636268646e-08 -3.332799636268646e-08
65.14061171875295 0.984626293182373 0.984626293182373 0.6582614183425903 -3.332799636268646e-08 -3.332799636268646e-08
65.49217421875295 0.984626293182373 0.984626293182373 0.6165673732757568 -3.332799636268646e-08 -3.332799636268646e-08
65.66795546875295 0.984626293182373 0.984626293182373 0.5952154397964478 -3.332799636268646e-08 -3.332799636268646e-08
66.01951796875295 0.984626293182373 0.984626293182373 0.5516477227210999 -3.332799636268646e-08 -3.332799636268646e-08
66.37108046875295 0.984626293182373 0.984626293182373 0.5070735812187195 -3.332799636268646e-08 -3.332799636268646e-08
66.89842421875295 0.984626293182373 0.984626293182373 0.4385945796966553 -3.332799636268646e-08 -3.332799636268646e-08
67.42576796875295 0.984626293182373 0.984626293182373 0.36840924620628357 -3.332799636268646e-08 -3.332799636268646e-08
67.77733046875295 0.984626293182373 0.984626293182373 0.3207967281341553 -3.332799636268646e-08 -3.332799636268646e-08
68.30467421875295 0.984626293182373 0.984626293182373 0.24840806424617767 -3.332799636268646e-08 -3.332799636268646e-08
68.83201796875295 0.984626293182373 0.984626293182373 0.17514851689338684 -3.332799636268646e-08 -3.332799636268646e-08
69.35936171875295 0.984626293182373 0.984626293182373 0.10222707688808441 -3.332799636268646e-08 -3.332799636268646e-08
69.53514296875294 0.984626293182373 0.984626293182373 0.07904650270938873 -3.332799636268646e-08 -3.332799636268646e-08
69.71092421875294 0.984626293182373 0.984626293182373 0.05740978941321373 -3.332799636268646e-08 -3.332799636268646e-08
69.88670546875294 0.984626293182373 0.984626293182373 0.03808378055691719 -3.332799636268646e-08 -3.332799636268646e-08
70.06248671875294 0.984626293182373 0.984626293182373 0.02171570248901844 -3.332799636268646e-08 -3.332799636268646e-08
70.23826796875294 0.984626293182373 0.984626293182373 0.008304741233587265 -3.332799636268646e-08 -3.332799636268646e-08
70.35260719330384 0.984626293182373 0.984626293182373 0.0013769838260486722 -3.332799636268646e-08 -3.332799636268646e-08
70.38653106028855 0.984626293182373 0.984626293182373 4.224565054755658e-05 -3.332799636268646e-08 -3.332799636268646e-08
70.38976718739468 0.984626293182373 0.984626293182373 -3.338613652204003e-08 -3.332799636268646e-08 -3.332799636268646e-08
89.99999999999999 0.984626293182373 0.984626293182373 -3.338323395496445e-08 -3.332799636268646e-08 -3.332799636268646e-08
90.0001 0.984626293182373 0.984626293182373 -3.3372124619290844e-08 -3.332799636268646e-08 -3.332799636268646e-08
90.0003 0.984626293182373 0.984626293182373 -3.335318865538284e-08 -3.332942810629902e-08 -3.332799636268646e-08
90.00047397617296 0.984626293182373 0.984626293182373 -3.334302434154779e-08 -3.333156328721998e-08 -3.332799636268646e-08
90.00082192851887 0.984626293182373 0.984626293182373 -3.333421716433804e-08 -3.333152065465583e-08 -3.332799636268646e-08
90.001 0.984626293182373 0.984626293182373 -3.333218145940009e-08 -3.3327843595998274e-08 -3.332799636268646e-08
119.99999999999999 0.984626293182373 0.984626293182373 -3.333218145940009e-08 -3.3327843595998274e-08 -3.332799636268646e-08
120.0001 0.984626293182373 0.984626293182373 -3.333218145940009e-08 -3.3327843595998274e-08 -3.332799636268646e-08
120.0003 0.984626293182373 0.984626293182373 -3.333218145940009e-08 -3.3327843595998274e-08 -3.332799636268646e-08
120.00040039955991 0.984626293182373 0.984626293182373 -3.333218145940009e-08 -3.3327843595998274e-08 -3.332799636268646e-08
120.00046059150024 0.984626293182373 0.984626293182373 -3.333218145940009e-08 -3.3327843595998274e-08 -3.332799636268646e-08
120.00049548710525 0.984626293182373 0.984626293182373 -3.333218145940009e-08 -3.3327843595998274e-08 1.9254079575148353e-07
120.00051584041789 0.984626293182373 0.984626293182373 -3.333218145940009e-08 -3.3327843595998274e-08 8.478490940433403e-07
120.0005347269414 0.984626293182373 0.984626293182373 -3.333218145940009e-08 -3.3327843595998274e-08 1.978479303943459e-06
120.00054564962576 0.9846262335777283 0.984626293182373 -3.333218145940009e-08 -3.3327843595998274e-08 2.7119569949718425e-06
120.00058778324231 0.9846261739730835 0.984626293182373 -3.333218145940009e-08 -3.3327843595998274e-08 5.333589797373861e-06
120.00064396139771 0.9846259951591492 0.984626293182373 -3.333218145940009e-08 -3.3327843595998274e-08 8.382688065466937e-06
120.00075631770852 0.9846255779266357 0.984626293182373 -2.3284894012931545e-08 -3.3327843595998274e-08 1.363000410492532e-05
120.0008470284607 0.9846250414848328 0.984626293182373 1.683209944758346e-07 -3.3327843595998274e-08 1.7050220776582137e-05
120.00092347847544 0.984624445438385 0.984626293182373 1.5836502598176594e-06 -3.3327843595998274e-08 1.9291059288661927e-05
120.000989860742 0.9846237897872925 0.984626293182373 5.634652552544139e-06 -3.3327843595998274e-08 2.0883617253275588e-05
120.001 0.9846236705780029 0.984626293182373 6.603123438253533e-06 -3.3327843595998274e-08 2.1103089238749817e-05
120.06516274302545 0.9838557839393616 0.984626293182373 0.007502675987780094 -3.3327843595998274e-08 0.001362172537483275
120.12932548605092 0.9830426573753357 0.984626293182373 0.015009992755949497 -3.3327843595998274e-08 0.0027068203780800104
120.25765488840437 0.9812915921211243 0.984626293182373 0.02993609569966793 -3.3327843595998274e-08 0.00536804273724556
120.43343613840437 0.9786394238471985 0.984626293182373 0.05017615482211113 -3.3327843595998274e-08 0.008948540315032005
120.78499863840437 0.9722384810447693 0.984626293182373 0.08991970866918564 -3.3327843595998274e-08 0.01587861403822899
121.13656113840437 0.9639439582824707 0.984626293182373 0.12883545458316803 -3.3327843595998274e-08 0.022551581263542175
121.31234238840437 0.9589310884475708 0.984626293182373 0.14794595539569855 -3.3327843595998274e-08 0.025781448930501938
121.48812363840437 0.9532557129859924 0.984626293182373 0.16680511832237244 -3.3327843595998274e-08 0.02893470600247383
121.83968613840437 0.9396791458129883 0.984626293182373 0.20387892425060272 -3.3327843595998274e-08 0.035046566277742386
122.01546738840437 0.9316763281822205 0.984626293182373 0.22204074263572693 -3.3327843595998274e-08 0.03799044340848923
122.19124863840439 0.9228130578994751 0.984626293182373 0.23991107940673828 -3.3327843595998274e-08 0.04084808751940727
122.3670298884044 0.9130666255950928 0.984626293182373 0.2574859857559204 -3.3327843595998274e-08 0.04361911863088608
122.54281113840442 0.9024276733398438 0.984626293182373 0.2747722268104553 -3.3327843595998274e-08 0.04630628228187561
122.71859238840443 0.8908997774124146 0.984626293182373 0.2917872369289398 -3.3327843595998274e-08 0.04891534894704819
122.89437363840445 0.8784980773925781 0.984626293182373 0.30852627754211426 -3.3327843595998274e-08 0.05144578963518143
123.07015488840446 0.8652474284172058 0.984626293182373 0.32496336102485657 -3.3327843595998274e-08 0.05389106646180153
123.24593613840447 0.8511804938316345 0.984626293182373 0.3410840630531311 -3.3327843595998274e-08 0.056248053908348083
123.42171738840449 0.8363353610038757 0.984626293182373 0.35688498616218567 -3.3327843595998274e-08 0.058516841381788254
123.5974986384045 0.8207536935806274 0.984626293182373 0.37238457798957825 -3.3327843595998274e-08 0.06070340424776077
123.7732798884045 0.8044788837432861 0.984626293182373 0.38762256503105164 -3.3327843595998274e-08 0.06281935423612595
123.94906113840452 0.7875547409057617 0.984626293182373 0.40261581540107727 -3.3327843595998274e-08 0.06487001478672028
124.12484238840453 0.7700244188308716 0.984626293182373 0.41735905408859253 -3.3327843595998274e-08 0.06685467809438705
124.30062363840455 0.751929521560669 0.984626293182373 0.4318259358406067 -3.3327843595998274e-08 0.06876732409000397
124.47640488840456 0.7333098649978638 0.984626293182373 0.44596952199935913 -3.3327843595998274e-08 0.07059682905673981
124.65218613840457 0.7142028212547302 0.984626293182373 0.459766149520874 -3.3327843595998274e-08 0.07233834266662598
124.82796738840459 0.6946433782577515 0.984626293182373 0.4732356071472168 -3.3327843595998274e-08 0.0739981085062027
125.0037486384046 0.6746640205383301 0.984626293182373 0.4864184856414795 -3.3327843595998274e-08 0.07558733224868774
125.17952988840462 0.6542949080467224 0.984626293182373 0.49931177496910095 -3.3327843595998274e-08 0.07710658013820648
125.35531113840463 0.6335636377334595 0.984626293182373 0.5118706226348877 -3.3327843595998274e-08 0.07854632288217545
125.53109238840464 0.6124958395957947 0.984626293182373 0.5240839719772339 -3.3327843595998274e-08 0.07990529388189316
125.70687363840466 0.5911147594451904 0.984626293182373 0.5359729528427124 -3.3327843595998274e-08 0.08118993043899536
126.05843613840467 0.5474970936775208 0.984626293182373 0.5587556958198547 -3.3327843595998274e-08 0.08353767544031143
126.23421738840469 0.5252981185913086 0.984626293182373 0.5696408748626709 -3.3327843595998274e-08 0.08460190892219543
126.4099986384047 0.502861738204956 0.984626293182373 0.5802562832832336 -3.3327843595998274e-08 0.08560920506715775
126.58577988840472 0.4802030324935913 0.984626293182373 0.5906414985656738 -3.3327843595998274e-08 0.08656904101371765
126.76156113840473 0.4573359489440918 0.984626293182373 0.6007527112960815 -3.3327843595998274e-08 0.0874737799167633
126.93734238840474 0.4342733323574066 0.984626293182373 0.6105297803878784 -3.3327843595998274e-08 0.0883127972483635
127.28890488840477 0.3876078128814697 0.984626293182373 0.6290909051895142 -3.3327843595998274e-08 0.08980221301317215
127.46468613840479 0.36402589082717896 0.984626293182373 0.6379039883613586 -3.3327843595998274e-08 0.09046179801225662
127.6404673884048 0.34029069542884827 0.984626293182373 0.6464110612869263 -3.3327843595998274e-08 0.09106786549091339
127.99202988840483 0.29239600896835327 0.984626293182373 0.6626132726669312 -3.3327843595998274e-08 0.0921439453959465
128.16781113840483 0.2682543992996216 0.984626293182373 0.6702969074249268 -3.3327843595998274e-08 0.09261524677276611
128.34359238840486 0.2439967393875122 0.984626293182373 0.677722156047821 -3.3327843595998274e-08 0.09304692596197128
128.51937363840486 0.2196371704339981 0.984626293182373 0.6849119663238525 -3.3327843595998274e-08 0.09344390034675598
128.6951548884049 0.1951977163553238 0.984626293182373 0.6918696761131287 -3.3327843595998274e-08 0.09380785375833511
129.04671738840491 0.14627182483673096 0.984626293182373 0.7050368785858154 -3.3327843595998274e-08 0.09443508833646774
129.22249863840491 0.12200511246919632 0.984626293182373 0.7112598419189453 -3.3327843595998274e-08 0.0947025865316391
129.39827988840494 0.0981898382306099 0.984626293182373 0.7172569632530212 -3.3327843595998274e-08 0.09494319558143616
129.57406113840494 0.07529536634683609 0.984626293182373 0.7230089902877808 -3.3327843595998274e-08 0.09515595436096191
129.74984238840494 0.054013632237911224 0.984626293182373 0.7285249829292297 -3.3327843595998274e-08 0.0953432098031044
129.92562363840497 0.03514169529080391 0.984626293182373 0.7338138222694397 -3.3327843595998274e-08 0.09550745785236359
130.10140488840497 0.01929881051182747 0.984626293182373 0.7388676404953003 -3.3327843595998274e-08 0.0956493467092514
130.277186138405 0.006296244915574789 0.984626293182373 0.7437248229980469 -3.3327843595998274e-08 0.09577345848083496
130.36305890353844 0.0012067274656146765 0.984626293182373 0.7460419535636902 -3.3327843595998274e-08 0.09582924842834473
130.39210468495608 6.217386544449255e-05 0.984626293182373 0.7468212246894836 -3.3327843595998274e-08 0.0958477258682251
130.39665667982928 -3.3386164943749463e-08 0.984626293182373 0.7469432353973389 -3.3327843595998274e-08 0.0958506166934967
130.5258484204029 -3.3386164943749463e-08 0.984626293182373 0.7503198981285095 -3.3327843595998274e-08 0.0959256961941719
130.65504016097654 -3.3386164943749463e-08 0.984626293182373 0.7535632848739624 -3.3327843595998274e-08 0.09599065780639648
130.83082141097657 -3.3386164943749463e-08 0.984626293182373 0.7578250765800476 -3.3327843595998274e-08 0.09606832265853882
131.3581651609766 -3.3386164943749463e-08 0.984626293182373 0.7696591019630432 -3.3327843595998274e-08 0.09624111652374268
131.5339464109766 -3.3386164943749463e-08 0.984626293182373 0.7733154296875 -3.3327843595998274e-08 0.09628266841173172
131.88550891097663 -3.3386164943749463e-08 0.984626293182373 0.7801570892333984 -3.3327843595998274e-08 0.09634409099817276
132.41285266097668 -3.3386164943749463e-08 0.984626293182373 0.7895393371582031 -3.3327843595998274e-08 0.09640222042798996
132.9401964109767 -3.3386164943749463e-08 0.984626293182373 0.7979335784912109 -3.3327843595998274e-08 0.09643279761075974
133.11597766097674 -3.3386164943749463e-08 0.984626293182373 0.8005213141441345 -3.3327843595998274e-08 0.09643853455781937
133.29175891097674 -3.3386164943749463e-08 0.984626293182373 0.8030229210853577 -3.3327843595998274e-08 0.09644296020269394
133.46754016097677 -3.3386164943749463e-08 0.984626293182373 0.8054193258285522 -3.3327843595998274e-08 0.09644605964422226
133.64332141097677 -3.3386164943749463e-08 0.984626293182373 0.8077114820480347 -3.3327843595998274e-08 0.09644806385040283
134.25855578597682 -3.3386164943749463e-08 0.984626293182373 0.8150436878204346 -3.3327843595998274e-08 0.09645073860883713
134.87379016097685 -3.3386164943749463e-08 0.984626293182373 0.8213913440704346 -3.3327843595998274e-08 0.09645088016986847
135.22535266097688 -3.3386164943749463e-08 0.984626293182373 0.8247545957565308 -3.3327843595998274e-08 0.09645088016986847
135.92847766097694 -3.3386164943749463e-08 0.984626293182373 0.8308481574058533 -3.3327843595998274e-08 0.09645088016986847
136.631602660977 -3.3386164943749463e-08 0.984626293182373 0.8360675573348999 -3.3327843595998274e-08 0.09645088016986847
136.807383910977 -3.3386164943749463e-08 0.984626293182373 0.8372641801834106 -3.3327843595998274e-08 0.09645088016986847
136.98316516097702 -3.3386164943749463e-08 0.984626293182373 0.8384146690368652 -3.3327843595998274e-08 0.09645088016986847
137.15894641097702 -3.3386164943749463e-08 0.984626293182373 0.8395215272903442 -3.3327843595998274e-08 0.09645088016986847
137.77418078597708 -3.3386164943749463e-08 0.984626293182373 0.8431410193443298 -3.3327843595998274e-08 0.09645088016986847
138.3894151609771 -3.3386164943749463e-08 0.984626293182373 0.8464357852935791 -3.3327843595998274e-08 0.09645088016986847
138.74097766097714 -3.3386164943749463e-08 0.984626293182373 0.8481460809707642 -3.3327843595998274e-08 0.09645088016986847
139.5319932859772 -3.3386164943749463e-08 0.984626293182373 0.8516849279403687 -3.3327843595998274e-08 0.09645088016986847
140.32300891097728 -3.3386164943749463e-08 0.984626293182373 0.8549436330795288 -3.3327843595998274e-08 0.09645088016986847
141.9050401609774 -3.3386164943749463e-08 0.984626293182373 0.8603495359420776 -3.3327843595998274e-08 0.09645088016986847
142.43238391097742 -3.3386164943749463e-08 0.984626293182373 0.8619310855865479 -3.3327843595998274e-08 0.09645088016986847
143.4870714109775 -3.3386164943749463e-08 0.984626293182373 0.8647555708885193 -3.3327843595998274e-08 0.09645088016986847
143.6628526609775 -3.3386164943749463e-08 0.984626293182373 0.865182638168335 -3.3327843595998274e-08 0.09645088016986847
143.83863391097753 -3.3386164943749463e-08 0.984626293182373 0.8655984997749329 -3.3327843595998274e-08 0.09645088016986847
144.01441516097753 -3.3386164943749463e-08 0.984626293182373 0.8660035133361816 -3.3327843595998274e-08 0.09645088016986847
144.36597766097756 -3.3386164943749463e-08 0.984626293182373 0.8667846918106079 -3.3327843595998274e-08 0.09645088016986847
144.7175401609776 -3.3386164943749463e-08 0.984626293182373 0.867544949054718 -3.3327843595998274e-08 0.09645088016986847
145.59644641097765 -3.3386164943749463e-08 0.984626293182373 0.8693106770515442 -3.3327843595998274e-08 0.09645088016986847
146.47535266097773 -3.3386164943749463e-08 0.984626293182373 0.8708778619766235 -3.3327843595998274e-08 0.09645088016986847
147.70582141097782 -3.3386164943749463e-08 0.984626293182373 0.8728001117706299 -3.3327843595998274e-08 0.09645088016986847
148.23316516097785 -3.3386164943749463e-08 0.984626293182373 0.873593807220459 -3.3327843595998274e-08 0.09645088016986847
149.0241807859779 -3.3386164943749463e-08 0.984626293182373 0.8747134804725647 -3.3327843595998274e-08 0.09645088016986847
149.815196410978 -3.3386164943749463e-08 0.984626293182373 0.8757530450820923 -3.3327843595998274e-08 0.09645088016986847
150.0 -3.3377212105278886e-08 0.984626293182373 0.8759908676147461 -3.3327843595998274e-08 0.09645088016986847
150.0001 -3.336191412017797e-08 0.984626293182373 0.8759909868240356 -3.3327843595998274e-08 0.09645088016986847
150.0003 -3.3342239191824774e-08 0.984626293182373 0.87599116563797 -3.333152065465583e-08 0.09645059704780579
150.0007 -3.332572262593203e-08 0.984626293182373 0.8759913444519043 -3.3352357320382e-08 0.09644673764705658
150.000916655251 2.0530951161390476e-08 0.984626293182373 0.8759914040565491 -3.33704726074302e-08 0.09643901884555817
150.001 1.158196099027009e-07 0.984626293182373 0.8759914040565491 -3.3379826902546483e-08 0.09643279016017914
150.09021585538304 0.00031935281003825366 0.984626293182373 0.8759914040565491 -3.337990150953374e-08 0.08589407056570053
150.17943171076607 0.0006384674925357103 0.984626293182373 0.8759914040565491 -3.3379972563807314e-08 0.07567917555570602
150.3552129607661 0.0012669531861320138 0.984626293182373 0.8759914040565491 -3.338009690878607e-08 0.05661493539810181
150.5309942107661 0.001895104767754674 0.984626293182373 0.8759914040565491 -3.3380182173914363e-08 0.03928232938051224
150.70677546076612 0.002522876486182213 0.984626293182373 0.8759914040565491 -3.338021770105115e-08 0.024313723668456078
150.88255671076612 0.0031502684578299522 0.984626293182373 0.8759914040565491 -3.3380263886328976e-08 0.011930771172046661
151.05833796076615 0.0037773442454636097 0.984626293182373 0.8759914040565491 -3.338031717703416e-08 0.002135937800630927
151.11588610155204 0.003982566297054291 0.984626293182373 0.8759914040565491 -3.3380324282461515e-08 6.309752643574029e-05
151.12123212357932 0.004001626744866371 0.984626293182373 0.8759914040565491 -3.3380324282461515e-08 -3.3380324282461515e-08
151.13888777451336 0.004064569249749184 0.984626293182373 0.8759914040565491 -3.3380324282461515e-08 -3.3380324282461515e-08
155.40180902778735 0.019149892032146454 0.984626293182373 0.8759914040565491 -3.3380324282461515e-08 -3.3380324282461515e-08
159.66473028106137 0.03401148319244385 0.984626293182373 0.8759914040565491 -3.3380324282461515e-08 -3.3380324282461515e-08
159.84051153106137 0.03461948037147522 0.984626293182373 0.8759914040565491 -3.3380324282461515e-08 -3.3380324282461515e-08
160.01629278106137 0.03522709757089615 0.984626293182373 0.8759914040565491 -3.3380324282461515e-08 -3.3380324282461515e-08
160.1920740310614 0.035834331065416336 0.984626293182373 0.8759914040565491 -3.3380324282461515e-08 -3.3380324282461515e-08
169.94793340606213 0.06893474608659744 0.984626293182373 0.8759914040565491 -3.3380324282461515e-08 -3.3380324282461515e-08
179.70379278106284 0.10084936022758484 0.984626293182373 0.8759914040565491 -3.3380324282461515e-08 -3.3380324282461515e-08
179.87957403106287 0.10141351819038391 0.984626293182373 0.8759914040565491 -3.3380324282461515e-08 -3.3380324282461515e-08
179.99999999999997 0.10179983824491501 0.984626293182373 0.8759914040565491 -3.3380324282461515e-08 -3.3380324282461515e-08
