time a b c w1 w2
0.0 0.0 0.0 0.0 0.0 0.0
1.757812428601624e-06 1.0832566022872925 1.0832566022872925 1.0832566022872925 1.757988202426422e-23 1.757988202426422e-23
1.7648476783160305e-06 1.0055341720581055 1.0055341720581055 1.0055341720581055 1.7650242106122693e-23 1.7650242106122693e-23
1.7789181777448437e-06 0.9905999898910522 0.9905999898910522 0.9905999898910522 1.7790960692117828e-23 1.7790960692117828e-23
1.8070591766024704e-06 0.984626293182373 0.984626293182373 0.984626293182373 1.8072399441829907e-23 1.8072399441829907e-23
0.00013281055255599797 0.984626293182373 0.984626293182373 0.984626293182373 1.3282383013875093e-21 1.3282383013875093e-21
0.00026381985277929004 0.984626293182373 0.984626293182373 0.984626293182373 2.6384624023353322e-21 2.6384624023353322e-21
0.0005258384532258742 0.984626293182373 0.984626293182373 0.984626293182373 -5.940863356812542e-09 -5.940863356812542e-09
0.001 0.984626293182373 0.984626293182373 0.984626293182373 -3.338347553949461e-08 -3.338347553949461e-08
29.999999999999996 0.984626293182373 0.984626293182373 0.984626293182373 -3.3383614095328085e-08 -3.3383614095328085e-08
30.000099999999996 0.984626293182373 0.984626293182373 0.984626293182373 -3.336337428549996e-08 -3.336337428549996e-08
30.0003 0.984626293182373 0.984626293182373 0.984626293182373 -3.334337961291567e-08 -3.334337961291567e-08
30.0007 0.984626293182373 0.984626293182373 0.984626293182373 -3.333235909508403e-08 -3.333235909508403e-08
30.001 0.984626293182373 0.984626293182373 0.984626293182373 -3.3327630433177546e-08 -3.3327630433177546e-08
59.99999999999999 0.984626293182373 0.984626293182373 0.984626293182373 -3.3327630433177546e-08 -3.3327630433177546e-08
60.000099999999996 0.984626293182373 0.984626293182373 0.984626293182373 -3.3327630433177546e-08 -3.3327630433177546e-08
60.000299999999996 0.984626293182373 0.984626293182373 0.984626293182373 -3.3327630433177546e-08 -3.3327630433177546e-08
60.000699999999995 0.984626293182373 0.984626293182373 0.9846259951591492 -3.3327630433177546e-08 -3.3327630433177546e-08
60.001000000000005 0.984626293182373 0.984626293182373 0.9846254587173462 -3.3327630433177546e-08 -3.3327630433177546e-08
60.011200000000095 0.984626293182373 0.984626293182373 0.9845184087753296 -3.3327630433177546e-08 -3.3327630433177546e-08
60.021400000000185 0.984626293182373 0.984626293182373 0.9844094514846802 -3.3327630433177546e-08 -3.3327630433177546e-08
60.05724000000051 0.984626293182373 0.984626293182373 0.9840214252471924 -3.3327630433177546e-08 -3.3327630433177546e-08
60.11868000000106 0.984626293182373 0.984626293182373 0.9833141565322876 -3.3327630433177546e-08 -3.3327630433177546e-08
60.34396000000309 0.984626293182373 0.984626293182373 0.9803124666213989 -3.3327630433177546e-08 -3.3327630433177546e-08
60.50780000000455 0.984626293182373 0.984626293182373 0.9775912165641785 -3.3327630433177546e-08 -3.3327630433177546e-08
60.74949921875456 0.984626293182373 0.984626293182373 0.9728547930717468 -3.3327630433177546e-08 -3.3327630433177546e-08
61.00767792969206 0.984626293182373 0.984626293182373 0.9661353826522827 -3.3327630433177546e-08 -3.3327630433177546e-08
61.26585664062956 0.984626293182373 0.984626293182373 0.9574920535087585 -3.3327630433177546e-08 -3.3327630433177546e-08
61.573473828129565 0.984626293182373 0.984626293182373 0.9437888860702515 -3.3327630433177546e-08 -3.3327630433177546e-08
61.749255078129565 0.984626293182373 0.984626293182373 0.93442302942276 -3.3327630433177546e-08 -3.3327630433177546e-08
61.925036328129565 0.984626293182373 0.984626293182373 0.9237862229347229 -3.3327630433177546e-08 -3.3327630433177546e-08
62.100817578129565 0.984626293182373 0.984626293182373 0.9118965268135071 -3.3327630433177546e-08 -3.3327630433177546e-08
62.276598828129565 0.984626293182373 0.984626293182373 0.8988081216812134 -3.3327630433177546e-08 -3.3327630433177546e-08
62.452380078129565 0.984626293182373 0.984626293182373 0.8845844864845276 -3.3327630433177546e-08 -3.3327630433177546e-08
62.628161328129565 0.984626293182373 0.984626293182373 0.8692823052406311 -3.3327630433177546e-08 -3.3327630433177546e-08
62.803942578129565 0.984626293182373 0.984626293182373 0.852973222732544 -3.3327630433177546e-08 -3.3327630433177546e-08
62.979723828129565 0.984626293182373 0.984626293182373 0.8357657790184021 -3.3327630433177546e-08 -3.3327630433177546e-08
63.155505078129565 0.984626293182373 0.984626293182373 0.8177636861801147 -3.3327630433177546e-08 -3.3327630433177546e-08
63.331286328129565 0.984626293182373 0.984626293182373 0.7990298271179199 -3.3327630433177546e-08 -3.3327630433177546e-08
63.507067578129565 0.984626293182373 0.984626293182373 0.779621422290802 -3.3327630433177546e-08 -3.3327630433177546e-08
63.682848828129565 0.984626293182373 0.984626293182373 0.7596098184585571 -3.3327630433177546e-08 -3.3327630433177546e-08
63.85863007812956 0.984626293182373 0.984626293182373 0.7390512824058533 -3.3327630433177546e-08 -3.3327630433177546e-08
64.03441132812956 0.984626293182373 0.984626293182373 0.7179902791976929 -3.3327630433177546e-08 -3.3327630433177546e-08
64.21019257812956 0.984626293182373 0.984626293182373 0.6964854001998901 -3.3327630433177546e-08 -3.3327630433177546e-08
64.38597382812956 0.984626293182373 0.984626293182373 0.6745991706848145 -3.3327630433177546e-08 -3.3327630433177546e-08
64.56175507812956 0.984626293182373 0.984626293182373 0.6523714065551758 -3.3327630433177546e-08 -3.3327630433177546e-08
64.73753632812956 0.984626293182373 0.984626293182373 0.6298182010650635 -3.3327630433177546e-08 -3.3327630433177546e-08
64.91331757812956 0.984626293182373 0.984626293182373 0.606955349445343 -3.3327630433177546e-08 -3.3327630433177546e-08
65.26488007812956 0.984626293182373 0.984626293182373 0.5604091882705688 -3.3327630433177546e-08 -3.3327630433177546e-08
65.44066132812955 0.984626293182373 0.984626293182373 0.5367728471755981 -3.3327630433177546e-08 -3.3327630433177546e-08
65.79222382812955 0.984626293182373 0.984626293182373 0.48889732360839844 -3.3327630433177546e-08 -3.3327630433177546e-08
66.14378632812955 0.984626293182373 0.984626293182373 0.4403296113014221 -3.3327630433177546e-08 -3.3327630433177546e-08
66.49534882812955 0.984626293182373 0.984626293182373 0.39112961292266846 -3.3327630433177546e-08 -3.3327630433177546e-08
66.84691132812955 0.984626293182373 0.984626293182373 0.34136754274368286 -3.3327630433177546e-08 -3.3327630433177546e-08
67.37425507812955 0.984626293182373 0.984626293182373 0.26589086651802063 -3.3327630433177546e-08 -3.3327630433177546e-08
67.72581757812955 0.984626293182373 0.984626293182373 0.21510359644889832 -3.3327630433177546e-08 -3.3327630433177546e-08
68.25316132812955 0.984626293182373 0.984626293182373 0.13868439197540283 -3.3327630433177546e-08 -3.3327630433177546e-08
68.42894257812955 0.984626293182373 0.984626293182373 0.11356907337903976 -3.3327630433177546e-08 -3.3327630433177546e-08
68.60472382812955 0.984626293182373 0.984626293182373 0.08914625644683838 -3.3327630433177546e-08 -3.3327630433177546e-08
68.78050507812955 0.984626293182373 0.984626293182373 0.0660146027803421 -3.3327630433177546e-08 -3.3327630433177546e-08
68.95628632812955 0.984626293182373 0.984626293182373 0.04499691724777222 -3.3327630433177546e-08 -3.3327630433177546e-08
69.13206757812955 0.984626293182373 0.984626293182373 0.026916831731796265 -3.3327630433177546e-08 -3.3327630433177546e-08
69.30784882812955 0.984626293182373 0.984626293182373 0.012233829125761986 -3.3327630433177546e-08 -3.3327630433177546e-08
69.48363007812955 0.984626293182373 0.984626293182373 0.0010301910806447268 -3.3327630433177546e-08 -3.3327630433177546e-08
69.51909928287257 0.984626293182373 0.984626293182373 3.078473309869878e-05 -3.3327630433177546e-08 -3.3327630433177546e-08
69.54392826008568 0.984626293182373 0.984626293182373 -3.3387969722298294e-08 -3.3327630433177546e-08 -3.3327630433177546e-08
89.99999999999999 0.984626293182373 0.984626293182373 -3.3341528649089014e-08 -3.3327630433177546e-08 -3.3327630433177546e-08
90.0001 0.984626293182373 0.984626293182373 -3.3358993789534e-08 -3.3327630433177546e-08 -3.3327630433177546e-08
90.0003 0.984626293182373 0.984626293182373 -3.334456266657071e-08 -3.3327630433177546e-08 -3.1429603808419415e-08
90.0004712670757 0.984626293182373 0.984626293182373 -3.3321740033898095e-08 -3.3327630433177546e-08 -2.6280877918338774e-08
90.00081380122708 0.984626293182373 0.984626293182373 -3.3306697844182054e-08 -3.3327630433177546e-08 -1.4668961156871774e-08
90.001 0.984626293182373 0.984626293182373 -3.3306697844182054e-08 -3.3327630433177546e-08 -1.218737466501807e-08
119.99999999999999 0.984626293182373 0.984626293182373 -3.3306697844182054e-08 -3.3327630433177546e-08 -1.218737466501807e-08
120.0001 0.984626293182373 0.984626293182373 -3.3306697844182054e-08 -3.3327630433177546e-08 -1.218737466501807e-08
120.0003 0.984626293182373 0.984626293182373 -3.3306697844182054e-08 -3.3327630433177546e-08 -1.218737466501807e-08
120.00040039947064 0.984626293182373 0.984626293182373 -3.3306697844182054e-08 -3.3327630433177546e-08 -1.218737466501807e-08
120.00046059132984 0.984626293182373 0.984626293182373 -3.3306697844182054e-08 -3.3327630433177546e-08 -1.218737466501807e-08
120.00049548686991 0.984626293182373 0.984626293182373 -3.3306697844182054e-08 -3.3327630433177546e-08 2.409998387520318e-07
120.00051232953194 0.984626293182373 0.984626293182373 -3.3306697844182054e-08 -3.3327630433177546e-08 9.242404530596104e-07
120.00052989470535 0.984626293182373 0.984626293182373 -3.3306697844182054e-08 -3.3327630433177546e-08 2.2733186142431805e-06
120.00064514845076 0.984626054763794 0.984626293182373 -3.358533717801038e-08 -3.3327630433177546e-08 1.1117590474896133e-05
120.00076040219618 0.9846256375312805 0.984626293182373 -2.768127416175048e-08 -3.3327630433177546e-08 1.8259379430674016e-05
120.00089431492484 0.9846248626708984 0.984626293182373 8.257337071881921e-07 -3.3327630433177546e-08 2.4753899197094142e-05
120.0009859608669 0.9846240878105164 0.984626293182373 7.18054343451513e-06 -3.3327630433177546e-08 2.816634878399782e-05
120.001 0.9846239686012268 0.984626293182373 8.92999923962634e-06 -3.3327630433177546e-08 2.8632879548240453e-05
120.28744273557133 0.9810820817947388 0.984626293182373 0.042438067495822906 -3.3327630433177546e-08 0.009042131714522839
120.57388547114266 0.9763891100883484 0.984626293182373 0.08413968980312347 -3.3327630433177546e-08 0.017797717824578285
120.92544797114266 0.9683837890625 0.984626293182373 0.13424715399742126 -3.3327630433177546e-08 0.028166238218545914
121.10122922114266 0.963162899017334 0.984626293182373 0.15886183083057404 -3.3327630433177546e-08 0.03319738432765007
121.45279172114266 0.9496745467185974 0.984626293182373 0.20736780762672424 -3.3327630433177546e-08 0.04300956428050995
121.62857297114266 0.9412071704864502 0.984626293182373 0.2311801314353943 -3.3327630433177546e-08 0.047764576971530914
121.80435422114266 0.9315055012702942 0.984626293182373 0.25463616847991943 -3.3327630433177546e-08 0.052398353815078735
121.98013547114266 0.9205490946769714 0.984626293182373 0.27772510051727295 -3.3327630433177546e-08 0.05690810829401016
122.15591672114266 0.9083524942398071 0.984626293182373 0.30045586824417114 -3.3327630433177546e-08 0.061297707259655
122.33169797114267 0.8949596285820007 0.984626293182373 0.3228571116924286 -3.3327630433177546e-08 0.06557753682136536
122.50747922114269 0.8804360628128052 0.984626293182373 0.34491604566574097 -3.3327630433177546e-08 0.06974437087774277
122.6832604711427 0.864861011505127 0.984626293182373 0.366599977016449 -3.3327630433177546e-08 0.07378830015659332
122.85904172114272 0.8483198881149292 0.984626293182373 0.38791680335998535 -3.332762688046387e-08 0.07771287858486176
123.03482297114273 0.8308991193771362 0.984626293182373 0.408852756023407 -3.332762688046387e-08 0.0815148800611496
123.21060422114275 0.8126819133758545 0.984626293182373 0.4293527603149414 -3.332762688046387e-08 0.08517799526453018
123.38638547114276 0.7937463521957397 0.984626293182373 0.44939368963241577 -3.332762688046387e-08 0.08869633823633194
123.56216672114277 0.7741638422012329 0.984626293182373 0.4689832627773285 -3.332762688046387e-08 0.09207402169704437
123.73794797114279 0.7539989948272705 0.984626293182373 0.48810747265815735 -3.332762688046387e-08 0.09530860930681229
123.9137292211428 0.7333096265792847 0.984626293182373 0.5067530870437622 -3.332762688046387e-08 0.09839782118797302
124.08951047114282 0.7121471762657166 0.984626293182373 0.5249390602111816 -3.332762688046387e-08 0.10134925693273544
124.26529172114283 0.6905572414398193 0.984626293182373 0.5426725149154663 -3.332762688046387e-08 0.10416708886623383
124.44107297114283 0.6685802936553955 0.984626293182373 0.5599393844604492 -3.332762688046387e-08 0.10684915632009506
124.61685422114284 0.646251916885376 0.984626293182373 0.5767046213150024 -3.332762688046387e-08 0.10938775539398193
124.79263547114286 0.6236037015914917 0.984626293182373 0.5929349660873413 -3.332762688046387e-08 0.1117759495973587
124.96841672114287 0.6006637811660767 0.984626293182373 0.6086418628692627 -3.332762688046387e-08 0.11401964724063873
125.3199792211429 0.5540054440498352 0.984626293182373 0.6384550333023071 -3.332762688046387e-08 0.11807811260223389
125.49576047114292 0.5303288698196411 0.984626293182373 0.6525239944458008 -3.332762688046387e-08 0.11988948285579681
125.84732297114294 0.48236924409866333 0.984626293182373 0.679118275642395 -3.332762688046387e-08 0.12312652915716171
126.19888547114297 0.433698445558548 0.984626293182373 0.7035242915153503 -3.332762688046387e-08 0.12584392726421356
126.550447971143 0.3844141662120819 0.984626293182373 0.7256649136543274 -3.332762688046387e-08 0.1280554234981537
126.72622922114302 0.35956767201423645 0.984626293182373 0.7359521389007568 -3.332762688046387e-08 0.128997340798378
126.90201047114302 0.33459702134132385 0.984626293182373 0.7457355260848999 -3.332762688046387e-08 0.12983906269073486
127.07779172114303 0.30951058864593506 0.984626293182373 0.7550435066223145 -3.332762688046387e-08 0.13059040904045105
127.25357297114304 0.28431668877601624 0.984626293182373 0.7638646960258484 -3.332762688046387e-08 0.13125358521938324
127.42935422114306 0.2590245306491852 0.984626293182373 0.7721930742263794 -3.332762688046387e-08 0.13183163106441498
127.60513547114307 0.23364567756652832 0.984626293182373 0.7800367474555969 -3.332762688046387e-08 0.13233070075511932
127.78091672114309 0.208197683095932 0.984626293182373 0.7873966693878174 -3.332762688046387e-08 0.13275565207004547
127.9566979711431 0.18271149694919586 0.984626293182373 0.7942954301834106 -3.332762688046387e-08 0.1331143081188202
128.13247922114311 0.1572359949350357 0.984626293182373 0.8007826209068298 -3.332762688046387e-08 0.1334175169467926
128.30826047114311 0.13188013434410095 0.984626293182373 0.8068869709968567 -3.332762688046387e-08 0.13367286324501038
128.48404172114314 0.10690170526504517 0.984626293182373 0.8126093149185181 -3.332762688046387e-08 0.13388442993164062
128.65982297114314 0.08275318890810013 0.984626293182373 0.8179709315299988 -3.332762688046387e-08 0.13405823707580566
128.83560422114317 0.06010616198182106 0.984626293182373 0.8230023384094238 -3.332762688046387e-08 0.13420046865940094
129.01138547114317 0.039810605347156525 0.984626293182373 0.8277387022972107 -3.332762688046387e-08 0.13431665301322937
129.1871667211432 0.022625401616096497 0.984626293182373 0.8322120904922485 -3.332762688046387e-08 0.13441193103790283
129.3629479711432 0.008594205603003502 0.984626293182373 0.8364405632019043 -3.332762688046387e-08 0.13448959589004517
129.47668324843482 0.0014219790464267135 0.984626293182373 0.839045524597168 -3.332762688046387e-08 0.13453105092048645
129.510509951655 4.2395211494294927e-05 0.984626293182373 0.8397954106330872 -3.332762688046387e-08 0.1345418244600296
129.51364792811842 -3.3387962616870936e-08 0.984626293182373 0.8398639559745789 -3.332762688046387e-08 0.13454276323318481
129.55454253908613 -3.3387962616870936e-08 0.984626293182373 0.8407458066940308 -3.332762688046387e-08 0.13455438613891602
129.59543715005378 -3.3387962616870936e-08 0.984626293182373 0.8416057229042053 -3.332762688046387e-08 0.13456480205059052
129.67719877061995 -3.3387962616870936e-08 0.984626293182373 0.8432709574699402 -3.332762688046387e-08 0.13458296656608582
129.84072201175223 -3.3387962616870936e-08 0.984626293182373 0.8464764952659607 -3.332762688046387e-08 0.1346135288476944
130.3680657617523 -3.3387962616870936e-08 0.984626293182373 0.8556736707687378 -3.332762688046387e-08 0.13467001914978027
130.71962826175232 -3.3387962616870936e-08 0.984626293182373 0.8609569072723389 -3.332762688046387e-08 0.13468492031097412
131.07119076175235 -3.3387962616870936e-08 0.984626293182373 0.8656757473945618 -3.332762688046387e-08 0.13469140231609344
131.51064388675238 -3.3387962616870936e-08 0.984626293182373 0.8707764744758606 -3.332762688046387e-08 0.1346932202577591
131.9500970117524 -3.3387962616870936e-08 0.984626293182373 0.8751497268676758 -3.332762688046387e-08 0.13469330966472626
132.1258782617524 -3.3387962616870936e-08 0.984626293182373 0.8767481446266174 -3.332762688046387e-08 0.13469330966472626
132.30165951175243 -3.3387962616870936e-08 0.984626293182373 0.8782534003257751 -3.332762688046387e-08 0.13469330966472626
132.47744076175243 -3.3387962616870936e-08 0.984626293182373 0.879665732383728 -3.332762688046387e-08 0.13469330966472626
133.0047845117525 -3.3387962616870936e-08 0.984626293182373 0.8835155367851257 -3.332762688046387e-08 0.13469330966472626
133.35634701175252 -3.3387962616870936e-08 0.984626293182373 0.8858476281166077 -3.332762688046387e-08 0.13469330966472626
133.70790951175252 -3.3387962616870936e-08 0.984626293182373 0.887952446937561 -3.332762688046387e-08 0.13469330966472626
134.23525326175258 -3.3387962616870936e-08 0.984626293182373 0.8907755017280579 -3.332762688046387e-08 0.13469330966472626
134.7625970117526 -3.3387962616870936e-08 0.984626293182373 0.8932424783706665 -3.332762688046387e-08 0.13469330966472626
135.28994076175266 -3.3387962616870936e-08 0.984626293182373 0.8953797221183777 -3.332762688046387e-08 0.13469330966472626
136.52040951175275 -3.3387962616870936e-08 0.984626293182373 0.8994579315185547 -3.332762688046387e-08 0.13469330966472626
136.87197201175277 -3.3387962616870936e-08 0.984626293182373 0.900418221950531 -3.332762688046387e-08 0.13469330966472626
137.04775326175277 -3.3387962616870936e-08 0.984626293182373 0.9008835554122925 -3.332762688046387e-08 0.13469330966472626
137.3993157617528 -3.3387962616870936e-08 0.984626293182373 0.9017868041992188 -3.332762688046387e-08 0.13469330966472626
138.5418938867529 -3.3387962616870936e-08 0.984626293182373 0.9043451547622681 -3.332762688046387e-08 0.13469330966472626
139.68447201175297 -3.3387962616870936e-08 0.984626293182373 0.906406044960022 -3.332762688046387e-08 0.13469330966472626
140.21181576175303 -3.3387962616870936e-08 0.984626293182373 0.9072204232215881 -3.332762688046387e-08 0.13469330966472626
140.56337826175306 -3.3387962616870936e-08 0.984626293182373 0.9077515602111816 -3.332762688046387e-08 0.13469330966472626
141.2665032617531 -3.3387962616870936e-08 0.984626293182373 0.9087465405464172 -3.332762688046387e-08 0.13469330966472626
141.96962826175314 -3.3387962616870936e-08 0.984626293182373 0.9096309542655945 -3.332762688046387e-08 0.13469330966472626
142.14540951175317 -3.3387962616870936e-08 0.984626293182373 0.9098369479179382 -3.332762688046387e-08 0.13469330966472626
142.32119076175317 -3.3387962616870936e-08 0.984626293182373 0.9100373983383179 -3.332762688046387e-08 0.13469330966472626
142.4969720117532 -3.3387962616870936e-08 0.984626293182373 0.9102325439453125 -3.332762688046387e-08 0.13469330966472626
143.28798763675326 -3.3387962616870936e-08 0.984626293182373 0.9110492467880249 -3.332762688046387e-08 0.13469330966472626
144.07900326175331 -3.3387962616870936e-08 0.984626293182373 0.9118226170539856 -3.332762688046387e-08 0.13469330966472626
144.60634701175334 -3.3387962616870936e-08 0.984626293182373 0.9123131036758423 -3.332762688046387e-08 0.13469330966472626
145.3094720117534 -3.3387962616870936e-08 0.984626293182373 0.9129146337509155 -3.332762688046387e-08 0.13469330966472626
145.66103451175343 -3.3387962616870936e-08 0.984626293182373 0.9132050275802612 -3.332762688046387e-08 0.13469330966472626
146.27626888675348 -3.3387962616870936e-08 0.984626293182373 0.9137159585952759 -3.332762688046387e-08 0.13469330966472626
146.8915032617535 -3.3387962616870936e-08 0.984626293182373 0.9141898155212402 -3.332762688046387e-08 0.13469330966472626
147.24306576175354 -3.3387962616870936e-08 0.984626293182373 0.9144445061683655 -3.332762688046387e-08 0.13469330966472626
147.8583001367536 -3.3387962616870936e-08 0.984626293182373 0.9148650169372559 -3.332762688046387e-08 0.13469330966472626
148.47353451175363 -3.3387962616870936e-08 0.984626293182373 0.9152563214302063 -3.332762688046387e-08 0.13469330966472626
149.00087826175368 -3.3387962616870936e-08 0.984626293182373 0.915570855140686 -3.332762688046387e-08 0.13469330966472626
149.4403313867537 -3.3387962616870936e-08 0.984626293182373 0.9158194065093994 -3.332762688046387e-08 0.13469330966472626
149.87978451175374 -3.3387962616870936e-08 0.984626293182373 0.9160573482513428 -3.332762688046387e-08 0.13469330966472626
150.0 -3.33908012351003e-08 0.984626293182373 0.9161216616630554 -3.332762688046387e-08 0.13469330966472626
150.0001 -3.336692344646508e-08 0.984626293182373 0.9161217212677002 -3.332762688046387e-08 0.13469330966472626
150.0003 -3.3344250027766975e-08 0.984626293182373 0.916121780872345 -3.3331488680232724e-08 0.1346929967403412
150.0007 -3.3331218673993135e-08 0.984626293182373 0.9161218404769897 -3.3354375261751557e-08 0.1346871256828308
150.00096516717997 -1.4936436087964466e-08 0.984626293182373 0.9161218404769897 -3.337866161245984e-08 0.13467493653297424
150.001 8.283306485168396e-09 0.984626293182373 0.9161218404769897 -3.3382988817720616e-08 0.13467170298099518
150.1524976496029 0.0003618710034061223 0.984626293182373 0.9161218404769897 -3.338310250455834e-08 0.11474142968654633
150.3039952992058 0.0007236246601678431 0.984626293182373 0.9161218404769897 -3.338318066425927e-08 0.09525491297245026
150.4797765492058 0.0011432536412030458 0.984626293182373 0.9161218404769897 -3.3383283692955956e-08 0.07351770251989365
150.65555779920584 0.0015627507818862796 0.984626293182373 0.9161218404769897 -3.338338316893896e-08 0.053297460079193115
150.83133904920584 0.001982111483812332 0.984626293182373 0.9161218404769897 -3.3383468434067254e-08 0.035309646278619766
151.00712029920587 0.0024013358633965254 0.984626293182373 0.9161218404769897 -3.338353593562715e-08 0.02009422704577446
151.18290154920587 0.0028204370755702257 0.984626293182373 0.9161218404769897 -3.338358922633233e-08 0.0075628855265676975
151.29120208197318 0.00307859038002789 0.984626293182373 0.9161218404769897 -3.3383617648041763e-08 0.001363417599350214
151.3253268009533 0.0031599204521626234 0.984626293182373 0.9161218404769897 -3.338362120075544e-08 6.849272904219106e-05
151.33062508198927 0.0031725470907986164 0.984626293182373 0.9161218404769897 -3.338362120075544e-08 -3.338362120075544e-08
151.33986543507768 0.003194567747414112 0.984626293182373 0.9161218404769897 -3.338362120075544e-08 -3.338362120075544e-08
159.04059615982138 0.02141525223851204 0.984626293182373 0.9161218404769897 -3.338362120075544e-08 -3.338362120075544e-08
166.74132688456507 0.03937261179089546 0.984626293182373 0.9161218404769897 -3.338362120075544e-08 -3.338362120075544e-08
168.5870300095652 0.043637149035930634 0.984626293182373 0.9161218404769897 -3.338362120075544e-08 -3.338362120075544e-08
170.43273313456535 0.047886334359645844 0.984626293182373 0.9161218404769897 -3.338362120075544e-08 -3.338362120075544e-08
179.92492063456606 0.06949541717767715 0.984626293182373 0.9161218404769897 -3.338362120075544e-08 -3.338362120075544e-08
179.99999999999997 0.06966470927000046 0.984626293182373 0.9161218404769897 -3.338362120075544e-08 -3.338362120075544e-08
