time a b c w1
0.0 0.0 0.0 0.0 0.0
2.34374997708231e-06 1.0801570415496826 2.34398437508335e-23 2.34398437508335e-23 2.34398437508335e-23
2.3531289769906394e-06 1.0037916898727417 2.35336424679079e-23 2.35336424679079e-23 2.35336424679079e-23
2.3718869768072985e-06 0.9922298789024353 2.372124147977851e-23 2.372124147977851e-23 2.372124147977851e-23
2.449126245505041e-06 0.9876051545143127 2.449371143311084e-23 2.449371143311084e-23 2.449371143311084e-23
0.00019360463173130613 0.9876051545143127 1.9362399824984054e-21 1.9362399824984054e-21 1.9362399824984054e-21
0.00038480681743822704 0.9876051545143127 3.8484529531415596e-21 3.8484529531415596e-21 -5.5595421599718975e-09
0.0007672111888520689 0.9876051545143127 7.672878894427868e-21 7.672878894427868e-21 -2.7055429896449823e-08
0.001 0.9876051545143127 1.0000999731091105e-20 1.0000999731091105e-20 -3.3387372866400256e-08
29.999999999999996 0.9876051545143127 3.000300019364487e-16 3.000300019364487e-16 -3.3387198783429994e-08
30.000099999999996 0.9876051545143127 3.0003100778807355e-16 3.0003100778807355e-16 -3.3365520124561954e-08
30.0003 0.9876051545143127 3.0003299302154367e-16 3.0003299302154367e-16 -3.3344100813792465e-08
30.0007 0.9876051545143127 3.0003698995826353e-16 3.0003698995826353e-16 -3.333229514623781e-08
30.001 0.9876051545143127 3.000400075131381e-16 3.000400075131381e-16 -3.332722897653184e-08
59.99999999999999 0.9876051545143127 6.000600038728974e-16 6.000600038728974e-16 -3.332722897653184e-08
60.000099999999996 0.9876051545143127 6.000610097245222e-16 6.000610097245222e-16 -3.332722897653184e-08
60.000299999999996 0.987605094909668 6.00063021427772e-16 6.00063021427772e-16 -3.332722897653184e-08
60.000699999999995 0.9876048564910889 6.000669918947122e-16 6.000669918947122e-16 -3.332722897653184e-08
60.001000000000005 0.9876043200492859 6.000700094495868e-16 6.000700094495868e-16 -3.332722897653184e-08
60.04192000000037 0.9871892333030701 6.00479232242229e-16 6.00479232242229e-16 -3.332722897653184e-08
60.082840000000736 0.9867562055587769 6.008885079744305e-16 6.008885079744305e-16 -3.332722897653184e-08
60.328600000002936 0.9837485551834106 6.033463328895664e-16 6.033463328895664e-16 -3.332722897653184e-08
60.79735000000293 0.9760080575942993 6.080342896757046e-16 6.080342896757046e-16 -3.332722897653184e-08
61.03172500000293 0.9707812070846558 6.103782945385532e-16 6.103782945385532e-16 -3.332722897653184e-08
61.26610000000293 0.9643629193305969 6.127222464618427e-16 6.127222464618427e-16 -3.332722897653184e-08
61.734850000002936 0.9471078515052795 6.1741025618754e-16 6.1741025618754e-16 -3.332722897653184e-08
61.969225000002936 0.9359133243560791 6.197542081108295e-16 6.197542081108295e-16 -3.332722897653184e-08
62.20360000000294 0.9228551983833313 6.220982129736782e-16 6.220982129736782e-16 -3.332722897653184e-08
62.43797500000295 0.9079030752182007 6.244421648969676e-16 6.244421648969676e-16 -3.332722897653184e-08
62.67235000000295 0.8910917639732361 6.267861697598163e-16 6.267861697598163e-16 -3.332722897653184e-08
62.90672500000296 0.8725090026855469 6.2913017462266495e-16 6.2913017462266495e-16 -3.332722897653184e-08
63.14110000000296 0.8522789478302002 6.314741265459544e-16 6.314741265459544e-16 -3.332722897653184e-08
63.375475000002965 0.8305448293685913 6.338181314088031e-16 6.338181314088031e-16 -3.332722897653184e-08
63.609850000002965 0.8074546456336975 6.361621362716517e-16 6.361621362716517e-16 -3.332722897653184e-08
63.84422500000297 0.7831518054008484 6.385060881949412e-16 6.385060881949412e-16 -3.332722897653184e-08
64.07860000000298 0.7577700018882751 6.408500930577899e-16 6.408500930577899e-16 -3.332722897653184e-08
64.31297500000298 0.7314302921295166 6.431940449810793e-16 6.431940449810793e-16 -3.332722897653184e-08
64.54735000000298 0.7042403221130371 6.45538049843928e-16 6.45538049843928e-16 -3.332722897653184e-08
64.781725000003 0.6762948632240295 6.478820547067767e-16 6.478820547067767e-16 -3.332722897653184e-08
65.016100000003 0.6476768255233765 6.502260066300661e-16 6.502260066300661e-16 -3.332722897653184e-08
65.250475000003 0.6184583306312561 6.525700114929148e-16 6.525700114929148e-16 -3.332722897653184e-08
65.484850000003 0.5887021422386169 6.549139634162043e-16 6.549139634162043e-16 -3.332722897653184e-08
65.71922500000301 0.5584630370140076 6.572579682790529e-16 6.572579682790529e-16 -3.332722897653184e-08
65.95360000000301 0.5277885794639587 6.596019731419016e-16 6.596019731419016e-16 -3.332722897653184e-08
66.18797500000301 0.49672046303749084 6.619459250651911e-16 6.619459250651911e-16 -3.332722897653184e-08
66.42235000000302 0.4652951955795288 6.642899299280397e-16 6.642899299280397e-16 -3.332722897653184e-08
66.89110000000302 0.401498019695282 6.689778867141778e-16 6.689778867141778e-16 -3.332722897653184e-08
67.12547500000302 0.36917978525161743 6.713218915770265e-16 6.713218915770265e-16 -3.332722897653184e-08
67.59422500000304 0.3038201332092285 6.760098483631646e-16 6.760098483631646e-16 -3.332722897653184e-08
67.82860000000304 0.27082350850105286 6.783538532260133e-16 6.783538532260133e-16 -3.332722897653184e-08
68.06297500000305 0.23765265941619873 6.806978051493028e-16 6.806978051493028e-16 -3.332722897653184e-08
68.29735000000305 0.20435655117034912 6.830418100121514e-16 6.830418100121514e-16 -3.332722897653184e-08
68.53172500000305 0.1710360199213028 6.853857619354409e-16 6.853857619354409e-16 -3.332722897653184e-08
68.76610000000305 0.13791914284229279 6.877297667982896e-16 6.877297667982896e-16 -3.332722897653184e-08
69.00047500000306 0.10551148653030396 6.900737716611382e-16 6.900737716611382e-16 -3.332722897653184e-08
69.23485000000306 0.07479532063007355 6.924177235844277e-16 6.924177235844277e-16 -3.332722897653184e-08
69.46922500000306 0.0472489669919014 6.947617284472764e-16 6.947617284472764e-16 -3.332722897653184e-08
69.70360000000306 0.024355191737413406 6.971056803705658e-16 6.971056803705658e-16 -3.332722897653184e-08
69.93797500000308 0.00610915943980217 6.994496852334145e-16 6.994496852334145e-16 -3.332722897653184e-08
70.0344783253537 0.0005367665435187519 7.004148263372516e-16 7.004148263372516e-16 -3.332722897653184e-08
70.05772870372353 -3.3387198783429994e-08 7.006473368812729e-16 7.006473368812729e-16 -3.332722897653184e-08
89.99999999999999 -3.3439647495470126e-08 9.000900322791256e-16 9.000900322791256e-16 -3.332722897653184e-08
90.0001 -3.338300302857533e-08 9.000909851911913e-16 9.000909851911913e-16 -3.332722897653184e-08
90.0003 -3.3344100813792465e-08 9.00092996894441e-16 9.00092996894441e-16 -3.332722897653184e-08
90.0007 -3.3320432635264297e-08 9.000970203009405e-16 9.000970203009405e-16 -3.332722897653184e-08
90.00082296319256 -2.723060532616728e-08 1.799887350273366e-08 9.00098184971243e-16 -3.332722897653184e-08
90.00089395646802 5.556821136565304e-08 9.073051643326835e-08 9.000989261250718e-16 -3.332722897653184e-08
90.00092972403205 1.4363592981680995e-07 1.9842359222366213e-07 9.000993496415454e-16 -3.332722897653184e-08
90.00095182582379 1.990990625699851e-07 3.17201880761786e-07 9.000995613997823e-16 -3.332722897653184e-08
90.00096426849908 3.9992164602153935e-07 4.273987599390239e-07 9.000996672789007e-16 -3.332722897653184e-08
90.0009741090706 8.74372346970631e-07 5.641981601911539e-07 9.00099773158019e-16 -3.332722897653184e-08
90.00098526633057 1.7739220083967666e-06 7.738572662674414e-07 9.000998790371375e-16 -3.332722897653184e-08
90.00099857569789 3.1421714083990082e-06 1.0700227903726045e-06 9.000999849162559e-16 -3.332722897653184e-08
90.001 3.3144192457257304e-06 1.105608930629387e-06 9.000999849162559e-16 -3.332722897653184e-08
90.07743872631299 0.010325285606086254 0.0020574936643242836 9.008644321511529e-16 -3.332722897653184e-08
90.15387745262598 0.020589521154761314 0.004094206728041172 9.016288793860499e-16 -3.332722897653184e-08
90.30675625061289 0.040964480489492416 0.008115476928651333 9.031578797349623e-16 -3.332722897653184e-08
90.54113125061289 0.07186616957187653 0.014167265966534615 9.055018316582518e-16 -3.332722897653184e-08
90.77550625061289 0.10234430432319641 0.02007688395678997 9.078458894606596e-16 -3.332722897653184e-08
91.00988125061289 0.1323450654745102 0.025827381759881973 9.101898413839491e-16 -3.332722897653184e-08
91.2442562506129 0.16185607016086578 0.031415827572345734 9.125337933072386e-16 -3.332722897653184e-08
91.4786312506129 0.1908639520406723 0.036839116364717484 9.14877745230528e-16 -3.332722897653184e-08
91.7130062506129 0.21935367584228516 0.04209379851818085 9.17221803032936e-16 -3.332722897653184e-08
91.9473812506129 0.24730974435806274 0.04717645421624184 9.195657549562254e-16 -3.332722897653184e-08
92.18175625061292 0.2747163772583008 0.05208373814821243 9.219097068795148e-16 -3.332722897653184e-08
92.41613125061292 0.3015574514865875 0.05681239068508148 9.242537646819227e-16 -3.332722897653184e-08
92.65050625061292 0.32781660556793213 0.06135929375886917 9.265977166052122e-16 -3.332722897653184e-08
92.88488125061293 0.3534773290157318 0.06572151929140091 9.289416685285016e-16 -3.332722897653184e-08
93.11925625061293 0.3785231411457062 0.06989635527133942 9.312857263309095e-16 -3.332722897653184e-08
93.35363125061293 0.40293753147125244 0.07388138771057129 9.33629678254199e-16 -3.332722897653184e-08
93.58800625061293 0.4267042577266693 0.07767453044652939 9.359736301774884e-16 -3.332722897653184e-08
93.82238125061295 0.44980746507644653 0.08127411454916 9.383175821007779e-16 -3.332722897653184e-08
94.05675625061295 0.47223180532455444 0.08467894792556763 9.406616399031857e-16 -3.332722897653184e-08
94.29113125061295 0.49396273493766785 0.08788838982582092 9.430055918264752e-16 -3.332722897653184e-08
94.52550625061296 0.5149867534637451 0.09090239554643631 9.453495437497647e-16 -3.332722897653184e-08
94.99425625061296 0.5548660755157471 0.09634749591350555 9.50037553475462e-16 -3.332722897653184e-08
95.22863125061296 0.5737014412879944 0.09878221154212952 9.523815053987515e-16 -3.332722897653184e-08
95.93175625061298 0.625712513923645 0.10497454553842545 9.594134670477383e-16 -3.332722897653184e-08
96.16613125061299 0.6415433287620544 0.10668426752090454 9.617575248501461e-16 -3.332722897653184e-08
96.40050625061299 0.6566238403320312 0.10822711884975433 9.641014767734356e-16 -3.332722897653184e-08
96.63488125061299 0.6709600687026978 0.10961056500673294 9.66445428696725e-16 -3.332722897653184e-08
96.86925625061299 0.6845609545707703 0.11084280908107758 9.687893806200145e-16 -3.332722897653184e-08
97.103631250613 0.6974384784698486 0.11193271726369858 9.711334384224224e-16 -3.332722897653184e-08
97.338006250613 0.7096074819564819 0.11288966983556747 9.734773903457119e-16 -3.332722897653184e-08
97.572381250613 0.7210855484008789 0.11372344195842743 9.758213422690013e-16 -3.332722897653184e-08
97.80675625061302 0.7318928241729736 0.1144440770149231 9.781654000714092e-16 -3.332722897653184e-08
98.04113125061302 0.7420516610145569 0.1150616854429245 9.805093519946986e-16 -3.332722897653184e-08
98.50988125061302 0.7605231404304504 0.11602789163589478 9.85197361720396e-16 -3.332722897653184e-08
98.74425625061303 0.7688894867897034 0.11639560759067535 9.875413136436854e-16 -3.332722897653184e-08
98.97863125061303 0.776714026927948 0.11669829487800598 9.89885265566975e-16 -3.332722897653184e-08
99.21300625061303 0.7840245366096497 0.11694502085447311 9.922293233693828e-16 -3.332722897653184e-08
99.44738125061303 0.790848970413208 0.11714427173137665 9.945732752926722e-16 -3.332722897653184e-08
99.68175625061305 0.7972166538238525 0.117302805185318 9.969172272159617e-16 -3.332722897653184e-08
100.15050625061305 0.8086956143379211 0.11752128601074219 1.001605236941659e-15 -3.332722897653184e-08
100.61925625061306 0.818678081035614 0.11764736473560333 1.006293140788238e-15 -3.332722897653184e-08
100.85363125061306 0.8231713771820068 0.11768630146980286 1.0086371985906458e-15 -3.332722897653184e-08
101.08800625061306 0.827363908290863 0.1177133172750473 1.0109811505139353e-15 -3.332722897653184e-08
101.32238125061308 0.8312779664993286 0.11773160845041275 1.0133251024372248e-15 -3.332722897653184e-08
101.55675625061308 0.8349345922470093 0.11774371564388275 1.0156691602396326e-15 -3.332722897653184e-08
101.79113125061308 0.8383527994155884 0.11775125563144684 1.018013112162922e-15 -3.332722897653184e-08
102.02550625061309 0.8415500521659851 0.11775548756122589 1.0203570640862115e-15 -3.332722897653184e-08
102.25988125061309 0.84454345703125 0.11775762587785721 1.0227011218886194e-15 -3.332722897653184e-08
102.49425625061309 0.8473490476608276 0.11775864660739899 1.0250450738119089e-15 -3.332722897653184e-08
102.72863125061309 0.8499810099601746 0.1177590936422348 1.0273890257351983e-15 -3.332722897653184e-08
102.9630062506131 0.8524521589279175 0.11775925010442734 1.0297329776584878e-15 -3.332722897653184e-08
103.1973812506131 0.8547742962837219 0.11775927990674973 1.0320770354608957e-15 -3.332722897653184e-08
103.4317562506131 0.8569583892822266 0.11775927990674973 1.0344209873841851e-15 -3.332722897653184e-08
104.13488125061312 0.8627822399139404 0.11775927990674973 1.041452949033172e-15 -3.332722897653184e-08
104.36925625061312 0.8645102977752686 0.11775927990674973 1.0437969009564614e-15 -3.332722897653184e-08
104.60363125061313 0.8661447167396545 0.11775927990674973 1.0461409587588693e-15 -3.332722897653184e-08
104.83800625061313 0.8676918745040894 0.11775927990674973 1.0484849106821587e-15 -3.332722897653184e-08
105.54113125061315 0.8718692064285278 0.11775927990674973 1.0555168723311455e-15 -3.332722897653184e-08
105.77550625061315 0.873124361038208 0.11775927990674973 1.057860824254435e-15 -3.332722897653184e-08
106.00988125061315 0.8743182420730591 0.11775927990674973 1.0602047761777244e-15 -3.332722897653184e-08
106.24425625061316 0.8754549026489258 0.11775927990674973 1.0625488339801323e-15 -3.332722897653184e-08
106.47863125061316 0.8765381574630737 0.11775927990674973 1.0648927859034218e-15 -3.332722897653184e-08
106.71300625061316 0.877571702003479 0.11775927990674973 1.0672367378267112e-15 -3.332722897653184e-08
106.94738125061318 0.8785586357116699 0.11775927990674973 1.0695807956291191e-15 -3.332722897653184e-08
109.2911312506132 0.8864044547080994 0.11775927990674973 1.093020632499369e-15 -3.332722897653184e-08
109.52550625061322 0.8870298862457275 0.11775927990674973 1.0953645844226584e-15 -3.332722897653184e-08
109.75988125061322 0.8876324892044067 0.11775927990674973 1.0977085363459479e-15 -3.332722897653184e-08
109.99425625061322 0.8882133960723877 0.11775927990674973 1.1000525941483557e-15 -3.332722897653184e-08
110.22863125061322 0.8887736797332764 0.11775927990674973 1.1023965460716452e-15 -3.332722897653184e-08
111.40050625061325 0.8913021087646484 0.11775927990674973 1.114116411567211e-15 -3.332722897653184e-08
111.63488125061325 0.8917591571807861 0.11775927990674973 1.1164604693696188e-15 -3.332722897653184e-08
111.86925625061325 0.8922019004821777 0.11775927990674973 1.1188044212929083e-15 -3.332722897653184e-08
112.10363125061326 0.8926308155059814 0.11775927990674973 1.1211483732161977e-15 -3.332722897653184e-08
116.79113125061333 0.8990731239318848 0.11775927990674973 1.1680281528358158e-15 -3.332722897653184e-08
117.25988125061335 0.899553656578064 0.11775927990674973 1.1727160566823948e-15 -3.332722897653184e-08
117.49425625061335 0.8997856974601746 0.11775927990674973 1.1750600086056842e-15 -3.332722897653184e-08
117.72863125061335 0.9000125527381897 0.11775927990674973 1.177404066408092e-15 -3.332722897653184e-08
117.96300625061336 0.9002343416213989 0.11775927990674973 1.1797480183313815e-15 -3.332722897653184e-08
118.19738125061336 0.9004513025283813 0.11775927990674973 1.182091970254671e-15 -3.332722897653184e-08
118.43175625061336 0.9006635546684265 0.11775927990674973 1.1844360280570789e-15 -3.332722897653184e-08
118.66613125061338 0.9008712768554688 0.11775927990674973 1.1867799799803683e-15 -3.332722897653184e-08
119.60363125061339 0.9016594886779785 0.11775927990674973 1.1961558935526446e-15 -3.332722897653184e-08
119.83800625061339 0.9018468260765076 0.11775927990674973 1.1984999513550525e-15 -3.332722897653184e-08
119.99999999999999 0.9019745588302612 0.11775927990674973 1.2001200077457947e-15 -3.332722897653184e-08
120.0001 0.9019742608070374 0.11775927990674973 1.2001209606578604e-15 -3.332722897653184e-08
120.0003 0.9019740223884583 0.11775927990674973 1.2001229723611101e-15 -3.332722897653184e-08
120.0007 0.9019739031791687 0.11775927990674973 9.295204250747702e-08 -3.332722897653184e-08
120.00082296356054 0.9019739031791687 0.11775927990674973 5.487927978720109e-07 -1.8405714286018338e-08
120.00089395695568 0.9019739031791687 0.11775927990674973 1.6160367977136048e-06 3.365495970797383e-08
120.00093159691606 0.9019739031791687 0.11775927990674973 3.0408241400436964e-06 1.576206898334931e-07
120.00096739962649 0.9019739031791687 0.11775927990674973 5.559242254093988e-06 4.976839136361377e-07
120.001 0.9019739031791687 0.11775927990674973 8.780146345088724e-06 1.0322080470359651e-06
120.33781772564713 0.9019739031791687 0.11775927990674973 0.04509562626481056 0.008927750401198864
120.67463545129426 0.9019739031791687 0.11775927990674973 0.08929415047168732 0.017553802579641342
120.90901045129426 0.9019739031791687 0.11775927990674973 0.11950831860303879 0.023374920710921288
121.14338545129426 0.9019739031791687 0.11775927990674973 0.14923636615276337 0.029034757986664772
121.37776045129428 0.9019739031791687 0.11775927990674973 0.17846359312534332 0.034529805183410645
121.61213545129428 0.9019739031791687 0.11775927990674973 0.2071778029203415 0.039857346564531326
121.84651045129428 0.9019739031791687 0.11775927990674973 0.23536506295204163 0.04501432925462723
122.0808854512943 0.9019739031791687 0.11775927990674973 0.2630097270011902 0.04999736323952675
122.31526045129428 0.9019739031791687 0.11775927990674973 0.2900957465171814 0.05480315163731575
122.78401045129426 0.9019739031791687 0.11775927990674973 0.3425268232822418 0.06387042999267578
123.25276045129424 0.9019739031791687 0.11775927990674973 0.3925265073776245 0.0721929520368576
123.95588545129421 0.9019739031791687 0.11775927990674973 0.46268150210380554 0.08324030041694641
124.65901045129418 0.9019739031791687 0.11775927990674973 0.5266565680503845 0.09253446012735367
125.12776045129417 0.9019739031791687 0.11775927990674973 0.5657000541687012 0.09775969386100769
125.59651045129414 0.9019739031791687 0.11775927990674973 0.6017714738845825 0.10222774744033813
125.83088545129414 0.9019739031791687 0.11775927990674973 0.6186795830726624 0.10418733954429626
126.29963545129411 0.9019739031791687 0.11775927990674973 0.6502362489700317 0.10758452117443085
126.53401045129411 0.9019739031791687 0.11775927990674973 0.6648913025856018 0.10903549194335938
126.7683854512941 0.9019739031791687 0.11775927990674973 0.6788068413734436 0.11033165454864502
127.00276045129408 0.9019739031791687 0.11775927990674973 0.6919934749603271 0.11148159205913544
127.23713545129408 0.9019739031791687 0.11775927990674973 0.7044649124145508 0.11249448359012604
127.47151045129407 0.9019739031791687 0.11775927990674973 0.7162375450134277 0.11337996274232864
127.70588545129405 0.9019739031791687 0.11775927990674973 0.7273303270339966 0.11414796859025955
127.94026045129405 0.9019739031791687 0.11775927990674973 0.7377648949623108 0.1148085966706276
128.17463545129405 0.9019739031791687 0.11775927990674973 0.7475654482841492 0.1153716892004013
128.40901045129402 0.9019739031791687 0.11775927990674973 0.7567585110664368 0.11584663391113281
128.64338545129402 0.9019739031791687 0.11775927990674973 0.7653701305389404 0.11624301970005035
128.87776045129402 0.9019739031791687 0.11775927990674973 0.7734262943267822 0.11657067388296127
129.346510451294 0.9019739031791687 0.11775927990674973 0.7879852056503296 0.11705557256937027
129.580885451294 0.9019739031791687 0.11775927990674973 0.7945460081100464 0.11722869426012039
129.81526045129397 0.9019739031791687 0.11775927990674973 0.8006659746170044 0.11736501753330231
130.28401045129397 0.9019739031791687 0.11775927990674973 0.8116950392723083 0.1175512969493866
130.51838545129394 0.9019739031791687 0.11775927990674973 0.8166576027870178 0.11761151999235153
130.98713545129394 0.9019739031791687 0.11775927990674973 0.825604259967804 0.11768684536218643
131.2215104512939 0.9019739031791687 0.11775927990674973 0.8296347856521606 0.11770842969417572
131.4558854512939 0.9019739031791687 0.11775927990674973 0.8333988189697266 0.11772272735834122
131.69026045129388 0.9019739031791687 0.11775927990674973 0.8369163274765015 0.1177317351102829
131.92463545129388 0.9019739031791687 0.11775927990674973 0.8402057886123657 0.1177370473742485
132.97932295129382 0.9019739031791687 0.11775927990674973 0.8526220321655273 0.11774205416440964
134.0340104512938 0.9019739031791687 0.11775927990674973 0.8620073795318604 0.11774168163537979
134.50276045129377 0.9019739031791687 0.11775927990674973 0.8654516935348511 0.11774168163537979
134.73713545129377 0.9019739031791687 0.11775927990674973 0.8670353293418884 0.11774168163537979
135.20588545129374 0.9019739031791687 0.11775927990674973 0.8699575662612915 0.11774168163537979
135.44026045129374 0.9019739031791687 0.11775927990674973 0.871307373046875 0.11774168163537979
135.9090104512937 0.9019739031791687 0.11775927990674973 0.8738091588020325 0.11774168163537979
136.1433854512937 0.9019739031791687 0.11775927990674973 0.8749698996543884 0.11774168163537979
136.61213545129368 0.9019739031791687 0.11775927990674973 0.877130389213562 0.11774168163537979
136.84651045129368 0.9019739031791687 0.11775927990674973 0.8781368732452393 0.11774168163537979
137.08088545129368 0.9019739031791687 0.11775927990674973 0.8790984153747559 0.11774168163537979
137.31526045129365 0.9019739031791687 0.11775927990674973 0.8800177574157715 0.11774168163537979
137.54963545129365 0.9019739031791687 0.11775927990674973 0.8808975219726562 0.11774168163537979
137.78401045129365 0.9019739031791687 0.11775927990674973 0.8817399740219116 0.11774168163537979
138.01838545129363 0.9019739031791687 0.11775927990674973 0.8825474381446838 0.11774168163537979
138.48713545129363 0.9019739031791687 0.11775927990674973 0.8840652704238892 0.11774168163537979
138.7215104512936 0.9019739031791687 0.11775927990674973 0.8847793936729431 0.11774168163537979
138.9558854512936 0.9019739031791687 0.11775927990674973 0.8854658603668213 0.11774168163537979
139.1902604512936 0.9019739031791687 0.11775927990674973 0.8861261606216431 0.11774168163537979
139.65901045129357 0.9019739031791687 0.11775927990674973 0.8873740434646606 0.11774168163537979
139.89338545129357 0.9019739031791687 0.11775927990674973 0.887964129447937 0.11774168163537979
140.12776045129354 0.9019739031791687 0.11775927990674973 0.8885332345962524 0.11774168163537979
140.36213545129354 0.9019739031791687 0.11775927990674973 0.8890824317932129 0.11774168163537979
141.0652604512935 0.9019739031791687 0.11775927990674973 0.8906203508377075 0.11774168163537979
141.2996354512935 0.9019739031791687 0.11775927990674973 0.8910993337631226 0.11774168163537979
141.76838545129348 0.9019739031791687 0.11775927990674973 0.8920117020606995 0.11774168163537979
142.35432295129345 0.9019739031791687 0.11775927990674973 0.8930737376213074 0.11774168163537979
142.94026045129343 0.9019739031791687 0.11775927990674973 0.8940575122833252 0.11774168163537979
143.40901045129343 0.9019739031791687 0.11775927990674973 0.8947938084602356 0.11774168163537979
144.81526045129337 0.9019739031791687 0.11775927990674973 0.8967700004577637 0.11774168163537979
145.51838545129334 0.9019739031791687 0.11775927990674973 0.8976455330848694 0.11774168163537979
147.15901045129326 0.9019739031791687 0.11775927990674973 0.8994514346122742 0.11774168163537979
147.39338545129326 0.9019739031791687 0.11775927990674973 0.8996858596801758 0.11774168163537979
147.62776045129326 0.9019739031791687 0.11775927990674973 0.8999149203300476 0.11774168163537979
147.86213545129323 0.9019739031791687 0.11775927990674973 0.9001389145851135 0.11774168163537979
148.33088545129323 0.9019739031791687 0.11775927990674973 0.9005722403526306 0.11774168163537979
150.0 0.9019739031791687 0.11775927990674973 0.901974081993103 0.11774168163537979
150.0001 0.9019739031791687 0.11775927990674973 0.9019741415977478 0.11774168163537979
150.0003 0.9019739031791687 0.11775927990674973 0.9019742012023926 0.11774168163537979
150.0007 0.9019739031791687 0.11775927990674973 0.9019742012023926 0.11774168163537979
150.001 0.9019739031791687 0.11775927990674973 0.9019741415977478 0.11774168163537979
179.99999999999997 0.9019739031791687 0.11775927990674973 0.9019741415977478 0.11774168163537979
180.0001 0.9019739031791687 0.11775927990674973 0.9019741415977478 0.11774168163537979
180.0003 0.9019739031791687 0.11775927990674973 0.9019740223884583 0.11774168163537979
180.0007 0.9019739031791687 0.11775927990674973 0.9019721150398254 0.11774168163537979
180.001 0.9019739031791687 0.11775927990674973 0.9019685387611389 0.11774168163537979
180.02144000000035 0.9019739031791687 0.11775927990674973 0.9005076289176941 0.11774168163537979
180.04188000000067 0.9019739031791687 0.11775927990674973 0.8990290760993958 0.11774168163537979
180.0828400000013 0.9019739031791687 0.11775927990674973 0.8960140347480774 0.11774168163537979
180.32860000000517 0.9019739031791687 0.11775927990674973 0.87664794921875 0.11774168163537979
180.56297500000517 0.9019739031791687 0.11775927990674973 0.8566197156906128 0.11774168163537979
180.79735000000514 0.9019739031791687 0.11775927990674973 0.8351868391036987 0.11774168163537979
181.03172500000514 0.9019739031791687 0.11775927990674973 0.8123670816421509 0.11774168163537979
181.26610000000514 0.9019739031791687 0.11775927990674973 0.7883053421974182 0.11774168163537979
181.5004750000051 0.9019739031791687 0.11775927990674973 0.7631378173828125 0.11774168163537979
181.7348500000051 0.9019739031791687 0.11775927990674973 0.7369881868362427 0.11774168163537979
181.9692250000051 0.9019739031791687 0.11775927990674973 0.7099670171737671 0.11774168163537979
182.20360000000508 0.9019739031791687 0.11775927990674973 0.6821717023849487 0.11774168163537979
182.43797500000508 0.9019739031791687 0.11775927990674973 0.6536874175071716 0.11774168163537979
182.67235000000508 0.9019739031791687 0.11775927990674973 0.6245884895324707 0.11774168163537979
182.90672500000505 0.9019739031791687 0.11775927990674973 0.5949395298957825 0.11774168163537979
183.14110000000505 0.9019739031791687 0.11775927990674973 0.5647968053817749 0.11774168163537979
183.37547500000505 0.9019739031791687 0.11775927990674973 0.5342093706130981 0.11774168163537979
183.60985000000503 0.9019739031791687 0.11775927990674973 0.5032200813293457 0.11774168163537979
183.84422500000503 0.9019739031791687 0.11775927990674973 0.4718663692474365 0.11774168163537979
184.078600000005 0.9019739031791687 0.11775927990674973 0.44018131494522095 0.11774168163537979
184.547350000005 0.9019739031791687 0.11775927990674973 0.3759303092956543 0.11774168163537979
185.01610000000497 0.9019739031791687 0.11775927990674973 0.31066590547561646 0.11774168163537979
185.48485000000494 0.9019739031791687 0.11775927990674973 0.24457190930843353 0.11774168163537979
185.95360000000494 0.9019739031791687 0.11775927990674973 0.17796766757965088 0.11774168163537979
186.1879750000049 0.9019739031791687 0.11775927990674973 0.14477889239788055 0.11774168163537979
186.4223500000049 0.9019739031791687 0.11775927990674973 0.11216104030609131 0.11774168163537979
186.6567250000049 0.9019739031791687 0.11775927990674973 0.08098398149013519 0.11774168163537979
186.89110000000488 0.9019739031791687 0.11775927990674973 0.052643436938524246 0.11774168163537979
187.12547500000488 0.9019739031791687 0.11775927990674973 0.0286879800260067 0.11774168163537979
187.35985000000488 0.9019739031791687 0.11775927990674973 0.009416548535227776 0.11774168163537979
187.48092964488546 0.9019739031791687 0.11775927990674973 0.001725963200442493 0.11774168163537979
187.52128583541477 0.9019739031791687 0.11775927990674973 8.121754217427224e-05 0.11774168163537979
187.52716946734472 0.9019739031791687 0.11775927990674973 -3.3387198783429994e-08 0.11774168163537979
202.85177175421762 0.9019739031791687 0.11775927990674973 -3.3387198783429994e-08 0.11774168163537979
209.99999999999997 0.9019739031791687 0.11775927990674973 -3.337969545214037e-08 0.11774168163537979
210.00009999999997 0.9019739031791687 0.11775927990674973 -3.336301901413208e-08 0.11774168163537979
210.0003 0.9019739031791687 0.11775927990674973 -3.334295328727421e-08 0.11774168163537979
210.00070000000002 0.9019739031791687 0.11775927990674973 -3.3328639403862326e-08 0.11774168163537979
210.00100000000003 0.9019739031791687 0.11775927990674973 -3.332646159037722e-08 0.11774168163537979
224.82828563143696 0.9019739031791687 0.11775927990674973 0.042224545031785965 0.11774168163537979
239.65557126287388 0.9019739031791687 0.11775927990674973 0.08285415172576904 0.11774168163537979
239.88994626287388 0.9019739031791687 0.11775927990674973 0.08348347991704941 0.11774168163537979
239.99999999999997 0.9019739031791687 0.11775927990674973 0.08377886563539505 0.11774168163537979
