time a b c w1 w2
0.0 0.0 0.0 0.0 0.0 0.0
0.00014062499775757686 1.0 1.4063906124282356e-21 1.4063906124282356e-21 1.4063906124282356e-21 1.4063906124282356e-21
0.00028124999551515373 1.0 2.8127812248564712e-21 2.8127812248564712e-21 -5.5567994650118635e-09 -5.5567994650118635e-09
0.0005624999910303075 1.0 5.6255624497129424e-21 5.6255624497129424e-21 -2.3200870558071074e-08 -2.3200870558071074e-08
0.001 1.0 1.0000999731091105e-20 1.0000999731091105e-20 -3.337797238600615e-08 -3.337797238600615e-08
29.999999999999996 1.0 3.000300019364487e-16 3.000300019364487e-16 -3.337773435418967e-08 -3.337773435418967e-08
30.000099999999996 1.0 3.0003100778807355e-16 3.0003100778807355e-16 -3.3359857098957946e-08 -3.3359857098957946e-08
30.0003 1.0 3.0003299302154367e-16 3.0003299302154367e-16 -3.3342203664687986e-08 -3.334220011197431e-08
30.0007 1.0 3.0003698995826353e-16 3.0003698995826353e-16 -3.333288489670849e-08 -3.333286002771274e-08
30.00082296347344 1.0 3.000382340379048e-16 3.3270679544727955e-09 -3.333167342134402e-08 -3.299335560313921e-08
30.00089395657492 1.0 3.0003894872195405e-16 2.210467542340666e-08 -3.333129683369407e-08 -1.338201216505297e-09
30.000929664309837 1.0 3.000392928290889e-16 6.374638417128153e-08 -3.333129683369407e-08 1.209161979431883e-07
30.000951509235787 1.0 3.000395045873257e-16 1.298924416914815e-07 -3.333129683369407e-08 3.821121481450973e-07
30.000990230469508 1.0 3.000399016340197e-16 3.980216263244074e-07 -3.333129683369407e-08 1.8168730093748309e-06
30.001 1.0 3.000400075131381e-16 5.077727678326482e-07 -3.333129683369407e-08 2.5076067231566412e-06
30.017071407643492 1.0 3.0020073201487963e-16 0.00022727431496605277 -3.333129683369407e-08 0.0015168082900345325
30.033142815286983 1.0 3.0036145651662113e-16 0.0004576711216941476 -3.333129683369407e-08 0.0030439787078648806
30.122884712594985 1.0 3.0125896733357587e-16 0.0017308525275439024 -3.333129683369407e-08 0.011524319648742676
30.238078952714012 1.0 3.024110380209601e-16 0.0033356875646859407 -3.333129683369407e-08 0.022305261343717575
30.468467432952075 1.0 3.0471515292594903e-16 0.0064558968879282475 -3.333129683369407e-08 0.0435454398393631
30.9292443934282 1.0 3.0932338273592685e-16 0.012365260161459446 -3.333129683369407e-08 0.08481740951538086
31.808150643428196 1.0 3.1811330832738074e-16 0.022772515192627907 -3.333129683369407e-08 0.16031959652900696
32.68705689342819 1.0 3.2690326038861423e-16 0.03210455924272537 -3.333129683369407e-08 0.23168985545635223
33.56596314342819 1.0 3.356931859800681e-16 0.04020730406045914 -3.333129683369407e-08 0.2981548607349396
34.44486939342819 1.0 3.444831380413016e-16 0.047066811472177505 -3.333129683369407e-08 0.359385222196579
35.32377564342819 1.0 3.532730901025351e-16 0.05271703004837036 -3.333129683369407e-08 0.4152126610279083
36.202681893428185 1.0 3.62063015693989e-16 0.05728675052523613 -3.333129683369407e-08 0.46586430072784424
37.081588143428185 1.0 3.708529677552225e-16 0.060907285660505295 -3.333129683369407e-08 0.5115560293197632
37.960494393428185 1.0 3.796428933466764e-16 0.06367052346467972 -3.333129683369407e-08 0.5523102283477783
38.839400643428185 1.0 3.884328454079099e-16 0.0656932145357132 -3.333129683369407e-08 0.5882977247238159
39.71830689342818 1.0 3.9722279746914337e-16 0.06711744517087936 -3.333129683369407e-08 0.6198724508285522
40.59721314342818 1.0 4.0601272306059726e-16 0.06806981563568115 -3.333129683369407e-08 0.6473293900489807
42.35502564342817 1.0 4.2359260071328465e-16 0.06900519132614136 -3.333129683369407e-08 0.6913173198699951
44.11283814342817 1.0 4.4117250483575164e-16 0.06928112357854843 -3.333129683369407e-08 0.723999559879303
44.99174439342817 1.0 4.499624304272055e-16 0.06932146102190018 -3.333129683369407e-08 0.737269937992096
45.870650643428164 1.0 4.587523560186594e-16 0.06933703273534775 -3.333129683369407e-08 0.7488936185836792
46.749556893428164 1.0 4.675423345496725e-16 0.06934119760990143 -3.333129683369407e-08 0.759029746055603
47.628463143428164 1.0 4.763322601411264e-16 0.06934143602848053 -3.333129683369407e-08 0.7678718566894531
48.507369393428164 1.0 4.851221857325803e-16 0.06934110075235367 -3.333129683369407e-08 0.7755681276321411
49.38627564342816 1.0 4.939121642635934e-16 0.06934097409248352 -3.333129683369407e-08 0.7822462916374207
50.26518189342816 1.0 5.027020898550473e-16 0.06934097409248352 -3.333129683369407e-08 0.7880901098251343
51.14408814342816 1.0 5.114920154465012e-16 0.06934097409248352 -3.333129683369407e-08 0.7933163642883301
52.02299439342815 1.0 5.202819410379551e-16 0.06934097409248352 -3.333129683369407e-08 0.7980557084083557
52.90190064342815 1.0 5.290719195689682e-16 0.06934097409248352 -3.333129683369407e-08 0.802320659160614
55.53861939342814 1.0 5.55441749282889e-16 0.06934097409248352 -3.333129683369407e-08 0.8125917911529541
57.73588501842814 1.0 5.774165897313034e-16 0.06934097409248352 -3.333129683369407e-08 0.8191849589347839
59.933150643428135 1.0 5.993914301797177e-16 0.06934097409248352 -3.333129683369407e-08 0.8246572017669678
59.99999999999999 1.0 6.000600038728974e-16 0.06934097409248352 -3.333129683369407e-08 0.8248111009597778
60.000099999999996 1.0 6.000610097245222e-16 0.06934097409248352 -3.333129683369407e-08 0.8248106241226196
60.000299999999996 1.0 6.00063021427772e-16 0.06934097409248352 -3.333129683369407e-08 0.8248100280761719
60.00040039966104 1.0 6.000640272793968e-16 0.06934097409248352 -3.333129683369407e-08 0.8248099088668823
60.00046059169141 1.0 6.000646096145481e-16 0.06934097409248352 -3.333129683369407e-08 0.8248099088668823
60.0004954873679 1.0 6.000649801914625e-16 0.06934096664190292 1.5257060681506118e-07 0.8248099088668823
60.00051584073247 1.0 6.000651390101401e-16 0.06934096664190292 6.975474207138177e-07 0.8248099088668823
60.000536658735214 1.0 6.000653507683769e-16 0.06934096664190292 1.7253794339922024e-06 0.8248099088668823
60.00054799308164 1.0 6.000654566474953e-16 0.06934096664190292 2.345223265365348e-06 0.8248099088668823
60.00056388091469 1.0 6.000656154661729e-16 0.06934095919132233 3.1740960366732907e-06 0.8248099088668823
60.00059565658079 1.0 6.000659331035281e-16 0.06934092193841934 4.71236853627488e-06 0.8248099088668823
60.00065920791299 1.0 6.000665683782386e-16 0.06934063136577606 7.356593869189965e-06 0.8248099088668823
60.000786310577396 1.0 2.3309411290028947e-08 0.06933919340372086 1.1707565136021003e-05 0.8248099088668823
60.000842930113194 1.0 1.1542685030008215e-07 0.06933772563934326 1.3287014553498011e-05 0.8248099088668823
60.00087853722104 1.0 3.325145883081859e-07 0.06933610141277313 1.4106819435255602e-05 0.8248099088668823
60.00091487892397 1.0 8.509392159794515e-07 0.06933383643627167 1.4848343198536895e-05 0.8248099088668823
60.00094383541389 1.0 1.6800739786049235e-06 0.0693315863609314 1.5378118405351415e-05 0.8248099088668823
60.00097139586458 1.0 3.0639134820376057e-06 0.06932898610830307 1.583226548973471e-05 0.8248099088668823
60.001000000000005 1.0 5.062399395683315e-06 0.06932590901851654 1.6267575119854882e-05 0.8248099088668823
60.01154408002533 1.0 0.0009984966600313783 0.0680452287197113 0.0001650252379477024 0.8248099088668823
60.02208816005065 1.0 0.0019959344062954187 0.06677217036485672 0.00031491174013353884 0.8248099088668823
60.04317889465386 1.0 0.003995815292000771 0.06424975395202637 0.0006160666816867888 0.8248099088668823
60.161221604984455 1.0 0.015136047266423702 0.05081990361213684 0.002286686562001705 0.8248099088668823
60.31294408723278 1.0 0.029290491715073586 0.035848770290613174 0.004387869965285063 0.8248099088668823
60.61638905172942 1.0 0.05727642774581909 0.010906411334872246 0.008500085212290287 0.8248099088668823
60.75543168116969 1.0 0.06996404379606247 0.002064507920295 0.010346578434109688 0.8248099088668823
60.8051331135698 1.0 0.07446405291557312 0.00010152695176657289 0.010996853932738304 0.8248099088668823
60.81272571182444 1.0 0.07514964044094086 -3.338460885515815e-08 0.0110956821590662 0.8248099088668823
61.23537591178093 1.0 0.11256393045186996 -3.338460885515815e-08 0.016393350437283516 0.8248099088668823
61.658026111737435 1.0 0.148549422621727 -3.338460885515815e-08 0.02130873128771782 0.8248099088668823
62.50322925728814 1.0 0.21747440099716187 -3.338460885515815e-08 0.03035176545381546 0.8248099088668823
63.38213550728814 1.0 0.2849634289741516 -3.338460885515815e-08 0.03870590776205063 0.8248099088668823
64.26104175728814 1.0 0.3474057912826538 -3.338460885515815e-08 0.04584575816988945 0.8248099088668823
65.13994800728814 1.0 0.40461835265159607 -3.338460885515815e-08 0.05179692059755325 0.8248099088668823
66.01885425728814 1.0 0.4566020369529724 -3.338460885515815e-08 0.056638721376657486 0.8248099088668823
66.89776050728813 1.0 0.50342857837677 -3.338460885515815e-08 0.06047089770436287 0.8248099088668823
67.77666675728813 1.0 0.545249342918396 -3.338460885515815e-08 0.06341108679771423 0.8248099088668823
68.65557300728813 1.0 0.5822944045066833 -3.338460885515815e-08 0.0655893012881279 0.8248099088668823
69.53447925728813 1.0 0.6147861480712891 -3.338460885515815e-08 0.06713272631168365 0.8248099088668823
70.41338550728813 1.0 0.6429404616355896 -3.338460885515815e-08 0.068160779774189 0.8248099088668823
72.17119800728813 1.0 0.6881611347198486 -3.338460885515815e-08 0.0691862553358078 0.8248099088668823
73.92901050728811 1.0 0.7220199704170227 -3.338460885515815e-08 0.06951157748699188 0.8248099088668823
74.80791675728811 1.0 0.7356215715408325 -3.338460885515815e-08 0.06956049799919128 0.8248099088668823
75.68682300728811 1.0 0.7474210858345032 -3.338460885515815e-08 0.06957845389842987 0.8248099088668823
76.56572925728811 1.0 0.7576825022697449 -3.338460885515815e-08 0.06958320736885071 0.8248099088668823
77.44463550728811 1.0 0.7666317224502563 -3.338460885515815e-08 0.06958360970020294 0.8248099088668823
78.32354175728811 1.0 0.7744656801223755 -3.338460885515815e-08 0.06958325207233429 0.8248099088668823
79.20244800728811 1.0 0.7813563346862793 -3.338460885515815e-08 0.06958311796188354 0.8248099088668823
80.0813542572881 1.0 0.7874468564987183 -3.338460885515815e-08 0.06958311796188354 0.8248099088668823
80.9602605072881 1.0 0.7928546667098999 -3.338460885515815e-08 0.06958311796188354 0.8248099088668823
81.8391667572881 1.0 0.7976778149604797 -3.338460885515815e-08 0.06958311796188354 0.8248099088668823
82.7180730072881 1.0 0.8019982576370239 -3.338460885515815e-08 0.06958311796188354 0.8248099088668823
84.4758855072881 1.0 0.8093950748443604 -3.338460885515815e-08 0.06958311796188354 0.8248099088668823
87.11260425728808 1.0 0.8181204199790955 -3.338460885515815e-08 0.06958311796188354 0.8248099088668823
89.74932300728808 1.0 0.8248589038848877 -3.338460885515815e-08 0.06958311796188354 0.8248099088668823
89.99999999999999 1.0 0.8254262208938599 -3.339266640978167e-08 0.06958311796188354 0.8248099088668823
90.0001 1.0 0.8254263997077942 -3.337462572972072e-08 0.06958311796188354 0.8248099088668823
90.0003 1.0 0.8254266977310181 -3.335263798476262e-08 0.06958311796188354 0.8248099088668823
90.00047639510571 1.0 0.8254267573356628 -1.9309551291257776e-08 0.06958311796188354 0.8248099088668823
90.0008291853171 1.0 0.8254266381263733 5.0861554967696065e-08 0.06958311796188354 0.8248099088668823
90.001 1.0 0.825426459312439 9.162479841506865e-08 0.06958312541246414 0.8248099088668823
119.99999999999999 1.0 0.825426459312439 9.162479841506865e-08 0.06958312541246414 0.8248099088668823
120.0001 1.0 0.825426459312439 9.162479841506865e-08 0.06958312541246414 0.8248099088668823
120.0003 1.0 0.825426459312439 9.162479841506865e-08 0.06958312541246414 0.8248099088668823
120.0007 0.9999999403953552 0.825426459312439 9.162479841506865e-08 0.06958312541246414 0.8248099088668823
120.001 0.9999998211860657 0.825426459312439 9.162479841506865e-08 0.06958312541246414 0.8248099088668823
120.02808122620466 0.9999509453773499 0.825426459312439 0.0001305304904235527 0.06958312541246414 0.8248099088668823
120.05516245240932 0.9999017119407654 0.825426459312439 0.0002644492487888783 0.06958312541246414 0.8248099088668823
120.09450775051378 0.9998293519020081 0.825426459312439 0.00046297480002976954 0.06958312541246414 0.8248099088668823
120.26613046189196 0.9995028972625732 0.825426459312439 0.0013328755740076303 0.06958312541246414 0.8248099088668823
120.82372315290725 0.9982709288597107 0.825426459312439 0.004136874806135893 0.06958312541246414 0.8248099088668823
121.56718007426096 0.996185302734375 0.825426459312439 0.007833398878574371 0.06958312541246414 0.8248099088668823
122.44608632426096 0.9928913712501526 0.825426459312439 0.012161877937614918 0.06958312541246414 0.8248099088668823
123.32499257426097 0.9880961179733276 0.825426459312439 0.016454629600048065 0.06958312541246414 0.8248099088668823
124.20389882426097 0.9806352257728577 0.825426459312439 0.020717859268188477 0.06958312541246414 0.8248099088668823
125.08280507426099 0.968447208404541 0.825426459312439 0.02495306357741356 0.06958312541246414 0.8248099088668823
125.961711324261 0.948221743106842 0.825426459312439 0.02919165976345539 0.06958312541246414 0.8248099088668823
126.84061757426102 0.9158211946487427 0.825426459312439 0.033496465533971786 0.06958312541246414 0.8248099088668823
127.71952382426103 0.8678838014602661 0.825426459312439 0.03786662966012955 0.06958312541246414 0.8248099088668823
128.59843007426105 0.8034757375717163 0.825426459312439 0.042238228023052216 0.06958312541246414 0.8248099088668823
129.47733632426105 0.7241948843002319 0.825426459312439 0.04657965898513794 0.06958312541246414 0.8248099088668823
130.35624257426107 0.6329033374786377 0.825426459312439 0.05089125409722328 0.06958312541246414 0.8248099088668823
131.23514882426107 0.5324500203132629 0.825426459312439 0.05517330765724182 0.06958312541246414 0.8248099088668823
132.11405507426107 0.4251152276992798 0.825426459312439 0.05942607671022415 0.06958312541246414 0.8248099088668823
132.9929613242611 0.3126235604286194 0.825426459312439 0.0636497288942337 0.06958312541246414 0.8248099088668823
133.8718675742611 0.1974537968635559 0.825426459312439 0.06784436106681824 0.06958312541246414 0.8248099088668823
134.75077382426113 0.08500730991363525 0.825426459312439 0.07201763242483139 0.06958312541246414 0.8248099088668823
135.1837761340532 0.036014072597026825 0.825426459312439 0.07407258450984955 0.06958312541246414 0.8248099088668823
135.4214450390922 0.014836951158940792 0.825426459312439 0.07519740611314774 0.06958312541246414 0.8248099088668823
135.58360793458746 0.004131908528506756 0.825426459312439 0.07595153152942657 0.06958312541246414 0.8248099088668823
135.6699532636633 0.0002864585549104959 0.825426459312439 0.07634364813566208 0.06958312541246414 0.8248099088668823
135.6871822534484 -3.3384651487722294e-08 0.825426459312439 0.07642117887735367 0.06958312541246414 0.8248099088668823
135.97627872929849 -3.3384651487722294e-08 0.825426459312439 0.07772858440876007 0.06958312541246414 0.8248099088668823
136.2653752051486 -3.3384651487722294e-08 0.825426459312439 0.07906422764062881 0.06958312541246414 0.8248099088668823
136.8433018551831 -3.3384651487722294e-08 0.825426459312439 0.08176760375499725 0.06958312541246414 0.8248099088668823
137.72220810518314 -3.3384651487722294e-08 0.825426459312439 0.08585713803768158 0.06958312541246414 0.8248099088668823
139.48002060518314 -3.3384651487722294e-08 0.825426459312439 0.0939270406961441 0.06958312541246414 0.8248099088668823
141.23783310518317 -3.3384651487722294e-08 0.825426459312439 0.10188062489032745 0.06958312541246414 0.8248099088668823
142.9956456051832 -3.3384651487722294e-08 0.825426459312439 0.10972190648317337 0.06958312541246414 0.8248099088668823
143.8745518551832 -3.3384651487722294e-08 0.825426459312439 0.11360067129135132 0.06958312541246414 0.8248099088668823
145.63236435518323 -3.3384651487722294e-08 0.825426459312439 0.1212749257683754 0.06958312541246414 0.8248099088668823
147.39017685518326 -3.3384651487722294e-08 0.825426459312439 0.12883880734443665 0.06958312541246414 0.8248099088668823
149.14798935518328 -3.3384651487722294e-08 0.825426459312439 0.1362936794757843 0.06958312541246414 0.8248099088668823
150.0 -3.336146647825444e-08 0.825426459312439 0.139875128865242 0.06958312541246414 0.8248099088668823
150.0001 -3.335626530542868e-08 0.825426459312439 0.13987673819065094 0.06958312541246414 0.8248099088668823
150.0003 -3.333715170583673e-08 0.825426459312439 0.13987959921360016 0.06958312541246414 0.8248097896575928
150.0007 -3.329962794396124e-08 0.825426459312439 0.13988040387630463 0.06958219408988953 0.824808657169342
150.00082296377204 -3.327999209545851e-08 0.825426459312439 0.13988038897514343 0.06958015263080597 0.824807345867157
150.00089395681584 -1.031910912274725e-08 0.825426459312439 0.13988128304481506 0.06957751512527466 0.8248056769371033
150.00092965951933 8.568977705181169e-08 0.825426459312439 0.13988199830055237 0.06957578659057617 0.8248043656349182
150.00095136603284 3.022861960744194e-07 0.825426459312439 0.13988237082958221 0.06957463920116425 0.8248032927513123
150.00097282902615 8.13159260815155e-07 0.825426459312439 0.13988268375396729 0.06957343220710754 0.8248021602630615
150.00099041612037 1.5932344012981048e-06 0.825426459312439 0.13988293707370758 0.06957239657640457 0.8248010873794556
150.001 2.2235037704376737e-06 0.825426459312439 0.13988305628299713 0.06957182288169861 0.824800431728363
150.00299810986053 0.00017757272871676832 0.825426459312439 0.13990767300128937 0.06944891810417175 0.8246612548828125
150.00499621972102 0.00035289328661747277 0.825426459312439 0.1399322897195816 0.06932597607374191 0.8245219588279724
150.00899439167443 0.0007036198512651026 0.825426459312439 0.13998153805732727 0.06908018887042999 0.8242432475090027
150.0169907355812 0.0014047279255464673 0.825426459312439 0.14007990062236786 0.06858961284160614 0.8236859440803528
150.06496879902204 0.005601649172604084 0.825426459312439 0.14066755771636963 0.06564506888389587 0.820311427116394
150.12893955027644 0.011171611957252026 0.825426459312439 0.1414441168308258 0.061726853251457214 0.8157314658164978
150.25688105278527 0.02222253382205963 0.825426459312439 0.1429734230041504 0.054024577140808105 0.8063384294509888
150.51276405780294 0.044013187289237976 0.825426459312439 0.14594943821430206 0.03946907818317413 0.7867691516876221
150.90721196278736 0.0769130066037178 0.825426459312439 0.15035563707351685 0.019783124327659607 0.7549511790275574
151.3573279483543 0.11370617151260376 0.825426459312439 0.15518838167190552 0.0018584264907985926 0.7169238328933716
151.44820869939338 0.1210172027349472 0.825426459312439 0.156133770942688 0.00013961592048872262 0.7089641094207764
151.52643815976143 0.12725096940994263 0.825426459312439 0.1569322794675827 -3.3366518437105697e-08 0.7019558548927307
151.60063424530378 0.13313226401805878 0.825426459312439 0.15768173336982727 -3.336679910148632e-08 0.695235550403595
151.81285281310696 0.14972101151943207 0.825426459312439 0.1597667634487152 -3.336752030236312e-08 0.675635814666748
152.0958109035112 0.17131467163562775 0.825426459312439 0.16241702437400818 -3.3368444007919607e-08 0.6487246751785278
152.66172708431966 0.21296431124210358 0.825426459312439 0.1673460453748703 -3.337003917636139e-08 0.5928413271903992
153.54063333431966 0.27442610263824463 0.825426459312439 0.17424458265304565 -3.337211040843613e-08 0.5021910667419434
154.41953958431966 0.3319470286369324 0.825426459312439 0.18025456368923187 -3.337382281642931e-08 0.40750420093536377
155.2984458343197 0.38508668541908264 0.825426459312439 0.18532544374465942 -3.3375197716623006e-08 0.30915310978889465
156.1773520843197 0.4338301718235016 0.825426459312439 0.18951335549354553 -3.3376235109017216e-08 0.20848391950130463
157.05625833431972 0.478583961725235 0.825426459312439 0.19295135140419006 -3.337702736416759e-08 0.10898701846599579
157.6219414552496 0.5052628517150879 0.825426459312439 0.19479002058506012 -3.337743237352697e-08 0.05020270496606827
157.93834310916264 0.5192957520484924 0.825426459312439 0.19567087292671204 -3.3377602903783554e-08 0.023140540346503258
158.1749805102187 0.5293977856636047 0.825426459312439 0.19626784324645996 -3.337769882705288e-08 0.007474225480109453
158.29850141169422 0.5345589518547058 0.825426459312439 0.1965625137090683 -3.337773435418967e-08 0.001229365705512464
158.33650364117386 0.5361277461051941 0.825426459312439 0.19665035605430603 -3.337773790690335e-08 3.668255158117972e-05
158.34021959033635 0.5362804532051086 0.825426459312439 0.19665883481502533 -3.337773790690335e-08 -3.337773790690335e-08
158.34170559630104 0.5363414287567139 0.825426459312439 0.19666221737861633 -3.337773790690335e-08 -3.337773790690335e-08
158.35217392852405 0.5367706418037415 0.825426459312439 0.19668596982955933 -3.337773790690335e-08 -3.337773790690335e-08
158.38806535328865 0.5382365584373474 0.825426459312439 0.19676661491394043 -3.337773790690335e-08 -3.337773790690335e-08
158.43592058630813 0.5401778221130371 0.825426459312439 0.19687224924564362 -3.337773790690335e-08 -3.337773790690335e-08
158.5316310523471 0.5440152883529663 0.825426459312439 0.19707709550857544 -3.337773790690335e-08 -3.337773790690335e-08
158.72305198442507 0.551511824131012 0.825426459312439 0.19746215641498566 -3.337773790690335e-08 -3.337773790690335e-08
159.10589384858096 0.5658139586448669 0.825426459312439 0.1981419175863266 -3.337773790690335e-08 -3.337773790690335e-08
159.87157757689278 0.5923750400543213 0.825426459312439 0.19925229251384735 -3.337773790690335e-08 -3.337773790690335e-08
160.75048382689278 0.6199802756309509 0.825426459312439 0.200208842754364 -3.337773790690335e-08 -3.337773790690335e-08
162.5082963268928 0.6660218834877014 0.825426459312439 0.20128513872623444 -3.337773790690335e-08 -3.337774145961703e-08
163.3872025768928 0.6849583983421326 0.825426459312439 0.20153936743736267 -3.337774145961703e-08 -3.337774145961703e-08
164.26610882689283 0.7015684247016907 0.825426459312439 0.20168139040470123 -3.337774145961703e-08 -3.337774145961703e-08
165.14501507689283 0.7161319255828857 0.825426459312439 0.20175300538539886 -3.337774145961703e-08 -3.337774145961703e-08
166.02392132689286 0.7289074659347534 0.825426459312439 0.20178429782390594 -3.337774145961703e-08 -3.337774145961703e-08
166.90282757689286 0.740129828453064 0.825426459312439 0.20179538428783417 -3.337774145961703e-08 -3.337774145961703e-08
167.78173382689286 0.7500079274177551 0.825426459312439 0.201798215508461 -3.337774145961703e-08 -3.337774145961703e-08
168.6606400768929 0.7587239742279053 0.825426459312439 0.20179863274097443 -3.337774145961703e-08 -3.337774145961703e-08
169.5395463268929 0.7664363384246826 0.825426459312439 0.20179864764213562 -3.337774145961703e-08 -3.337774145961703e-08
170.41845257689292 0.7732863426208496 0.825426459312439 0.20179864764213562 -3.337774145961703e-08 -3.337774145961703e-08
171.29735882689292 0.7793940305709839 0.825426459312439 0.20179864764213562 -3.337774145961703e-08 -3.337774145961703e-08
172.17626507689292 0.7848562002182007 0.825426459312439 0.20179864764213562 -3.337774145961703e-08 -3.337774145961703e-08
173.05517132689295 0.7897577285766602 0.825426459312439 0.20179864764213562 -3.337774145961703e-08 -3.337774145961703e-08
173.93407757689295 0.7941755056381226 0.825426459312439 0.20179864764213562 -3.337774145961703e-08 -3.337774145961703e-08
174.81298382689297 0.7981740236282349 0.825426459312439 0.20179864764213562 -3.337774145961703e-08 -3.337774145961703e-08
175.69189007689297 0.8018044233322144 0.825426459312439 0.20179864764213562 -3.337774145961703e-08 -3.337774145961703e-08
177.449702576893 0.8081300854682922 0.825426459312439 0.20179864764213562 -3.337774145961703e-08 -3.337774145961703e-08
179.20751507689303 0.8134515881538391 0.825426459312439 0.20179864764213562 -3.337774145961703e-08 -3.337774145961703e-08
179.99999999999997 0.8156182765960693 0.825426459312439 0.20179864764213562 -3.33974377042523e-08 -3.337562404226446e-08
180.0001 0.8156182765960693 0.825426459312439 0.20179864764213562 -3.3373332541941636e-08 -3.336606013704113e-08
180.0003 0.8156182765960693 0.825426459312439 0.20179864764213562 -3.335015819061482e-08 -3.335015819061482e-08
180.00048958198965 0.8156182765960693 0.825426459312439 0.20179864764213562 -2.761258954819823e-08 -2.7619481812735103e-08
180.00086874596892 0.8156182765960693 0.825426459312439 0.20179864764213562 1.032363972086614e-09 9.963304625770775e-10
180.001 0.8156182765960693 0.825426459312439 0.20179864764213562 1.2922598990883216e-08 1.2881248956375657e-08
707.0214843750065 0.8156182765960693 0.825426459312439 0.20179864764213562 1.2922604319953734e-08 1.2881254285446175e-08
899.5019531250091 0.8156182765960693 0.825426459312439 0.20179864764213562 1.2922606096310574e-08 1.2881256061803015e-08
900.0000000000001 0.8156182765960693 0.825426459312439 0.20179864764213562 1.2922606096310574e-08 1.2881256061803015e-08
