time a b c w1 w2
0.0 0.0 0.0 0.0 0.0 0.0
1.757812428601624e-06 1.0832566022872925 1.0832566022872925 1.0832566022872925 1.757988202426422e-23 1.757988202426422e-23
1.7648476783160305e-06 1.0055341720581055 1.0055341720581055 1.0055341720581055 1.7650242106122693e-23 1.7650242106122693e-23
1.7789181777448437e-06 0.9905999898910522 0.9905999898910522 0.9905999898910522 1.7790960692117828e-23 1.7790960692117828e-23
1.8070591766024704e-06 0.984626293182373 0.984626293182373 0.984626293182373 1.8072399441829907e-23 1.8072399441829907e-23
0.00013281055255599797 0.984626293182373 0.984626293182373 0.984626293182373 1.3282383013875093e-21 1.3282383013875093e-21
0.00026381985277929004 0.984626293182373 0.984626293182373 0.984626293182373 2.6384624023353322e-21 2.6384624023353322e-21
0.0005258384532258742 0.984626293182373 0.984626293182373 0.984626293182373 -5.938701974628202e-09 -5.938701974628202e-09
0.001 0.984626293182373 0.984626293182373 0.984626293182373 -3.337132881142679e-08 -3.337132881142679e-08
29.999999999999996 0.984626293182373 0.984626293182373 0.984626293182373 -3.3371467367260266e-08 -3.3371467367260266e-08
30.000099999999996 0.984626293182373 0.984626293182373 0.984626293182373 -3.335610898602681e-08 -3.335610898602681e-08
30.0003 0.984626293182373 0.984626293182373 0.984626293182373 -3.334094245133201e-08 -3.334094245133201e-08
30.0007 0.984626293182373 0.984626293182373 0.984626293182373 -3.333259002147315e-08 -3.333259002147315e-08
30.001 0.984626293182373 0.984626293182373 0.984626293182373 -3.332898756980285e-08 -3.332898756980285e-08
59.99999999999999 0.984626293182373 0.984626293182373 0.984626293182373 -3.332898756980285e-08 -3.332898756980285e-08
60.000099999999996 0.984626293182373 0.984626293182373 0.984626293182373 -3.332898756980285e-08 -3.332898756980285e-08
60.000299999999996 0.984626293182373 0.984626293182373 0.984626293182373 -3.332898756980285e-08 -3.332898756980285e-08
60.000699999999995 0.984626293182373 0.984626293182373 0.9846261739730835 -3.332898756980285e-08 -3.332898756980285e-08
60.001000000000005 0.984626293182373 0.984626293182373 0.9846259951591492 -3.332898756980285e-08 -3.332898756980285e-08
60.011200000000095 0.984626293182373 0.984626293182373 0.984582245349884 -3.332898756980285e-08 -3.332898756980285e-08
60.021400000000185 0.984626293182373 0.984626293182373 0.9845384359359741 -3.332898756980285e-08 -3.332898756980285e-08
60.70234375000155 0.984626293182373 0.984626293182373 0.9813253879547119 -3.332898756980285e-08 -3.332898756980285e-08
61.383287500002936 0.984626293182373 0.984626293182373 0.9774496555328369 -3.332898756980285e-08 -3.332898756980285e-08
62.339098046877936 0.984626293182373 0.984626293182373 0.9704887866973877 -3.332898756980285e-08 -3.332898756980285e-08
63.294908593752936 0.984626293182373 0.984626293182373 0.9610173106193542 -3.332898756980285e-08 -3.332898756980285e-08
64.17381484375294 0.984626293182373 0.984626293182373 0.9490094184875488 -3.332898756980285e-08 -3.332898756980285e-08
65.05272109375294 0.984626293182373 0.984626293182373 0.9325396418571472 -3.332898756980285e-08 -3.332898756980285e-08
65.98655898437794 0.984626293182373 0.984626293182373 0.9079084992408752 -3.332898756980285e-08 -3.332898756980285e-08
66.92039687500295 0.984626293182373 0.984626293182373 0.8739615678787231 -3.332898756980285e-08 -3.332898756980285e-08
67.62352187500294 0.984626293182373 0.984626293182373 0.8409727811813354 -3.332898756980285e-08 -3.332898756980285e-08
68.32664687500294 0.984626293182373 0.984626293182373 0.8009430170059204 -3.332898756980285e-08 -3.332898756980285e-08
68.56834609375294 0.984626293182373 0.984626293182373 0.7856172323226929 -3.332898756980285e-08 -3.332898756980285e-08
68.65623671875295 0.984626293182373 0.984626293182373 0.7797518372535706 -3.332898756980285e-08 -3.332898756980285e-08
69.18358046875295 0.984626293182373 0.984626293182373 0.7425082921981812 -3.332898756980285e-08 -3.332898756980285e-08
69.71092421875294 0.984626293182373 0.984626293182373 0.7016004323959351 -3.332898756980285e-08 -3.332898756980285e-08
70.23826796875294 0.984626293182373 0.984626293182373 0.6571661829948425 -3.332898756980285e-08 -3.332898756980285e-08
70.58983046875294 0.984626293182373 0.984626293182373 0.6257327795028687 -3.332898756980285e-08 -3.332898756980285e-08
71.11717421875294 0.984626293182373 0.984626293182373 0.5760776996612549 -3.332898756980285e-08 -3.332898756980285e-08
71.64451796875294 0.984626293182373 0.984626293182373 0.5235663056373596 -3.332898756980285e-08 -3.332898756980285e-08
72.17186171875294 0.984626293182373 0.984626293182373 0.4685673713684082 -3.332898756980285e-08 -3.332898756980285e-08
72.52342421875294 0.984626293182373 0.984626293182373 0.43068376183509827 -3.332898756980285e-08 -3.332898756980285e-08
72.96287734375294 0.984626293182373 0.984626293182373 0.38201168179512024 -3.332898756980285e-08 -3.332898756980285e-08
73.40233046875294 0.984626293182373 0.984626293182373 0.3319835662841797 -3.332898756980285e-08 -3.332898756980285e-08
73.92967421875294 0.984626293182373 0.984626293182373 0.2704535126686096 -3.332898756980285e-08 -3.332898756980285e-08
74.28123671875294 0.984626293182373 0.984626293182373 0.22858722507953644 -3.332898756980285e-08 -3.332898756980285e-08
74.72068984375294 0.984626293182373 0.984626293182373 0.1754368543624878 -3.332898756980285e-08 -3.332898756980285e-08
75.16014296875294 0.984626293182373 0.984626293182373 0.12200334668159485 -3.332898756980285e-08 -3.332898756980285e-08
75.33592421875294 0.984626293182373 0.984626293182373 0.1009635254740715 -3.332898756980285e-08 -3.332898756980285e-08
75.51170546875294 0.984626293182373 0.984626293182373 0.08051322400569916 -3.332898756980285e-08 -3.332898756980285e-08
75.68748671875294 0.984626293182373 0.984626293182373 0.06111637502908707 -3.332898756980285e-08 -3.332898756980285e-08
75.86326796875294 0.984626293182373 0.984626293182373 0.04335738718509674 -3.332898756980285e-08 -3.332898756980285e-08
76.03904921875292 0.984626293182373 0.984626293182373 0.027792003005743027 -3.332898756980285e-08 -3.332898756980285e-08
76.21483046875292 0.984626293182373 0.984626293182373 0.014750960282981396 -3.332898756980285e-08 -3.332898756980285e-08
76.39061171875292 0.984626293182373 0.984626293182373 0.0039008487947285175 -3.332898756980285e-08 -3.332898756980285e-08
76.46058247839265 0.984626293182373 0.984626293182373 0.0004951321752741933 -3.332898756980285e-08 -3.332898756980285e-08
76.48069750198451 0.984626293182373 0.984626293182373 3.3591324609005824e-05 -3.332898756980285e-08 -3.332898756980285e-08
76.49356590880724 0.984626293182373 0.984626293182373 -3.3380530339854886e-08 -3.332898756980285e-08 -3.332898756980285e-08
89.99999999999999 0.984626293182373 0.984626293182373 -3.335022569217472e-08 -3.332898756980285e-08 -3.332898756980285e-08
90.0001 0.984626293182373 0.984626293182373 -3.3358766415858554e-08 -3.3329712323393323e-08 -3.332898756980285e-08
90.0003 0.984626293182373 0.984626293182373 -3.334350040518075e-08 -3.333188658416475e-08 -3.332898756980285e-08
90.0007 0.984626293182373 0.984626293182373 -3.3293186874061576e-08 -3.333147091666433e-08 -3.332898756980285e-08
90.001 0.984626293182373 0.984626293182373 -3.32778817835333e-08 -3.332681330903142e-08 -3.332898756980285e-08
119.99999999999999 0.984626293182373 0.984626293182373 -3.32778817835333e-08 -3.3326809756317743e-08 -3.332898756980285e-08
120.0001 0.984626293182373 0.984626293182373 -3.32778817835333e-08 -3.3326809756317743e-08 -3.332898756980285e-08
120.00040040022851 0.984626293182373 0.984626293182373 -3.32778817835333e-08 -3.3326809756317743e-08 -3.332898756980285e-08
120.00046059274051 0.984626293182373 0.984626293182373 -3.32778817835333e-08 -3.3326809756317743e-08 -3.332898756980285e-08
120.00049690315173 0.984626293182373 0.984626293182373 -3.32778817835333e-08 -3.3326809756317743e-08 -3.332898756980285e-08
120.00056952397416 0.984626293182373 0.984626293182373 -3.32778817835333e-08 -3.3326809756317743e-08 1.1221572293607096e-07
120.000607775296 0.984626293182373 0.984626293182373 -3.32778817835333e-08 -3.3326809756317743e-08 5.069126132184465e-07
120.00078900456586 0.9846259951591492 0.984626293182373 -8.259903694352033e-08 -3.3326809756317743e-08 3.3104481644841144e-06
120.00097023383572 0.984625518321991 0.984626293182373 1.0036048934125574e-06 -3.3326809756317743e-08 4.608647486747941e-06
120.001 0.9846253991127014 0.984626293182373 1.9071708265983034e-06 -3.3326809756317743e-08 4.726551651401678e-06
120.389849212301 0.9828689694404602 0.984626293182373 0.018385879695415497 -3.3326809756317743e-08 0.0012703589163720608
120.77869842460198 0.9809275269508362 0.984626293182373 0.0362883135676384 -3.3326809756317743e-08 0.0024558668956160545
121.30604217460198 0.9779349565505981 0.984626293182373 0.06020674109458923 -3.3326809756317743e-08 0.004005066119134426
121.83338592460198 0.9744428396224976 0.984626293182373 0.08343247324228287 -3.3326809756317743e-08 0.0054444363340735435
122.00916717460198 0.9731484651565552 0.984626293182373 0.09099830687046051 -3.3326809756317743e-08 0.005896920803934336
122.53651092460201 0.9688045382499695 0.984626293182373 0.11317315697669983 -3.3326809756317743e-08 0.007175562437623739
122.88807342460204 0.9654645919799805 0.984626293182373 0.1275327354669571 -3.3326809756317743e-08 0.007965642027556896
123.23963592460207 0.9617041349411011 0.984626293182373 0.14163488149642944 -3.3326809756317743e-08 0.0087188221514225
123.76697967460211 0.9551292061805725 0.984626293182373 0.16223016381263733 -3.3326809756317743e-08 0.00977079477161169
124.11854217460214 0.9500080943107605 0.984626293182373 0.17554053664207458 -3.3326809756317743e-08 0.010415252298116684
124.47010467460217 0.944190502166748 0.984626293182373 0.18851925432682037 -3.3326809756317743e-08 0.011016294360160828
124.82166717460218 0.9375731348991394 0.984626293182373 0.20116472244262695 -3.3326809756317743e-08 0.011575075797736645
125.17322967460221 0.9300428032875061 0.984626293182373 0.2135692685842514 -3.3326809756317743e-08 0.012103930115699768
125.52479217460224 0.9214774966239929 0.984626293182373 0.22582562267780304 -3.3326809756317743e-08 0.012614903040230274
125.87635467460227 0.9117485284805298 0.984626293182373 0.23778273165225983 -3.3326809756317743e-08 0.01309053786098957
126.05213592460228 0.906407356262207 0.984626293182373 0.24366039037704468 -3.3326809756317743e-08 0.01331664714962244
126.2279171746023 0.9007281064987183 0.984626293182373 0.2495070993900299 -3.3326809756317743e-08 0.013539189472794533
126.75526092460234 0.8815077543258667 0.984626293182373 0.26675692200660706 -3.3326809756317743e-08 0.014174699783325195
127.10682342460235 0.8667464256286621 0.984626293182373 0.2778606414794922 -3.3326809756317743e-08 0.014555642381310463
127.45838592460238 0.8503191471099854 0.984626293182373 0.28865522146224976 -3.3326809756317743e-08 0.014904587529599667
127.80994842460241 0.8321609497070312 0.984626293182373 0.2991481125354767 -3.3326809756317743e-08 0.015223538503050804
128.16151092460245 0.8122335076332092 0.984626293182373 0.3093856871128082 -3.3326809756317743e-08 0.015517979860305786
128.51307342460245 0.7905247211456299 0.984626293182373 0.31941115856170654 -3.3326809756317743e-08 0.01579287461936474
129.0404171746025 0.7546572089195251 0.984626293182373 0.3339219391345978 -3.3326809756317743e-08 0.01615872234106064
129.39197967460254 0.7286015748977661 0.984626293182373 0.3432456851005554 -3.3326809756317743e-08 0.016373351216316223
129.74354217460257 0.7009006142616272 0.984626293182373 0.3522968292236328 -3.3326809756317743e-08 0.01656646654009819
129.91932342460257 0.6864557266235352 0.984626293182373 0.3567374050617218 -3.3326809756317743e-08 0.016656536608934402
130.0951046746026 0.6716278791427612 0.984626293182373 0.36115750670433044 -3.3326809756317743e-08 0.016745030879974365
130.2708859246026 0.6564275026321411 0.984626293182373 0.36555662751197815 -3.3326809756317743e-08 0.01683199778199196
130.44666717460262 0.6408651471138 0.984626293182373 0.36990413069725037 -3.3326809756317743e-08 0.016915293410420418
130.62244842460262 0.6249517202377319 0.984626293182373 0.37418562173843384 -3.3326809756317743e-08 0.016993951052427292
130.79822967460262 0.6086981892585754 0.984626293182373 0.37840208411216736 -3.3326809756317743e-08 0.017068147659301758
130.97401092460265 0.5921154022216797 0.984626293182373 0.38255441188812256 -3.3326809756317743e-08 0.01713806763291359
131.14979217460265 0.5752142071723938 0.984626293182373 0.3866433799266815 -3.3326809756317743e-08 0.017203889787197113
131.32557342460268 0.5580053925514221 0.984626293182373 0.39066988229751587 -3.3326809756317743e-08 0.017265789210796356
131.50135467460268 0.5404995083808899 0.984626293182373 0.3946347236633301 -3.3326809756317743e-08 0.0173239354044199
131.6771359246027 0.5227060317993164 0.984626293182373 0.39854001998901367 -3.3326809756317743e-08 0.017378563061356544
131.8529171746027 0.5046342611312866 0.984626293182373 0.40240219235420227 -3.3326809756317743e-08 0.017430666834115982
132.02869842460274 0.48629486560821533 0.984626293182373 0.4062488079071045 -3.3326809756317743e-08 0.017481833696365356
132.20447967460274 0.46769773960113525 0.984626293182373 0.4100794196128845 -3.3326809756317743e-08 0.01753210835158825
132.55604217460277 0.42976558208465576 0.984626293182373 0.4175950288772583 -3.3326809756317743e-08 0.01762484759092331
132.7318234246028 0.41044995188713074 0.984626293182373 0.42126500606536865 -3.3326809756317743e-08 0.017666641622781754
132.9076046746028 0.39091357588768005 0.984626293182373 0.4248898923397064 -3.3326809756317743e-08 0.01770615205168724
133.25916717460282 0.35121142864227295 0.984626293182373 0.4320869445800781 -3.3326809756317743e-08 0.0177825428545475
133.43494842460282 0.3310585916042328 0.984626293182373 0.43563586473464966 -3.3326809756317743e-08 0.017818428575992584
133.78651092460285 0.2901879847049713 0.984626293182373 0.44256603717803955 -3.3326809756317743e-08 0.017882628366351128
133.96229217460288 0.2694859504699707 0.984626293182373 0.4459480047225952 -3.3326809756317743e-08 0.017911160364747047
134.13807342460288 0.24861696362495422 0.984626293182373 0.4492757022380829 -3.3326809756317743e-08 0.017937490716576576
134.3138546746029 0.22759085893630981 0.984626293182373 0.4525499939918518 -3.3326809756317743e-08 0.017961744219064713
134.84119842460294 0.16374337673187256 0.984626293182373 0.4620724618434906 -3.3326809756317743e-08 0.01802361011505127
135.19276092460296 0.12098684906959534 0.984626293182373 0.468293696641922 -3.3326809756317743e-08 0.01806042715907097
135.368542174603 0.09989564120769501 0.984626293182373 0.4713612198829651 -3.3326809756317743e-08 0.01807750202715397
135.544323424603 0.07943790405988693 0.984626293182373 0.474376380443573 -3.3326809756317743e-08 0.01809300296008587
135.720104674603 0.060114722698926926 0.984626293182373 0.4773392081260681 -3.3326809756317743e-08 0.01810699887573719
135.89588592460302 0.042481061071157455 0.984626293182373 0.48025277256965637 -3.3326809756317743e-08 0.018119649961590767
136.07166717460302 0.02706325240433216 0.984626293182373 0.48311901092529297 -3.3326809756317743e-08 0.01813107542693615
136.24744842460305 0.01417266484349966 0.984626293182373 0.4859387278556824 -3.3326809756317743e-08 0.01814136654138565
136.42322967460305 0.0034801019355654716 0.984626293182373 0.48872292041778564 -3.3326809756317743e-08 0.018150819465517998
136.49022911095028 0.000316848570946604 0.984626293182373 0.4897775948047638 -3.3326809756317743e-08 0.018154265359044075
136.50660420912732 -3.338045218015395e-08 0.984626293182373 0.4900335371494293 -3.3326809756317743e-08 0.018155068159103394
136.6554221341896 -3.338045218015395e-08 0.984626293182373 0.4923439025878906 -3.3326809756317743e-08 0.018162034451961517
136.8042400592519 -3.338045218015395e-08 0.984626293182373 0.49463483691215515 -3.3326809756317743e-08 0.018168600276112556
137.33158380925195 -3.338045218015395e-08 0.984626293182373 0.502501368522644 -3.3326809756317743e-08 0.018187111243605614
137.68314630925198 -3.338045218015395e-08 0.984626293182373 0.5075783729553223 -3.3326809756317743e-08 0.018196716904640198
138.034708809252 -3.338045218015395e-08 0.984626293182373 0.512492299079895 -3.3326809756317743e-08 0.018204014748334885
138.56205255925204 -3.338045218015395e-08 0.984626293182373 0.5195687413215637 -3.3326809756317743e-08 0.018211539834737778
138.91361505925207 -3.338045218015395e-08 0.984626293182373 0.5240980386734009 -3.3326809756317743e-08 0.01821480691432953
139.2651775592521 -3.338045218015395e-08 0.984626293182373 0.5285336971282959 -3.3326809756317743e-08 0.018217328935861588
139.61674005925212 -3.338045218015395e-08 0.984626293182373 0.5329335927963257 -3.3326809756317743e-08 0.018219618126749992
140.14408380925215 -3.338045218015395e-08 0.984626293182373 0.5392880439758301 -3.3326809756317743e-08 0.018221739679574966
140.6714275592522 -3.338045218015395e-08 0.984626293182373 0.545397937297821 -3.3326809756317743e-08 0.018222849816083908
141.37455255925227 -3.338045218015395e-08 0.984626293182373 0.5531782507896423 -3.3326809756317743e-08 0.018223468214273453
142.0776775592523 -3.338045218015395e-08 0.984626293182373 0.5604734420776367 -3.3326809756317743e-08 0.01822355017066002
142.60502130925235 -3.338045218015395e-08 0.984626293182373 0.5656474828720093 -3.3326809756317743e-08 0.01822354830801487
143.13236505925238 -3.338045218015395e-08 0.984626293182373 0.5706885457038879 -3.3326809756317743e-08 0.01822354830801487
143.65970880925244 -3.338045218015395e-08 0.984626293182373 0.5756062865257263 -3.3326809756317743e-08 0.01822354830801487
144.18705255925246 -3.338045218015395e-08 0.984626293182373 0.5802967548370361 -3.3326809756317743e-08 0.01822354830801487
144.5386150592525 -3.338045218015395e-08 0.984626293182373 0.5833034515380859 -3.3326809756317743e-08 0.01822354830801487
145.24174005925255 -3.338045218015395e-08 0.984626293182373 0.5890448689460754 -3.3326809756317743e-08 0.01822354830801487
145.9448650592526 -3.338045218015395e-08 0.984626293182373 0.5946053862571716 -3.3326809756317743e-08 0.01822354830801487
146.56009943425263 -3.338045218015395e-08 0.984626293182373 0.5992815494537354 -3.3326809756317743e-08 0.01822354830801487
147.1753338092527 -3.338045218015395e-08 0.984626293182373 0.6038141250610352 -3.3326809756317743e-08 0.01822354830801487
147.52689630925272 -3.338045218015395e-08 0.984626293182373 0.6063680052757263 -3.3326809756317743e-08 0.01822354830801487
148.5815838092528 -3.338045218015395e-08 0.984626293182373 0.6135815978050232 -3.3326809756317743e-08 0.01822354830801487
149.63627130925286 -3.338045218015395e-08 0.984626293182373 0.6201794743537903 -3.3326809756317743e-08 0.01822354830801487
149.9878338092529 -3.338045218015395e-08 0.984626293182373 0.622285008430481 -3.3326809756317743e-08 0.01822354830801487
150.0 -3.3425141765519584e-08 0.984626293182373 0.6223585605621338 -3.3326809756317743e-08 0.01822354830801487
150.0001 -3.337637721756437e-08 0.984626293182373 0.6223592758178711 -3.3326809756317743e-08 0.01822354830801487
150.0003 -3.3342743677167164e-08 0.984626293182373 0.6223606467247009 -3.3330245230445144e-08 0.01822342351078987
150.0007 -3.332108278186752e-08 0.984626293182373 0.6223626732826233 -3.334817577638205e-08 0.01822231337428093
150.00084176484316 -3.319683017366515e-08 0.984626293182373 0.6223630309104919 -3.33574519117974e-08 0.01822059415280819
150.00095447272372 3.4859407804788134e-08 0.984626293182373 0.6223630309104919 -3.336688436661461e-08 0.018217403441667557
150.001 1.5752813453673298e-07 0.984626293182373 0.6223630309104919 -3.337130394243104e-08 0.018215415999293327
150.0799836308577 0.0006599396001547575 0.984626293182373 0.6223630309104919 -3.3371346574995187e-08 0.013863894157111645
150.1589672617154 0.0013188918819651008 0.984626293182373 0.6223630309104919 -3.3371385654845653e-08 0.009934034198522568
150.31693934435617 0.0026354389265179634 0.984626293182373 0.6223630309104919 -3.337145315640555e-08 0.0027503380551934242
150.37320198539985 0.003103866009041667 0.984626293182373 0.6223630309104919 -3.3371470919973945e-08 0.0005453213816508651
150.3932145055614 0.0032703594770282507 0.984626293182373 0.6223630309104919 -3.3371470919973945e-08 1.3189456694817636e-05
150.40280354526467 0.0033501063007861376 0.984626293182373 0.6223630309104919 -3.3371470919973945e-08 -6.073437361919787e-06
150.412392584968 0.003429839387536049 0.984626293182373 0.6223630309104919 -3.3371470919973945e-08 -3.3371470919973945e-08
151.91500069891794 0.0158036220818758 0.984626293182373 0.6223630309104919 -3.3371470919973945e-08 -3.3371470919973945e-08
154.2001569489181 0.034168411046266556 0.984626293182373 0.6223630309104919 -3.3371470919973945e-08 -3.3371470919973945e-08
154.37593819891813 0.03555857017636299 0.984626293182373 0.6223630309104919 -3.3371470919973945e-08 -3.3371470919973945e-08
154.55171944891813 0.03694553300738335 0.984626293182373 0.6223630309104919 -3.3371470919973945e-08 -3.3371470919973945e-08
154.72750069891816 0.03832929953932762 0.984626293182373 0.6223630309104919 -3.3371470919973945e-08 -3.3371470919973945e-08
158.68257882391845 0.06862810999155045 0.984626293182373 0.6223630309104919 -3.3371470919973945e-08 -3.3371470919973945e-08
162.63765694891876 0.09735840559005737 0.984626293182373 0.6223630309104919 -3.3371470919973945e-08 -3.3371470919973945e-08
162.9892194489188 0.09983795881271362 0.984626293182373 0.6223630309104919 -3.3371470919973945e-08 -3.3371470919973945e-08
163.1650006989188 0.1010732427239418 0.984626293182373 0.6223630309104919 -3.3371470919973945e-08 -3.3371470919973945e-08
163.3407819489188 0.10230553895235062 0.984626293182373 0.6223630309104919 -3.3371470919973945e-08 -3.3371470919973945e-08
163.51656319891882 0.10353485494852066 0.984626293182373 0.6223630309104919 -3.3371470919973945e-08 -3.3371470919973945e-08
167.73531319891913 0.13215598464012146 0.984626293182373 0.6223630309104919 -3.3371470919973945e-08 -3.3371470919973945e-08
171.95406319891944 0.15912799537181854 0.984626293182373 0.6223630309104919 -3.3371470919973945e-08 -3.3371470919973945e-08
172.12984444891947 0.1602170318365097 0.984626293182373 0.6223630309104919 -3.3371470919973945e-08 -3.3371470919973945e-08
172.30562569891947 0.1613033413887024 0.984626293182373 0.6223630309104919 -3.3371470919973945e-08 -3.3371470919973945e-08
172.4814069489195 0.1623869240283966 0.984626293182373 0.6223630309104919 -3.3371470919973945e-08 -3.3371470919973945e-08
175.64546944891973 0.18142956495285034 0.984626293182373 0.6223630309104919 -3.3371470919973945e-08 -3.3371470919973945e-08
176.17281319891975 0.18451948463916779 0.984626293182373 0.6223630309104919 -3.3371470919973945e-08 -3.3371470919973945e-08
179.86421944892004 0.2054964303970337 0.984626293182373 0.6223630309104919 -3.3371470919973945e-08 -3.3371470919973945e-08
179.99999999999997 0.20624709129333496 0.984626293182373 0.6223630309104919 -3.3371470919973945e-08 -3.3371470919973945e-08
