time a b c w1
0.0 0.0 0.0 0.0 0.0
2.34374997708231e-06 2.34398437508335e-23 2.34398437508335e-23 1.0801570415496826 2.34398437508335e-23
2.3531289769906394e-06 2.35336424679079e-23 2.35336424679079e-23 1.0037916898727417 2.35336424679079e-23
2.3718869768072985e-06 2.372124147977851e-23 2.372124147977851e-23 0.9922298789024353 2.372124147977851e-23
2.449126245505041e-06 2.449371143311084e-23 2.449371143311084e-23 0.9876051545143127 2.449371143311084e-23
0.00019360463173130613 1.9362399824984054e-21 1.9362399824984054e-21 0.9876051545143127 1.9362399824984054e-21
0.00038480681743822704 3.8484529531415596e-21 3.8484529531415596e-21 0.9876051545143127 -5.559464444360174e-09
0.0007672111888520689 7.672878894427868e-21 7.672878894427868e-21 0.9876051545143127 -2.705487389675909e-08
0.001 1.0000999731091105e-20 1.0000999731091105e-20 0.9876051545143127 -3.338633192129237e-08
29.999999999999996 3.000300019364487e-16 3.000300019364487e-16 0.9876051545143127 -3.3386157838322106e-08
30.000099999999996 3.0003100778807355e-16 3.0003100778807355e-16 0.9876051545143127 -3.3364898399668164e-08
30.0003 3.0003299302154367e-16 3.0003299302154367e-16 0.9876051545143127 -3.3343891203685416e-08
30.0007 3.0003698995826353e-16 3.0003698995826353e-16 0.9876051545143127 -3.333277120987077e-08
30.000822963436814 1.0361115521106967e-08 3.000382340379048e-16 0.9876051545143127 -3.0680496365675936e-08
30.000893956510907 5.6006193460689246e-08 3.0003894872195405e-16 0.9876051545143127 2.704824275667761e-08
30.000929691644806 1.2445354968804168e-07 3.000392928290889e-16 0.9876051545143127 5.757500431968765e-08
30.000951772743594 2.011633739584795e-07 3.000395310571053e-16 0.9876051545143127 3.7717011736049244e-08
30.000964849206 2.8302659416112874e-07 3.000396369362237e-16 0.9876051545143127 1.8391118317140354e-07
30.00097519410912 3.9258588913071435e-07 3.000397428153421e-16 0.9876051545143127 6.118857527326327e-07
30.000986696929907 5.621853347292927e-07 3.000398751642401e-16 0.9876051545143127 1.43140539421438e-06
30.000999953811757 7.945383799778938e-07 3.000400075131381e-16 0.9876051545143127 2.6320958568248898e-06
30.001 7.954489547046251e-07 3.000400075131381e-16 0.9876051545143127 2.637009856698569e-06
30.097863725926132 0.00203840434551239 3.010087220372214e-16 0.9876051545143127 0.011360162869095802
30.194727451852263 0.004049164243042469 3.0197746303108433e-16 0.9876051545143127 0.022633161395788193
30.388454996081013 0.008006690070033073 3.0391494501881013e-16 0.9876051545143127 0.04497675970196724
30.622829996081013 0.012691041454672813 3.062589234118792e-16 0.9876051545143127 0.07167922705411911
30.85720499608101 0.01725156232714653 3.0860290180494826e-16 0.9876051545143127 0.0979851633310318
31.091579996081006 0.021680917590856552 3.109468801980173e-16 0.9876051545143127 0.12386749684810638
31.325954996081002 0.025977518409490585 3.13290885060866e-16 0.9876051545143127 0.14931724965572357
31.794704996081 0.034166738390922546 3.179788418470041e-16 0.9876051545143127 0.19888374209403992
32.029079996080995 0.03805672004818916 3.203228202400732e-16 0.9876051545143127 0.2229827642440796
32.49782999608099 0.045421697199344635 3.250108034959909e-16 0.9876051545143127 0.269768089056015
32.73220499608099 0.04889480769634247 3.2735478188906e-16 0.9876051545143127 0.2924369275569916
33.20095499608098 0.05541886389255524 3.320427386751981e-16 0.9876051545143127 0.336284339427948
33.43532999608098 0.058469049632549286 3.3438674353804677e-16 0.9876051545143127 0.3574465811252594
33.904079996080974 0.06414560973644257 3.390747003241849e-16 0.9876051545143127 0.39820995926856995
34.60720499608097 0.07160889357328415 3.461066619731717e-16 0.9876051545143127 0.4553520083427429
35.31032999608096 0.07784049212932587 3.531385971523789e-16 0.9876051545143127 0.5075661540031433
36.013454996080945 0.08290104568004608 3.601705588013657e-16 0.9876051545143127 0.5547772645950317
36.71657999608094 0.08688148856163025 3.672025204503525e-16 0.9876051545143127 0.5969983339309692
36.95095499608094 0.08798812329769135 3.6954649884342154e-16 0.9876051545143127 0.6099798083305359
37.18532999608093 0.08899278193712234 3.718904772364906e-16 0.9876051545143127 0.6224254369735718
37.41970499608093 0.08990070223808289 3.7423448209933927e-16 0.9876051545143127 0.6343433260917664
37.888454996080924 0.09144812822341919 3.789224388854774e-16 0.9876051545143127 0.6566343307495117
38.357204996080924 0.09267513453960419 3.8361039567161553e-16 0.9876051545143127 0.6769413352012634
38.59157999608092 0.09318266063928604 3.859544005344642e-16 0.9876051545143127 0.6863829493522644
38.82595499608092 0.09362702071666718 3.8829837892753326e-16 0.9876051545143127 0.695368766784668
39.06032999608091 0.09401372820138931 3.906423573206023e-16 0.9876051545143127 0.7039139270782471
39.29470499608091 0.09434810280799866 3.929863357136714e-16 0.9876051545143127 0.7120339274406433
39.52907999608091 0.09463527798652649 3.9533034057652005e-16 0.9876051545143127 0.7197448015213013
40.232204996080895 0.09526146948337555 4.0236227575572725e-16 0.9876051545143127 0.7405866384506226
40.700954996080895 0.09552574902772903 4.07050259011645e-16 0.9876051545143127 0.7527369260787964
41.87282999608088 0.09585313498973846 4.187701774467699e-16 0.9876051545143127 0.7779412865638733
43.04470499608087 0.09593725204467773 4.304900958818948e-16 0.9876051545143127 0.7971949577331543
43.27907999608086 0.09594216197729111 4.328340742749639e-16 0.9876051545143127 0.80047208070755
43.51345499608086 0.09594517201185226 4.3517805266803295e-16 0.9876051545143127 0.8035832643508911
43.74782999608086 0.09594687819480896 4.375220575308816e-16 0.9876051545143127 0.806538462638855
43.98220499608085 0.09594772756099701 4.398660359239507e-16 0.9876051545143127 0.8093467950820923
44.450954996080846 0.09594815969467163 4.445540191798684e-16 0.9876051545143127 0.8145571947097778
45.15407999608084 0.09594811499118805 4.51585927889296e-16 0.9876051545143127 0.8214727640151978
45.62282999608083 0.09594811499118805 4.562739376149933e-16 0.9876051545143127 0.8255622982978821
45.85720499608083 0.09594811499118805 4.586178895382828e-16 0.9876051545143127 0.8274686932563782
46.325954996080824 0.09594811499118805 4.633058992639801e-16 0.9876051545143127 0.8310308456420898
46.560329996080824 0.09594811499118805 4.656498511872696e-16 0.9876051545143127 0.8326960802078247
46.79470499608082 0.09594811499118805 4.679938560501183e-16 0.9876051545143127 0.8342898488044739
47.02907999608082 0.09594811499118805 4.703378079734077e-16 0.9876051545143127 0.8358162045478821
47.26345499608082 0.09594811499118805 4.726818128362564e-16 0.9876051545143127 0.8372789025306702
47.49782999608081 0.09594811499118805 4.750258176991051e-16 0.9876051545143127 0.8386814594268799
47.73220499608081 0.09594811499118805 4.773697696223945e-16 0.9876051545143127 0.8400270938873291
47.96657999608081 0.09594811499118805 4.797137744852432e-16 0.9876051545143127 0.8413190245628357
48.2009549960808 0.09594811499118805 4.820577264085326e-16 0.9876051545143127 0.8425599932670593
48.4353299960808 0.09594811499118805 4.844017312713813e-16 0.9876051545143127 0.8437528014183044
48.669704996080796 0.09594811499118805 4.8674573613423e-16 0.9876051545143127 0.8448998928070068
48.904079996080796 0.09594811499118805 4.890896880575194e-16 0.9876051545143127 0.8460037112236023
49.138454996080796 0.09594811499118805 4.914336929203681e-16 0.9876051545143127 0.8470665216445923
49.37282999608079 0.09594811499118805 4.937776977832168e-16 0.9876051545143127 0.8480902910232544
49.60720499608079 0.09594811499118805 4.961216497065062e-16 0.9876051545143127 0.849077045917511
50.07595499608078 0.09594811499118805 5.008096064926444e-16 0.9876051545143127 0.850946843624115
50.31032999608078 0.09594811499118805 5.03153611355493e-16 0.9876051545143127 0.8518332242965698
50.544704996080775 0.09594811499118805 5.054976162183417e-16 0.9876051545143127 0.8526893258094788
50.779079996080775 0.09594811499118805 5.078415681416312e-16 0.9876051545143127 0.8535166382789612
51.24782999608077 0.09594811499118805 5.125295249277693e-16 0.9876051545143127 0.8550901412963867
51.48220499608077 0.09594811499118805 5.14873529790618e-16 0.9876051545143127 0.8558387756347656
51.71657999608076 0.09594811499118805 5.172175346534666e-16 0.9876051545143127 0.8565636277198792
51.95095499608076 0.09594811499118805 5.195614865767561e-16 0.9876051545143127 0.8572657108306885
52.53689249608075 0.09594811499118805 5.254214722640981e-16 0.9876051545143127 0.8589277863502502
53.122829996080746 0.09594811499118805 5.31281405011881e-16 0.9876051545143127 0.8604682087898254
53.357204996080746 0.09594811499118805 5.336254098747297e-16 0.9876051545143127 0.8610531687736511
53.59157999608074 0.09594811499118805 5.359694147375783e-16 0.9876051545143127 0.8616214394569397
54.17751749608073 0.09594811499118805 5.418293474853612e-16 0.9876051545143127 0.8629732728004456
54.763454996080725 0.09594811499118805 5.476893331727033e-16 0.9876051545143127 0.8642346262931824
54.997829996080725 0.09594811499118805 5.500332850959927e-16 0.9876051545143127 0.8647158145904541
55.23220499608072 0.09594811499118805 5.523772899588414e-16 0.9876051545143127 0.8651844263076782
56.6384549960807 0.09594811499118805 5.66441213256815e-16 0.9876051545143127 0.867757260799408
56.8728299960807 0.09594811499118805 5.687851651801044e-16 0.9876051545143127 0.8681500554084778
57.341579996080696 0.09594811499118805 5.734731219662426e-16 0.9876051545143127 0.8689079284667969
58.04470499608069 0.09594811499118805 5.805050836152294e-16 0.9876051545143127 0.8699803948402405
58.27907999608068 0.09594811499118805 5.82849088478078e-16 0.9876051545143127 0.8703218698501587
58.51345499608068 0.09594811499118805 5.851930404013675e-16 0.9876051545143127 0.8706557154655457
58.74782999608068 0.09594811499118805 5.875370452642162e-16 0.9876051545143127 0.87098228931427
59.216579996080675 0.09594811499118805 5.922250020503543e-16 0.9876051545143127 0.871614396572113
59.91970499608067 0.09594811499118805 5.992569636993411e-16 0.9876051545143127 0.8725143074989319
59.99999999999999 0.09594811499118805 6.000600038728974e-16 0.9876051545143127 0.8726139068603516
60.000099999999996 0.09594811499118805 6.000610097245222e-16 0.9876051545143127 0.8726135492324829
60.000299999999996 0.09594780951738358 6.00063021427772e-16 0.9876051545143127 0.872613251209259
60.000699999999995 0.09594409912824631 6.000669918947122e-16 0.9876051545143127 0.8726131319999695
60.001000000000005 0.09593724459409714 6.000700094495868e-16 0.9876051545143127 0.8726131319999695
60.02144000000019 0.09323649853467941 6.002744090876711e-16 0.9876051545143127 0.8726131319999695
60.04188000000037 0.09055324643850327 6.004788616653146e-16 0.9876051545143127 0.8726131319999695
60.082840000000736 0.08523547649383545 6.008885079744305e-16 0.9876051545143127 0.8726131319999695
60.16476000000147 0.07491454482078552 6.01707747653103e-16 0.9876051545143127 0.8726131319999695
60.328600000002936 0.05572838336229324 6.033463328895664e-16 0.9876051545143127 0.8726131319999695
60.562975000002936 0.03182974457740784 6.056903377524151e-16 0.9876051545143127 0.8726131319999695
60.79735000000293 0.012353477068245411 6.080342896757046e-16 0.9876051545143127 0.8726131319999695
60.963807736374754 0.0017778844339773059 6.096990270544145e-16 0.9876051545143127 0.8726131319999695
61.00952640518291 8.238144073402509e-05 6.101562660272542e-16 0.9876051545143127 0.8726131319999695
61.017595222787186 -3.3386157838322106e-08 6.102369459154802e-16 0.9876051545143127 0.8726131319999695
89.99999999999999 -3.337978071726866e-08 9.000900322791256e-16 0.9876051545143127 0.8726131319999695
90.0001 -3.336277032417456e-08 9.000909851911913e-16 0.9876051545143127 0.8726131319999695
90.0003 -3.3343095395821365e-08 9.00092996894441e-16 0.9876051545143127 0.8726131319999695
90.0007 -3.3329499160572595e-08 9.000970203009405e-16 0.9876051545143127 0.8726131319999695
90.00082296348471 -3.0677711038151756e-08 1.0361130620140102e-08 0.9876051545143127 0.8726131319999695
90.00089395653572 2.7050678141904427e-08 5.600625030410811e-08 0.9876051545143127 0.8726131319999695
90.00092969167046 5.757785359605805e-08 1.2445370600744354e-07 0.9876051545143127 0.8726131319999695
90.00095177276515 3.772049339545447e-08 2.0116361554300966e-07 0.9876051545143127 0.8726131319999695
90.00096484922499 1.8391506273474079e-07 2.830269067999325e-07 0.9876051545143127 0.8726131319999695
90.00097519412743 6.118898454587907e-07 3.925862301912275e-07 0.9876051545143127 0.8726131319999695
90.00098669694931 1.4314100553747267e-06 5.621857326332247e-07 0.9876051545143127 0.8726131319999695
90.00099995384345 2.632102223287802e-06 7.945391757857578e-07 0.9876051545143127 0.8726131319999695
90.001 2.6370128125563497e-06 7.954491252348816e-07 0.9876051545143127 0.8726131319999695
90.09779727600117 0.011352401226758957 0.0020370157435536385 0.9876051545143127 0.8726131319999695
90.19459455200234 0.022617753595113754 0.00404642429202795 0.9876051545143127 0.8726131319999695
90.3881891963178 0.04494628310203552 0.008001317270100117 0.9876051545143127 0.8726131319999695
90.6225641963178 0.07164916396141052 0.012685796245932579 0.9876051545143127 0.8726131319999695
90.8569391963178 0.09795556962490082 0.017246466130018234 0.9876051545143127 0.8726131319999695
91.09131419631781 0.1238383948802948 0.021675970405340195 0.9876051545143127 0.8726131319999695
91.32568919631781 0.14928863942623138 0.025972722098231316 0.9876051545143127 0.8726131319999695
91.79443919631782 0.1988561600446701 0.0341622494161129 0.9876051545143127 0.8726131319999695
92.02881419631782 0.22295570373535156 0.03805238753557205 0.9876051545143127 0.8726131319999695
92.49756419631782 0.26974213123321533 0.045417677611112595 0.9876051545143127 0.8726131319999695
92.73193919631784 0.2924115061759949 0.04889094829559326 0.9876051545143127 0.8726131319999695
93.20068919631784 0.33626002073287964 0.0554153248667717 0.9876051545143127 0.8726131319999695
93.43506419631785 0.3574228584766388 0.05846567079424858 0.9876051545143127 0.8726131319999695
93.90381419631785 0.39818745851516724 0.06414254754781723 0.9876051545143127 0.8726131319999695
94.60693919631787 0.45533132553100586 0.07160630822181702 0.9876051545143127 0.8726131319999695
95.31006419631788 0.5075473785400391 0.07783836871385574 0.9876051545143127 0.8726131319999695
96.0131891963179 0.5547603964805603 0.08289935439825058 0.9876051545143127 0.8726131319999695
96.7163141963179 0.5969833731651306 0.08688017725944519 0.9876051545143127 0.8726131319999695
96.95068919631791 0.609965443611145 0.08798693120479584 0.9876051545143127 0.8726131319999695
97.18506419631791 0.6224116683006287 0.08899170905351639 0.9876051545143127 0.8726131319999695
97.41943919631791 0.634330153465271 0.08989973366260529 0.9876051545143127 0.8726131319999695
97.88818919631792 0.6566222906112671 0.09144735336303711 0.9876051545143127 0.8726131319999695
98.35693919631792 0.6769304275512695 0.09267452359199524 0.9876051545143127 0.8726131319999695
98.59131419631794 0.6863725185394287 0.09318212419748306 0.9876051545143127 0.8726131319999695
98.82568919631794 0.6953588724136353 0.09362655878067017 0.9876051545143127 0.8726131319999695
99.06006419631794 0.7039045095443726 0.09401332587003708 0.9876051545143127 0.8726131319999695
99.29443919631795 0.712024986743927 0.0943477526307106 0.9876051545143127 0.8726131319999695
99.52881419631795 0.7197363376617432 0.09463497996330261 0.9876051545143127 0.8726131319999695
100.23193919631797 0.7405794262886047 0.09526129812002182 0.9876051545143127 0.8726131319999695
100.70068919631797 0.7527304291725159 0.09552562981843948 0.9876051545143127 0.8726131319999695
101.872564196318 0.7779363393783569 0.09585310518741608 0.9876051545143127 0.8726131319999695
103.04443919631801 0.7971911430358887 0.09593725204467773 0.9876051545143127 0.8726131319999695
103.27881419631801 0.8004684448242188 0.0959421694278717 0.9876051545143127 0.8726131319999695
103.51318919631802 0.8035798668861389 0.09594517946243286 0.9876051545143127 0.8726131319999695
103.74756419631802 0.8065352439880371 0.09594687819480896 0.9876051545143127 0.8726131319999695
103.98193919631802 0.809343695640564 0.09594772756099701 0.9876051545143127 0.8726131319999695
104.45068919631804 0.8145544528961182 0.09594815969467163 0.9876051545143127 0.8726131319999695
105.15381419631805 0.8214703798294067 0.09594811499118805 0.9876051545143127 0.8726131319999695
105.62256419631805 0.8255600929260254 0.09594811499118805 0.9876051545143127 0.8726131319999695
105.85693919631805 0.8274665474891663 0.09594811499118805 0.9876051545143127 0.8726131319999695
106.32568919631807 0.831028938293457 0.09594811499118805 0.9876051545143127 0.8726131319999695
106.56006419631807 0.8326942324638367 0.09594811499118805 0.9876051545143127 0.8726131319999695
106.79443919631808 0.8342881202697754 0.09594811499118805 0.9876051545143127 0.8726131319999695
107.02881419631808 0.8358145356178284 0.09594811499118805 0.9876051545143127 0.8726131319999695
107.26318919631808 0.8372772932052612 0.09594811499118805 0.9876051545143127 0.8726131319999695
107.49756419631808 0.8386799097061157 0.09594811499118805 0.9876051545143127 0.8726131319999695
107.7319391963181 0.8400256633758545 0.09594811499118805 0.9876051545143127 0.8726131319999695
107.9663141963181 0.8413175940513611 0.09594811499118805 0.9876051545143127 0.8726131319999695
108.2006891963181 0.8425586223602295 0.09594811499118805 0.9876051545143127 0.8726131319999695
108.43506419631811 0.8437514901161194 0.09594811499118805 0.9876051545143127 0.8726131319999695
108.66943919631811 0.8448986411094666 0.09594811499118805 0.9876051545143127 0.8726131319999695
108.90381419631811 0.8460025191307068 0.09594811499118805 0.9876051545143127 0.8726131319999695
109.13818919631811 0.8470653295516968 0.09594811499118805 0.9876051545143127 0.8726131319999695
109.37256419631812 0.8480891585350037 0.09594811499118805 0.9876051545143127 0.8726131319999695
109.60693919631812 0.849075973033905 0.09594811499118805 0.9876051545143127 0.8726131319999695
110.07568919631814 0.8509458303451538 0.09594811499118805 0.9876051545143127 0.8726131319999695
110.31006419631814 0.8518322110176086 0.09594811499118805 0.9876051545143127 0.8726131319999695
110.54443919631814 0.8526883721351624 0.09594811499118805 0.9876051545143127 0.8726131319999695
110.77881419631814 0.8535157442092896 0.09594811499118805 0.9876051545143127 0.8726131319999695
111.24756419631815 0.8550892472267151 0.09594811499118805 0.9876051545143127 0.8726131319999695
111.48193919631815 0.8558379411697388 0.09594811499118805 0.9876051545143127 0.8726131319999695
111.71631419631817 0.8565628528594971 0.09594811499118805 0.9876051545143127 0.8726131319999695
111.95068919631817 0.8572649359703064 0.09594811499118805 0.9876051545143127 0.8726131319999695
112.53662669631818 0.8589270710945129 0.09594811499118805 0.9876051545143127 0.8726131319999695
113.12256419631818 0.8604675531387329 0.09594811499118805 0.9876051545143127 0.8726131319999695
113.35693919631818 0.8610525131225586 0.09594811499118805 0.9876051545143127 0.8726131319999695
113.5913141963182 0.8616207838058472 0.09594811499118805 0.9876051545143127 0.8726131319999695
114.1772516963182 0.8629726767539978 0.09594811499118805 0.9876051545143127 0.8726131319999695
114.76318919631821 0.8642340898513794 0.09594811499118805 0.9876051545143127 0.8726131319999695
114.99756419631821 0.8647153377532959 0.09594811499118805 0.9876051545143127 0.8726131319999695
115.23193919631822 0.86518394947052 0.09594811499118805 0.9876051545143127 0.8726131319999695
116.63818919631824 0.8677568435668945 0.09594811499118805 0.9876051545143127 0.8726131319999695
116.87256419631825 0.8681496381759644 0.09594811499118805 0.9876051545143127 0.8726131319999695
117.34131419631825 0.8689075708389282 0.09594811499118805 0.9876051545143127 0.8726131319999695
118.04443919631827 0.869979977607727 0.09594811499118805 0.9876051545143127 0.8726131319999695
118.27881419631827 0.8703214526176453 0.09594811499118805 0.9876051545143127 0.8726131319999695
118.51318919631828 0.870655357837677 0.09594811499118805 0.9876051545143127 0.8726131319999695
118.74756419631828 0.8709819316864014 0.09594811499118805 0.9876051545143127 0.8726131319999695
119.2163141963183 0.8716140389442444 0.09594811499118805 0.9876051545143127 0.8726131319999695
119.9194391963183 0.8725139498710632 0.09594811499118805 0.9876051545143127 0.8726131319999695
119.99999999999999 0.8726139068603516 0.09594811499118805 0.9876051545143127 0.8726131319999695
120.0001 0.8726135492324829 0.09594811499118805 0.9876051545143127 0.8726131319999695
120.0003 0.8726131916046143 0.09594811499118805 0.9876051545143127 0.8726131319999695
120.0007 0.8726130723953247 0.09594811499118805 0.9876051545143127 0.8726131319999695
120.001 0.8726130723953247 0.09594811499118805 0.9876051545143127 0.8726131319999695
150.0 0.8726130723953247 0.09594811499118805 0.9876051545143127 0.8726131319999695
150.0001 0.8726130723953247 0.09594811499118805 0.9876051545143127 0.8726131319999695
150.0003 0.8726130723953247 0.09594811499118805 0.9876051545143127 0.8726134300231934
150.0007 0.8726130723953247 0.09594811499118805 0.9876051545143127 0.8726147413253784
150.001 0.8726130723953247 0.09594811499118805 0.9876051545143127 0.8726159930229187
179.99999999999997 0.8726130723953247 0.09594811499118805 0.9876051545143127 0.8726159930229187
180.0001 0.8726130723953247 0.09594811499118805 0.9876051545143127 0.8726159930229187
180.0003 0.8726130723953247 0.09594811499118805 0.9876051545143127 0.8726159930229187
180.0007 0.8726130723953247 0.09594811499118805 0.9876049757003784 0.8726159930229187
180.001 0.8726130723953247 0.09594811499118805 0.9876046776771545 0.8726159930229187
180.02144000000035 0.8726130723953247 0.09594811499118805 0.9874603152275085 0.8726159930229187
180.04188000000067 0.8726130723953247 0.09594811499118805 0.9873136878013611 0.8726159930229187
180.32860000000517 0.8726130723953247 0.09594811499118805 0.9849972724914551 0.8726159930229187
180.56297500000517 0.8726130723953247 0.09594811499118805 0.982763409614563 0.8726159930229187
181.03172500000514 0.8726130723953247 0.09594811499118805 0.9771016240119934 0.8726159930229187
181.5004750000051 0.8726130723953247 0.09594811499118805 0.9691504240036011 0.8726159930229187
182.20360000000508 0.8726130723953247 0.09594811499118805 0.9506934285163879 0.8726159930229187
182.67235000000508 0.8726130723953247 0.09594811499118805 0.9323351979255676 0.8726159930229187
182.90672500000505 0.8726130723953247 0.09594811499118805 0.9209625124931335 0.8726159930229187
183.14110000000505 0.8726130723953247 0.09594811499118805 0.9080281257629395 0.8726159930229187
183.37547500000505 0.8726130723953247 0.09594811499118805 0.8935078978538513 0.8726159930229187
183.60985000000503 0.8726130723953247 0.09594811499118805 0.8774173855781555 0.8726159930229187
183.84422500000503 0.8726130723953247 0.09594811499118805 0.8598062992095947 0.8726159930229187
184.078600000005 0.8726130723953247 0.09594811499118805 0.8407499194145203 0.8726159930229187
184.312975000005 0.8726130723953247 0.09594811499118805 0.820340633392334 0.8726159930229187
184.547350000005 0.8726130723953247 0.09594811499118805 0.798679769039154 0.8726159930229187
184.78172500000497 0.8726130723953247 0.09594811499118805 0.7758709788322449 0.8726159930229187
185.01610000000497 0.8726130723953247 0.09594811499118805 0.7520157098770142 0.8726159930229187
185.25047500000497 0.8726130723953247 0.09594811499118805 0.7272104024887085 0.8726159930229187
185.48485000000494 0.8726130723953247 0.09594811499118805 0.7015441656112671 0.8726159930229187
185.71922500000494 0.8726130723953247 0.09594811499118805 0.675098717212677 0.8726159930229187
185.95360000000494 0.8726130723953247 0.09594811499118805 0.6479479074478149 0.8726159930229187
186.1879750000049 0.8726130723953247 0.09594811499118805 0.6201578378677368 0.8726159930229187
186.4223500000049 0.8726130723953247 0.09594811499118805 0.5917879343032837 0.8726159930229187
186.6567250000049 0.8726130723953247 0.09594811499118805 0.562890887260437 0.8726159930229187
186.89110000000488 0.8726130723953247 0.09594811499118805 0.5335137844085693 0.8726159930229187
187.12547500000488 0.8726130723953247 0.09594811499118805 0.5036985278129578 0.8726159930229187
187.35985000000488 0.8726130723953247 0.09594811499118805 0.4734824299812317 0.8726159930229187
187.59422500000485 0.8726130723953247 0.09594811499118805 0.44289880990982056 0.8726159930229187
187.82860000000485 0.8726130723953247 0.09594811499118805 0.41197752952575684 0.8726159930229187
188.06297500000485 0.8726130723953247 0.09594811499118805 0.38074541091918945 0.8726159930229187
188.53172500000483 0.8726130723953247 0.09594811499118805 0.3174446225166321 0.8726159930229187
188.76610000000483 0.8726130723953247 0.09594811499118805 0.28542134165763855 0.8726159930229187
189.0004750000048 0.8726130723953247 0.09594811499118805 0.2531827688217163 0.8726159930229187
189.4692250000048 0.8726130723953247 0.09594811499118805 0.1882352977991104 0.8726159930229187
189.70360000000477 0.8726130723953247 0.09594811499118805 0.15573279559612274 0.8726159930229187
189.93797500000477 0.8726130723953247 0.09594811499118805 0.12356989085674286 0.8726159930229187
190.17235000000477 0.8726130723953247 0.09594811499118805 0.09239926189184189 0.8726159930229187
190.40672500000474 0.8726130723953247 0.09594811499118805 0.06336930394172668 0.8726159930229187
190.64110000000474 0.8726130723953247 0.09594811499118805 0.03797781094908714 0.8726159930229187
190.87547500000474 0.8726130723953247 0.09594811499118805 0.017432065680623055 0.8726159930229187
191.1098500000047 0.8726130723953247 0.09594811499118805 0.0019245244329795241 0.8726159930229187
191.16324373795777 0.8726130723953247 0.09594811499118805 0.0002152901579393074 0.8726159930229187
191.21628049911763 0.8726130723953247 0.09594811499118805 -3.3386157838322106e-08 0.8726159930229187
199.88051541914191 0.8726130723953247 0.09594811499118805 -3.3386157838322106e-08 0.8726159930229187
209.99999999999997 0.8726130723953247 0.09594811499118805 -3.340788978789533e-08 0.8726159930229187
210.00009999999997 0.8726130723953247 0.09594811499118805 -3.337214238285924e-08 0.8726159930229187
210.0003 0.8726130723953247 0.09594811499118805 -3.3343891203685416e-08 0.8726159930229187
210.00070000000002 0.8726130723953247 0.09594811499118805 -3.33248735273628e-08 0.8726159930229187
210.00091629155312 0.8726130723953247 0.09594811499118805 -3.330939790657794e-08 0.8726159930229187
210.00100000000003 0.8726130723953247 0.09594811499118805 -3.330551834324069e-08 0.8726159930229187
214.28112999236987 0.8726130723953247 0.09594811499118805 0.015254836529493332 0.8726159930229187
218.5612599847397 0.8726130723953247 0.09594811499118805 0.0302826389670372 0.8726159930229187
218.7956349847397 0.8726130723953247 0.09594811499118805 0.03109895996749401 0.8726159930229187
219.0300099847397 0.8726130723953247 0.09594811499118805 0.031914595514535904 0.8726159930229187
219.26438498473968 0.8726130723953247 0.09594811499118805 0.03272954747080803 0.8726159930229187
229.45969748473928 0.8726130723953247 0.09594811499118805 0.06751517951488495 0.8726159930229187
239.65500998473885 0.8726130723953247 0.09594811499118805 0.1009950339794159 0.8726159930229187
239.88938498473885 0.8726130723953247 0.09594811499118805 0.10174936801195145 0.8726159930229187
239.99999999999997 0.8726130723953247 0.09594811499118805 0.10210517793893814 0.8726159930229187
