time a b c w1
0.0 0.0 0.0 0.0 0.0
2.34374997708231e-06 2.34398437508335e-23 2.34398437508335e-23 1.0801570415496826 2.34398437508335e-23
2.3531289769906394e-06 2.35336424679079e-23 2.35336424679079e-23 1.0037916898727417 2.35336424679079e-23
2.3718869768072985e-06 2.372124147977851e-23 2.372124147977851e-23 0.9922298789024353 2.372124147977851e-23
2.449126245505041e-06 2.449371143311084e-23 2.449371143311084e-23 0.9876051545143127 2.449371143311084e-23
0.00019360463173130613 1.9362399824984054e-21 1.9362399824984054e-21 0.9876051545143127 1.9362399824984054e-21
0.00038480681743822704 3.8484529531415596e-21 3.8484529531415596e-21 0.9876051545143127 -5.5595066328351095e-09
0.0007672111888520689 7.672878894427868e-21 7.672878894427868e-21 0.9876051545143127 -2.705517587742179e-08
0.001 1.0000999731091105e-20 1.0000999731091105e-20 0.9876051545143127 -3.3386896802767296e-08
29.999999999999996 3.000300019364487e-16 3.000300019364487e-16 0.9876051545143127 -3.3386722719797035e-08
30.000099999999996 3.0003100778807355e-16 3.0003100778807355e-16 0.9876051545143127 -3.336523235475397e-08
30.0003 3.0003299302154367e-16 3.0003299302154367e-16 0.9876051545143127 -3.334400133780946e-08
30.0007 3.0003698995826353e-16 3.0003698995826353e-16 0.9876051545143127 -3.333276765715709e-08
30.00082296343333 1.415571659890702e-08 3.000382340379048e-16 0.9876051545143127 -2.9056472783395293e-08
30.000893956498942 7.34093958953963e-08 3.0003894872195405e-16 0.9876051545143127 4.132877151619141e-08
30.00092970777429 1.6145125414368522e-07 3.000392928290889e-16 0.9876051545143127 9.775823883728663e-08
30.000951879363367 2.5946988557734585e-07 3.000395310571053e-16 0.9876051545143127 1.1054319060121998e-07
30.000964624530436 3.562925598998845e-07 3.000396369362237e-16 0.9876051545143127 2.847560267582594e-07
30.000974684098598 4.804923037227127e-07 3.000397428153421e-16 0.9876051545143127 7.398256798296643e-07
30.00098593828557 6.701939696540649e-07 3.000398486944605e-16 0.9876051545143127 1.5979591125869774e-06
30.001 9.540367500449065e-07 3.000400075131381e-16 0.9876051545143127 2.9815773814334534e-06
30.26145479365097 0.006210798863321543 3.026447926446227e-16 0.9876051545143127 0.03279779478907585
30.521909587301938 0.012245369143784046 3.052496307156665e-16 0.9876051545143127 0.06505957245826721
30.756284587301934 0.017542030662298203 3.0759360910873556e-16 0.9876051545143127 0.09368079155683517
30.99065958730193 0.022693179547786713 3.099375875018046e-16 0.9876051545143127 0.12185230851173401
31.459409587301927 0.03254823386669159 3.1462554428794275e-16 0.9876051545143127 0.17679691314697266
31.693784587301923 0.03724668547511101 3.169695491507914e-16 0.9876051545143127 0.2035437822341919
31.92815958730192 0.04178987070918083 3.193135275438605e-16 0.9876051545143127 0.2297932505607605
32.16253458730192 0.04617585614323616 3.2165750593692955e-16 0.9876051545143127 0.2555341422557831
32.39690958730191 0.050401538610458374 3.240014843299986e-16 0.9876051545143127 0.28074973821640015
32.865659587301906 0.05836424231529236 3.2868946758591634e-16 0.9876051545143127 0.32955437898635864
33.100034587301906 0.06209900230169296 3.310334459789854e-16 0.9876051545143127 0.35312312841415405
33.5687845873019 0.06906931847333908 3.3572140276512353e-16 0.9876051545143127 0.3985348343849182
34.27190958730189 0.07826729118824005 3.4275336441411033e-16 0.9876051545143127 0.46216872334480286
34.975034587301884 0.08596307784318924 3.497853260630971e-16 0.9876051545143127 0.5201873183250427
35.44378458730188 0.09027925133705139 3.5447328284923525e-16 0.9876051545143127 0.555648684501648
35.91253458730187 0.09397125244140625 3.59161266105153e-16 0.9876051545143127 0.5884985327720642
36.61565958730186 0.09841616451740265 3.6619320128436017e-16 0.9876051545143127 0.6328808069229126
36.85003458730186 0.0996285006403923 3.6853720614720884e-16 0.9876051545143127 0.6463865041732788
37.084409587301856 0.10071678459644318 3.708811845402779e-16 0.9876051545143127 0.6592618227005005
37.318784587301856 0.10168779641389847 3.7322516293334697e-16 0.9876051545143127 0.6715192794799805
37.78753458730185 0.10330712795257568 3.779131461892647e-16 0.9876051545143127 0.6942281723022461
38.02190958730185 0.1039709597826004 3.8025712458233376e-16 0.9876051545143127 0.7047059535980225
38.25628458730184 0.10454799979925156 3.8260110297540283e-16 0.9876051545143127 0.7146220207214355
38.49065958730184 0.10504595935344696 3.849450813684719e-16 0.9876051545143127 0.7239952087402344
38.72503458730184 0.10547240078449249 3.8728905976154096e-16 0.9876051545143127 0.7328455448150635
38.959409587301835 0.10583468526601791 3.896330646243896e-16 0.9876051545143127 0.7411938905715942
39.428159587301835 0.10639462620019913 3.9432102141052775e-16 0.9876051545143127 0.756471574306488
39.66253458730183 0.10660527646541595 3.966649998035968e-16 0.9876051545143127 0.7634451985359192
40.13128458730182 0.10691715031862259 4.0135298305951455e-16 0.9876051545143127 0.7761731743812561
40.36565958730182 0.10702866315841675 4.036969614525836e-16 0.9876051545143127 0.7819715142250061
40.83440958730181 0.10718493163585663 4.0838491823872174e-16 0.9876051545143127 0.7925431728363037
41.537534587301806 0.10730481147766113 4.1541687988770853e-16 0.9876051545143127 0.8061373829841614
42.0062845873018 0.1073392704129219 4.2010486314362626e-16 0.9876051545143127 0.8139051795005798
42.2406595873018 0.10734859108924866 4.2244884153669533e-16 0.9876051545143127 0.817450225353241
42.47503458730179 0.10735445469617844 4.247928199297644e-16 0.9876051545143127 0.8207892179489136
42.70940958730179 0.10735788941383362 4.2713679832283346e-16 0.9876051545143127 0.8239360451698303
42.94378458730179 0.10735972225666046 4.294807767159025e-16 0.9876051545143127 0.8269037008285522
43.178159587301785 0.10736055672168732 4.318247815787512e-16 0.9876051545143127 0.8297041654586792
43.412534587301785 0.10736083984375 4.3416875997182025e-16 0.9876051545143127 0.8323488235473633
43.88128458730178 0.10736083984375 4.388567167579584e-16 0.9876051545143127 0.8372119665145874
44.58440958730177 0.10736080259084702 4.458886784069452e-16 0.9876051545143127 0.8435781002044678
45.053159587301764 0.10736080259084702 4.505766351930833e-16 0.9876051545143127 0.847294807434082
45.287534587301764 0.10736080259084702 4.52920640055932e-16 0.9876051545143127 0.8490152955055237
45.75628458730176 0.10736080259084702 4.576085968420701e-16 0.9876051545143127 0.8522094488143921
45.99065958730176 0.10736080259084702 4.599526017049188e-16 0.9876051545143127 0.8536934852600098
46.45940958730175 0.10736080259084702 4.646405584910569e-16 0.9876051545143127 0.8564585447311401
46.69378458730174 0.10736080259084702 4.669845633539056e-16 0.9876051545143127 0.8577478528022766
47.16253458730174 0.10736080259084702 4.716725201400437e-16 0.9876051545143127 0.8601584434509277
47.396909587301735 0.10736080259084702 4.740164720633331e-16 0.9876051545143127 0.8612862825393677
47.631284587301735 0.10736080259084702 4.763604769261818e-16 0.9876051545143127 0.8623666167259216
47.86565958730173 0.10736080259084702 4.787044817890305e-16 0.9876051545143127 0.8634021282196045
48.10003458730173 0.10736080259084702 4.810484337123199e-16 0.9876051545143127 0.8643953800201416
48.33440958730173 0.10736080259084702 4.833924385751686e-16 0.9876051545143127 0.8653486967086792
48.56878458730172 0.10736080259084702 4.857363904984581e-16 0.9876051545143127 0.8662644028663635
49.03753458730172 0.10736080259084702 4.904244002241554e-16 0.9876051545143127 0.8679908514022827
49.271909587301714 0.10736080259084702 4.927683521474449e-16 0.9876051545143127 0.8688054084777832
49.506284587301714 0.10736080259084702 4.951123570102935e-16 0.9876051545143127 0.8695898056030273
49.74065958730171 0.10736080259084702 4.974563618731422e-16 0.9876051545143127 0.8703455924987793
50.20940958730171 0.10736080259084702 5.021443186592803e-16 0.9876051545143127 0.8717772364616394
50.4437845873017 0.10736080259084702 5.044882705825698e-16 0.9876051545143127 0.8724557161331177
50.6781595873017 0.10736080259084702 5.068322754454185e-16 0.9876051545143127 0.8731109499931335
50.91253458730169 0.10736080259084702 5.091762803082671e-16 0.9876051545143127 0.8737441301345825
51.615659587301685 0.10736080259084702 5.162081890176947e-16 0.9876051545143127 0.8755213022232056
51.850034587301685 0.10736080259084702 5.185521938805434e-16 0.9876051545143127 0.8760761022567749
52.08440958730168 0.10736080259084702 5.20896198743392e-16 0.9876051545143127 0.8766134977340698
52.31878458730168 0.10736080259084702 5.232401506666815e-16 0.9876051545143127 0.877134382724762
53.490659587301664 0.10736080259084702 5.349600691018064e-16 0.9876051545143127 0.8795145750045776
53.725034587301664 0.10736080259084702 5.373040739646551e-16 0.9876051545143127 0.8799501657485962
54.19378458730166 0.10736080259084702 5.419920307507932e-16 0.9876051545143127 0.880785346031189
54.89690958730165 0.10736080259084702 5.4902399239978e-16 0.9876051545143127 0.8819552659988403
55.60003458730164 0.10736080259084702 5.560559540487668e-16 0.9876051545143127 0.8830356597900391
56.068784587301636 0.10736080259084702 5.607439108349049e-16 0.9876051545143127 0.8837112188339233
57.943784587301614 0.10736080259084702 5.794957909190167e-16 0.9876051545143127 0.8861084580421448
58.64690958730161 0.10736080259084702 5.865277525680035e-16 0.9876051545143127 0.8868996500968933
59.99999999999999 0.10736080259084702 6.000600038728974e-16 0.9876051545143127 0.8882865905761719
60.000099999999996 0.10736080259084702 6.000610097245222e-16 0.9876051545143127 0.888286292552948
60.000299999999996 0.10736049711704254 6.00063021427772e-16 0.9876051545143127 0.8882859945297241
60.000699999999995 0.10735668241977692 6.000669918947122e-16 0.9876051545143127 0.8882858753204346
60.001000000000005 0.10734963417053223 6.000700094495868e-16 0.9876051545143127 0.8882858753204346
60.16480000000147 0.08556710928678513 6.017081711695766e-16 0.9876051545143127 0.8882858753204346
60.328600000002936 0.0652758777141571 6.033463328895664e-16 0.9876051545143127 0.8882858753204346
60.562975000002936 0.039516281336545944 6.056903377524151e-16 0.9876051545143127 0.8882858753204346
60.79735000000293 0.018437311053276062 6.080342896757046e-16 0.9876051545143127 0.8882858753204346
61.03172500000293 0.0024221334606409073 6.103782945385532e-16 0.9876051545143127 0.8882858753204346
61.09061078059429 0.00012015084212180227 6.109671941951318e-16 0.9876051545143127 0.8882858753204346
61.10261688395616 -3.3386722719797035e-08 6.110872611154051e-16 0.9876051545143127 0.8882858753204346
89.99999999999999 -3.33794218931871e-08 9.000900322791256e-16 0.9876051545143127 0.8882858753204346
90.0001 -3.336279874588399e-08 9.000909851911913e-16 0.9876051545143127 0.8882858753204346
90.0003 -3.3342914207423746e-08 9.00092996894441e-16 0.9876051545143127 0.8882858753204346
90.0007 -3.332795373012232e-08 9.000970203009405e-16 0.9876051545143127 0.8882858753204346
90.00082296348708 -2.9051944849811662e-08 1.4155738803367512e-08 0.9876051545143127 0.8882858753204346
90.00089395652972 4.13329956927555e-08 7.340948116052459e-08 0.9876051545143127 0.8882858753204346
90.00092970780508 9.776300657904358e-08 1.6145146730650595e-07 0.9876051545143127 0.8882858753204346
90.0009518793894 1.1054874704541362e-07 2.5947025505956844e-07 0.9876051545143127 0.8882858753204346
90.00096462455302 2.847620237389492e-07 3.5629298622552596e-07 0.9876051545143127 0.8882858753204346
90.00097468412 7.398319894491578e-07 4.804927584700636e-07 0.9876051545143127 0.8882858753204346
90.00098593830819 1.5979661611709162e-06 6.701945380882535e-07 0.9876051545143127 0.8882858753204346
90.0009988420997 2.8496101549535524e-06 9.280465746996924e-07 0.9876051545143127 0.8882858753204346
90.001 2.9815821562806377e-06 9.540368637317442e-07 0.9876051545143127 0.8882858753204346
90.2614530430213 0.03279757872223854 0.006210758350789547 0.9876051545143127 0.8882858753204346
90.5219060860426 0.06505914032459259 0.01224528905004263 0.9876051545143127 0.8882858753204346
90.7562810860426 0.09368037432432175 0.017541952431201935 0.9876051545143127 0.8882858753204346
90.9906560860426 0.12185189872980118 0.022693105041980743 0.9876051545143127 0.8882858753204346
91.45940608604262 0.17679651081562042 0.03254816308617592 0.9876051545143127 0.8882858753204346
91.69378108604262 0.20354339480400085 0.037246618419885635 0.9876051545143127 0.8882858753204346
91.92815608604263 0.22979286313056946 0.04178980737924576 0.9876051545143127 0.8882858753204346
92.16253108604263 0.25553375482559204 0.046175792813301086 0.9876051545143127 0.8882858753204346
92.39690608604263 0.2807493805885315 0.0504014790058136 0.9876051545143127 0.8882858753204346
92.86565608604265 0.3295540511608124 0.05836419016122818 0.9876051545143127 0.8882858753204346
93.10003108604265 0.3531228005886078 0.062098950147628784 0.9876051545143127 0.8882858753204346
93.56878108604266 0.39853450655937195 0.0690692737698555 0.9876051545143127 0.8882858753204346
94.27190608604266 0.46216845512390137 0.07826726138591766 0.9876051545143127 0.8882858753204346
94.97503108604268 0.5201870203018188 0.08596305549144745 0.9876051545143127 0.8882858753204346
95.44378108604269 0.5556484460830688 0.0902792289853096 0.9876051545143127 0.8882858753204346
95.91253108604269 0.5884983539581299 0.09397123754024506 0.9876051545143127 0.8882858753204346
96.6156560860427 0.6328806281089783 0.09841614961624146 0.9876051545143127 0.8882858753204346
96.85003108604272 0.6463863253593445 0.09962848573923111 0.9876051545143127 0.8882858753204346
97.08440608604272 0.6592615842819214 0.10071677714586258 0.9876051545143127 0.8882858753204346
97.31878108604272 0.6715191006660461 0.10168778896331787 0.9876051545143127 0.8882858753204346
97.78753108604273 0.6942279934883118 0.10330711305141449 0.9876051545143127 0.8882858753204346
98.02190608604273 0.7047058343887329 0.1039709523320198 0.9876051545143127 0.8882858753204346
98.25628108604273 0.714621901512146 0.10454799234867096 0.9876051545143127 0.8882858753204346
98.49065608604273 0.7239950895309448 0.10504595190286636 0.9876051545143127 0.8882858753204346
98.72503108604275 0.7328454256057739 0.10547240078449249 0.9876051545143127 0.8882858753204346
98.95940608604275 0.7411937713623047 0.10583468526601791 0.9876051545143127 0.8882858753204346
99.42815608604276 0.7564714550971985 0.10639462620019913 0.9876051545143127 0.8882858753204346
99.66253108604276 0.7634450793266296 0.10660527646541595 0.9876051545143127 0.8882858753204346
100.13128108604276 0.7761731147766113 0.10691715031862259 0.9876051545143127 0.8882858753204346
100.36565608604278 0.7819714546203613 0.10702866315841675 0.9876051545143127 0.8882858753204346
100.83440608604278 0.7925430536270142 0.10718493163585663 0.9876051545143127 0.8882858753204346
101.53753108604279 0.8061373233795166 0.10730481147766113 0.9876051545143127 0.8882858753204346
102.0062810860428 0.8139051198959351 0.1073392778635025 0.9876051545143127 0.8882858753204346
102.2406560860428 0.8174501657485962 0.10734859853982925 0.9876051545143127 0.8882858753204346
102.4750310860428 0.8207891583442688 0.10735446214675903 0.9876051545143127 0.8882858753204346
102.70940608604282 0.8239359855651855 0.10735789686441422 0.9876051545143127 0.8882858753204346
102.94378108604282 0.8269036412239075 0.10735972225666046 0.9876051545143127 0.8882858753204346
103.17815608604282 0.8297041058540344 0.10736055672168732 0.9876051545143127 0.8882858753204346
103.41253108604282 0.8323487639427185 0.10736083984375 0.9876051545143127 0.8882858753204346
103.88128108604283 0.8372119665145874 0.10736083984375 0.9876051545143127 0.8882858753204346
104.58440608604285 0.843578040599823 0.10736081004142761 0.9876051545143127 0.8882858753204346
105.05315608604285 0.847294807434082 0.10736081004142761 0.9876051545143127 0.8882858753204346
105.28753108604286 0.8490152955055237 0.10736081004142761 0.9876051545143127 0.8882858753204346
105.75628108604286 0.8522094488143921 0.10736081004142761 0.9876051545143127 0.8882858753204346
105.99065608604286 0.8536934852600098 0.10736081004142761 0.9876051545143127 0.8882858753204346
106.45940608604288 0.8564585447311401 0.10736081004142761 0.9876051545143127 0.8882858753204346
106.69378108604288 0.8577477931976318 0.10736081004142761 0.9876051545143127 0.8882858753204346
107.16253108604289 0.8601584434509277 0.10736081004142761 0.9876051545143127 0.8882858753204346
107.39690608604289 0.8612862825393677 0.10736081004142761 0.9876051545143127 0.8882858753204346
107.63128108604289 0.8623666167259216 0.10736081004142761 0.9876051545143127 0.8882858753204346
107.8656560860429 0.8634021282196045 0.10736081004142761 0.9876051545143127 0.8882858753204346
108.1000310860429 0.8643953800201416 0.10736081004142761 0.9876051545143127 0.8882858753204346
108.3344060860429 0.8653486967086792 0.10736081004142761 0.9876051545143127 0.8882858753204346
108.56878108604292 0.8662644028663635 0.10736081004142761 0.9876051545143127 0.8882858753204346
109.03753108604292 0.8679908514022827 0.10736081004142761 0.9876051545143127 0.8882858753204346
109.27190608604292 0.8688054084777832 0.10736081004142761 0.9876051545143127 0.8882858753204346
109.50628108604293 0.8695898056030273 0.10736081004142761 0.9876051545143127 0.8882858753204346
109.74065608604293 0.8703455924987793 0.10736081004142761 0.9876051545143127 0.8882858753204346
110.20940608604295 0.8717772364616394 0.10736081004142761 0.9876051545143127 0.8882858753204346
110.44378108604295 0.8724557161331177 0.10736081004142761 0.9876051545143127 0.8882858753204346
110.67815608604295 0.8731109499931335 0.10736081004142761 0.9876051545143127 0.8882858753204346
110.91253108604295 0.8737441301345825 0.10736081004142761 0.9876051545143127 0.8882858753204346
111.61565608604296 0.8755213022232056 0.10736081004142761 0.9876051545143127 0.8882858753204346
111.85003108604297 0.8760761022567749 0.10736081004142761 0.9876051545143127 0.8882858753204346
112.08440608604297 0.8766134977340698 0.10736081004142761 0.9876051545143127 0.8882858753204346
112.31878108604297 0.877134382724762 0.10736081004142761 0.9876051545143127 0.8882858753204346
113.490656086043 0.8795145750045776 0.10736081004142761 0.9876051545143127 0.8882858753204346
113.725031086043 0.8799501657485962 0.10736081004142761 0.9876051545143127 0.8882858753204346
114.193781086043 0.880785346031189 0.10736081004142761 0.9876051545143127 0.8882858753204346
114.89690608604302 0.8819552659988403 0.10736081004142761 0.9876051545143127 0.8882858753204346
115.60003108604303 0.8830356597900391 0.10736081004142761 0.9876051545143127 0.8882858753204346
116.06878108604305 0.8837112188339233 0.10736081004142761 0.9876051545143127 0.8882858753204346
117.94378108604307 0.8861084580421448 0.10736081004142761 0.9876051545143127 0.8882858753204346
118.64690608604309 0.8868996500968933 0.10736081004142761 0.9876051545143127 0.8882858753204346
119.99999999999999 0.8882865905761719 0.10736081004142761 0.9876051545143127 0.8882858753204346
120.0001 0.888286292552948 0.10736081004142761 0.9876051545143127 0.8882858753204346
120.0003 0.8882859945297241 0.10736081004142761 0.9876051545143127 0.8882858753204346
120.0007 0.8882858753204346 0.10736081004142761 0.9876051545143127 0.8882858753204346
120.001 0.8882858753204346 0.10736081004142761 0.9876051545143127 0.8882858753204346
150.0 0.8882858753204346 0.10736081004142761 0.9876051545143127 0.8882858753204346
150.0001 0.8882858753204346 0.10736081004142761 0.9876051545143127 0.8882858753204346
150.0003 0.8882858753204346 0.10736081004142761 0.9876051545143127 0.8882861137390137
150.0007 0.8882858753204346 0.10736081004142761 0.9876051545143127 0.8882873058319092
150.001 0.8882858753204346 0.10736081004142761 0.9876051545143127 0.8882884383201599
179.99999999999997 0.8882858753204346 0.10736081004142761 0.9876051545143127 0.8882884383201599
180.0001 0.8882858753204346 0.10736081004142761 0.9876051545143127 0.8882884383201599
180.0003 0.8882858753204346 0.10736081004142761 0.9876051545143127 0.8882884383201599
180.0007 0.8882858753204346 0.10736081004142761 0.9876049757003784 0.8882884383201599
180.001 0.8882858753204346 0.10736081004142761 0.9876046180725098 0.8882884383201599
180.04192000000063 0.8882858753204346 0.10736081004142761 0.9872799515724182 0.8882884383201599
180.0828400000013 0.8882858753204346 0.10736081004142761 0.9869431853294373 0.8882884383201599
180.56297500000517 0.8882858753204346 0.10736081004142761 0.9820563197135925 0.8882884383201599
180.79735000000514 0.8882858753204346 0.10736081004142761 0.9789758324623108 0.8882884383201599
181.03172500000514 0.8882858753204346 0.10736081004142761 0.9752600193023682 0.8882884383201599
181.5004750000051 0.8882858753204346 0.10736081004142761 0.9653238654136658 0.8882884383201599
181.7348500000051 0.8882858753204346 0.10736081004142761 0.9587586522102356 0.8882884383201599
182.20360000000508 0.8882858753204346 0.10736081004142761 0.9415407180786133 0.8882884383201599
182.43797500000508 0.8882858753204346 0.10736081004142761 0.9305824041366577 0.8882884383201599
182.67235000000508 0.8882858753204346 0.10736081004142761 0.9179207682609558 0.8882884383201599
182.90672500000505 0.8882858753204346 0.10736081004142761 0.9035178422927856 0.8882884383201599
183.14110000000505 0.8882858753204346 0.10736081004142761 0.8873886466026306 0.8882884383201599
183.37547500000505 0.8882858753204346 0.10736081004142761 0.8695935010910034 0.8882884383201599
183.60985000000503 0.8882858753204346 0.10736081004142761 0.8502258062362671 0.8882884383201599
183.84422500000503 0.8882858753204346 0.10736081004142761 0.8293998837471008 0.8882884383201599
184.078600000005 0.8882858753204346 0.10736081004142761 0.8072395324707031 0.8882884383201599
184.312975000005 0.8882858753204346 0.10736081004142761 0.7838693261146545 0.8882884383201599
184.547350000005 0.8882858753204346 0.10736081004142761 0.7594091296195984 0.8882884383201599
184.78172500000497 0.8882858753204346 0.10736081004142761 0.7339701652526855 0.8882884383201599
185.01610000000497 0.8882858753204346 0.10736081004142761 0.7076539397239685 0.8882884383201599
185.25047500000497 0.8882858753204346 0.10736081004142761 0.6805514097213745 0.8882884383201599
185.48485000000494 0.8882858753204346 0.10736081004142761 0.6527436375617981 0.8882884383201599
185.71922500000494 0.8882858753204346 0.10736081004142761 0.624302089214325 0.8882884383201599
185.95360000000494 0.8882858753204346 0.10736081004142761 0.595289945602417 0.8882884383201599
186.1879750000049 0.8882858753204346 0.10736081004142761 0.5657626390457153 0.8882884383201599
186.4223500000049 0.8882858753204346 0.10736081004142761 0.5357690453529358 0.8882884383201599
186.6567250000049 0.8882858753204346 0.10736081004142761 0.5053523182868958 0.8882884383201599
186.89110000000488 0.8882858753204346 0.10736081004142761 0.47455042600631714 0.8882884383201599
187.12547500000488 0.8882858753204346 0.10736081004142761 0.44339704513549805 0.8882884383201599
187.59422500000485 0.8882858753204346 0.10736081004142761 0.3801521360874176 0.8882884383201599
187.82860000000485 0.8882858753204346 0.10736081004142761 0.34811145067214966 0.8882884383201599
188.06297500000485 0.8882858753204346 0.10736081004142761 0.3158225119113922 0.8882884383201599
188.53172500000483 0.8882858753204346 0.10736081004142761 0.25059351325035095 0.8882884383201599
188.76610000000483 0.8882858753204346 0.10736081004142761 0.21771815419197083 0.8882884383201599
189.0004750000048 0.8882858753204346 0.10736081004142761 0.18475426733493805 0.8882884383201599
189.2348500000048 0.8882858753204346 0.10736081004142761 0.1518598049879074 0.8882884383201599
189.4692250000048 0.8882858753204346 0.10736081004142761 0.11938921362161636 0.8882884383201599
189.70360000000477 0.8882858753204346 0.10736081004142761 0.08807748556137085 0.8882884383201599
189.93797500000477 0.8882858753204346 0.10736081004142761 0.059178754687309265 0.8882884383201599
190.17235000000477 0.8882858753204346 0.10736081004142761 0.03423701971769333 0.8882884383201599
190.40672500000474 0.8882858753204346 0.10736081004142761 0.014729215763509274 0.8882884383201599
190.64110000000474 0.8882858753204346 0.10736081004142761 0.0010672565549612045 0.8882884383201599
190.6870757285794 0.8882858753204346 0.10736081004142761 -3.3386719167083356e-08 0.8882884383201599
202.60182782500738 0.8882858753204346 0.10736081004142761 -3.3386719167083356e-08 0.8882884383201599
209.99999999999997 0.8882858753204346 0.10736081004142761 -3.3425408219045494e-08 0.8882884383201599
210.00009999999997 0.8882858753204346 0.10736081004142761 -3.3378128705408017e-08 0.8882884383201599
210.0003 0.8882858753204346 0.10736081004142761 -3.334400133780946e-08 0.8882884383201599
210.00070000000002 0.8882858753204346 0.10736081004142761 -3.331835785047588e-08 0.8882884383201599
210.00092940514486 0.8882858753204346 0.10736081004142761 -3.32900995658747e-08 0.8882884383201599
210.00100000000003 0.8882858753204346 0.10736081004142761 -3.3284333511574005e-08 0.8882884383201599
224.82319478137595 0.8882858753204346 0.10736081004142761 0.04629414528608322 0.8882884383201599
239.64538956275192 0.8882858753204346 0.10736081004142761 0.0905403345823288 0.8882884383201599
239.8797645627519 0.8882858753204346 0.10736081004142761 0.09122342616319656 0.8882884383201599
239.99999999999997 0.8882858753204346 0.10736081004142761 0.09157368540763855 0.8882884383201599
