time a b c w1 w2
0.0 0.0 0.0 0.0 0.0 0.0
1.757812428601624e-06 1.757988202426422e-23 1.757988202426422e-23 1.0832566022872925 1.757988202426422e-23 1.757988202426422e-23
1.7648476783160305e-06 1.7650242106122693e-23 1.7650242106122693e-23 1.0055341720581055 1.7650242106122693e-23 1.7650242106122693e-23
1.7789181777448437e-06 1.7790960692117828e-23 1.7790960692117828e-23 0.9905999898910522 1.7790960692117828e-23 1.7790960692117828e-23
1.8070591766024704e-06 1.8072399441829907e-23 1.8072399441829907e-23 0.984626293182373 1.8072399441829907e-23 1.8072399441829907e-23
0.00013281055255599797 1.3282383013875093e-21 1.3282383013875093e-21 0.984626293182373 1.3282383013875093e-21 1.3282383013875093e-21
0.00026381985277929004 2.6384624023353322e-21 2.6384624023353322e-21 0.984626293182373 2.6384624023353322e-21 2.6384624023353322e-21
0.0005258384532258742 5.258910200334195e-21 5.258910200334195e-21 0.984626293182373 -5.9402767149663305e-09 -5.9402767149663305e-09
0.001 1.0000999731091105e-20 1.0000999731091105e-20 0.984626293182373 -3.3380178621200685e-08 -3.3380178621200685e-08
29.999999999999996 3.000300019364487e-16 3.000300019364487e-16 0.984626293182373 -3.338031717703416e-08 -3.338031717703416e-08
30.000099999999996 3.0003100778807355e-16 3.0003100778807355e-16 0.984626293182373 -3.3361402529408224e-08 -3.3361402529408224e-08
30.0003 3.0003299302154367e-16 3.0003299302154367e-16 0.984626293182373 -3.334271880817141e-08 -3.334271880817141e-08
30.0007 3.0003698995826353e-16 3.0003698995826353e-16 0.984626293182373 -3.333283515871699e-08 -3.333283515871699e-08
30.00082296345329 1.0033714303858687e-08 3.000382340379048e-16 0.984626293182373 -3.081184729580855e-08 -3.3331549076365263e-08
30.0008939565265 5.4487696132810015e-08 3.0003894872195405e-16 0.984626293182373 2.580113545036511e-08 -3.333114761971956e-08
30.000929690275864 1.2120014503125276e-07 3.000392928290889e-16 0.984626293182373 5.400406877242858e-08 -3.333114761971956e-08
30.00095176279779 1.9600919642925874e-07 3.000395310571053e-16 0.984626293182373 3.119294689213348e-08 -3.333114761971956e-08
30.000964871483017 2.7648934519675095e-07 3.000396369362237e-16 0.984626293182373 1.7472845570409845e-07 -3.333114761971956e-08
30.000975244086682 3.8468178331640956e-07 3.000397428153421e-16 0.984626293182373 6.0010097513441e-07 -3.333114761971956e-08
30.0009867711824 5.523512527361163e-07 3.000398751642401e-16 0.984626293182373 1.4155358485368197e-06 -3.333114761971956e-08
30.001001329240058 8.089523930721043e-07 3.000400075131381e-16 0.984626293182373 2.7606167805060977e-06 -3.333114761971956e-08
30.175226152831822 0.0036340749356895685 3.01782433694979e-16 0.984626293182373 0.02033122070133686 -3.333114761971956e-08
30.34945097642358 0.0072059109807014465 3.035248598768199e-16 0.984626293182373 0.04046522453427315 -3.333114761971956e-08
30.52523222642358 0.010733360424637794 3.052828502890666e-16 0.984626293182373 0.06053650379180908 -3.333114761971956e-08
30.87679472642358 0.01757867820560932 3.0879883111356e-16 0.984626293182373 0.10000858455896378 -3.333114761971956e-08
31.22835722642358 0.024166911840438843 3.123148119380534e-16 0.984626293182373 0.13864865899085999 -3.333114761971956e-08
31.755700976423576 0.033516015857458115 3.175887567050139e-16 0.984626293182373 0.1948598027229309 -3.333114761971956e-08
32.283044726423576 0.04217766970396042 3.22862727941754e-16 0.984626293182373 0.24876900017261505 -3.333114761971956e-08
32.634607226423576 0.047523193061351776 3.263787087662474e-16 0.984626293182373 0.2832409739494324 -3.333114761971956e-08
33.161950976423576 0.05493969842791557 3.316526800029875e-16 0.984626293182373 0.33283665776252747 -3.333114761971956e-08
33.513513476423576 0.05946008488535881 3.351686608274809e-16 0.984626293182373 0.3643752634525299 -3.333114761971956e-08
33.689294726423576 0.0616086944937706 3.36926624769948e-16 0.984626293182373 0.37973475456237793 -3.333114761971956e-08
34.39241972642357 0.06947346776723862 3.439585864189348e-16 0.984626293182373 0.43841618299484253 -3.333114761971956e-08
34.56820097642357 0.07124827057123184 3.457165768311815e-16 0.984626293182373 0.45234477519989014 -3.333114761971956e-08
35.09554472642357 0.07611435651779175 3.509905480679216e-16 0.984626293182373 0.49229055643081665 -3.333114761971956e-08
35.71077910142357 0.08091963827610016 3.5714350127589523e-16 0.984626293182373 0.5352370738983154 -3.333114761971956e-08
36.32601347642357 0.084818996489048 3.6329645448386887e-16 0.984626293182373 0.5741394758224487 -3.333114761971956e-08
36.67757597642357 0.08671145141124725 3.6681243530836227e-16 0.984626293182373 0.5947735905647278 -3.333114761971956e-08
37.29281035142357 0.08945619314908981 3.729653885163359e-16 0.984626293182373 0.6279803514480591 -3.333114761971956e-08
37.90804472642356 0.09153295308351517 3.7911836819408916e-16 0.984626293182373 0.6574816703796387 -3.333114761971956e-08
38.25960722642356 0.09245923906564713 3.8263432254880296e-16 0.984626293182373 0.672739565372467 -3.333114761971956e-08
38.61116972642356 0.09324087202548981 3.8615030337329635e-16 0.984626293182373 0.6870344877243042 -3.333114761971956e-08
38.78695097642356 0.0935857743024826 3.8790829378554305e-16 0.984626293182373 0.6938531994819641 -3.333114761971956e-08
38.96273222642356 0.09389574080705643 3.8966628419778975e-16 0.984626293182373 0.7004103660583496 -3.333114761971956e-08
39.13851347642356 0.09417542815208435 3.9142427461003645e-16 0.984626293182373 0.706731915473938 -3.333114761971956e-08
39.84163847642356 0.09501366317272186 3.9845623625902324e-16 0.984626293182373 0.729584813117981 -3.333114761971956e-08
40.54476347642356 0.09550537914037704 4.0548817143823044e-16 0.984626293182373 0.7489333748817444 -3.333114761971956e-08
41.072107226423554 0.09572849422693253 4.1076214267497053e-16 0.984626293182373 0.7615542411804199 -3.333114761971956e-08
41.687341601423554 0.09588118642568588 4.169151223527238e-16 0.984626293182373 0.7744680643081665 -3.333114761971956e-08
42.302575976423554 0.09596076607704163 4.230680755606974e-16 0.984626293182373 0.7857449650764465 -3.333114761971956e-08
42.829919726423554 0.09599541127681732 4.283420203276579e-16 0.984626293182373 0.7943078279495239 -3.333114761971956e-08
43.181482226423554 0.09600716829299927 4.318580011521513e-16 0.984626293182373 0.7994949817657471 -3.333114761971956e-08
43.708825976423554 0.09601467102766037 4.371319723888914e-16 0.984626293182373 0.806493878364563 -3.333114761971956e-08
44.67562285142355 0.09601664543151855 4.468009328911381e-16 0.984626293182373 0.8172905445098877 -3.333114761971956e-08
45.64241972642355 0.0960165411233902 4.564698139840459e-16 0.984626293182373 0.8262473940849304 -3.333114761971956e-08
46.60921660142355 0.0960165411233902 4.661387480165129e-16 0.984626293182373 0.8336102366447449 -3.333114761971956e-08
47.57601347642354 0.0960165411233902 4.758077349885392e-16 0.984626293182373 0.8396498560905457 -3.333114761971956e-08
48.27913847642354 0.0960165411233902 4.828396436979668e-16 0.984626293182373 0.8434903025627136 -3.333114761971956e-08
48.98226347642354 0.0960165411233902 4.898716053469536e-16 0.984626293182373 0.8468590378761292 -3.333114761971956e-08
49.94906035142354 0.0960165411233902 4.995405393794206e-16 0.984626293182373 0.8510156273841858 -3.333114761971956e-08
50.91585722642353 0.0960165411233902 5.0920947341188765e-16 0.984626293182373 0.8546774387359619 -3.333114761971956e-08
51.44320097642353 0.0960165411233902 5.144834711184073e-16 0.984626293182373 0.8564324378967285 -3.333114761971956e-08
51.97054472642353 0.0960165411233902 5.197574158853678e-16 0.984626293182373 0.8580610752105713 -3.333114761971956e-08
53.11312285142353 0.0960165411233902 5.31184313860302e-16 0.984626293182373 0.8612992167472839 -3.333114761971956e-08
54.255700976423526 0.0960165411233902 5.426112647747953e-16 0.984626293182373 0.8640114665031433 -3.333114761971956e-08
54.783044726423526 0.0960165411233902 5.478852095417558e-16 0.984626293182373 0.865149974822998 -3.333114761971956e-08
56.189294726423526 0.0960165411233902 5.619491328397294e-16 0.984626293182373 0.8678286671638489 -3.333114761971956e-08
57.59554472642352 0.0960165411233902 5.76013056137703e-16 0.984626293182373 0.8700613975524902 -3.333114761971956e-08
58.12288847642352 0.0960165411233902 5.812870009046635e-16 0.984626293182373 0.8708584308624268 -3.333114761971956e-08
58.29866972642352 0.0960165411233902 5.830450177866898e-16 0.984626293182373 0.8711176514625549 -3.333114761971956e-08
58.47445097642352 0.0960165411233902 5.848029817291569e-16 0.984626293182373 0.8713712096214294 -3.333114761971956e-08
58.65023222642352 0.0960165411233902 5.865609986111832e-16 0.984626293182373 0.8716195225715637 -3.333114761971956e-08
59.99999999999999 0.0960165411233902 6.000600038728974e-16 0.984626293182373 0.8733919262886047 -3.333114761971956e-08
60.000099999999996 0.0960165411233902 6.000610097245222e-16 0.984626293182373 0.8733919858932495 -3.333114761971956e-08
60.000299999999996 0.0960165411233902 6.00063021427772e-16 0.984626293182373 0.8733921051025391 -3.333114761971956e-08
60.000699999999995 0.0960165411233902 6.000669918947122e-16 0.984626054763794 0.8733921647071838 -3.333114761971956e-08
60.001000000000005 0.0960165411233902 6.000700094495868e-16 0.9846255779266357 0.8733921647071838 -3.333114761971956e-08
60.0021445780856 0.0960165411233902 4.037473900098121e-06 0.9846146702766418 0.8733921647071838 -3.333114761971956e-08
60.003289156171206 0.0960165411233902 8.074871402641293e-06 0.984603762626648 0.8733921647071838 -3.333114761971956e-08
60.07568035367923 0.0960165411233902 0.0002632778778206557 0.9838844537734985 0.8733921647071838 -3.333114761971956e-08
60.148071551187265 0.0960165411233902 0.0005181814776733518 0.9831168055534363 0.8733921647071838 -3.333114761971956e-08
60.47093332945755 0.0960165411233902 0.0016527650877833366 0.9791922569274902 0.8733921647071838 -3.333114761971956e-08
61.00651682555131 0.0960165411233902 0.003545221406966448 0.9703930616378784 0.8733921647071838 -3.333114761971956e-08
61.542100321645066 0.0960165411233902 0.005478478502482176 0.9572757482528687 0.8733921647071838 -3.333114761971956e-08
62.06944407164506 0.0960165411233902 0.007380675990134478 0.9384254813194275 0.8733921647071838 -3.333114761971956e-08
62.42100657164506 0.0960165411233902 0.008645961061120033 0.921869158744812 0.8733921647071838 -3.333114761971956e-08
62.59678782164506 0.0960165411233902 0.00927775353193283 0.9122740030288696 0.8733921647071838 -3.333114761971956e-08
62.77256907164506 0.0960165411233902 0.009908982552587986 0.9017751216888428 0.8733921647071838 -3.333114761971956e-08
62.94835032164506 0.0960165411233902 0.010539654642343521 0.8903946876525879 0.8733921647071838 -3.333114761971956e-08
63.12413157164506 0.0960165411233902 0.01116977073252201 0.8781424164772034 0.8733921647071838 -3.333114761971956e-08
63.29991282164506 0.0960165411233902 0.011799335479736328 0.8650221824645996 0.8733921647071838 -3.333114761971956e-08
63.47569407164506 0.0960165411233902 0.012428352609276772 0.8510684967041016 0.8733921647071838 -3.333114761971956e-08
63.65147532164506 0.0960165411233902 0.013056824915111065 0.8363409042358398 0.8733921647071838 -3.333114761971956e-08
63.82725657164506 0.0960165411233902 0.01368475891649723 0.8208902478218079 0.8733921647071838 -3.333114761971956e-08
64.00303782164505 0.0960165411233902 0.014312155544757843 0.8047462701797485 0.8733921647071838 -3.333114761971956e-08
64.17881907164505 0.0960165411233902 0.0149390185251832 0.7879270315170288 0.8733921647071838 -3.333114761971956e-08
64.35460032164505 0.0960165411233902 0.015565348789095879 0.7704763412475586 0.8733921647071838 -3.333114761971956e-08
64.53038157164505 0.0960165411233902 0.01619115099310875 0.7524690628051758 0.8733921647071838 -3.333114761971956e-08
64.70616282164505 0.0960165411233902 0.016816426068544388 0.7339502573013306 0.8733921647071838 -3.333114761971956e-08
64.88194407164505 0.0960165411233902 0.017441177740693092 0.7149253487586975 0.8733921647071838 -3.333114761971956e-08
65.05772532164505 0.0960165411233902 0.018065406009554863 0.6954178810119629 0.8733921647071838 -3.333114761971956e-08
65.40928782164505 0.0960165411233902 0.01931230165064335 0.6551620960235596 0.8733921647071838 -3.333114761971956e-08
65.76085032164505 0.0960165411233902 0.02055712603032589 0.6134321093559265 0.8733921647071838 -3.333114761971956e-08
65.93663157164505 0.0960165411233902 0.02117876335978508 0.5920631289482117 0.8733921647071838 -3.333114761971956e-08
66.11241282164505 0.0960165411233902 0.021799886599183083 0.5703983306884766 0.8733921647071838 -3.333114761971956e-08
66.46397532164505 0.0960165411233902 0.023040596395730972 0.5262773633003235 0.8733921647071838 -3.333114761971956e-08
66.81553782164505 0.0960165411233902 0.024279259145259857 0.4812242090702057 0.8733921647071838 -3.333114761971956e-08
67.16710032164505 0.0960165411233902 0.025515878573060036 0.43533897399902344 0.8733921647071838 -3.333114761971956e-08
67.69444407164505 0.0960165411233902 0.027366990223526955 0.3651173412799835 0.8733921647071838 -3.333114761971956e-08
68.04600657164505 0.0960165411233902 0.028598520904779434 0.317483127117157 0.8733921647071838 -3.333114761971956e-08
68.57335032164505 0.0960165411233902 0.030442018061876297 0.24506668746471405 0.8733921647071838 -3.333114761971956e-08
69.10069407164505 0.0960165411233902 0.03228113427758217 0.17179739475250244 0.8733921647071838 -3.333114761971956e-08
69.62803782164505 0.0960165411233902 0.034115858376026154 0.09899727255105972 0.8733921647071838 -3.333114761971956e-08
69.80381907164505 0.0960165411233902 0.03472637012600899 0.07597335427999496 0.8733921647071838 -3.333114761971956e-08
69.97960032164504 0.0960165411233902 0.03533633425831795 0.05460357293486595 0.8733921647071838 -3.333114761971956e-08
70.15538157164504 0.0960165411233902 0.03594578057527542 0.035652607679367065 0.8733921647071838 -3.333114761971956e-08
70.33116282164504 0.0960165411233902 0.0365547239780426 0.01972292922437191 0.8733921647071838 -3.333114761971956e-08
70.50694407164504 0.0960165411233902 0.03716330602765083 0.006648399401456118 0.8733921647071838 -3.333114761971956e-08
70.59653922700858 0.0960165411233902 0.037473488599061966 0.0013006424997001886 0.8733921647071838 -3.333114761971956e-08
70.62714075035329 0.0960165411233902 0.037579495459795 7.492358417948708e-05 0.8733921647071838 -3.333114761971956e-08
70.63247511198715 0.0960165411233902 0.03759798780083656 -3.3386129416612675e-08 0.8733921647071838 -3.333114761971956e-08
72.45698364858255 0.0960165411233902 0.04388301074504852 -3.3386129416612675e-08 0.8733921647071838 -3.333114761971956e-08
74.28149218517795 0.0960165411233902 0.05011196434497833 -3.3386129416612675e-08 0.8733921647071838 -3.333114761971956e-08
82.01586718517794 0.0960165411233902 0.07592125236988068 -3.3386129416612675e-08 0.8733921647071838 -3.333114761971956e-08
82.19164843517794 0.0960165411233902 0.07649663835763931 -3.3386129416612675e-08 0.8733921647071838 -3.333114761971956e-08
82.36742968517794 0.0960165411233902 0.07707152515649796 -3.3386129416612675e-08 0.8733921647071838 -3.333114761971956e-08
82.54321093517794 0.0960165411233902 0.0776459127664566 -3.3386129416612675e-08 0.8733921647071838 -3.333114406700588e-08
89.99999999999999 0.0960165411233902 0.1015571728348732 -3.3374515595596677e-08 0.8733921647071838 -3.333114406700588e-08
90.0001 0.0960165411233902 0.10155772417783737 -3.3369214946787906e-08 0.8733921647071838 -3.333114406700588e-08
90.0003 0.0960165411233902 0.10155931860208511 -3.335318154995548e-08 0.8733921647071838 -3.333114406700588e-08
90.00047382709607 0.0960165411233902 0.10156190395355225 -1.7003825902861536e-08 0.8733921647071838 -3.333114406700588e-08
90.0008214812882 0.0960165411233902 0.10156973451375961 6.470292390758914e-08 0.8733921647071838 5.039080974711396e-07
90.00091550113262 0.0960165411233902 0.10157217085361481 8.660493477918862e-08 0.8733921647071838 1.8430106365485699e-06
90.00096568877642 0.0960165411233902 0.1015733927488327 9.121927746491565e-08 0.8733921647071838 4.0171362343244255e-06
90.001 0.0960165411233902 0.1015741229057312 9.121927746491565e-08 0.8733921647071838 6.5068620642705355e-06
90.06816413432544 0.0960165411233902 0.10287529230117798 9.121927746491565e-08 0.8733921647071838 0.0075264060869812965
90.13532826865088 0.0960165411233902 0.10417281091213226 9.121927746491565e-08 0.8733921647071838 0.015034554526209831
90.44544188680031 0.0960165411233902 0.11002985388040543 9.121927746491565e-08 0.8733921647071838 0.049267593771219254
90.79700438680031 0.0960165411233902 0.11640902608633041 9.121927746491565e-08 0.8733921647071838 0.08722464740276337
90.97278563680031 0.0960165411233902 0.11951031535863876 9.121927746491565e-08 0.8733921647071838 0.10591252148151398
91.14856688680031 0.0960165411233902 0.12255655974149704 9.121927746491565e-08 0.8733921647071838 0.12441743165254593
91.50012938680031 0.0960165411233902 0.12844230234622955 9.121927746491565e-08 0.8733921647071838 0.16073450446128845
91.67591063680031 0.0960165411233902 0.1312931925058365 9.121927746491565e-08 0.8733921647071838 0.17858269810676575
91.85169188680031 0.0960165411233902 0.1340859830379486 9.121927746491565e-08 0.8733921647071838 0.1962326318025589
92.02747313680031 0.0960165411233902 0.136807382106781 9.121927746491565e-08 0.8733921647071838 0.21363718807697296
92.20325438680031 0.0960165411233902 0.13945069909095764 9.121927746491565e-08 0.8733921647071838 0.2307714819908142
92.55481688680031 0.0960165411233902 0.14450232684612274 9.121927746491565e-08 0.8733921647071838 0.26421642303466797
92.90637938680031 0.0960165411233902 0.14925451576709747 9.121927746491565e-08 0.8733921647071838 0.29659584164619446
93.6973950118003 0.0960165411233902 0.15886595845222473 9.121927746491565e-08 0.8733921647071838 0.3654865324497223
94.4884106368003 0.0960165411233902 0.1670626401901245 9.121927746491565e-08 0.8733921647071838 0.42898625135421753
95.1915356368003 0.0960165411233902 0.1732378900051117 9.121927746491565e-08 0.8733921647071838 0.4809597134590149
95.8946606368003 0.0960165411233902 0.1783325970172882 9.121927746491565e-08 0.8733921647071838 0.5283075571060181
96.2462231368003 0.0960165411233902 0.18047994375228882 9.121927746491565e-08 0.8733921647071838 0.5501657128334045
96.5977856368003 0.0960165411233902 0.18237370252609253 9.121927746491565e-08 0.8733921647071838 0.5708047747612
96.9493481368003 0.0960165411233902 0.184072345495224 9.121927746491565e-08 0.8733921647071838 0.5904695987701416
97.3009106368003 0.0960165411233902 0.18558405339717865 9.121927746491565e-08 0.8733921647071838 0.6091514229774475
97.4766918868003 0.0960165411233902 0.18625620007514954 9.121927746491565e-08 0.8733921647071838 0.6180356740951538
97.6524731368003 0.0960165411233902 0.18687860667705536 9.121927746491565e-08 0.8733921647071838 0.6266379952430725
97.8282543868003 0.0960165411233902 0.1874535232782364 9.121927746491565e-08 0.8733921647071838 0.6349619030952454
98.0040356368003 0.0960165411233902 0.18797996640205383 9.121927746491565e-08 0.8733921647071838 0.6429921984672546
98.5313793868003 0.0960165411233902 0.189317986369133 9.121927746491565e-08 0.8733921647071838 0.6655451655387878
99.0587231368003 0.0960165411233902 0.190353661775589 9.121927746491565e-08 0.8733921647071838 0.686005711555481
99.4102856368003 0.0960165411233902 0.19090914726257324 9.121927746491565e-08 0.8733921647071838 0.6986157894134521
99.5860668868003 0.0960165411233902 0.1911468505859375 9.121927746491565e-08 0.8733921647071838 0.7045890688896179
99.93762938680028 0.0960165411233902 0.19155481457710266 9.121927746491565e-08 0.8733921647071838 0.715936005115509
100.11341063680028 0.0960165411233902 0.19172519445419312 9.121927746491565e-08 0.8733921647071838 0.7212870121002197
100.46497313680028 0.0960165411233902 0.19200406968593597 9.121927746491565e-08 0.8733921647071838 0.7313425540924072
100.81653563680028 0.0960165411233902 0.19221681356430054 9.121927746491565e-08 0.8733921647071838 0.7406290769577026
101.34387938680028 0.0960165411233902 0.19244728982448578 9.121927746491565e-08 0.8733921647071838 0.7533702850341797
101.87122313680028 0.0960165411233902 0.1925903558731079 9.121927746491565e-08 0.8733921647071838 0.7646777033805847
102.57434813680028 0.0960165411233902 0.19269387423992157 9.121927746491565e-08 0.8733921647071838 0.7778748869895935
103.27747313680028 0.0960165411233902 0.19274111092090607 9.121927746491565e-08 0.8733921647071838 0.7893588542938232
103.80481688680028 0.0960165411233902 0.19275546073913574 9.121927746491565e-08 0.8733921647071838 0.7969111204147339
104.50794188680028 0.0960165411233902 0.19276142120361328 9.121927746491565e-08 0.8733921647071838 0.8057838082313538
105.21106688680028 0.0960165411233902 0.19276197254657745 9.121927746491565e-08 0.8733921647071838 0.8133817911148071
105.73841063680028 0.0960165411233902 0.19276197254657745 9.121927746491565e-08 0.8733921647071838 0.8183397650718689
106.52942626180028 0.0960165411233902 0.19276197254657745 9.121927746491565e-08 0.8733921647071838 0.8250340819358826
107.32044188680027 0.0960165411233902 0.19276197254657745 9.121927746491565e-08 0.8733921647071838 0.8308579921722412
107.67200438680027 0.0960165411233902 0.19276197254657745 9.121927746491565e-08 0.8733921647071838 0.8331613540649414
108.19934813680027 0.0960165411233902 0.19276197254657745 9.121927746491565e-08 0.8733921647071838 0.8363771438598633
108.55091063680027 0.0960165411233902 0.19276197254657745 9.121927746491565e-08 0.8733921647071838 0.8383380174636841
108.90247313680027 0.0960165411233902 0.19276197254657745 9.121927746491565e-08 0.8733921647071838 0.8401709794998169
109.25403563680027 0.0960165411233902 0.19276197254657745 9.121927746491565e-08 0.8733921647071838 0.8419405221939087
110.30872313680027 0.0960165411233902 0.19276197254657745 9.121927746491565e-08 0.8733921647071838 0.846671998500824
110.66028563680027 0.0960165411233902 0.19276197254657745 9.121927746491565e-08 0.8733921647071838 0.8480603098869324
110.83606688680027 0.0960165411233902 0.19276197254657745 9.121927746491565e-08 0.8733921647071838 0.8487404584884644
111.18762938680027 0.0960165411233902 0.19276197254657745 9.121927746491565e-08 0.8733921647071838 0.8500752449035645
111.80286376180027 0.0960165411233902 0.19276197254657745 9.121927746491565e-08 0.8733921647071838 0.8522736430168152
112.41809813680027 0.0960165411233902 0.19276197254657745 9.121927746491565e-08 0.8733921647071838 0.8543394207954407
112.94544188680025 0.0960165411233902 0.19276197254657745 9.121927746491565e-08 0.8733921647071838 0.8559516668319702
113.56067626180027 0.0960165411233902 0.19276197254657745 9.121927746491565e-08 0.8733921647071838 0.857666552066803
114.17591063680025 0.0960165411233902 0.19276197254657745 9.121927746491565e-08 0.8733921647071838 0.8592785596847534
115.05481688680025 0.0960165411233902 0.19276197254657745 9.121927746491565e-08 0.8733921647071838 0.861422598361969
115.93372313680025 0.0960165411233902 0.19276197254657745 9.121927746491565e-08 0.8733921647071838 0.8633108735084534
116.46106688680025 0.0960165411233902 0.19276197254657745 9.121927746491565e-08 0.8733921647071838 0.8643390536308289
116.98841063680025 0.0960165411233902 0.19276197254657745 9.121927746491565e-08 0.8733921647071838 0.8653180599212646
117.60364501180024 0.0960165411233902 0.19276197254657745 9.121927746491565e-08 0.8733921647071838 0.866401731967926
118.21887938680025 0.0960165411233902 0.19276197254657745 9.121927746491565e-08 0.8733921647071838 0.8674048781394958
119.10943969340012 0.0960165411233902 0.19276197254657745 9.121927746491565e-08 0.8733921647071838 0.8687313199043274
119.99999999999999 0.0960165411233902 0.19276197254657745 9.121927746491565e-08 0.8733921647071838 0.8699308037757874
120.0001 0.0960165411233902 0.19276197254657745 9.121927746491565e-08 0.8733921647071838 0.8699308633804321
120.0003 0.0960165411233902 0.19276197254657745 9.121927746491565e-08 0.8733921647071838 0.8699309825897217
120.0007 0.09601205587387085 0.19276197254657745 9.121927746491565e-08 0.8733921647071838 0.8699311017990112
120.001 0.09600085020065308 0.19276197254657745 9.121927746491565e-08 0.8733921647071838 0.8699311017990112
120.01711705545199 0.09384385496377945 0.19276197254657745 6.492051761597395e-05 0.8733921647071838 0.8699311017990112
120.03323411090396 0.09169653058052063 0.19276197254657745 0.00012973303091712296 0.8733921647071838 0.8699311017990112
120.06547609338567 0.0874330997467041 0.19276197254657745 0.0002593393437564373 0.8733921647071838 0.8699311017990112
120.1299600583491 0.07907399535179138 0.19276197254657745 0.0005183445755392313 0.8733921647071838 0.8699311017990112
120.25892798827594 0.06311316788196564 0.19276197254657745 0.001035703462548554 0.8733921647071838 0.8699311017990112
120.43470923827594 0.043184131383895874 0.19276197254657745 0.0017456036293879151 0.8733921647071838 0.8699311017990112
120.61049048827594 0.02594289369881153 0.19276197254657745 0.0024719550274312496 0.8733921647071838 0.8699311017990112
120.78627173827594 0.01188951451331377 0.19276197254657745 0.003215134609490633 0.8733921647071838 0.8699311017990112
120.96205298827594 0.0010791419772431254 0.19276197254657745 0.003961929120123386 0.8733921647071838 0.8699311017990112
120.99832957521915 5.574801252805628e-05 0.19276197254657745 0.004112672060728073 0.8733921647071838 0.8699311017990112
121.02552357700591 -3.3386164943749463e-08 0.19276197254657745 0.004222456831485033 0.8733921647071838 0.8699311017990112
121.10041738722938 -3.3386164943749463e-08 0.19276197254657745 0.004521993920207024 0.8733921647071838 0.8699311017990112
121.17439055604592 -3.3386164943749463e-08 0.19276197254657745 0.0048207431100308895 0.8733921647071838 0.8699311017990112
121.32233689367898 -3.3386164943749463e-08 0.19276197254657745 0.005432460457086563 0.8733921647071838 0.8699311017990112
121.49811814367898 -3.3386164943749463e-08 0.19276197254657745 0.006173909641802311 0.8733921647071838 0.8699311017990112
122.201243143679 -3.3386164943749463e-08 0.19276197254657745 0.009154723957180977 0.8733921647071838 0.8699311017990112
122.37702439367901 -3.3386164943749463e-08 0.19276197254657745 0.00989828072488308 0.8733921647071838 0.8699311017990112
122.55280564367902 -3.3386164943749463e-08 0.19276197254657745 0.010641171596944332 0.8733921647071838 0.8699311017990112
122.72858689367904 -3.3386164943749463e-08 0.19276197254657745 0.01138339750468731 0.8733921647071838 0.8699311017990112
124.48639939367916 -3.3386164943749463e-08 0.19276197254657745 0.018769068643450737 0.8733921647071838 0.8699311017990112
126.24421189367929 -3.3386164943749463e-08 0.19276197254657745 0.02608821913599968 0.8733921647071838 0.8699311017990112
128.70514939367948 -3.3386164943749463e-08 0.19276197254657745 0.03622332215309143 0.8733921647071838 0.8699311017990112
128.8809306436795 -3.3386164943749463e-08 0.19276197254657745 0.03694227337837219 0.8733921647071838 0.8699311017990112
129.0567118936795 -3.3386164943749463e-08 0.19276197254657745 0.03766056150197983 0.8733921647071838 0.8699311017990112
129.23249314367953 -3.3386164943749463e-08 0.19276197254657745 0.03837818652391434 0.8733921647071838 0.8699311017990112
135.03327439367996 -3.3386164943749463e-08 0.19276197254657745 0.061687372624874115 0.8733921647071838 0.8699311017990112
135.20905564367996 -3.3386164943749463e-08 0.19276197254657745 0.06238243728876114 0.8733921647071838 0.8699311017990112
135.38483689368 -3.3386164943749463e-08 0.19276197254657745 0.06307684630155563 0.8733921647071838 0.8699311017990112
135.56061814368 -3.3386164943749463e-08 0.19276197254657745 0.063770592212677 0.8733921647071838 0.8699311017990112
141.18561814368041 -3.3386164943749463e-08 0.19276197254657745 0.08562139421701431 0.8733921647071838 0.8699311017990112
141.36139939368044 -3.3386164943749463e-08 0.19276197254657745 0.08629334717988968 0.8733921647071838 0.8699311017990112
141.53718064368044 -3.3386164943749463e-08 0.19276197254657745 0.08696463704109192 0.8733921647071838 0.8699311017990112
141.71296189368047 -3.3386164943749463e-08 0.19276197254657745 0.08763527125120163 0.8733921647071838 0.8699311017990112
147.16218064368087 -3.3386164943749463e-08 0.19276197254657745 0.10809902846813202 0.8733921647071838 0.8699311017990112
147.33796189368087 -3.3386164943749463e-08 0.19276197254657745 0.1087486669421196 0.8733921647071838 0.8699311017990112
147.5137431436809 -3.3386164943749463e-08 0.19276197254657745 0.10939764231443405 0.8733921647071838 0.8699311017990112
147.6895243936809 -3.3386164943749463e-08 0.19276197254657745 0.11004596948623657 0.8733921647071838 0.8699311017990112
150.0 -3.3425049394963935e-08 0.19276197254657745 0.11850721389055252 0.8733921647071838 0.8699311017990112
150.0001 -3.337785869916843e-08 0.19276197254657745 0.11850884556770325 0.8733921647071838 0.8699311017990112
150.0003 -3.334388765097174e-08 0.19276197254657745 0.11851521581411362 0.8733915090560913 0.8699310421943665
150.0007 -3.332363007757522e-08 0.19276197254657745 0.11853314936161041 0.8733878135681152 0.8699305057525635
150.0008229632236 -3.2338267175191504e-08 0.19276197254657745 0.11853857338428497 0.8733855485916138 0.8699299097061157
150.0008939564995 1.1386092069187725e-08 0.19276197254657745 0.11854109913110733 0.8733835816383362 0.8699290156364441
150.00092967160793 1.7207621283432672e-07 0.19276197254657745 0.11854210495948792 0.8733824491500854 0.8699283599853516
150.0009516039386 5.095523079035047e-07 0.19276197254657745 0.11854264885187149 0.8733816742897034 0.8699277639389038
150.00097179261502 1.203905981128628e-06 0.19276197254657745 0.1185431033372879 0.8733809590339661 0.869927167892456
150.00098933359757 2.25737971959461e-06 0.19276197254657745 0.11854346841573715 0.8733803033828735 0.8699265718460083
150.001 3.1612626116839238e-06 0.19276197254657745 0.11854367703199387 0.8733798861503601 0.8699261546134949
150.00490728103952 0.0004380710597615689 0.19276197254657745 0.11861858516931534 0.8732225298881531 0.8697687983512878
150.00881456207904 0.0008728093816898763 0.19276197254657745 0.11869343370199203 0.8730648159980774 0.8696110844612122
150.01663103247603 0.0017426017438992858 0.19276197254657745 0.1188431978225708 0.8727477192878723 0.8692939877510071
150.06352985485802 0.0069611454382538795 0.19276197254657745 0.11974172294139862 0.8708199262619019 0.8673661947250366
150.126061618034 0.013886465691030025 0.19276197254657745 0.12092965841293335 0.8681999444961548 0.8647462129592896
150.25112514438595 0.027636118233203888 0.19276197254657745 0.12327440828084946 0.8627991080284119 0.8593453764915466
150.42690639438595 0.046786997467279434 0.19276197254657745 0.1265164613723755 0.8548744320869446 0.8514207601547241
150.60268764438595 0.06573066860437393 0.19276197254657745 0.1296953707933426 0.8465421199798584 0.8430884480476379
150.95425014438598 0.10296674072742462 0.19276197254657745 0.13585609197616577 0.8285443782806396 0.8250906467437744
151.130031394386 0.1212693303823471 0.19276197254657745 0.13884179294109344 0.8188923597335815 0.8154386281967163
151.305812644386 0.13933545351028442 0.19276197254657745 0.14175719022750854 0.8088201284408569 0.8053663969039917
151.48159389438604 0.1571512520313263 0.19276197254657745 0.14459870755672455 0.7983067035675049 0.7948529720306396
151.65737514438604 0.1747245490550995 0.19276197254657745 0.1473691463470459 0.7873185873031616 0.7838648557662964
151.83315639438607 0.19207380712032318 0.19276197254657745 0.15007442235946655 0.7758431434631348 0.7723894119262695
152.00893764438607 0.20919537544250488 0.19276197254657745 0.15271404385566711 0.7639122009277344 0.7604584693908691
152.1847188943861 0.2260749489068985 0.19276197254657745 0.1552843600511551 0.7515723705291748 0.7481186389923096
152.3605001443861 0.24272020161151886 0.19276197254657745 0.15778809785842896 0.7388401031494141 0.7353863716125488
152.53628139438612 0.25912752747535706 0.19276197254657745 0.16022489964962006 0.7256993055343628 0.7222455739974976
152.71206264438612 0.27527162432670593 0.19276197254657745 0.16258828341960907 0.7121325731277466 0.7086788415908813
152.88784389438612 0.29114967584609985 0.19276197254657745 0.16487811505794525 0.6981331706047058 0.6946794986724854
153.06362514438615 0.3067805767059326 0.19276197254657745 0.16710025072097778 0.6837055683135986 0.6802518367767334
153.23940639438615 0.32216084003448486 0.19276197254657745 0.16925454139709473 0.6688961386680603 0.6654424071311951
153.41518764438618 0.3372763395309448 0.19276197254657745 0.1713377982378006 0.6537526249885559 0.6502988934516907
153.59096889438618 0.35213521122932434 0.19276197254657745 0.1733529269695282 0.6382609009742737 0.6348071694374084
153.7667501443862 0.36673423647880554 0.19276197254657745 0.17529991269111633 0.6223951578140259 0.6189414262771606
153.9425313943862 0.38105958700180054 0.19276197254657745 0.17717590928077698 0.6061504483222961 0.6026967167854309
154.11831264438624 0.39511972665786743 0.19276197254657745 0.1789838969707489 0.5895413160324097 0.5860875844955444
154.29409389438624 0.40892282128334045 0.19276197254657745 0.1807267963886261 0.5726113319396973 0.569157600402832
154.46987514438626 0.4224659204483032 0.19276197254657745 0.18240469694137573 0.5553756356239319 0.5519219040870667
154.64565639438626 0.4357571601867676 0.19276197254657745 0.18402035534381866 0.5378289222717285 0.5343751907348633
154.8214376443863 0.448825865983963 0.19276197254657745 0.18558162450790405 0.5200024843215942 0.516548752784729
155.1730001443863 0.47428014874458313 0.19276197254657745 0.18854044377803802 0.48361697793006897 0.4801632761955261
155.34878139438632 0.4866061508655548 0.19276197254657745 0.18992537260055542 0.46506398916244507 0.46161025762557983
155.52456264438632 0.49865543842315674 0.19276197254657745 0.1912464201450348 0.4462448060512543 0.4427911043167114
155.70034389438635 0.5104267001152039 0.19276197254657745 0.19250433146953583 0.42716139554977417 0.42370766401290894
155.87612514438635 0.5219187140464783 0.19276197254657745 0.19369995594024658 0.4078414738178253 0.40438777208328247
156.05190639438638 0.5331307053565979 0.19276197254657745 0.19483423233032227 0.3882957100868225 0.38484200835227966
156.22768764438638 0.5440624356269836 0.19276197254657745 0.19590826332569122 0.36851757764816284 0.3650639057159424
156.4034688943864 0.5547139048576355 0.19276197254657745 0.19692325592041016 0.34850865602493286 0.34505507349967957
156.5792501443864 0.5650853514671326 0.19276197254657745 0.19788047671318054 0.32828614115715027 0.32483261823654175
156.75503139438644 0.5751773118972778 0.19276197254657745 0.19878126680850983 0.30788177251815796 0.30442845821380615
156.93081264438644 0.5849908590316772 0.19276197254657745 0.1996271163225174 0.28731945157051086 0.2838664650917053
157.10659389438646 0.5945273637771606 0.19276197254657745 0.2004195898771286 0.2665931284427643 0.26314079761505127
157.28237514438646 0.6037886142730713 0.19276197254657745 0.20116032660007477 0.24570459127426147 0.24225348234176636
157.45815639438646 0.6127767562866211 0.19276197254657745 0.20185105502605438 0.22468695044517517 0.2212381362915039
157.6339376443865 0.6214944124221802 0.19276197254657745 0.2024935930967331 0.20355582237243652 0.20011132955551147
157.8097188943865 0.6299540400505066 0.19276197254657745 0.2030913531780243 0.18230612576007843 0.17886987328529358
157.98550014438652 0.6381679773330688 0.19276197254657745 0.20364774763584137 0.1609630286693573 0.1575423777103424
158.16128139438652 0.6461290121078491 0.19276197254657745 0.2041628360748291 0.13959547877311707 0.1362040936946869
158.33706264438655 0.6538312435150146 0.19276197254657745 0.20463691651821136 0.11832550168037415 0.11498812586069107
158.51284389438655 0.6612793207168579 0.19276197254657745 0.2050720900297165 0.09736467897891998 0.09412344545125961
158.68862514438658 0.6684778928756714 0.19276197254657745 0.20547039806842804 0.07705695182085037 0.0739767923951149
158.86440639438658 0.6754318475723267 0.19276197254657745 0.20583388209342957 0.05789857730269432 0.0550646148622036
159.0401876443866 0.6821553111076355 0.19276197254657745 0.20616570115089417 0.04048946499824524 0.037988584488630295
159.2159688943866 0.6886618733406067 0.19276197254657745 0.20646890997886658 0.02537127584218979 0.023261666297912598
159.39175014438663 0.6949470043182373 0.19276197254657745 0.20674411952495575 0.012811592780053616 0.011100662872195244
159.56753139438663 0.7010512351989746 0.19276197254657745 0.2069970965385437 0.002325416775420308 0.0014449451118707657
159.61002611033786 0.702499508857727 0.19276197254657745 0.2070549726486206 0.0002731144486460835 8.313103899126872e-05
159.62036780890455 0.7028483748435974 0.19276197254657745 0.20706863701343536 1.6652955309837125e-05 -3.3380324282461515e-08
159.62946709705312 0.7031543850898743 0.19276197254657745 0.20708054304122925 -3.3380324282461515e-08 -3.3380324282461515e-08
159.6642302651519 0.7043138742446899 0.19276197254657745 0.2071249634027481 -3.3380324282461515e-08 -3.3380324282461515e-08
159.78341827006193 0.7082085609436035 0.19276197254657745 0.20726828277111053 -3.3380324282461515e-08 -3.3380324282461515e-08
160.11811685994203 0.7186869978904724 0.19276197254657745 0.20762203633785248 -3.3380324282461515e-08 -3.3380324282461515e-08
160.29389810994203 0.7239124774932861 0.19276197254657745 0.20777994394302368 -3.3380324282461515e-08 -3.3380324282461515e-08
160.46967935994206 0.7289397120475769 0.19276197254657745 0.2079191654920578 -3.3380324282461515e-08 -3.3380324282461515e-08
160.64546060994206 0.7337793707847595 0.19276197254657745 0.2080417275428772 -3.3380324282461515e-08 -3.3380324282461515e-08
160.9970231099421 0.7429212331771851 0.19276197254657745 0.20824289321899414 -3.3380324282461515e-08 -3.3380324282461515e-08
161.52436685994212 0.7553921937942505 0.19276197254657745 0.208455428481102 -3.3380324282461515e-08 -3.3380324282461515e-08
161.87592935994215 0.7629866003990173 0.19276197254657745 0.20855332911014557 -3.3380324282461515e-08 -3.3380324282461515e-08
162.22749185994218 0.7700262665748596 0.19276197254657745 0.20862331986427307 -3.3380324282461515e-08 -3.3380324282461515e-08
162.4032731099422 0.773349940776825 0.19276197254657745 0.20864981412887573 -3.3380324282461515e-08 -3.3380324282461515e-08
162.5790543599422 0.7765436768531799 0.19276197254657745 0.2086714506149292 -3.3380324282461515e-08 -3.3380324282461515e-08
162.75483560994223 0.7796069979667664 0.19276197254657745 0.20868872106075287 -3.3380324282461515e-08 -3.3380324282461515e-08
162.93061685994223 0.7825525403022766 0.19276197254657745 0.2087024599313736 -3.3380324282461515e-08 -3.3380324282461515e-08
163.28217935994226 0.788128137588501 0.19276197254657745 0.20872202515602112 -3.3380324282461515e-08 -3.3380324282461515e-08
163.45796060994226 0.7907668352127075 0.19276197254657745 0.20872868597507477 -3.3380324282461515e-08 -3.3380324282461515e-08
163.8095231099423 0.7957673668861389 0.19276197254657745 0.20873752236366272 -3.3380324282461515e-08 -3.3380324282461515e-08
163.98530435994232 0.7981372475624084 0.19276197254657745 0.2087402641773224 -3.3380324282461515e-08 -3.3380324282461515e-08
164.16108560994232 0.8004198670387268 0.19276197254657745 0.2087421715259552 -3.3380324282461515e-08 -3.3380324282461515e-08
164.33686685994235 0.8026140928268433 0.19276197254657745 0.2087433934211731 -3.3380324282461515e-08 -3.3380324282461515e-08
164.51264810994235 0.804729700088501 0.19276197254657745 0.2087441384792328 -3.3380324282461515e-08 -3.3380324282461515e-08
164.68842935994238 0.8067753314971924 0.19276197254657745 0.2087445855140686 -3.3380324282461515e-08 -3.3380324282461515e-08
164.86421060994238 0.8087537884712219 0.19276197254657745 0.2087448388338089 -3.3380324282461515e-08 -3.3380324282461515e-08
165.0399918599424 0.8106629848480225 0.19276197254657745 0.20874497294425964 -3.3380324282461515e-08 -3.3380324282461515e-08
165.2157731099424 0.8125014305114746 0.19276197254657745 0.20874501764774323 -3.3380324282461515e-08 -3.3380324282461515e-08
165.39155435994243 0.8142775893211365 0.19276197254657745 0.20874503254890442 -3.3380324282461515e-08 -3.3380324282461515e-08
165.56733560994243 0.8159942626953125 0.19276197254657745 0.20874503254890442 -3.3380324282461515e-08 -3.3380324282461515e-08
165.74311685994246 0.8176493644714355 0.19276197254657745 0.20874503254890442 -3.3380324282461515e-08 -3.3380324282461515e-08
165.91889810994246 0.8192505836486816 0.19276197254657745 0.20874503254890442 -3.3380324282461515e-08 -3.3380324282461515e-08
166.09467935994246 0.820800244808197 0.19276197254657745 0.20874503254890442 -3.3380324282461515e-08 -3.3380324282461515e-08
166.2704606099425 0.8222962021827698 0.19276197254657745 0.20874503254890442 -3.3380324282461515e-08 -3.3380324282461515e-08
166.4462418599425 0.8237454891204834 0.19276197254657745 0.20874503254890442 -3.3380324282461515e-08 -3.3380324282461515e-08
166.62202310994252 0.8251500129699707 0.19276197254657745 0.20874503254890442 -3.3380324282461515e-08 -3.3380324282461515e-08
166.79780435994252 0.8265035152435303 0.19276197254657745 0.20874503254890442 -3.3380324282461515e-08 -3.3380324282461515e-08
166.97358560994255 0.8278087377548218 0.19276197254657745 0.20874503254890442 -3.3380324282461515e-08 -3.3380324282461515e-08
167.14936685994255 0.8290761709213257 0.19276197254657745 0.20874503254890442 -3.3380324282461515e-08 -3.3380324282461515e-08
167.32514810994257 0.8303070068359375 0.19276197254657745 0.20874503254890442 -3.3380324282461515e-08 -3.3380324282461515e-08
167.6767106099426 0.8326573371887207 0.19276197254657745 0.20874503254890442 -3.3380324282461515e-08 -3.3380324282461515e-08
167.8524918599426 0.8337838649749756 0.19276197254657745 0.20874503254890442 -3.3380324282461515e-08 -3.3380324282461515e-08
168.02827310994263 0.8348723649978638 0.19276197254657745 0.20874503254890442 -3.3380324282461515e-08 -3.3380324282461515e-08
168.20405435994263 0.8359249830245972 0.19276197254657745 0.20874503254890442 -3.3380324282461515e-08 -3.3380324282461515e-08
168.55561685994266 0.8379495739936829 0.19276197254657745 0.20874503254890442 -3.3380324282461515e-08 -3.3380324282461515e-08
168.73139810994266 0.8389164805412292 0.19276197254657745 0.20874503254890442 -3.3380324282461515e-08 -3.3380324282461515e-08
168.9071793599427 0.8398529291152954 0.19276197254657745 0.20874503254890442 -3.3380324282461515e-08 -3.3380324282461515e-08
169.0829606099427 0.840766966342926 0.19276197254657745 0.20874503254890442 -3.3380324282461515e-08 -3.3380324282461515e-08
169.25874185994272 0.8416591286659241 0.19276197254657745 0.20874503254890442 -3.3380324282461515e-08 -3.3380324282461515e-08
169.43452310994272 0.8425237536430359 0.19276197254657745 0.20874503254890442 -3.3380324282461515e-08 -3.3380324282461515e-08
169.61030435994275 0.8433592915534973 0.19276197254657745 0.20874503254890442 -3.3380324282461515e-08 -3.3380324282461515e-08
169.78608560994275 0.8441703915596008 0.19276197254657745 0.20874503254890442 -3.3380324282461515e-08 -3.3380324282461515e-08
169.96186685994277 0.8449639678001404 0.19276197254657745 0.20874503254890442 -3.3380324282461515e-08 -3.3380324282461515e-08
170.13764810994277 0.8457403182983398 0.19276197254657745 0.20874503254890442 -3.3380324282461515e-08 -3.3380324282461515e-08
170.6649918599428 0.8479334115982056 0.19276197254657745 0.20874503254890442 -3.3380324282461515e-08 -3.3380324282461515e-08
170.84077310994283 0.8486297726631165 0.19276197254657745 0.20874503254890442 -3.3380324282461515e-08 -3.3380324282461515e-08
171.01655435994283 0.8493139743804932 0.19276197254657745 0.20874503254890442 -3.3380324282461515e-08 -3.3380324282461515e-08
171.19233560994286 0.8499807119369507 0.19276197254657745 0.20874503254890442 -3.3380324282461515e-08 -3.3380324282461515e-08
172.07124185994292 0.8530722260475159 0.19276197254657745 0.20874503254890442 -3.3380324282461515e-08 -3.3380324282461515e-08
172.24702310994294 0.8536458015441895 0.19276197254657745 0.20874503254890442 -3.3380324282461515e-08 -3.3380324282461515e-08
172.42280435994294 0.8542028665542603 0.19276197254657745 0.20874503254890442 -3.3380324282461515e-08 -3.3380324282461515e-08
172.59858560994297 0.85474693775177 0.19276197254657745 0.20874503254890442 -3.3380324282461515e-08 -3.3380324282461515e-08
173.47749185994303 0.857313334941864 0.19276197254657745 0.20874503254890442 -3.3380324282461515e-08 -3.3380324282461515e-08
173.65327310994303 0.8577876687049866 0.19276197254657745 0.20874503254890442 -3.3380324282461515e-08 -3.3380324282461515e-08
173.82905435994306 0.8582513332366943 0.19276197254657745 0.20874503254890442 -3.3380324282461515e-08 -3.3380324282461515e-08
174.00483560994306 0.8587086200714111 0.19276197254657745 0.20874503254890442 -3.3380324282461515e-08 -3.3380324282461515e-08
175.05952310994314 0.8612605333328247 0.19276197254657745 0.20874503254890442 -3.3380324282461515e-08 -3.3380324282461515e-08
175.23530435994317 0.8616513609886169 0.19276197254657745 0.20874503254890442 -3.3380324282461515e-08 -3.3380324282461515e-08
175.41108560994317 0.8620379567146301 0.19276197254657745 0.20874503254890442 -3.3380324282461515e-08 -3.3380324282461515e-08
175.58686685994317 0.8624207377433777 0.19276197254657745 0.20874503254890442 -3.3380324282461515e-08 -3.3380324282461515e-08
175.7626481099432 0.8627962470054626 0.19276197254657745 0.20874503254890442 -3.3380324282461515e-08 -3.3380324282461515e-08
175.9384293599432 0.8631627559661865 0.19276197254657745 0.20874503254890442 -3.3380324282461515e-08 -3.3380324282461515e-08
177.1688981099433 0.8655323386192322 0.19276197254657745 0.20874503254890442 -3.3380324282461515e-08 -3.3380324282461515e-08
177.3446793599433 0.8658491969108582 0.19276197254657745 0.20874503254890442 -3.3380324282461515e-08 -3.3380324282461515e-08
177.52046060994334 0.8661589622497559 0.19276197254657745 0.20874503254890442 -3.3380324282461515e-08 -3.3380324282461515e-08
177.69624185994334 0.8664618730545044 0.19276197254657745 0.20874503254890442 -3.3380324282461515e-08 -3.3380324282461515e-08
179.62983560994348 0.8694717288017273 0.19276197254657745 0.20874503254890442 -3.3380324282461515e-08 -3.3380324282461515e-08
179.8056168599435 0.8697173595428467 0.19276197254657745 0.20874503254890442 -3.3380324282461515e-08 -3.3380324282461515e-08
179.9813981099435 0.8699591159820557 0.19276197254657745 0.20874503254890442 -3.3380324282461515e-08 -3.3380324282461515e-08
179.99999999999997 0.8699843883514404 0.19276197254657745 0.20874503254890442 -3.3380324282461515e-08 -3.3380324282461515e-08
