time a b c w1 w2
0.0 0.0 0.0 0.0 0.0 0.0
1.757812428601624e-06 1.757988202426422e-23 1.757988202426422e-23 1.0832566022872925 1.757988202426422e-23 1.757988202426422e-23
1.7648476783160305e-06 1.7650242106122693e-23 1.7650242106122693e-23 1.0055341720581055 1.7650242106122693e-23 1.7650242106122693e-23
1.7789181777448437e-06 1.7790960692117828e-23 1.7790960692117828e-23 0.9905999898910522 1.7790960692117828e-23 1.7790960692117828e-23
1.8070591766024704e-06 1.8072399441829907e-23 1.8072399441829907e-23 0.984626293182373 1.8072399441829907e-23 1.8072399441829907e-23
0.00013281055255599797 1.3282383013875093e-21 1.3282383013875093e-21 0.984626293182373 1.3282383013875093e-21 1.3282383013875093e-21
0.00026381985277929004 2.6384624023353322e-21 2.6384624023353322e-21 0.984626293182373 2.6384624023353322e-21 2.6384624023353322e-21
0.0005258384532258742 5.258910200334195e-21 5.258910200334195e-21 0.984626293182373 -5.9402767149663305e-09 -5.9402767149663305e-09
0.001 1.0000999731091105e-20 1.0000999731091105e-20 0.984626293182373 -3.3380178621200685e-08 -3.3380178621200685e-08
29.999999999999996 3.000300019364487e-16 3.000300019364487e-16 0.984626293182373 -3.338031717703416e-08 -3.338031717703416e-08
30.000099999999996 3.0003100778807355e-16 3.0003100778807355e-16 0.984626293182373 -3.3361402529408224e-08 -3.3361402529408224e-08
30.0003 3.0003299302154367e-16 3.0003299302154367e-16 0.984626293182373 -3.334271880817141e-08 -3.334271880817141e-08
30.0007 3.0003698995826353e-16 3.0003698995826353e-16 0.984626293182373 -3.333283515871699e-08 -3.333283515871699e-08
30.00082296345329 1.003219729511784e-08 3.000382340379048e-16 0.984626293182373 -3.0812451257133944e-08 -3.3331549076365263e-08
30.000893956526507 5.448070083957646e-08 3.0003894872195405e-16 0.984626293182373 2.5795429792196956e-08 -3.333114761971956e-08
30.000929690269405 1.2118516679038294e-07 3.000392928290889e-16 0.984626293182373 5.398751667939905e-08 -3.333114761971956e-08
30.00095176275086 1.9598549272359378e-07 3.000395310571053e-16 0.984626293182373 3.1162446845200975e-08 -3.333114761971956e-08
30.000964871578446 2.76459303449883e-07 3.000396369362237e-16 0.984626293182373 1.7468558155542269e-07 -3.333114761971956e-08
30.000975244301618 3.846455456368858e-07 3.000397428153421e-16 0.984626293182373 6.000461212352093e-07 -3.333114761971956e-08
30.00098677149959 5.523061190615408e-07 3.000398751642401e-16 0.984626293182373 1.4154609289107611e-06 -3.333114761971956e-08
30.001 7.811144087099819e-07 3.000400075131381e-16 0.984626293182373 2.6052089197037276e-06 -3.333114761971956e-08
30.175227314834622 0.0036337769124656916 3.01782433694979e-16 0.984626293182373 0.020330339670181274 -3.333114761971956e-08
30.349454629669236 0.007205151952803135 3.0352488634659953e-16 0.984626293182373 0.040463004261255264 -3.333114761971956e-08
30.525235879669236 0.010731935501098633 3.052828767588462e-16 0.984626293182373 0.060532160103321075 -3.333114761971956e-08
30.876798379669236 0.017575431615114212 3.087988575833396e-16 0.984626293182373 0.09999837726354599 -3.333114761971956e-08
31.228360879669232 0.024161186069250107 3.12314838407833e-16 0.984626293182373 0.13863037526607513 -3.333114761971956e-08
31.755704629669232 0.03350527957081795 3.175888096445731e-16 0.984626293182373 0.1948249340057373 -3.333114761971956e-08
32.28304837966923 0.04216033220291138 3.228627544115336e-16 0.984626293182373 0.24871176481246948 -3.333114761971956e-08
32.81039212966923 0.050050489604473114 3.281367256482737e-16 0.984626293182373 0.29997318983078003 -3.333114761971956e-08
33.16195462966923 0.05490781366825104 3.316527064727671e-16 0.984626293182373 0.33272814750671387 -3.333114761971956e-08
33.337735879669225 0.05720563605427742 3.334106968850138e-16 0.984626293182373 0.3486347794532776 -3.333114761971956e-08
33.689298379669225 0.06156601384282112 3.369266777095072e-16 0.984626293182373 0.3795865774154663 -3.333114761971956e-08
34.392423379669225 0.06941413879394531 3.43958639358494e-16 0.984626293182373 0.4382043480873108 -3.333114761971956e-08
34.743985879669225 0.07287247478961945 3.474745937132078e-16 0.984626293182373 0.4656985104084015 -3.333114761971956e-08
35.095548379669225 0.0760362446308136 3.509905745377012e-16 0.984626293182373 0.4920026659965515 -3.333114761971956e-08
35.447110879669225 0.07888756692409515 3.545065553621946e-16 0.984626293182373 0.516999363899231 -3.333114761971956e-08
35.798673379669225 0.08143367618322372 3.58022536186688e-16 0.984626293182373 0.5406731367111206 -3.333114761971956e-08
36.413907754669225 0.0852000042796135 3.6417548939466163e-16 0.984626293182373 0.5789564251899719 -3.333114761971956e-08
37.02914212966922 0.08823646605014801 3.7032844260263527e-16 0.984626293182373 0.6136786341667175 -3.333114761971956e-08
37.38070462966922 0.08964729309082031 3.7384442342712867e-16 0.984626293182373 0.631812572479248 -3.333114761971956e-08
37.73226712966922 0.09084496647119522 3.7736040425162206e-16 0.984626293182373 0.6487410664558411 -3.333114761971956e-08
38.08382962966922 0.0918574184179306 3.8087638507611546e-16 0.984626293182373 0.6645474433898926 -3.333114761971956e-08
38.61117337966922 0.09306733310222626 3.8615035631285556e-16 0.984626293182373 0.686241626739502 -3.333114761971956e-08
38.78695462966922 0.09340859949588776 3.8790832025532265e-16 0.984626293182373 0.6930336356163025 -3.333114761971956e-08
38.96273587966922 0.0937151163816452 3.8966631066756935e-16 0.984626293182373 0.6995643377304077 -3.333114761971956e-08
39.13851712966922 0.09399154037237167 3.9142430107981605e-16 0.984626293182373 0.7058596611022949 -3.333114761971956e-08
39.66586087966922 0.0946543961763382 3.9669827231655615e-16 0.984626293182373 0.7233233451843262 -3.333114761971956e-08
40.19320462966921 0.09509827941656113 4.0197224355329624e-16 0.984626293182373 0.7386684417724609 -3.333114761971956e-08
40.72054837966921 0.09539303183555603 4.0724621479003634e-16 0.984626293182373 0.7522842884063721 -3.333114761971956e-08
41.59945462966921 0.09565939754247665 4.1603614038149023e-16 0.984626293182373 0.7715805172920227 -3.333114761971956e-08
42.47836087966921 0.09576661884784698 4.248260924427237e-16 0.984626293182373 0.7874836325645447 -3.333114761971956e-08
42.82992337966921 0.0957857221364975 4.283420732672171e-16 0.984626293182373 0.7930322885513306 -3.333114761971956e-08
43.181485879669204 0.09579695761203766 4.318580276219309e-16 0.984626293182373 0.7981886267662048 -3.333114761971956e-08
43.708829629669204 0.09580402821302414 4.37131998858671e-16 0.984626293182373 0.8051457405090332 -3.333114761971956e-08
44.060392129669204 0.09580536186695099 4.406479796831644e-16 0.984626293182373 0.8093286156654358 -3.333114761971956e-08
44.411954629669204 0.09580569714307785 4.441639605076578e-16 0.984626293182373 0.813171923160553 -3.333114761971956e-08
45.818204629669204 0.09580572694540024 4.582278838056314e-16 0.984626293182373 0.8262066841125488 -3.333114761971956e-08
47.2244546296692 0.09580572694540024 4.722917541640458e-16 0.984626293182373 0.8360589742660522 -3.333114761971956e-08
48.1033608796692 0.09580572694540024 4.810817326950589e-16 0.984626293182373 0.8410599231719971 -3.333114761971956e-08
48.9822671296692 0.09580572694540024 4.898716582865128e-16 0.984626293182373 0.8453183174133301 -3.333114761971956e-08
49.50961087966919 0.09580572694540024 4.951456030534733e-16 0.984626293182373 0.8476375341415405 -3.333114761971956e-08
49.86117337966919 0.09580572694540024 4.986615838779667e-16 0.984626293182373 0.8490821123123169 -3.333114761971956e-08
50.21273587966919 0.09580572694540024 5.021775647024601e-16 0.984626293182373 0.8504858016967773 -3.333114761971956e-08
50.74007962966919 0.09580572694540024 5.074515624089798e-16 0.984626293182373 0.8524653911590576 -3.333114761971956e-08
51.26742337966919 0.09580572694540024 5.127255071759403e-16 0.984626293182373 0.8542655110359192 -3.333114761971956e-08
51.61898587966919 0.09580572694540024 5.162414880004336e-16 0.984626293182373 0.8553770184516907 -3.333114761971956e-08
52.14632962966919 0.09580572694540024 5.215154327673941e-16 0.984626293182373 0.8569781184196472 -3.333114761971956e-08
53.20101712966918 0.09580572694540024 5.320633752408743e-16 0.984626293182373 0.8598900437355042 -3.333114761971956e-08
54.25570462966918 0.09580572694540024 5.426113177143545e-16 0.984626293182373 0.8623616695404053 -3.333114761971956e-08
54.60726712966918 0.09580572694540024 5.461272985388479e-16 0.984626293182373 0.8631227016448975 -3.333114761971956e-08
55.57406400466918 0.09580572694540024 5.557961796317558e-16 0.984626293182373 0.8650546669960022 -3.333114761971956e-08
56.540860879669175 0.09580572694540024 5.65465166603782e-16 0.984626293182373 0.8667492866516113 -3.333114761971956e-08
57.331876504669175 0.09580572694540024 5.733760837542227e-16 0.984626293182373 0.8679870963096619 -3.333114761971956e-08
58.122892129669175 0.09580572694540024 5.812870538442227e-16 0.984626293182373 0.8691712021827698 -3.333114761971956e-08
58.298673379669175 0.09580572694540024 5.830450177866898e-16 0.984626293182373 0.8694292306900024 -3.333114761971956e-08
58.474454629669175 0.09580572694540024 5.848030346687161e-16 0.984626293182373 0.8696818351745605 -3.333114761971956e-08
58.650235879669175 0.09580572694540024 5.865609986111832e-16 0.984626293182373 0.8699291944503784 -3.333114761971956e-08
59.177579629669175 0.09580572694540024 5.918349963177029e-16 0.984626293182373 0.8706414699554443 -3.333114761971956e-08
59.588789814834584 0.09580572694540024 5.959474471557409e-16 0.984626293182373 0.8711773753166199 -3.333114761971956e-08
59.99999999999999 0.09580572694540024 6.000600038728974e-16 0.984626293182373 0.8717030882835388 -3.333114761971956e-08
60.000099999999996 0.09580572694540024 6.000610097245222e-16 0.984626293182373 0.8717032074928284 -3.333114761971956e-08
60.000299999999996 0.09580572694540024 6.00063021427772e-16 0.984626293182373 0.8717032670974731 -3.333114761971956e-08
60.000699999999995 0.09580572694540024 6.000669918947122e-16 0.984626054763794 0.8717033863067627 -3.333114761971956e-08
60.001000000000005 0.09580572694540024 6.000700094495868e-16 0.9846256375312805 0.8717033267021179 -3.333114761971956e-08
60.00330379720225 0.09580572694540024 8.090703886409756e-06 0.9846065044403076 0.8717033267021179 -3.333114761971956e-08
60.00560759440451 0.09580572694540024 1.618110400158912e-05 0.9845873713493347 0.8717033267021179 -3.333114761971956e-08
60.62280025150165 0.09580572694540024 0.0021779099479317665 0.9781830906867981 0.8717033267021179 -3.333114761971956e-08
61.23999290859879 0.09580572694540024 0.004340121988207102 0.9683544635772705 0.8717033267021179 -3.333114761971956e-08
61.3718288460988 0.09580572694540024 0.004801346454769373 0.9655262231826782 0.8717033267021179 -3.333114761971956e-08
61.5476100960988 0.09580572694540024 0.005424445495009422 0.9613164663314819 0.8717033267021179 -3.333114761971956e-08
62.0749538460988 0.09580572694540024 0.007315845228731632 0.945119321346283 0.8717033267021179 -3.333114761971956e-08
62.6022975960988 0.09580572694540024 0.00920405425131321 0.9224411845207214 0.8717033267021179 -3.333114761971956e-08
62.6682155648488 0.09580572694540024 0.00943432655185461 0.9190428256988525 0.8717033267021179 -3.333114761971956e-08
62.75610618984881 0.09580572694540024 0.009744556620717049 0.9142346382141113 0.8717033267021179 -3.333114761971956e-08
63.1076686898488 0.09580572694540024 0.01099905651062727 0.8931816220283508 0.8717033267021179 -3.333114761971956e-08
63.1296413460988 0.09580572694540024 0.01107756420969963 0.8917585015296936 0.8717033267021179 -3.333114761971956e-08
63.1735866585988 0.09580572694540024 0.011234648525714874 0.888806164264679 0.8717033267021179 -3.333114761971956e-08
63.43725853359881 0.09580572694540024 0.012175383977591991 0.8699415326118469 0.8717033267021179 -3.333114761971956e-08
63.61303978359881 0.09580572694540024 0.01280142366886139 0.8564351797103882 0.8717033267021179 -3.333114761971956e-08
63.78882103359881 0.09580572694540024 0.013426804915070534 0.8421147465705872 0.8717033267021179 -3.333114761971956e-08
63.96460228359881 0.09580572694540024 0.014051645994186401 0.8270237445831299 0.8717033267021179 -3.333114761971956e-08
64.14038353359881 0.09580572694540024 0.01467595249414444 0.8112072944641113 0.8717033267021179 -3.333114761971956e-08
64.31616478359881 0.09580572694540024 0.015299724414944649 0.7947043776512146 0.8717033267021179 -3.333114761971956e-08
64.49194603359881 0.09580572694540024 0.015922967344522476 0.777561366558075 0.8717033267021179 -3.333114761971956e-08
64.66772728359881 0.09580572694540024 0.01654568314552307 0.7598272562026978 0.8717033267021179 -3.333114761971956e-08
64.84350853359881 0.09580572694540024 0.017167873680591583 0.7415431141853333 0.8717033267021179 -3.333114761971956e-08
65.19507103359881 0.09580572694540024 0.018410688266158104 0.7034645080566406 0.8717033267021179 -3.333114761971956e-08
65.37085228359881 0.09580572694540024 0.01903131790459156 0.6837276816368103 0.8717033267021179 -3.333114761971956e-08
65.72241478359881 0.09580572694540024 0.020271025598049164 0.6430809497833252 0.8717033267021179 -3.333114761971956e-08
65.89819603359881 0.09580572694540024 0.02089010737836361 0.6222125887870789 0.8717033267021179 -3.333114761971956e-08
66.07397728359881 0.09580572694540024 0.021508675068616867 0.6010037660598755 0.8717033267021179 -3.333114761971956e-08
66.42553978359881 0.09580572694540024 0.022744275629520416 0.5576827526092529 0.8717033267021179 -3.333114761971956e-08
66.60132103359881 0.09580572694540024 0.023361310362815857 0.5356053709983826 0.8717033267021179 -3.333114761971956e-08
66.95288353359881 0.09580572694540024 0.024593854323029518 0.4907548427581787 0.8717033267021179 -3.333114761971956e-08
67.3044460335988 0.09580572694540024 0.02582436613738537 0.4450644254684448 0.8717033267021179 -3.333114761971956e-08
67.4802272835988 0.09580572694540024 0.026438860222697258 0.4219127595424652 0.8717033267021179 -3.333114761971956e-08
68.0075710335988 0.09580572694540024 0.02827930822968483 0.35140275955200195 0.8717033267021179 -3.333114761971956e-08
68.3591335335988 0.09580572694540024 0.029503749683499336 0.303621768951416 0.8717033267021179 -3.333114761971956e-08
68.7106960335988 0.09580572694540024 0.030726172029972076 0.2553384006023407 0.8717033267021179 -3.333114761971956e-08
69.2380397835988 0.09580572694540024 0.0325562059879303 0.1821746528148651 0.8717033267021179 -3.333114761971956e-08
69.7653835335988 0.09580572694540024 0.03438187390565872 0.1090930700302124 0.8717033267021179 -3.333114761971956e-08
69.9411647835988 0.09580572694540024 0.0349893718957901 0.0856347307562828 0.8717033267021179 -3.333114761971956e-08
70.1169460335988 0.09580572694540024 0.0355963259935379 0.06349314749240875 0.8717033267021179 -3.333114761971956e-08
70.2927272835988 0.09580572694540024 0.03620276600122452 0.04341941326856613 0.8717033267021179 -3.333114761971956e-08
70.4685085335988 0.09580572694540024 0.03680869936943054 0.026140684261918068 0.8717033267021179 -3.333114761971956e-08
70.6442897835988 0.09580572694540024 0.03741414099931717 0.012052512727677822 0.8717033267021179 -3.333114761971956e-08
70.8200710335988 0.09580572694540024 0.03801923990249634 0.0011810102732852101 0.8717033267021179 -3.333114761971956e-08
70.8573980676221 0.09580572694540024 0.038147784769535065 8.905033610062674e-05 0.8717033267021179 -3.333114761971956e-08
70.88875070644869 0.09580572694540024 0.03825584426522255 -3.3386129416612675e-08 0.8717033267021179 -3.333114761971956e-08
76.45657984320115 0.09580572694540024 0.05715873837471008 -3.3386129416612675e-08 0.8717033267021179 -3.333114761971956e-08
82.02440897995359 0.09580572694540024 0.07556162774562836 -3.3386129416612675e-08 0.8717033267021179 -3.333114761971956e-08
82.20019022995359 0.09580572694540024 0.07613455504179001 -3.3386129416612675e-08 0.8717033267021179 -3.333114761971956e-08
82.37597147995359 0.09580572694540024 0.07670699059963226 -3.3386129416612675e-08 0.8717033267021179 -3.333114761971956e-08
82.55175272995359 0.09580572694540024 0.07727892696857452 -3.3386129416612675e-08 0.8717033267021179 -3.333114406700588e-08
89.99999999999999 0.09580572694540024 0.10106197744607925 -3.341863319406002e-08 0.8717033267021179 -3.333114406700588e-08
90.0003 0.09580572694540024 0.10106412321329117 -3.335318154995548e-08 0.8717033267021179 -3.333114406700588e-08
90.00047378572575 0.09580572694540024 0.1010667085647583 -1.6959754489676016e-08 0.8717033267021179 -3.333114406700588e-08
90.00082135717724 0.09580572694540024 0.10107453912496567 6.495919535609573e-08 0.8717033267021179 5.027294491810608e-07
90.00091538071771 0.09580572694540024 0.10107696801424026 8.691660724480244e-08 0.8717033267021179 1.8390682043900597e-06
90.00096558348167 0.09580572694540024 0.10107819736003876 9.154186386695073e-08 0.8717033267021179 4.010816610389156e-06
90.001 0.09580572694540024 0.10107892751693726 9.154186386695073e-08 0.8717033267021179 6.505659257527441e-06
90.06810079989305 0.09580572694540024 0.1023792251944542 9.154186386695073e-08 0.8717033267021179 0.007520464714616537
90.13520159978606 0.09580572694540024 0.10367585718631744 9.154186386695073e-08 0.8717033267021179 0.015022620558738708
90.44518854520491 0.09580572694540024 0.10953175276517868 9.154186386695073e-08 0.8717033267021179 0.04924571141600609
90.79675104520491 0.09580572694540024 0.11591174453496933 9.154186386695073e-08 0.8717033267021179 0.0872054249048233
90.97253229520491 0.09580572694540024 0.11901317536830902 9.154186386695073e-08 0.8717033267021179 0.10589376837015152
91.14831354520491 0.09580572694540024 0.12205938249826431 9.154186386695073e-08 0.8717033267021179 0.12439855188131332
91.49987604520491 0.09580572694540024 0.12794449925422668 9.154186386695073e-08 0.8717033267021179 0.1607135534286499
91.67565729520491 0.09580572694540024 0.13079482316970825 9.154186386695073e-08 0.8717033267021179 0.17855975031852722
91.85143854520491 0.09580572694540024 0.1335868388414383 9.154186386695073e-08 0.8717033267021179 0.19620704650878906
92.02721979520491 0.09580572694540024 0.1363072693347931 9.154186386695073e-08 0.8717033267021179 0.2136082798242569
92.20300104520491 0.09580572694540024 0.1389494389295578 9.154186386695073e-08 0.8717033267021179 0.230738565325737
92.73034479520491 0.09580572694540024 0.14640934765338898 9.154186386695073e-08 0.8717033267021179 0.28048914670944214
93.2576885452049 0.09580572694540024 0.15320831537246704 9.154186386695073e-08 0.8717033267021179 0.3278634548187256
93.7850322952049 0.09580572694540024 0.1593167930841446 9.154186386695073e-08 0.8717033267021179 0.3726743459701538
94.4002666702049 0.09580572694540024 0.16568636894226074 9.154186386695073e-08 0.8717033267021179 0.4220445156097412
95.0155010452049 0.09580572694540024 0.17124570906162262 9.154186386695073e-08 0.8717033267021179 0.46816474199295044
95.3670635452049 0.09580572694540024 0.1740616261959076 9.154186386695073e-08 0.8717033267021179 0.4930136501789093
95.7186260452049 0.09580572694540024 0.1766050159931183 9.154186386695073e-08 0.8717033267021179 0.5166757702827454
96.0701885452049 0.09580572694540024 0.17888246476650238 9.154186386695073e-08 0.8717033267021179 0.539138913154602
96.5975322952049 0.09580572694540024 0.18182189762592316 9.154186386695073e-08 0.8717033267021179 0.5705779194831848
97.1248760452049 0.09580572694540024 0.18430259823799133 9.154186386695073e-08 0.8717033267021179 0.5997219085693359
97.4764385452049 0.09580572694540024 0.18569083511829376 9.154186386695073e-08 0.8717033267021179 0.6177318692207336
97.6522197952049 0.09580572694540024 0.1863076090812683 9.154186386695073e-08 0.8717033267021179 0.6263015866279602
97.8280010452049 0.09580572694540024 0.18687701225280762 9.154186386695073e-08 0.8717033267021179 0.6345927715301514
98.0037822952049 0.09580572694540024 0.18740105628967285 9.154186386695073e-08 0.8717033267021179 0.6426092386245728
98.61901667020489 0.09580572694540024 0.18893103301525116 9.154186386695073e-08 0.8717033267021179 0.6687066555023193
99.2342510452049 0.09580572694540024 0.19004932045936584 9.154186386695073e-08 0.8717033267021179 0.6919060349464417
99.5858135452049 0.09580572694540024 0.19054299592971802 9.154186386695073e-08 0.8717033267021179 0.7040057182312012
99.76159479520489 0.09580572694540024 0.19075369834899902 9.154186386695073e-08 0.8717033267021179 0.7097422480583191
100.11315729520489 0.09580572694540024 0.19111114740371704 9.154186386695073e-08 0.8717033267021179 0.7206082344055176
100.28893854520489 0.09580572694540024 0.1912587583065033 9.154186386695073e-08 0.8717033267021179 0.7257260084152222
100.64050104520489 0.09580572694540024 0.19149991869926453 9.154186386695073e-08 0.8717033267021179 0.7353530526161194
101.2557354202049 0.09580572694540024 0.19178903102874756 9.154186386695073e-08 0.8717033267021179 0.7505027651786804
101.87096979520489 0.09580572694540024 0.1919586956501007 9.154186386695073e-08 0.8717033267021179 0.763738751411438
102.39831354520489 0.09580572694540024 0.19204041361808777 9.154186386695073e-08 0.8717033267021179 0.7737545371055603
102.92565729520489 0.09580572694540024 0.19208481907844543 9.154186386695073e-08 0.8717033267021179 0.782700777053833
103.27721979520489 0.09580572694540024 0.19210322201251984 9.154186386695073e-08 0.8717033267021179 0.7882295846939087
103.80456354520489 0.09580572694540024 0.19211670756340027 9.154186386695073e-08 0.8717033267021179 0.7957236170768738
104.50768854520489 0.09580572694540024 0.19212214648723602 9.154186386695073e-08 0.8717033267021179 0.8045281767845154
105.21081354520489 0.09580572694540024 0.19212262332439423 9.154186386695073e-08 0.8717033267021179 0.8120682239532471
105.56237604520489 0.09580572694540024 0.19212262332439423 9.154186386695073e-08 0.8717033267021179 0.8154096007347107
107.14440729520487 0.09580572694540024 0.19212262332439423 9.154186386695073e-08 0.8717033267021179 0.8282045722007751
108.72643854520487 0.09580572694540024 0.19212262332439423 9.154186386695073e-08 0.8717033267021179 0.8377951383590698
109.42956354520487 0.09580572694540024 0.19212262332439423 9.154186386695073e-08 0.8717033267021179 0.8412923216819763
110.13268854520487 0.09580572694540024 0.19212262332439423 9.154186386695073e-08 0.8717033267021179 0.8444234728813171
110.30846979520487 0.09580572694540024 0.19212262332439423 9.154186386695073e-08 0.8717033267021179 0.8451433181762695
110.48425104520487 0.09580572694540024 0.19212262332439423 9.154186386695073e-08 0.8717033267021179 0.845840573310852
110.66003229520487 0.09580572694540024 0.19212262332439423 9.154186386695073e-08 0.8717033267021179 0.8465213775634766
111.27526667020486 0.09580572694540024 0.19212262332439423 9.154186386695073e-08 0.8717033267021179 0.8488374948501587
111.89050104520487 0.09580572694540024 0.19212262332439423 9.154186386695073e-08 0.8717033267021179 0.8510087728500366
112.41784479520487 0.09580572694540024 0.19212262332439423 9.154186386695073e-08 0.8717033267021179 0.8527572154998779
112.94518854520486 0.09580572694540024 0.19212262332439423 9.154186386695073e-08 0.8717033267021179 0.8543587923049927
113.47253229520486 0.09580572694540024 0.19212262332439423 9.154186386695073e-08 0.8717033267021179 0.8558291792869568
113.99987604520486 0.09580572694540024 0.19212262332439423 9.154186386695073e-08 0.8717033267021179 0.8572075963020325
114.87878229520486 0.09580572694540024 0.19212262332439423 9.154186386695073e-08 0.8717033267021179 0.859390377998352
115.75768854520486 0.09580572694540024 0.19212262332439423 9.154186386695073e-08 0.8717033267021179 0.8613149523735046
116.63659479520486 0.09580572694540024 0.19212262332439423 9.154186386695073e-08 0.8717033267021179 0.8630212545394897
117.16393854520486 0.09580572694540024 0.19212262332439423 9.154186386695073e-08 0.8717033267021179 0.8639841079711914
118.48229792020486 0.09580572694540024 0.19212262332439423 9.154186386695073e-08 0.8717033267021179 0.8661478161811829
119.80065729520484 0.09580572694540024 0.19212262332439423 9.154186386695073e-08 0.8717033267021179 0.8679966330528259
119.99999999999999 0.09580572694540024 0.19212262332439423 9.154186386695073e-08 0.8717033267021179 0.8682547211647034
120.0001 0.09580572694540024 0.19212262332439423 9.154186386695073e-08 0.8717033267021179 0.8682548403739929
120.0003 0.09580572694540024 0.19212262332439423 9.154186386695073e-08 0.8717033267021179 0.8682549595832825
120.0007 0.09580124169588089 0.19212262332439423 9.154186386695073e-08 0.8717033267021179 0.8682550191879272
120.001 0.09579003602266312 0.19212262332439423 9.154186386695073e-08 0.8717033267021179 0.8682550191879272
120.01718886810933 0.09362425655126572 0.19212262332439423 6.49208013783209e-05 0.8717033267021179 0.8682550191879272
120.03337773621865 0.09146828204393387 0.19212262332439423 0.00012973319098819047 0.8717033267021179 0.8682550191879272
120.0657633790884 0.08718805015087128 0.19212262332439423 0.00025933905271813273 0.8717033267021179 0.8682550191879272
120.13053466482789 0.07879802584648132 0.19212262332439423 0.0005183423636481166 0.8717033267021179 0.8682550191879272
120.26007723630686 0.06278524547815323 0.19212262332439423 0.0010356962447986007 0.8717033267021179 0.8682550191879272
120.43585848630686 0.042893968522548676 0.19212262332439423 0.0017424521502107382 0.8717033267021179 0.8682550191879272
120.61163973630686 0.025700539350509644 0.19212262332439423 0.0024656220339238644 0.8717033267021179 0.8682550191879272
120.78742098630686 0.011696988716721535 0.19212262332439423 0.0032055818010121584 0.8717033267021179 0.8682550191879272
120.96320223630686 0.0009662961238063872 0.19212262332439423 0.003949199803173542 0.8717033267021179 0.8682550191879272
120.99836956673192 2.352497358515393e-05 0.19212262332439423 0.0040947492234408855 0.8717033267021179 0.8682550191879272
121.02282382226021 -3.3386164943749463e-08 0.19212262332439423 0.004193068481981754 0.8717033267021179 0.8682550191879272
121.13495007031034 -3.3386164943749463e-08 0.19212262332439423 0.004639387130737305 0.8717033267021179 0.8682550191879272
121.25192980178024 -3.3386164943749463e-08 0.19212262332439423 0.005108887329697609 0.8717033267021179 0.8682550191879272
121.42771105178024 -3.3386164943749463e-08 0.19212262332439423 0.005830681417137384 0.8717033267021179 0.8682550191879272
121.60349230178024 -3.3386164943749463e-08 0.19212262332439423 0.006567907985299826 0.8717033267021179 0.8682550191879272
122.30661730178025 -3.3386164943749463e-08 0.19212262332439423 0.009534347802400589 0.8717033267021179 0.8682550191879272
122.48239855178026 -3.3386164943749463e-08 0.19212262332439423 0.010274330154061317 0.8717033267021179 0.8682550191879272
122.65817980178028 -3.3386164943749463e-08 0.19212262332439423 0.011013651266694069 0.8717033267021179 0.8682550191879272
122.83396105178029 -3.3386164943749463e-08 0.19212262332439423 0.011752309277653694 0.8717033267021179 0.8682550191879272
124.67966417678043 -3.3386164943749463e-08 0.19212262332439423 0.019468264654278755 0.8717033267021179 0.8682550191879272
126.52536730178056 -3.3386164943749463e-08 0.19212262332439423 0.027111269533634186 0.8717033267021179 0.8682550191879272
128.63474230178073 -3.3386164943749463e-08 0.19212262332439423 0.03575684130191803 0.8717033267021179 0.8682550191879272
128.81052355178073 -3.3386164943749463e-08 0.19212262332439423 0.03647300973534584 0.8717033267021179 0.8682550191879272
128.98630480178076 -3.3386164943749463e-08 0.19212262332439423 0.037188515067100525 0.8717033267021179 0.8682550191879272
129.16208605178076 -3.3386164943749463e-08 0.19212262332439423 0.03790336102247238 0.8717033267021179 0.8682550191879272
134.9628673017812 -3.3386164943749463e-08 0.19212262332439423 0.06112285703420639 0.8717033267021179 0.8682550191879272
135.13864855178122 -3.3386164943749463e-08 0.19212262332439423 0.06181526929140091 0.8717033267021179 0.8682550191879272
135.31442980178122 -3.3386164943749463e-08 0.19212262332439423 0.0625070184469223 0.8717033267021179 0.8682550191879272
135.49021105178124 -3.3386164943749463e-08 0.19212262332439423 0.06319811195135117 0.8717033267021179 0.8682550191879272
141.29099230178167 -3.3386164943749463e-08 0.19212262332439423 0.08563533425331116 0.8717033267021179 0.8682550191879272
141.4667735517817 -3.3386164943749463e-08 0.19212262332439423 0.08630409091711044 0.8717033267021179 0.8682550191879272
141.6425548017817 -3.3386164943749463e-08 0.19212262332439423 0.0869721993803978 0.8717033267021179 0.8682550191879272
141.81833605178173 -3.3386164943749463e-08 0.19212262332439423 0.08763964474201202 0.8717033267021179 0.8682550191879272
147.26755480178213 -3.3386164943749463e-08 0.19212262332439423 0.10800651460886002 0.8717033267021179 0.8682550191879272
147.44333605178213 -3.3386164943749463e-08 0.19212262332439423 0.10865308344364166 0.8717033267021179 0.8682550191879272
147.61911730178215 -3.3386164943749463e-08 0.19212262332439423 0.10929900407791138 0.8717033267021179 0.8682550191879272
147.79489855178215 -3.3386164943749463e-08 0.19212262332439423 0.10994426906108856 0.8717033267021179 0.8682550191879272
150.0 -3.3339684790689716e-08 0.19212262332439423 0.11798414587974548 0.8717033267021179 0.8682550191879272
150.0001 -3.3349405015314915e-08 0.19212262332439423 0.11798577755689621 0.8717033267021179 0.8682550191879272
150.0003 -3.332973008696172e-08 0.19212262332439423 0.11798891425132751 0.8717033267021179 0.868255078792572
150.0007 -3.325873265680457e-08 0.19212262332439423 0.11799068748950958 0.8717027306556702 0.8682551980018616
150.0008229639687 -3.227284395279639e-08 0.19212262332439423 0.11799125373363495 0.8717013597488403 0.8682547211647034
150.00092967207146 1.7222780002157378e-07 0.19212262332439423 0.11799369007349014 0.8716985583305359 0.8682531714439392
150.00095160454276 5.098277142678853e-07 0.19212262332439423 0.11799423396587372 0.8716977834701538 0.8682526350021362
150.00097179274042 1.2044030199831468e-06 0.19212262332439423 0.11799468845129013 0.8716970086097717 0.8682519793510437
150.00098933530856 2.2582653400604613e-06 0.19212262332439423 0.11799505352973938 0.8716963529586792 0.868251383304596
150.001 3.1622125788999256e-06 0.19212262332439423 0.11799526959657669 0.8716959357261658 0.8682509660720825
150.00881484526508 0.000873044366016984 0.19212262332439423 0.11814508587121964 0.8713811635971069 0.8679362535476685
150.01662969053012 0.0017427541315555573 0.19212262332439423 0.1182948499917984 0.8710644245147705 0.867619514465332
150.06352448658293 0.0069617158733308315 0.19212262332439423 0.11919357627630234 0.8691386580467224 0.8656937479972839
150.12605088132 0.013887514360249043 0.19212262332439423 0.12038172781467438 0.8665211200714111 0.8630762100219727
150.25110367079415 0.027637891471385956 0.19212262332439423 0.12272686511278152 0.8611247539520264 0.8576798439025879
150.42688492079418 0.046790990978479385 0.19212262332439423 0.12596960365772247 0.8532047271728516 0.8497597575187683
150.60266617079418 0.065736323595047 0.19212262332439423 0.12914901971817017 0.844875693321228 0.8414307236671448
150.9542286707942 0.10297401994466782 0.19212262332439423 0.13531021773815155 0.8268805742263794 0.8234356045722961
151.1300099207942 0.12127654999494553 0.19212262332439423 0.13829590380191803 0.8172279000282288 0.8137829303741455
151.30579117079424 0.13934201002120972 0.19212262332439423 0.1412111222743988 0.8071538209915161 0.8037088513374329
151.48157242079424 0.15715651214122772 0.19212262332439423 0.14405226707458496 0.796637237071991 0.7931922674179077
151.65735367079427 0.1747278869152069 0.19212262332439423 0.14682213962078094 0.7856448292732239 0.7821998596191406
151.83313492079427 0.19207456707954407 0.19212262332439423 0.1495266705751419 0.7741638422012329 0.7707188725471497
152.0089161707943 0.2091929018497467 0.19212262332439423 0.15216535329818726 0.7622262835502625 0.7587813138961792
152.1846974207943 0.22606854140758514 0.19212262332439423 0.1547345519065857 0.7498787641525269 0.7464337944984436
152.36047867079432 0.2427091896533966 0.19212262332439423 0.1572369933128357 0.7371378540992737 0.7336928844451904
152.53625992079432 0.2591111958026886 0.19212262332439423 0.1596723049879074 0.7239875197410583 0.7205425500869751
152.71204117079435 0.2752492427825928 0.19212262332439423 0.16203400492668152 0.7104102969169617 0.7069653868675232
152.88782242079435 0.2911204993724823 0.19212262332439423 0.16432197391986847 0.6963998079299927 0.6929548978805542
153.06360367079435 0.30674389004707336 0.19212262332439423 0.16654206812381744 0.68196040391922 0.6785154938697815
153.23938492079438 0.32211586833000183 0.19212262332439423 0.16869410872459412 0.6671385765075684 0.6636936068534851
153.41516617079438 0.33722230792045593 0.19212262332439423 0.17077496647834778 0.6519820094108582 0.6485370993614197
153.5909474207944 0.3520713448524475 0.19212262332439423 0.17278748750686646 0.6364768147468567 0.6330319046974182
153.7667286707944 0.3666706681251526 0.19212262332439423 0.17473450303077698 0.6205973029136658 0.6171523928642273
153.94250992079444 0.38101696968078613 0.19212262332439423 0.1766158640384674 0.6043384671211243 0.600893497467041
154.11829117079444 0.3950962424278259 0.19212262332439423 0.1784287840127945 0.5877149105072021 0.5842700004577637
154.29407242079446 0.4088951051235199 0.19212262332439423 0.1801706850528717 0.5707703232765198 0.5673254132270813
154.46985367079446 0.42242231965065 0.19212262332439423 0.18184463679790497 0.5535198450088501 0.5500749349594116
154.6456349207945 0.4357074797153473 0.19212262332439423 0.18345879018306732 0.5359582304954529 0.5325132608413696
154.8214161707945 0.44878989458084106 0.19212262332439423 0.18502338230609894 0.5181169509887695 0.5146719813346863
155.17297867079452 0.4742451310157776 0.19212262332439423 0.18798263370990753 0.4817012846469879 0.47825634479522705
155.34875992079452 0.4865490794181824 0.19212262332439423 0.18936243653297424 0.4631330966949463 0.4596881568431854
155.52454117079455 0.49857574701309204 0.19212262332439423 0.19067829847335815 0.44429877400398254 0.4408538341522217
155.70032242079455 0.5103236436843872 0.19212262332439423 0.19193096458911896 0.42520028352737427 0.4217553436756134
155.87610367079458 0.5217915773391724 0.19212262332439423 0.1931212693452835 0.4058653712272644 0.4024204611778259
156.05188492079458 0.5329787731170654 0.19212262332439423 0.1942501813173294 0.38630467653274536 0.3828597664833069
156.2276661707946 0.5438850522041321 0.19212262332439423 0.195318803191185 0.3665117621421814 0.3630669116973877
156.4034474207946 0.5545105338096619 0.19212262332439423 0.19632837176322937 0.3464882969856262 0.3430434465408325
156.57922867079463 0.5648553967475891 0.19212262332439423 0.197280153632164 0.3262513279914856 0.32280659675598145
156.75500992079463 0.5749202370643616 0.19212262332439423 0.1981755495071411 0.3058326840400696 0.30238816142082214
156.93079117079466 0.5847061276435852 0.19212262332439423 0.1990160048007965 0.2852563261985779 0.2818121910095215
157.10657242079466 0.5942145586013794 0.19212262332439423 0.19980314373970032 0.26451626420021057 0.2610728144645691
157.2823536707947 0.6034473180770874 0.19212262332439423 0.20053860545158386 0.24361449480056763 0.24017232656478882
157.4581349207947 0.6124165058135986 0.19212262332439423 0.20122584700584412 0.22258439660072327 0.21914465725421906
157.63391617079472 0.6211338043212891 0.19212262332439423 0.20186826586723328 0.2014421820640564 0.19800706207752228
157.80969742079472 0.6295912861824036 0.19212262332439423 0.2024657428264618 0.1801840215921402 0.17675764858722687
157.98547867079472 0.6377821564674377 0.19212262332439423 0.20301838219165802 0.15883725881576538 0.15542744100093842
158.16125992079475 0.6457105278968811 0.19212262332439423 0.20352822542190552 0.13747486472129822 0.13409611582756042
158.33704117079475 0.6533803939819336 0.19212262332439423 0.20399728417396545 0.1162259578704834 0.11290434747934341
158.51282242079478 0.6607961654663086 0.19212262332439423 0.20442761480808258 0.09531339257955551 0.09209302812814713
158.68860367079478 0.6679717302322388 0.19212262332439423 0.20482251048088074 0.07509611546993256 0.07204407453536987
158.8643849207948 0.6749203205108643 0.19212262332439423 0.2051851749420166 0.05608835071325302 0.0532907135784626
159.0401661707948 0.6816368103027344 0.19212262332439423 0.20551612973213196 0.038895703852176666 0.03643752261996269
159.21594742079483 0.6881174445152283 0.19212262332439423 0.20581606030464172 0.024032503366470337 0.021967492997646332
159.39172867079483 0.6943682432174683 0.19212262332439423 0.20608702301979065 0.01172558031976223 0.010056083090603352
159.56750992079486 0.7004386782646179 0.19212262332439423 0.20633597671985626 0.0015745913842692971 0.0007893763831816614
159.60187096554387 0.701600968837738 0.19212262332439423 0.20638175308704376 0.00015256553888320923 3.949298843508586e-06
159.61206066785033 0.7019419074058533 0.19212262332439423 0.20639489591121674 -3.3380324282461515e-08 -3.3380320729747837e-08
159.6828304411724 0.7042906284332275 0.19212262332439423 0.20648400485515594 -3.3380324282461515e-08 -3.3380320729747837e-08
159.75360021449447 0.706597089767456 0.19212262332439423 0.20656843483448029 -3.3380324282461515e-08 -3.3380320729747837e-08
159.894913842031 0.7110987305641174 0.19212262332439423 0.2067258358001709 -3.3380324282461515e-08 -3.3380320729747837e-08
160.070695092031 0.7165374755859375 0.19212262332439423 0.20690488815307617 -3.3380324282461515e-08 -3.3380324282461515e-08
160.246476342031 0.7217888832092285 0.19212262332439423 0.20706528425216675 -3.3380324282461515e-08 -3.3380324282461515e-08
160.42225759203103 0.726845383644104 0.19212262332439423 0.20720717310905457 -3.3380324282461515e-08 -3.3380324282461515e-08
160.59803884203103 0.7317126989364624 0.19212262332439423 0.20733213424682617 -3.3380324282461515e-08 -3.3380324282461515e-08
160.94960134203106 0.7409055233001709 0.19212262332439423 0.20753732323646545 -3.3380324282461515e-08 -3.3380324282461515e-08
161.47694509203112 0.7534352540969849 0.19212262332439423 0.20775380730628967 -3.3380324282461515e-08 -3.3380324282461515e-08
161.82850759203114 0.761020839214325 0.19212262332439423 0.20785126090049744 -3.3380324282461515e-08 -3.3380324282461515e-08
162.18007009203117 0.7680476307868958 0.19212262332439423 0.207920640707016 -3.3380324282461515e-08 -3.3380324282461515e-08
162.35585134203117 0.7713655829429626 0.19212262332439423 0.20794689655303955 -3.3380324282461515e-08 -3.3380324282461515e-08
162.53163259203117 0.7745603919029236 0.19212262332439423 0.20796853303909302 -3.3380324282461515e-08 -3.3380324282461515e-08
162.7074138420312 0.777637243270874 0.19212262332439423 0.20798619091510773 -3.3380324282461515e-08 -3.3380324282461515e-08
162.8831950920312 0.7806012630462646 0.19212262332439423 0.20800045132637024 -3.3380324282461515e-08 -3.3380324282461515e-08
163.23475759203123 0.7862096428871155 0.19212262332439423 0.20802076160907745 -3.3380324282461515e-08 -3.3380324282461515e-08
163.41053884203126 0.7888632416725159 0.19212262332439423 0.2080277055501938 -3.3380324282461515e-08 -3.3380324282461515e-08
163.7621013420313 0.7938908338546753 0.19212262332439423 0.20803692936897278 -3.3380324282461515e-08 -3.3380324282461515e-08
163.9378825920313 0.7962729334831238 0.19212262332439423 0.208039790391922 -3.3380324282461515e-08 -3.3380324282461515e-08
164.11366384203131 0.798566997051239 0.19212262332439423 0.20804180204868317 -3.3380324282461515e-08 -3.3380324282461515e-08
164.28944509203131 0.8007718920707703 0.19212262332439423 0.20804309844970703 -3.3380324282461515e-08 -3.3380324282461515e-08
164.46522634203134 0.8028974533081055 0.19212262332439423 0.2080439031124115 -3.3380324282461515e-08 -3.3380324282461515e-08
164.64100759203134 0.8049524426460266 0.19212262332439423 0.2080443799495697 -3.3380324282461515e-08 -3.3380324282461515e-08
164.81678884203137 0.8069396018981934 0.19212262332439423 0.20804466307163239 -3.3380324282461515e-08 -3.3380324282461515e-08
164.99257009203137 0.8088569045066833 0.19212262332439423 0.20804479718208313 -3.3380324282461515e-08 -3.3380324282461515e-08
165.16835134203137 0.810702919960022 0.19212262332439423 0.2080448418855667 -3.3380324282461515e-08 -3.3380324282461515e-08
165.3441325920314 0.8124861121177673 0.19212262332439423 0.2080448567867279 -3.3380324282461515e-08 -3.3380324282461515e-08
165.5199138420314 0.8142093420028687 0.19212262332439423 0.2080448567867279 -3.3380324282461515e-08 -3.3380324282461515e-08
165.69569509203143 0.8158705234527588 0.19212262332439423 0.2080448567867279 -3.3380324282461515e-08 -3.3380324282461515e-08
165.87147634203143 0.8174774050712585 0.19212262332439423 0.2080448567867279 -3.3380324282461515e-08 -3.3380324282461515e-08
166.04725759203146 0.8190323710441589 0.19212262332439423 0.2080448567867279 -3.3380324282461515e-08 -3.3380324282461515e-08
166.22303884203146 0.8205332159996033 0.19212262332439423 0.2080448567867279 -3.3380324282461515e-08 -3.3380324282461515e-08
166.39882009203149 0.8219870328903198 0.19212262332439423 0.2080448567867279 -3.3380324282461515e-08 -3.3380324282461515e-08
166.57460134203149 0.823395848274231 0.19212262332439423 0.2080448567867279 -3.3380324282461515e-08 -3.3380324282461515e-08
166.7503825920315 0.8247532844543457 0.19212262332439423 0.2080448567867279 -3.3380324282461515e-08 -3.3380324282461515e-08
166.9261638420315 0.8260621428489685 0.19212262332439423 0.2080448567867279 -3.3380324282461515e-08 -3.3380324282461515e-08
167.10194509203154 0.8273329138755798 0.19212262332439423 0.2080448567867279 -3.3380324282461515e-08 -3.3380324282461515e-08
167.27772634203154 0.8285669088363647 0.19212262332439423 0.2080448567867279 -3.3380324282461515e-08 -3.3380324282461515e-08
167.62928884203157 0.8309227824211121 0.19212262332439423 0.2080448567867279 -3.3380324282461515e-08 -3.3380324282461515e-08
167.80507009203157 0.8320518136024475 0.19212262332439423 0.2080448567867279 -3.3380324282461515e-08 -3.3380324282461515e-08
167.9808513420316 0.8331425786018372 0.19212262332439423 0.2080448567867279 -3.3380324282461515e-08 -3.3380324282461515e-08
168.1566325920316 0.8341972827911377 0.19212262332439423 0.2080448567867279 -3.3380324282461515e-08 -3.3380324282461515e-08
168.50819509203163 0.8362256288528442 0.19212262332439423 0.2080448567867279 -3.3380324282461515e-08 -3.3380324282461515e-08
168.68397634203166 0.8371941447257996 0.19212262332439423 0.2080448567867279 -3.3380324282461515e-08 -3.3380324282461515e-08
168.85975759203166 0.8381320834159851 0.19212262332439423 0.2080448567867279 -3.3380324282461515e-08 -3.3380324282461515e-08
169.03553884203168 0.8390474915504456 0.19212262332439423 0.2080448567867279 -3.3380324282461515e-08 -3.3380324282461515e-08
169.21132009203168 0.8399409055709839 0.19212262332439423 0.2080448567867279 -3.3380324282461515e-08 -3.3380324282461515e-08
169.3871013420317 0.8408066630363464 0.19212262332439423 0.2080448567867279 -3.3380324282461515e-08 -3.3380324282461515e-08
169.5628825920317 0.841643214225769 0.19212262332439423 0.2080448567867279 -3.3380324282461515e-08 -3.3380324282461515e-08
169.7386638420317 0.842455267906189 0.19212262332439423 0.2080448567867279 -3.3380324282461515e-08 -3.3380324282461515e-08
169.91444509203174 0.8432496786117554 0.19212262332439423 0.2080448567867279 -3.3380324282461515e-08 -3.3380324282461515e-08
170.09022634203174 0.8440268039703369 0.19212262332439423 0.2080448567867279 -3.3380324282461515e-08 -3.3380324282461515e-08
170.6175700920318 0.8462217450141907 0.19212262332439423 0.2080448567867279 -3.3380324282461515e-08 -3.3380324282461515e-08
170.7933513420318 0.8469185829162598 0.19212262332439423 0.2080448567867279 -3.3380324282461515e-08 -3.3380324282461515e-08
170.96913259203183 0.8476032018661499 0.19212262332439423 0.2080448567867279 -3.3380324282461515e-08 -3.3380324282461515e-08
171.14491384203183 0.8482703566551208 0.19212262332439423 0.2080448567867279 -3.3380324282461515e-08 -3.3380324282461515e-08
172.0238200920319 0.851362943649292 0.19212262332439423 0.2080448567867279 -3.3380324282461515e-08 -3.3380324282461515e-08
172.1996013420319 0.8519365787506104 0.19212262332439423 0.2080448567867279 -3.3380324282461515e-08 -3.3380324282461515e-08
172.3753825920319 0.8524937033653259 0.19212262332439423 0.2080448567867279 -3.3380324282461515e-08 -3.3380324282461515e-08
172.55116384203194 0.8530377745628357 0.19212262332439423 0.2080448567867279 -3.3380324282461515e-08 -3.3380324282461515e-08
173.430070092032 0.8556038737297058 0.19212262332439423 0.2080448567867279 -3.3380324282461515e-08 -3.3380324282461515e-08
173.60585134203203 0.8560780882835388 0.19212262332439423 0.2080448567867279 -3.3380324282461515e-08 -3.3380324282461515e-08
173.78163259203203 0.8565415143966675 0.19212262332439423 0.2080448567867279 -3.3380324282461515e-08 -3.3380324282461515e-08
173.95741384203205 0.8569986820220947 0.19212262332439423 0.2080448567867279 -3.3380324282461515e-08 -3.3380324282461515e-08
175.0121013420321 0.8595492839813232 0.19212262332439423 0.2080448567867279 -3.3380324282461515e-08 -3.3380324282461515e-08
175.18788259203214 0.8599398136138916 0.19212262332439423 0.2080448567867279 -3.3380324282461515e-08 -3.3380324282461515e-08
175.36366384203214 0.8603261709213257 0.19212262332439423 0.2080448567867279 -3.3380324282461515e-08 -3.3380324282461515e-08
175.53944509203217 0.8607085943222046 0.19212262332439423 0.2080448567867279 -3.3380324282461515e-08 -3.3380324282461515e-08
175.71522634203217 0.8610838651657104 0.19212262332439423 0.2080448567867279 -3.3380324282461515e-08 -3.3380324282461515e-08
175.8910075920322 0.8614500761032104 0.19212262332439423 0.2080448567867279 -3.3380324282461515e-08 -3.3380324282461515e-08
177.12147634203228 0.8638172745704651 0.19212262332439423 0.2080448567867279 -3.3380324282461515e-08 -3.3380324282461515e-08
177.29725759203228 0.8641338348388672 0.19212262332439423 0.2080448567867279 -3.3380324282461515e-08 -3.3380324282461515e-08
177.4730388420323 0.8644432425498962 0.19212262332439423 0.2080448567867279 -3.3380324282461515e-08 -3.3380324282461515e-08
177.6488200920323 0.8647457957267761 0.19212262332439423 0.2080448567867279 -3.3380324282461515e-08 -3.3380324282461515e-08
179.58241384203245 0.8677515983581543 0.19212262332439423 0.2080448567867279 -3.3380324282461515e-08 -3.3380324282461515e-08
179.75819509203248 0.867996871471405 0.19212262332439423 0.2080448567867279 -3.3380324282461515e-08 -3.3380324282461515e-08
179.93397634203248 0.8682382702827454 0.19212262332439423 0.2080448567867279 -3.3380324282461515e-08 -3.3380324282461515e-08
179.99999999999997 0.8683282136917114 0.19212262332439423 0.2080448567867279 -3.3380324282461515e-08 -3.3380324282461515e-08
