time a b c w1
0.0 0.0 0.0 0.0 0.0
2.34374997708231e-06 2.34398437508335e-23 2.34398437508335e-23 1.0801570415496826 2.34398437508335e-23
2.3531289769906394e-06 2.35336424679079e-23 2.35336424679079e-23 1.0037916898727417 2.35336424679079e-23
2.3718869768072985e-06 2.372124147977851e-23 2.372124147977851e-23 0.9922298789024353 2.372124147977851e-23
2.449126245505041e-06 2.449371143311084e-23 2.449371143311084e-23 0.9876051545143127 2.449371143311084e-23
0.00019360463173130613 1.9362399824984054e-21 1.9362399824984054e-21 0.9876051545143127 1.9362399824984054e-21
0.00038480681743822704 3.8484529531415596e-21 3.8484529531415596e-21 0.9876051545143127 -5.559413818190251e-09
0.0007672111888520689 7.672878894427868e-21 7.672878894427868e-21 0.9876051545143127 -2.7054509743607014e-08
0.001 1.0000999731091105e-20 1.0000999731091105e-20 0.9876051545143127 -3.3385653352979716e-08
29.999999999999996 3.000300019364487e-16 3.000300019364487e-16 0.9876051545143127 -3.3385479270009455e-08
30.000099999999996 3.0003100778807355e-16 3.0003100778807355e-16 0.9876051545143127 -3.33644898375951e-08
30.0003 3.0003299302154367e-16 3.0003299302154367e-16 0.9876051545143127 -3.334375264785194e-08
30.0007 3.0003698995826353e-16 3.0003698995826353e-16 0.9876051545143127 -3.333278186801181e-08
30.00082296344164 6.776013083964472e-09 3.000382340379048e-16 0.9876051545143127 -3.2014035866723134e-08
30.00089395652718 3.912671431294257e-08 3.0003894872195405e-16 0.9876051545143127 1.3106329355139223e-08
30.000929676845868 1.0351331525271235e-07 3.000392928290889e-16 0.9876051545143127 1.7478387803748774e-07
30.000951654672107 1.9994436684100947e-07 3.000395045873257e-16 0.9876051545143127 5.123379196447786e-07
30.000972243292313 3.6052549035048287e-07 3.000397163455625e-16 0.9876051545143127 1.2172195056336932e-06
30.000990289859363 5.682891242031474e-07 3.000399016340197e-16 0.9876051545143127 2.2813417217548704e-06
30.001 7.115532412171888e-07 3.000400075131381e-16 0.9876051545143127 3.084263880737126e-06
30.064334838274586 0.0011260523460805416 3.0067340286922713e-16 0.9876051545143127 0.006762712262570858
30.127669676549168 0.0022413425613194704 3.0130682469509573e-16 0.9876051545143127 0.01348909456282854
30.2543412859537 0.004442962817847729 3.0257366834683295e-16 0.9876051545143127 0.02684580348432064
30.4887162859537 0.008438561111688614 3.04917646739902e-16 0.9876051545143127 0.051298968493938446
30.7230912859537 0.01233490277081728 3.0726162513297108e-16 0.9876051545143127 0.07541823387145996
30.957466285953696 0.016118248924613 3.0960562999581974e-16 0.9876051545143127 0.09915433824062347
31.191841285953696 0.019788095727562904 3.119496083888888e-16 0.9876051545143127 0.12250228226184845
31.66059128595369 0.02678523398935795 3.1663756517502693e-16 0.9876051545143127 0.1680120825767517
31.894966285953686 0.030111463740468025 3.189815700378756e-16 0.9876051545143127 0.19016213715076447
32.129341285953686 0.03332240879535675 3.2132554843094466e-16 0.9876051545143127 0.21190206706523895
32.36371628595368 0.03641809895634651 3.2366952682401373e-16 0.9876051545143127 0.23322796821594238
32.59809128595368 0.0393981859087944 3.260135052170828e-16 0.9876051545143127 0.25413334369659424
32.83246628595368 0.04226203262805939 3.2835748361015186e-16 0.9876051545143127 0.2746092975139618
33.06684128595367 0.04500976949930191 3.307014884730005e-16 0.9876051545143127 0.2946507930755615
33.535591285953664 0.05015956982970238 3.3538944525913865e-16 0.9876051545143127 0.33341923356056213
33.769966285953664 0.052562519907951355 3.377334236522077e-16 0.9876051545143127 0.35213637351989746
34.004341285953664 0.05485168844461441 3.400774285150564e-16 0.9876051545143127 0.3704022765159607
34.23871628595366 0.057027965784072876 3.4242140690812545e-16 0.9876051545143127 0.38821253180503845
34.47309128595366 0.05909270420670509 3.447653853011945e-16 0.9876051545143127 0.4055652320384979
34.70746628595365 0.06104745715856552 3.4710936369426358e-16 0.9876051545143127 0.42245882749557495
34.94184128595365 0.06289386004209518 3.4945334208733264e-16 0.9876051545143127 0.4388914406299591
35.17621628595365 0.06463377177715302 3.517973469501813e-16 0.9876051545143127 0.4548617899417877
35.41059128595364 0.06626932322978973 3.5414132534325037e-16 0.9876051545143127 0.4703700542449951
35.64496628595364 0.06780284643173218 3.5648530373631943e-16 0.9876051545143127 0.485417902469635
35.87934128595364 0.06923677772283554 3.588292821293885e-16 0.9876051545143127 0.5000050663948059
36.113716285953636 0.07057373225688934 3.6117328699223716e-16 0.9876051545143127 0.5141304135322571
36.348091285953636 0.07181667536497116 3.6351726538530623e-16 0.9876051545143127 0.5277962684631348
36.58246628595363 0.07296877354383469 3.658612437783753e-16 0.9876051545143127 0.5410057306289673
36.81684128595363 0.07403334975242615 3.6820522217144436e-16 0.9876051545143127 0.5537618398666382
37.05121628595363 0.07501388341188431 3.70549227034293e-16 0.9876051545143127 0.5660699605941772
37.28559128595362 0.07591399550437927 3.728932054273621e-16 0.9876051545143127 0.5779362916946411
37.51996628595362 0.07673732936382294 3.7523718382043115e-16 0.9876051545143127 0.5893673896789551
37.754341285953615 0.07748755812644958 3.775811622135002e-16 0.9876051545143127 0.600371241569519
37.988716285953615 0.07816852629184723 3.799251406065693e-16 0.9876051545143127 0.610954999923706
38.223091285953615 0.07878437638282776 3.8226914546941795e-16 0.9876051545143127 0.6211252212524414
38.45746628595361 0.0793394148349762 3.84613123862487e-16 0.9876051545143127 0.6308894157409668
38.69184128595361 0.07983753085136414 3.8695710225555608e-16 0.9876051545143127 0.6402575969696045
39.1605912859536 0.08067796379327774 3.916450855114738e-16 0.9876051545143127 0.6578495502471924
39.3949662859536 0.0810282826423645 3.9398906390454287e-16 0.9876051545143127 0.6660934686660767
39.62934128595359 0.08133693039417267 3.9633304229761193e-16 0.9876051545143127 0.6739841103553772
39.86371628595359 0.08160729706287384 3.98677020690681e-16 0.9876051545143127 0.6815334558486938
40.332466285953586 0.08204667270183563 4.0336500394659873e-16 0.9876051545143127 0.6956545114517212
40.566841285953586 0.08222255110740662 4.057089823396678e-16 0.9876051545143127 0.7022488713264465
40.80121628595358 0.08237309008836746 4.0805296073273686e-16 0.9876051545143127 0.7085482478141785
41.03559128595358 0.08250085264444351 4.103969391258059e-16 0.9876051545143127 0.7145646214485168
41.26996628595358 0.08260862529277802 4.127409439886546e-16 0.9876051545143127 0.7203093767166138
41.50434128595357 0.0826990082859993 4.1508492238172365e-16 0.9876051545143127 0.7257937788963318
41.73871628595357 0.08277412503957748 4.174289007747927e-16 0.9876051545143127 0.731029212474823
41.973091285953565 0.08283590525388718 4.197728791678618e-16 0.9876051545143127 0.7360267639160156
42.207466285953565 0.08288618922233582 4.2211685756093085e-16 0.9876051545143127 0.7407971024513245
42.441841285953565 0.0829266607761383 4.244608624237795e-16 0.9876051545143127 0.7453507781028748
42.91059128595356 0.08298399299383163 4.2914881920991764e-16 0.9876051545143127 0.7538483142852783
43.14496628595355 0.08300340175628662 4.314927976029867e-16 0.9876051545143127 0.7578115463256836
43.37934128595355 0.08301807194948196 4.3383680246583537e-16 0.9876051545143127 0.7615966200828552
43.61371628595355 0.08302891999483109 4.3618078085890443e-16 0.9876051545143127 0.7652124166488647
43.848091285953544 0.08303673565387726 4.385247592519735e-16 0.9876051545143127 0.7686673402786255
44.082466285953544 0.0830421969294548 4.4086873764504256e-16 0.9876051545143127 0.7719694375991821
45.01996628595353 0.08305026590824127 4.50244704156878e-16 0.9876051545143127 0.7837976217269897
45.25434128595353 0.08305062353610992 4.525886560801675e-16 0.9876051545143127 0.7864438891410828
45.48871628595353 0.08305075764656067 4.549326609430162e-16 0.9876051545143127 0.7889783382415771
45.72309128595352 0.08305078744888306 4.572766128663056e-16 0.9876051545143127 0.7914066314697266
45.95746628595352 0.08305079489946365 4.596206177291543e-16 0.9876051545143127 0.7937343716621399
46.191841285953515 0.08305079489946365 4.619646225920029e-16 0.9876051545143127 0.7959665060043335
46.426216285953515 0.08305079489946365 4.643085745152924e-16 0.9876051545143127 0.7981078624725342
46.660591285953515 0.08305079489946365 4.666525793781411e-16 0.9876051545143127 0.8001630306243896
47.12934128595351 0.08305079489946365 4.713405361642792e-16 0.9876051545143127 0.8040319681167603
47.3637162859535 0.08305079489946365 4.736845410271279e-16 0.9876051545143127 0.8058539032936096
47.5980912859535 0.08305079489946365 4.760284929504173e-16 0.9876051545143127 0.8076058626174927
47.8324662859535 0.08305079489946365 4.78372497813266e-16 0.9876051545143127 0.8092911243438721
48.53559128595349 0.08305079489946365 4.854044594622528e-16 0.9876051545143127 0.8139787316322327
48.76996628595349 0.08305079489946365 4.877484113855423e-16 0.9876051545143127 0.8154284358024597
49.00434128595349 0.08305079489946365 4.900924162483909e-16 0.9876051545143127 0.8168262839317322
49.23871628595348 0.08305079489946365 4.924364211112396e-16 0.9876051545143127 0.8181747198104858
49.47309128595348 0.08305079489946365 4.9478037303452905e-16 0.9876051545143127 0.8194760680198669
49.94184128595347 0.08305079489946365 4.994683298206672e-16 0.9876051545143127 0.8219459056854248
50.17621628595347 0.08305079489946365 5.018123346835158e-16 0.9876051545143127 0.8231183886528015
50.410591285953466 0.08305079489946365 5.041563395463645e-16 0.9876051545143127 0.8242517709732056
50.644966285953466 0.08305079489946365 5.06500291469654e-16 0.9876051545143127 0.8253477811813354
50.879341285953466 0.08305079489946365 5.088442963325026e-16 0.9876051545143127 0.8264082670211792
51.11371628595346 0.08305079489946365 5.111883011953513e-16 0.9876051545143127 0.8274346590042114
51.34809128595346 0.08305079489946365 5.135322531186408e-16 0.9876051545143127 0.8284286260604858
51.58246628595345 0.08305079489946365 5.158762579814894e-16 0.9876051545143127 0.829391360282898
51.81684128595345 0.08305079489946365 5.182202099047789e-16 0.9876051545143127 0.8303243517875671
52.05121628595345 0.08305079489946365 5.205642147676276e-16 0.9876051545143127 0.8312287926673889
53.45746628595343 0.08305079489946365 5.346281380656012e-16 0.9876051545143127 0.8361202478408813
53.69184128595343 0.08305079489946365 5.369720899888906e-16 0.9876051545143127 0.8368557691574097
53.92621628595342 0.08305079489946365 5.393160948517393e-16 0.9876051545143127 0.8375709056854248
54.16059128595342 0.08305079489946365 5.416600997145879e-16 0.9876051545143127 0.8382664918899536
54.39496628595342 0.08305079489946365 5.440040516378774e-16 0.9876051545143127 0.8389431834220886
56.738716285953394 0.08305079489946365 5.674438885081273e-16 0.9876051545143127 0.8448177576065063
56.97309128595339 0.08305079489946365 5.697878933709759e-16 0.9876051545143127 0.8453283905982971
57.20746628595339 0.08305079489946365 5.721318452942654e-16 0.9876051545143127 0.8458269238471985
57.44184128595339 0.08305079489946365 5.7447585015711405e-16 0.9876051545143127 0.8463137745857239
59.99999999999999 0.08305079489946365 6.000600038728974e-16 0.9876051545143127 0.8509719967842102
60.000099999999996 0.08305079489946365 6.000610097245222e-16 0.9876051545143127 0.8509715795516968
60.000299999999996 0.08305050432682037 6.00063021427772e-16 0.9876051545143127 0.8509712219238281
60.000699999999995 0.08304693549871445 6.000669918947122e-16 0.9876051545143127 0.8509710431098938
60.001000000000005 0.08304034918546677 6.000700094495868e-16 0.9876051545143127 0.8509710431098938
60.28198750000147 0.050175514072179794 6.028801471312214e-16 0.9876051545143127 0.8509710431098938
60.562975000002936 0.02369244210422039 6.056903377524151e-16 0.9876051545143127 0.8509710431098938
60.79735000000293 0.006119148340076208 6.080342896757046e-16 0.9876051545143127 0.8509710431098938
60.895059883985965 0.0006527445511892438 6.0901150099904e-16 0.9876051545143127 0.8509710431098938
60.922066667518095 1.6928595869103447e-05 6.092815986300957e-16 0.9876051545143127 0.8509710431098938
60.95212633569441 -3.3385482822723134e-08 6.095821894472526e-16 0.9876051545143127 0.8509710431098938
89.99999999999999 -3.334019993417314e-08 9.000900322791256e-16 0.9876051545143127 0.8509710431098938
90.0001 -3.334939790988756e-08 9.000909851911913e-16 0.9876051545143127 0.8509710431098938
90.0003 -3.3329975224205555e-08 9.00092996894441e-16 0.9876051545143127 0.8509710431098938
90.0007 -3.326074704546045e-08 9.000970203009405e-16 0.9876051545143127 0.8509710431098938
90.000822963979 -3.193319386696203e-08 6.77619560462972e-09 0.9876051545143127 0.8509710431098938
90.00089395696529 1.3188012459863785e-08 3.9127463935528795e-08 0.9876051545143127 0.8509710431098938
90.00092967723761 1.748686315750092e-07 1.035148642358763e-07 0.9876051545143127 0.8509710431098938
90.00095165500348 5.124272774992278e-07 1.9994669742118276e-07 0.9876051545143127 0.8509710431098938
90.00097224359357 1.2173182994956733e-06 3.6052912832928996e-07 0.9876051545143127 0.8509710431098938
90.0009902902229 2.2814535896031884e-06 5.682947517016146e-07 0.9876051545143127 0.8509710431098938
90.001 3.084350055360119e-06 7.115540938684717e-07 0.9876051545143127 0.8509710431098938
90.03266681810796 0.0033869845792651176 0.000564627000130713 0.9876051545143127 0.8509710431098938
90.06433363621592 0.006762582343071699 0.0011260299943387508 0.9876051545143127 0.8509710431098938
90.12766920528 0.013489028438925743 0.002241330686956644 0.9876051545143127 0.8509710431098938
90.25434034340817 0.02684568427503109 0.0044429418630898 0.9876051545143127 0.8509710431098938
90.48871534340817 0.05129960924386978 0.008438702672719955 0.9876051545143127 0.8509710431098938
90.72309034340817 0.07542190700769424 0.012335688807070255 0.9876051545143127 0.8509710431098938
90.95746534340817 0.09916254878044128 0.01611998863518238 0.9876051545143127 0.8509710431098938
91.19184034340819 0.12251424789428711 0.019790608435869217 0.9876051545143127 0.8509710431098938
91.42621534340819 0.1454726606607437 0.023347223177552223 0.9876051545143127 0.8509710431098938
91.89496534340819 0.1901896893978119 0.03011694736778736 0.9876051545143127 0.8509710431098938
92.1293403434082 0.21193496882915497 0.033328827470541 0.9876051545143127 0.8509710431098938
92.3637153434082 0.23326267302036285 0.03642478212714195 0.9876051545143127 0.8509710431098938
92.5980903434082 0.25416550040245056 0.03940436244010925 0.9876051545143127 0.8509710431098938
92.83246534340822 0.2746381461620331 0.0422675758600235 0.9876051545143127 0.8509710431098938
93.06684034340822 0.294677197933197 0.04501485824584961 0.9876051545143127 0.8509710431098938
93.30121534340822 0.31427866220474243 0.047646645456552505 0.9876051545143127 0.8509710431098938
93.53559034340822 0.33343803882598877 0.0501633882522583 0.9876051545143127 0.8509710431098938
94.23871534340823 0.3882301151752472 0.05703137069940567 0.9876051545143127 0.8509710431098938
94.47309034340824 0.40558692812919617 0.05909649282693863 0.9876051545143127 0.8509710431098938
94.70746534340824 0.42248624563217163 0.06105170398950577 0.9876051545143127 0.8509710431098938
94.94184034340824 0.43892431259155273 0.06289845705032349 0.9876051545143127 0.8509710431098938
95.17621534340824 0.4548972249031067 0.0646384209394455 0.9876051545143127 0.8509710431098938
95.41059034340826 0.4704044461250305 0.0662737563252449 0.9876051545143127 0.8509710431098938
95.64496534340826 0.48544788360595703 0.0678069144487381 0.9876051545143127 0.8509710431098938
95.87934034340826 0.5000291466712952 0.06924047321081161 0.9876051545143127 0.8509710431098938
96.11371534340827 0.5141504406929016 0.07057718932628632 0.9876051545143127 0.8509710431098938
96.34809034340827 0.527815580368042 0.07181994616985321 0.9876051545143127 0.8509710431098938
96.58246534340827 0.5410271883010864 0.07297180593013763 0.9876051545143127 0.8509710431098938
96.81684034340827 0.5537866950035095 0.07403604686260223 0.9876051545143127 0.8509710431098938
97.51996534340829 0.5893972516059875 0.07673899829387665 0.9876051545143127 0.8509710431098938
97.7543403434083 0.6004005670547485 0.0774889886379242 0.9876051545143127 0.8509710431098938
97.9887153434083 0.6109827756881714 0.07816987484693527 0.9876051545143127 0.8509710431098938
98.2230903434083 0.621150553226471 0.07878585159778595 0.9876051545143127 0.8509710431098938
98.4574653434083 0.6309124231338501 0.07934103161096573 0.9876051545143127 0.8509710431098938
98.69184034340832 0.6402788162231445 0.07983922213315964 0.9876051545143127 0.8509710431098938
98.92621534340832 0.6492601633071899 0.08028427511453629 0.9876051545143127 0.8509710431098938
99.16059034340832 0.6578671932220459 0.08067995309829712 0.9876051545143127 0.8509710431098938
99.62934034340833 0.674002468585968 0.08133769780397415 0.9876051545143127 0.8509710431098938
100.33246534340834 0.695671796798706 0.08204648643732071 0.9876051545143127 0.8509710431098938
100.56684034340834 0.7022658586502075 0.0822218656539917 0.9876051545143127 0.8509710431098938
101.97309034340837 0.7360406517982483 0.08283288031816483 0.9876051545143127 0.8509710431098938
102.20746534340837 0.7408103942871094 0.0828830674290657 0.9876051545143127 0.8509710431098938
102.44184034340837 0.7453634142875671 0.08292330801486969 0.9876051545143127 0.8509710431098938
102.67621534340837 0.749709963798523 0.0829552412033081 0.9876051545143127 0.8509710431098938
102.91059034340839 0.75385981798172 0.08298033475875854 0.9876051545143127 0.8509710431098938
103.14496534340839 0.7578225135803223 0.08299972862005234 0.9876051545143127 0.8509710431098938
103.37934034340839 0.7616071701049805 0.08301439136266708 0.9876051545143127 0.8509710431098938
103.6137153434084 0.765222430229187 0.08302519470453262 0.9876051545143127 0.8509710431098938
103.8480903434084 0.7686767578125 0.08303289860486984 0.9876051545143127 0.8509710431098938
104.0824653434084 0.7719781994819641 0.08303822576999664 0.9876051545143127 0.8509710431098938
104.3168403434084 0.7751344442367554 0.08304175734519958 0.9876051545143127 0.8509710431098938
105.01996534340842 0.7838037014007568 0.0830458328127861 0.9876051545143127 0.8509710431098938
105.25434034340843 0.7864493727684021 0.08304612338542938 0.9876051545143127 0.8509710431098938
105.48871534340843 0.7889834046363831 0.08304622769355774 0.9876051545143127 0.8509710431098938
105.72309034340843 0.7914113998413086 0.08304625749588013 0.9876051545143127 0.8509710431098938
106.89496534340846 0.8021392822265625 0.08304623514413834 0.9876051545143127 0.8509710431098938
107.12934034340846 0.8040348291397095 0.08304623514413834 0.9876051545143127 0.8509710431098938
107.36371534340846 0.8058567047119141 0.08304623514413834 0.9876051545143127 0.8509710431098938
107.59809034340846 0.8076085448265076 0.08304623514413834 0.9876051545143127 0.8509710431098938
108.06684034340847 0.8109153509140015 0.08304623514413834 0.9876051545143127 0.8509710431098938
108.30121534340847 0.8124768733978271 0.08304623514413834 0.9876051545143127 0.8509710431098938
108.53559034340847 0.8139811754226685 0.08304623514413834 0.9876051545143127 0.8509710431098938
108.76996534340849 0.8154308795928955 0.08304623514413834 0.9876051545143127 0.8509710431098938
110.64496534340851 0.8253488540649414 0.08304623514413834 0.9876051545143127 0.8509710431098938
110.87934034340851 0.8264093399047852 0.08304623514413834 0.9876051545143127 0.8509710431098938
111.11371534340853 0.8274358510971069 0.08304623514413834 0.9876051545143127 0.8509710431098938
111.34809034340853 0.8284298181533813 0.08304623514413834 0.9876051545143127 0.8509710431098938
111.58246534340853 0.8293925523757935 0.08304623514413834 0.9876051545143127 0.8509710431098938
111.81684034340853 0.8303254842758179 0.08304623514413834 0.9876051545143127 0.8509710431098938
112.51996534340854 0.8329578638076782 0.08304623514413834 0.9876051545143127 0.8509710431098938
112.75434034340856 0.833783745765686 0.08304623514413834 0.9876051545143127 0.8509710431098938
112.98871534340856 0.8345856070518494 0.08304623514413834 0.9876051545143127 0.8509710431098938
113.22309034340856 0.8353644609451294 0.08304623514413834 0.9876051545143127 0.8509710431098938
114.39496534340859 0.8389437794685364 0.08304623514413834 0.9876051545143127 0.8509710431098938
114.62934034340859 0.8396022915840149 0.08304623514413834 0.9876051545143127 0.8509710431098938
114.86371534340859 0.8402434587478638 0.08304623514413834 0.9876051545143127 0.8509710431098938
115.09809034340859 0.840867817401886 0.08304623514413834 0.9876051545143127 0.8509710431098938
119.99999999999999 0.8509721159934998 0.08304623514413834 0.9876051545143127 0.8509710431098938
120.0001 0.8509716987609863 0.08304623514413834 0.9876051545143127 0.8509710431098938
120.0003 0.8509712815284729 0.08304623514413834 0.9876051545143127 0.8509710431098938
120.0007 0.8509711027145386 0.08304623514413834 0.9876051545143127 0.8509710431098938
120.001 0.8509711027145386 0.08304623514413834 0.9876051545143127 0.8509710431098938
150.0 0.8509711027145386 0.08304623514413834 0.9876051545143127 0.8509710431098938
150.0001 0.8509711027145386 0.08304623514413834 0.9876051545143127 0.8509710431098938
150.0003 0.8509711027145386 0.08304623514413834 0.9876051545143127 0.8509714007377625
150.0007 0.8509711027145386 0.08304623514413834 0.9876051545143127 0.8509731292724609
150.001 0.8509711027145386 0.08304623514413834 0.9876051545143127 0.8509746789932251
179.99999999999997 0.8509711027145386 0.08304623514413834 0.9876051545143127 0.8509746789932251
180.0001 0.8509711027145386 0.08304623514413834 0.9876051545143127 0.8509746789932251
180.0003 0.8509711027145386 0.08304623514413834 0.9876051545143127 0.8509746789932251
180.0007 0.8509711027145386 0.08304623514413834 0.9876049757003784 0.8509746789932251
180.001 0.8509711027145386 0.08304623514413834 0.9876047372817993 0.8509746789932251
180.04192000000063 0.8509711027145386 0.08304623514413834 0.987369954586029 0.8509746789932251
180.0828400000013 0.8509711027145386 0.08304623514413834 0.987128734588623 0.8509746789932251
180.79735000000514 0.8509711027145386 0.08304623514413834 0.9818848967552185 0.8509746789932251
181.26610000000514 0.8509711027145386 0.08304623514413834 0.9770690202713013 0.8509746789932251
181.5004750000051 0.8509711027145386 0.08304623514413834 0.97407066822052 0.8509746789932251
181.9692250000051 0.8509711027145386 0.08304623514413834 0.9664998054504395 0.8509746789932251
182.67235000000508 0.8509711027145386 0.08304623514413834 0.9496596455574036 0.8509746789932251
183.14110000000505 0.8509711027145386 0.08304623514413834 0.9333932995796204 0.8509746789932251
183.37547500000505 0.8509711027145386 0.08304623514413834 0.9234058856964111 0.8509746789932251
183.60985000000503 0.8509711027145386 0.08304623514413834 0.912066638469696 0.8509746789932251
183.84422500000503 0.8509711027145386 0.08304623514413834 0.8993220329284668 0.8509746789932251
184.078600000005 0.8509711027145386 0.08304623514413834 0.8851484060287476 0.8509746789932251
184.312975000005 0.8509711027145386 0.08304623514413834 0.8695518970489502 0.8509746789932251
184.547350000005 0.8509711027145386 0.08304623514413834 0.8525649309158325 0.8509746789932251
184.78172500000497 0.8509711027145386 0.08304623514413834 0.8342413902282715 0.8509746789932251
185.01610000000497 0.8509711027145386 0.08304623514413834 0.8146504759788513 0.8509746789932251
185.25047500000497 0.8509711027145386 0.08304623514413834 0.7938711047172546 0.8509746789932251
185.48485000000494 0.8509711027145386 0.08304623514413834 0.771986722946167 0.8509746789932251
185.71922500000494 0.8509711027145386 0.08304623514413834 0.7490816116333008 0.8509746789932251
185.95360000000494 0.8509711027145386 0.08304623514413834 0.7252378463745117 0.8509746789932251
186.1879750000049 0.8509711027145386 0.08304623514413834 0.7005336880683899 0.8509746789932251
186.4223500000049 0.8509711027145386 0.08304623514413834 0.6750422120094299 0.8509746789932251
186.6567250000049 0.8509711027145386 0.08304623514413834 0.6488309502601624 0.8509746789932251
186.89110000000488 0.8509711027145386 0.08304623514413834 0.6219617128372192 0.8509746789932251
187.12547500000488 0.8509711027145386 0.08304623514413834 0.5944905877113342 0.8509746789932251
187.35985000000488 0.8509711027145386 0.08304623514413834 0.5664684772491455 0.8509746789932251
187.59422500000485 0.8509711027145386 0.08304623514413834 0.5379412770271301 0.8509746789932251
187.82860000000485 0.8509711027145386 0.08304623514413834 0.5089502930641174 0.8509746789932251
188.29735000000483 0.8509711027145386 0.08304623514413834 0.44972261786460876 0.8509746789932251
188.53172500000483 0.8509711027145386 0.08304623514413834 0.4195497930049896 0.8509746789932251
188.76610000000483 0.8509711027145386 0.08304623514413834 0.3890419006347656 0.8509746789932251
189.0004750000048 0.8509711027145386 0.08304623514413834 0.35822397470474243 0.8509746789932251
189.2348500000048 0.8509711027145386 0.08304623514413834 0.32711929082870483 0.8509746789932251
189.4692250000048 0.8509711027145386 0.08304623514413834 0.29575037956237793 0.8509746789932251
189.70360000000477 0.8509711027145386 0.08304623514413834 0.2641414999961853 0.8509746789932251
189.93797500000477 0.8509711027145386 0.08304623514413834 0.23232364654541016 0.8509746789932251
190.40672500000474 0.8509711027145386 0.08304623514413834 0.16831420361995697 0.8509746789932251
190.64110000000474 0.8509711027145386 0.08304623514413834 0.1364433914422989 0.8509746789932251
190.87547500000474 0.8509711027145386 0.08304623514413834 0.10520747303962708 0.8509746789932251
191.1098500000047 0.8509711027145386 0.08304623514413834 0.07550632208585739 0.8509746789932251
191.3442250000047 0.8509711027145386 0.08304623514413834 0.048692844808101654 0.8509746789932251
191.5786000000047 0.8509711027145386 0.08304623514413834 0.026160456240177155 0.8509746789932251
191.81297500000468 0.8509711027145386 0.08304623514413834 0.00801826175302267 0.8509746789932251
191.9243508358481 0.8509711027145386 0.08304623514413834 0.0013649212196469307 0.8509746789932251
191.96011996475943 0.8509711027145386 0.08304623514413834 3.149103940813802e-05 0.8509746789932251
191.9637832683343 0.8509711027145386 0.08304623514413834 -3.3385479270009455e-08 0.8509746789932251
202.6544867104436 0.8509711027145386 0.08304623514413834 -3.3385479270009455e-08 0.8509746789932251
209.99999999999997 0.8509711027145386 0.08304623514413834 -3.338702825317341e-08 0.8509746789932251
210.00009999999997 0.8509711027145386 0.08304623514413834 -3.336500498107853e-08 0.8509746789932251
210.0003 0.8509711027145386 0.08304623514413834 -3.334375264785194e-08 0.8509746789932251
210.00070000000002 0.8509711027145386 0.08304623514413834 -3.333202513999822e-08 0.8509746789932251
210.00090192231025 0.8509711027145386 0.08304623514413834 -3.3328696247281187e-08 0.8509746789932251
210.00100000000003 0.8509711027145386 0.08304623514413834 -3.332779030529309e-08 0.8509746789932251
219.67497280345933 0.8509711027145386 0.08304623514413834 0.03904024884104729 0.8509746789932251
229.34894560691862 0.8509711027145386 0.08304623514413834 0.07644029706716537 0.8509746789932251
229.58332060691862 0.8509711027145386 0.08304623514413834 0.07732599973678589 0.8509746789932251
229.81769560691862 0.8509711027145386 0.08304623514413834 0.0782107338309288 0.8509746789932251
230.0520706069186 0.8509711027145386 0.08304623514413834 0.07909449934959412 0.8509746789932251
235.2083206069184 0.8509711027145386 0.08304623514413834 0.09829311817884445 0.8509746789932251
235.4426956069184 0.8509711027145386 0.08304623514413834 0.09915468096733093 0.8509746789932251
235.67707060691836 0.8509711027145386 0.08304623514413834 0.10001527518033981 0.8509746789932251
235.91144560691836 0.8509711027145386 0.08304623514413834 0.1008749008178711 0.8509746789932251
239.8958206069182 0.8509711027145386 0.08304623514413834 0.11534113436937332 0.8509746789932251
239.99999999999997 0.8509711027145386 0.08304623514413834 0.11571574211120605 0.8509746789932251
