time a b c w1 w2
0.0 0.0 0.0 0.0 0.0 0.0
1.757812428601624e-06 1.757988202426422e-23 1.0832566022872925 1.757988202426422e-23 1.757988202426422e-23 1.757988202426422e-23
1.7648476783160305e-06 1.7650242106122693e-23 1.0055341720581055 1.7650242106122693e-23 1.7650242106122693e-23 1.7650242106122693e-23
1.7789181777448437e-06 1.7790960692117828e-23 0.9905999898910522 1.7790960692117828e-23 1.7790960692117828e-23 1.7790960692117828e-23
1.8070591766024704e-06 1.8072399441829907e-23 0.984626293182373 1.8072399441829907e-23 1.8072399441829907e-23 1.8072399441829907e-23
0.00013281055255599797 1.3282383013875093e-21 0.984626293182373 1.3282383013875093e-21 1.3282383013875093e-21 1.3282383013875093e-21
0.00026381985277929004 2.6384624023353322e-21 0.984626293182373 2.6384624023353322e-21 2.6384624023353322e-21 2.6384624023353322e-21
0.0005258384532258742 5.258910200334195e-21 0.984626293182373 5.258910200334195e-21 -5.9402767149663305e-09 -5.9402767149663305e-09
0.001 1.0000999731091105e-20 0.984626293182373 1.0000999731091105e-20 -3.3380178621200685e-08 -3.3380178621200685e-08
29.999999999999996 3.000300019364487e-16 0.984626293182373 3.000300019364487e-16 -3.3380320729747837e-08 -3.3380320729747837e-08
30.000099999999996 3.0003100778807355e-16 0.984626293182373 3.0003100778807355e-16 -3.3361402529408224e-08 -3.3361402529408224e-08
30.0003 3.0003299302154367e-16 0.984626293182373 3.0003299302154367e-16 -3.334271880817141e-08 -3.334271880817141e-08
30.0007 3.0003698995826353e-16 0.984626293182373 3.0003698995826353e-16 -3.333283515871699e-08 -3.333283515871699e-08
30.00082296345324 1.0086059987202134e-08 0.984626293182373 9.91114479376165e-09 -3.079099286651399e-08 -3.0860519473208115e-08
30.000893956526316 5.472830721942046e-08 0.984626293182373 5.391577317936935e-08 2.5995147368007565e-08 2.5329082831149208e-08
30.0009296897619 1.2170579566372908e-07 0.984626293182373 1.199719577016367e-07 5.452289997265325e-08 5.265960112410539e-08
30.00095175905643 1.96786444917052e-07 0.984626293182373 1.9404144779855415e-07 3.210361043670673e-08 2.8629751014364047e-08
30.000964863764203 2.774812912775815e-07 0.984626293182373 2.738488547038287e-07 1.7602184243514785e-07 1.7069318403173384e-07
30.000975232676225 3.8588476058976084e-07 0.984626293182373 3.812895386090531e-07 6.017923510626133e-07 5.939746756666864e-07
30.000986755589665 5.538433356377936e-07 0.984626293182373 5.479091669258196e-07 1.4178273204379366e-06 1.4061594129088917e-06
30.001 7.834022994757106e-07 0.984626293182373 7.75715989220771e-07 2.6103002710442524e-06 2.593362069092109e-06
30.175105753181313 0.0036388342268764973 0.984626293182373 0.003620714880526066 0.020340075716376305 0.020283017307519913
30.349211506362625 0.0072152274660766125 0.984626293182373 0.0071962326765060425 0.040482476353645325 0.04042266309261322
30.524992756362625 0.010749489068984985 0.984626293182373 0.010730993002653122 0.0605754554271698 0.06051722913980484
30.876555256362625 0.017607547342777252 0.984626293182373 0.01759001798927784 0.10008849203586578 0.10003337264060974
31.228117756362625 0.02420731447637081 0.984626293182373 0.024190742522478104 0.1387660652399063 0.1387140452861786
31.75546150636262 0.033571384847164154 0.984626293182373 0.033556219190359116 0.19502665102481842 0.19497928023338318
32.28280525636262 0.04224509000778198 0.984626293182373 0.042231298983097076 0.24897658824920654 0.24893386662006378
32.63436775636262 0.04759699106216431 0.984626293182373 0.047584086656570435 0.28347063064575195 0.2834309935569763
33.16171150636262 0.05502057448029518 0.984626293182373 0.05500895902514458 0.3330913782119751 0.33305633068084717
33.51327400636262 0.059544019401073456 0.984626293182373 0.05953323096036911 0.36464112997055054 0.36460909247398376
33.68905525636262 0.06169367581605911 0.984626293182373 0.0616832859814167 0.38000452518463135 0.3799739480018616
33.86483650636262 0.06377211958169937 0.984626293182373 0.0637621283531189 0.3951018452644348 0.39507272839546204
34.392180256362614 0.0695594996213913 0.984626293182373 0.06955062597990036 0.4386898875236511 0.43866509199142456
34.743742756362614 0.07302572578191757 0.984626293182373 0.07301755249500275 0.46621543169021606 0.46619343757629395
35.095305256362614 0.07619676738977432 0.984626293182373 0.07618924975395203 0.49254941940307617 0.49253010749816895
35.446867756362614 0.07905471324920654 0.984626293182373 0.0790478065609932 0.5175743103027344 0.5175576210021973
35.798430256362614 0.08160682767629623 0.984626293182373 0.08160047978162766 0.5412745475769043 0.5412603616714478
36.325774006362614 0.08488842844963074 0.984626293182373 0.08488283306360245 0.5743401050567627 0.5743293762207031
36.853117756362614 0.08763061463832855 0.984626293182373 0.0876256600022316 0.604809045791626 0.6048014760017395
37.38046150636261 0.08984039723873138 0.984626293182373 0.08983597159385681 0.6325132250785828 0.6325085759162903
37.73202400636261 0.09104111045598984 0.984626293182373 0.09103697538375854 0.6494594812393188 0.6494565010070801
37.90780525636261 0.09157299995422363 0.984626293182373 0.09156899899244308 0.6575235724449158 0.6575214266777039
38.08358650636261 0.09205617010593414 0.984626293182373 0.09205228835344315 0.6652821898460388 0.6652807593345642
38.25936775636261 0.09249334037303925 0.984626293182373 0.0924895629286766 0.6727428436279297 0.6727421283721924
38.43514900636261 0.09289536625146866 0.984626293182373 0.09289168566465378 0.6799684166908264 0.6799683570861816
38.78671150636261 0.0936114639043808 0.984626293182373 0.09360795468091965 0.6937968730926514 0.6937981247901917
39.84139900636261 0.09503109753131866 0.984626293182373 0.09502793103456497 0.7294667959213257 0.7294708490371704
40.19296150636261 0.09530594199895859 0.984626293182373 0.09530283510684967 0.7394746541976929 0.7394794821739197
40.3687427563626 0.0954177975654602 0.984626293182373 0.09541471302509308 0.7441879510879517 0.7441930770874023
40.5445240063626 0.09551632404327393 0.984626293182373 0.09551326930522919 0.7487338781356812 0.7487392425537109
40.7203052563626 0.0956016480922699 0.984626293182373 0.09559861570596695 0.7531026601791382 0.7531083226203918
40.8960865063626 0.09567421674728394 0.984626293182373 0.09567119181156158 0.7572869658470154 0.7572928667068481
41.4234302563626 0.09583261609077454 0.984626293182373 0.09582963585853577 0.7688760757446289 0.7688825726509094
41.9507740063626 0.09592384099960327 0.984626293182373 0.0959208756685257 0.7791135907173157 0.7791205048561096
43.0054615063626 0.0960022509098053 0.984626293182373 0.09599930047988892 0.7965084314346313 0.7965158224105835
43.1812427563626 0.09600718319416046 0.984626293182373 0.09600423276424408 0.7990443110466003 0.799051821231842
43.3570240063626 0.09601067006587982 0.984626293182373 0.09600771963596344 0.8014729022979736 0.8014804124832153
43.5328052563626 0.09601292014122009 0.984626293182373 0.09600996971130371 0.8037895560264587 0.8037970662117004
43.70858650636259 0.09601431339979172 0.984626293182373 0.09601136296987534 0.8060065507888794 0.8060141205787659
44.06014900636259 0.09601566195487976 0.984626293182373 0.09601271152496338 0.8101924657821655 0.8102000951766968
44.41171150636259 0.09601600468158722 0.984626293182373 0.09601305425167084 0.8140385150909424 0.8140461444854736
45.55428963136259 0.0960160344839096 0.984626293182373 0.09601308405399323 0.8248941898345947 0.8249017596244812
46.69686775636259 0.0960160344839096 0.984626293182373 0.09601308405399323 0.8335829377174377 0.8335903286933899
46.872649006362586 0.0960160344839096 0.984626293182373 0.09601308405399323 0.8347442746162415 0.8347516059875488
47.048430256362586 0.0960160344839096 0.984626293182373 0.09601308405399323 0.8358622789382935 0.8358696103096008
47.224211506362586 0.0960160344839096 0.984626293182373 0.09601308405399323 0.8369410037994385 0.8369482755661011
48.015227131362586 0.0960160344839096 0.984626293182373 0.09601308405399323 0.8414782881736755 0.8414854407310486
48.806242756362586 0.0960160344839096 0.984626293182373 0.09601308405399323 0.8454095125198364 0.8454165458679199
49.509367756362586 0.0960160344839096 0.984626293182373 0.09601308405399323 0.8485230207443237 0.8485298752784729
50.21249275636258 0.0960160344839096 0.984626293182373 0.09601308405399323 0.8514175415039062 0.8514243364334106
51.79452400636258 0.0960160344839096 0.984626293182373 0.09601308405399323 0.8568381071090698 0.8568445444107056
52.32186775636258 0.0960160344839096 0.984626293182373 0.09601308405399323 0.8584224581718445 0.8584288358688354
53.37655525636257 0.0960160344839096 0.984626293182373 0.09601308405399323 0.8612504601478577 0.8612567186355591
53.55233650636257 0.0960160344839096 0.984626293182373 0.09601308405399323 0.861677885055542 0.8616840839385986
53.72811775636257 0.0960160344839096 0.984626293182373 0.09601308405399323 0.8620940446853638 0.8621002435684204
53.90389900636257 0.0960160344839096 0.984626293182373 0.09601308405399323 0.8624993562698364 0.8625054955482483
54.43124275636257 0.0960160344839096 0.984626293182373 0.09601308405399323 0.8636757135391235 0.8636817932128906
54.95858650636257 0.0960160344839096 0.984626293182373 0.09601308405399323 0.8647874593734741 0.8647934794425964
55.48593025636257 0.0960160344839096 0.984626293182373 0.09601308405399323 0.8658195734024048 0.8658255934715271
56.540617756362565 0.0960160344839096 0.984626293182373 0.09601308405399323 0.8676763772964478 0.8676822185516357
57.595305256362565 0.0960160344839096 0.984626293182373 0.09601308405399323 0.8693034648895264 0.8693091869354248
58.122649006362565 0.0960160344839096 0.984626293182373 0.09601308405399323 0.8700954914093018 0.8701012134552002
58.913664631362565 0.0960160344839096 0.984626293182373 0.09601308405399323 0.8712127208709717 0.8712183833122253
59.704680256362565 0.0960160344839096 0.984626293182373 0.09601308405399323 0.8722497820854187 0.8722553849220276
59.99999999999999 0.0960160344839096 0.984626293182373 0.09601308405399323 0.8726250529289246 0.8726305961608887
60.000099999999996 0.0960160344839096 0.984626293182373 0.09601308405399323 0.8726251125335693 0.87263023853302
60.000299999999996 0.0960160344839096 0.984626293182373 0.09601277858018875 0.8726251125335693 0.8726298809051514
60.000699999999995 0.0960160344839096 0.984626293182373 0.0960090234875679 0.872624933719635 0.8726297616958618
60.001000000000005 0.0960160344839096 0.984626293182373 0.09600207954645157 0.8726246356964111 0.8726297616958618
60.25269062500148 0.0960160344839096 0.984626293182373 0.06388867646455765 0.8726246356964111 0.8726297616958618
60.504381250002936 0.0960160344839096 0.984626293182373 0.035953257232904434 0.8726246356964111 0.8726297616958618
60.680162500002936 0.0960160344839096 0.984626293182373 0.01996806263923645 0.8726246356964111 0.8726297616958618
60.855943750002936 0.0960160344839096 0.984626293182373 0.006847798824310303 0.8726246356964111 0.8726297616958618
60.947807213850936 0.0960160344839096 0.984626293182373 0.0013449291000142694 0.8726246356964111 0.8726297616958618
60.97921418438567 0.0960160344839096 0.984626293182373 7.950030703796074e-05 0.8726246356964111 0.8726297616958618
60.98482618641211 0.0960160344839096 0.984626293182373 -3.3386132969326354e-08 0.8726246356964111 0.8726297616958618
89.99999999999999 0.0960160344839096 0.984626293182373 -3.33984928602149e-08 0.8726246356964111 0.8726297616958618
90.0001 0.0960160344839096 0.984626293182373 -3.337720855256521e-08 0.8726246356964111 0.8726297616958618
90.0003 0.0960160344839096 0.984626293182373 -3.335318865538284e-08 0.8726246356964111 0.8726297616958618
90.00047400862628 0.0960160344839096 0.984626293182373 -1.719659614707325e-08 0.8726250529289246 0.8726297616958618
90.00082202587886 0.0960160344839096 0.984626293182373 6.353986492513286e-08 0.8726271986961365 0.8726297616958618
90.001 0.0960160344839096 0.984626293182373 1.1307598413168307e-07 0.8726285696029663 0.8726297616958618
119.99999999999999 0.0960160344839096 0.984626293182373 1.1307598413168307e-07 0.8726285696029663 0.8726297616958618
120.0001 0.0960160344839096 0.984626293182373 1.1307598413168307e-07 0.8726285696029663 0.8726297616958618
120.0003 0.0960160344839096 0.984626293182373 1.1307598413168307e-07 0.8726285696029663 0.8726297616958618
120.0007 0.09601154923439026 0.984626293182373 1.1307598413168307e-07 0.8726285696029663 0.8726297616958618
120.001 0.09600034356117249 0.984626293182373 1.1307598413168307e-07 0.8726285696029663 0.8726297616958618
120.2426154669512 0.06510081887245178 0.984626293182373 0.0008141957223415375 0.8726285696029663 0.8726297616958618
120.48423093390238 0.038000334054231644 0.984626293182373 0.001626311568543315 0.8726285696029663 0.8726297616958618
120.66001218390238 0.021642563864588737 0.984626293182373 0.002216439228504896 0.8726285696029663 0.8726297616958618
120.83579343390238 0.008236122317612171 0.984626293182373 0.0028061908669769764 0.8726285696029663 0.8726297616958618
120.94869397335846 0.0013912573922425508 0.984626293182373 0.003184919012710452 0.8726285696029663 0.8726297616958618
120.98266292364667 5.076607340015471e-05 0.984626293182373 0.0032989170867949724 0.8726285696029663 0.8726297616958618
120.98652726881261 -3.3386164943749463e-08 0.984626293182373 0.0033118955325335264 0.8726285696029663 0.8726297616958618
121.17662486722975 -3.3386164943749463e-08 0.984626293182373 0.0039535523392260075 0.8726285696029663 0.8726297616958618
121.36672246564689 -3.3386164943749463e-08 0.984626293182373 0.004612521734088659 0.8726285696029663 0.8726297616958618
121.54250371564689 -3.3386164943749463e-08 0.984626293182373 0.005237167235463858 0.8726285696029663 0.8726297616958618
122.77297246564693 -3.3386164943749463e-08 0.984626293182373 0.009634247049689293 0.8726285696029663 0.8726297616958618
122.94875371564694 -3.3386164943749463e-08 0.984626293182373 0.01026042178273201 0.8726285696029663 0.8726297616958618
123.12453496564696 -3.3386164943749463e-08 0.984626293182373 0.010886098258197308 0.8726285696029663 0.8726297616958618
123.30031621564697 -3.3386164943749463e-08 0.984626293182373 0.011511275544762611 0.8726285696029663 0.8726297616958618
126.3764880906472 -3.3386164943749463e-08 0.984626293182373 0.02237122505903244 0.8726285696029663 0.8726297616958618
129.45265996564743 -3.3386164943749463e-08 0.984626293182373 0.03307875618338585 0.8726285696029663 0.8726297616958618
129.98000371564748 -3.3386164943749463e-08 0.984626293182373 0.03489904850721359 0.8726285696029663 0.8726297616958618
130.5073474656475 -3.3386164943749463e-08 0.984626293182373 0.03671487420797348 0.8726285696029663 0.8726297616958618
130.6831287156475 -3.3386164943749463e-08 0.984626293182373 0.03731915354728699 0.8726285696029663 0.8726297616958618
130.85890996564754 -3.3386164943749463e-08 0.984626293182373 0.0379229411482811 0.8726285696029663 0.8726297616958618
131.03469121564754 -3.3386164943749463e-08 0.984626293182373 0.038526229560375214 0.8726285696029663 0.8726297616958618
137.89015996564805 -3.3386164943749463e-08 0.984626293182373 0.06166816130280495 0.8726285696029663 0.8726297616958618
138.06594121564808 -3.3386164943749463e-08 0.984626293182373 0.062251657247543335 0.8726285696029663 0.8726297616958618
138.24172246564808 -3.3386164943749463e-08 0.984626293182373 0.06283466517925262 0.8726285696029663 0.8726297616958618
138.4175037156481 -3.3386164943749463e-08 0.984626293182373 0.06341717392206192 0.8726285696029663 0.8726297616958618
145.27297246564862 -3.3386164943749463e-08 0.984626293182373 0.08575157821178436 0.8726285696029663 0.8726297616958618
145.44875371564862 -3.3386164943749463e-08 0.984626293182373 0.08631444722414017 0.8726285696029663 0.8726297616958618
145.62453496564865 -3.3386164943749463e-08 0.984626293182373 0.08687682449817657 0.8726285696029663 0.8726297616958618
145.80031621564865 -3.3386164943749463e-08 0.984626293182373 0.08743871748447418 0.8726285696029663 0.8726297616958618
150.0 -3.339032872418102e-08 0.984626293182373 0.10071836411952972 0.8726285696029663 0.8726297616958618
150.0001 -3.3366287510716575e-08 0.984626293182373 0.10071992129087448 0.8726285696029663 0.8726297616958618
150.0003 -3.3343891203685416e-08 0.984626293182373 0.10072619467973709 0.8726279735565186 0.872629702091217
150.0007 -3.33317942136091e-08 0.984626293182373 0.1007441058754921 0.8726242780685425 0.8726292252540588
150.00082296341535 -3.2249733550315796e-08 0.984626293182373 0.10074957460165024 0.872622013092041 0.8726286292076111
150.00089395651563 1.2717695341279978e-08 0.984626293182373 0.10075213015079498 0.8726201057434082 0.8726277947425842
150.00092967290232 1.7690896925159905e-07 0.984626293182373 0.10075315833091736 0.8726189732551575 0.8726270794868469
150.00095161692747 5.209061555433436e-07 0.984626293182373 0.10075370967388153 0.8726181983947754 0.872626543045044
150.00097178182887 1.2268200180187705e-06 0.984626293182373 0.10075416415929794 0.8726174831390381 0.8726259469985962
150.0009894046071 2.3007282834441867e-06 0.984626293182373 0.10075453668832779 0.8726168274879456 0.8726253509521484
150.001 3.2096272661874536e-06 0.984626293182373 0.1007547527551651 0.8726164102554321 0.872624933719635
150.06326022753936 0.006995069794356823 0.984626293182373 0.1019674614071846 0.870110809803009 0.8701192736625671
150.12552045507869 0.013958301395177841 0.984626293182373 0.10317126661539078 0.8675334453582764 0.8675419092178345
150.25004281021776 0.027779312804341316 0.984626293182373 0.10554621368646622 0.8622192740440369 0.8622277975082397
150.4258240602178 0.047113023698329926 0.984626293182373 0.10884436964988708 0.854392409324646 0.8544008731842041
150.6016053102178 0.06623689085245132 0.984626293182373 0.11207824945449829 0.8461753726005554 0.8461838960647583
150.7773865602178 0.08513599634170532 0.984626293182373 0.11524362117052078 0.8375126719474792 0.8375211954116821
150.95316781021782 0.10382390022277832 0.984626293182373 0.1183449923992157 0.8283901214599609 0.8283986449241638
151.12894906021782 0.12229690700769424 0.984626293182373 0.1213817149400711 0.818855345249176 0.8188638687133789
151.30473031021785 0.14052993059158325 0.984626293182373 0.12434672564268112 0.8089196681976318 0.8089281916618347
151.48051156021785 0.15851975977420807 0.984626293182373 0.12723952531814575 0.7985308170318604 0.7985393404960632
151.65629281021788 0.17628464102745056 0.984626293182373 0.13006600737571716 0.7876641750335693 0.7876726984977722
152.0078553102179 0.21110263466835022 0.984626293182373 0.13551148772239685 0.7645459175109863 0.7645544409751892
152.1836365602179 0.22812728583812714 0.984626293182373 0.1381232887506485 0.7523523569107056 0.7523609399795532
152.35941781021793 0.24491308629512787 0.984626293182373 0.1406669020652771 0.7397528886795044 0.7397614121437073
152.53519906021793 0.261456161737442 0.984626293182373 0.14314186573028564 0.7267193794250488 0.7267279028892517
152.71098031021796 0.2777419984340668 0.984626293182373 0.14554467797279358 0.7132547497749329 0.7132632732391357
152.88676156021796 0.29377827048301697 0.984626293182373 0.14787811040878296 0.6993740200996399 0.6993825435638428
153.06254281021796 0.30956125259399414 0.984626293182373 0.1501418650150299 0.6850717067718506 0.6850801706314087
153.238324060218 0.3250766098499298 0.984626293182373 0.15233266353607178 0.6703835725784302 0.6703920960426331
153.414105310218 0.3403322100639343 0.984626293182373 0.15445338189601898 0.6553574800491333 0.6553660035133362
153.58988656021802 0.3553245961666107 0.984626293182373 0.15650391578674316 0.6399691104888916 0.6399776339530945
153.76566781021802 0.3700396418571472 0.984626293182373 0.15848125517368317 0.6241819858551025 0.6241905093193054
153.94144906021805 0.38448551297187805 0.984626293182373 0.16038838028907776 0.6080105900764465 0.6080191135406494
154.11723031021805 0.39865919947624207 0.984626293182373 0.16222542524337769 0.5914900302886963 0.5914984941482544
154.29301156021808 0.4125470221042633 0.984626293182373 0.16398978233337402 0.5746546387672424 0.5746631622314453
154.46879281021808 0.426157683134079 0.984626293182373 0.1656845062971115 0.5575098395347595 0.5575183629989624
154.6445740602181 0.43949949741363525 0.984626293182373 0.16731266677379608 0.5400501489639282 0.5400586724281311
154.8203553102181 0.45256978273391724 0.984626293182373 0.16887450218200684 0.5223072171211243 0.5223157405853271
154.99613656021813 0.4653554856777191 0.984626293182373 0.17036791145801544 0.5043127536773682 0.5043212175369263
155.17191781021813 0.4778442680835724 0.984626293182373 0.1717909872531891 0.4860789179801941 0.486087441444397
155.34769906021816 0.490045964717865 0.984626293182373 0.1731470823287964 0.4675998091697693 0.46760833263397217
155.52348031021816 0.5019699335098267 0.984626293182373 0.17443954944610596 0.4488512873649597 0.4488598108291626
155.8750428102182 0.5249797105789185 0.984626293182373 0.176836758852005 0.4105800986289978 0.4105886220932007
156.0508240602182 0.5360639691352844 0.984626293182373 0.17794343829154968 0.39109617471694946 0.39110469818115234
156.22660531021822 0.5468674302101135 0.984626293182373 0.17899030447006226 0.37137722969055176 0.37138575315475464
156.40238656021822 0.5573902130126953 0.984626293182373 0.17997857928276062 0.35142481327056885 0.35143333673477173
156.57816781021825 0.5676327347755432 0.984626293182373 0.18090960383415222 0.3312486708164215 0.3312571942806244
156.75394906021825 0.5775959491729736 0.984626293182373 0.18178482353687286 0.31087321043014526 0.31088173389434814
156.92973031021828 0.5872809886932373 0.984626293182373 0.18260575830936432 0.2903374433517456 0.2903459668159485
157.2812928102183 0.6058235764503479 0.984626293182373 0.18409129977226257 0.24880605936050415 0.24881458282470703
157.63285531021833 0.6233169436454773 0.984626293182373 0.1853867471218109 0.20673708617687225 0.20674557983875275
157.80863656021833 0.6316803693771362 0.984626293182373 0.18596825003623962 0.18552044034004211 0.1855289191007614
157.98441781021833 0.6397789120674133 0.984626293182373 0.18650567531585693 0.16420210897922516 0.16421055793762207
158.16019906021836 0.6476168632507324 0.984626293182373 0.1870010942220688 0.1428452879190445 0.14285367727279663
158.33598031021836 0.6551983952522278 0.984626293182373 0.18745651841163635 0.121561698615551 0.12156996130943298
158.5117615602184 0.6625279188156128 0.984626293182373 0.18787401914596558 0.10054612159729004 0.10055417567491531
158.6875428102184 0.6696195602416992 0.984626293182373 0.1882568597793579 0.0801193118095398 0.08012701570987701
158.86332406021842 0.6764867305755615 0.984626293182373 0.18860822916030884 0.060754597187042236 0.060761746019124985
159.03910531021842 0.683124303817749 0.984626293182373 0.18892866373062134 0.04304466396570206 0.043051037937402725
159.21488656021845 0.6895284652709961 0.984626293182373 0.18921880424022675 0.027554238215088844 0.02755967155098915
159.39066781021845 0.6957052946090698 0.984626293182373 0.189480721950531 0.014600133523344994 0.014604576863348484
159.56644906021847 0.7016932964324951 0.984626293182373 0.18971997499465942 0.003824387677013874 0.003827888984233141
159.6359717727107 0.704007089138031 0.984626293182373 0.18980827927589417 0.0004694237723015249 0.00047139055095613003
159.65578527714197 0.7046566009521484 0.984626293182373 0.18983231484889984 2.707058774831239e-05 2.7671640054904856e-05
159.66794654651875 0.7050532102584839 0.984626293182373 0.18984684348106384 -3.3380320729747837e-08 -3.3380324282461515e-08
159.80101125095536 0.7093291282653809 0.984626293182373 0.18999895453453064 -3.3380320729747837e-08 -3.3380324282461515e-08
159.93407595539193 0.7134820818901062 0.984626293182373 0.1901380568742752 -3.3380320729747837e-08 -3.3380324282461515e-08
160.28563845539196 0.723950207233429 0.984626293182373 0.1904556304216385 -3.3380324282461515e-08 -3.3380324282461515e-08
160.637200955392 0.7336627840995789 0.984626293182373 0.1907038688659668 -3.3380324282461515e-08 -3.3380324282461515e-08
160.812982205392 0.7382484674453735 0.984626293182373 0.19080547988414764 -3.3380324282461515e-08 -3.3380324282461515e-08
160.98876345539202 0.7426621317863464 0.984626293182373 0.1908940076828003 -3.3380324282461515e-08 -3.3380324282461515e-08
161.16454470539202 0.7469100952148438 0.984626293182373 0.19097071886062622 -3.3380324282461515e-08 -3.3380324282461515e-08
161.51610720539205 0.7549406290054321 0.984626293182373 0.19109398126602173 -3.3380324282461515e-08 -3.3380324282461515e-08
162.0434509553921 0.7659543752670288 0.984626293182373 0.1912212371826172 -3.3380324282461515e-08 -3.3380324282461515e-08
162.39501345539213 0.7726315259933472 0.984626293182373 0.19127556681632996 -3.3380324282461515e-08 -3.3380324282461515e-08
162.57079470539213 0.7757793068885803 0.984626293182373 0.1912955939769745 -3.3380324282461515e-08 -3.3380324282461515e-08
162.92235720539216 0.781702995300293 0.984626293182373 0.19132409989833832 -3.3380324282461515e-08 -3.3380324282461515e-08
163.09813845539216 0.7845025062561035 0.984626293182373 0.19133411347866058 -3.3380324282461515e-08 -3.3380324282461515e-08
163.4497009553922 0.7898050546646118 0.984626293182373 0.19134795665740967 -3.3380324282461515e-08 -3.3380324282461515e-08
163.62548220539222 0.7923165559768677 0.984626293182373 0.19135251641273499 -3.3380324282461515e-08 -3.3380324282461515e-08
163.80126345539222 0.7947346568107605 0.984626293182373 0.19135582447052002 -3.3380324282461515e-08 -3.3380324282461515e-08
163.97704470539225 0.7970582842826843 0.984626293182373 0.19135808944702148 -3.3380324282461515e-08 -3.3380324282461515e-08
164.15282595539225 0.7992976903915405 0.984626293182373 0.19135962426662445 -3.3380324282461515e-08 -3.3380324282461515e-08
164.50438845539227 0.8035542964935303 0.984626293182373 0.19136127829551697 -3.3380324282461515e-08 -3.3380324282461515e-08
164.6801697053923 0.8055723309516907 0.984626293182373 0.19136165082454681 -3.3380324282461515e-08 -3.3380324282461515e-08
164.8559509553923 0.8075147867202759 0.984626293182373 0.19136184453964233 -3.3380324282461515e-08 -3.3380324282461515e-08
165.03173220539233 0.8093905448913574 0.984626293182373 0.1913619041442871 -3.3380324282461515e-08 -3.3380324282461515e-08
165.20751345539233 0.8112025856971741 0.984626293182373 0.1913619339466095 -3.3380324282461515e-08 -3.3380324282461515e-08
165.38329470539233 0.8129487633705139 0.984626293182373 0.1913619339466095 -3.3380324282461515e-08 -3.3380324282461515e-08
165.55907595539236 0.814637303352356 0.984626293182373 0.1913619339466095 -3.3380324282461515e-08 -3.3380324282461515e-08
165.73485720539236 0.8162707090377808 0.984626293182373 0.1913619339466095 -3.3380324282461515e-08 -3.3380324282461515e-08
165.9106384553924 0.8178466558456421 0.984626293182373 0.1913619339466095 -3.3380324282461515e-08 -3.3380324282461515e-08
166.0864197053924 0.8193726539611816 0.984626293182373 0.1913619339466095 -3.3380324282461515e-08 -3.3380324282461515e-08
166.26220095539242 0.8208508491516113 0.984626293182373 0.1913619339466095 -3.3380324282461515e-08 -3.3380324282461515e-08
166.43798220539242 0.8222788572311401 0.984626293182373 0.1913619339466095 -3.3380324282461515e-08 -3.3380324282461515e-08
166.61376345539244 0.8236635327339172 0.984626293182373 0.1913619339466095 -3.3380324282461515e-08 -3.3380324282461515e-08
166.78954470539244 0.8250066637992859 0.984626293182373 0.1913619339466095 -3.3380324282461515e-08 -3.3380324282461515e-08
166.96532595539247 0.8263058066368103 0.984626293182373 0.1913619339466095 -3.3380324282461515e-08 -3.3380324282461515e-08
167.14110720539247 0.8275672197341919 0.984626293182373 0.1913619339466095 -3.3380324282461515e-08 -3.3380324282461515e-08
167.3168884553925 0.8287924528121948 0.984626293182373 0.1913619339466095 -3.3380324282461515e-08 -3.3380324282461515e-08
167.4926697053925 0.8299751281738281 0.984626293182373 0.1913619339466095 -3.3380324282461515e-08 -3.3380324282461515e-08
167.66845095539253 0.8311177492141724 0.984626293182373 0.1913619339466095 -3.3380324282461515e-08 -3.3380324282461515e-08
167.84423220539253 0.8322306275367737 0.984626293182373 0.1913619339466095 -3.3380324282461515e-08 -3.3380324282461515e-08
168.19579470539256 0.8343675136566162 0.984626293182373 0.1913619339466095 -3.3380324282461515e-08 -3.3380324282461515e-08
168.37157595539256 0.8353829383850098 0.984626293182373 0.1913619339466095 -3.3380324282461515e-08 -3.3380324282461515e-08
168.5473572053926 0.8363711833953857 0.984626293182373 0.1913619339466095 -3.3380324282461515e-08 -3.3380324282461515e-08
168.7231384553926 0.8373363018035889 0.984626293182373 0.1913619339466095 -3.3380324282461515e-08 -3.3380324282461515e-08
169.07470095539261 0.8391802310943604 0.984626293182373 0.1913619339466095 -3.3380324282461515e-08 -3.3380324282461515e-08
169.25048220539264 0.8400650024414062 0.984626293182373 0.1913619339466095 -3.3380324282461515e-08 -3.3380324282461515e-08
169.42626345539264 0.8409292101860046 0.984626293182373 0.1913619339466095 -3.3380324282461515e-08 -3.3380324282461515e-08
169.60204470539267 0.8417683839797974 0.984626293182373 0.1913619339466095 -3.3380324282461515e-08 -3.3380324282461515e-08
170.1293884553927 0.8441375494003296 0.984626293182373 0.1913619339466095 -3.3380324282461515e-08 -3.3380324282461515e-08
170.3051697053927 0.8448912501335144 0.984626293182373 0.1913619339466095 -3.3380324282461515e-08 -3.3380324282461515e-08
170.48095095539273 0.8456243872642517 0.984626293182373 0.1913619339466095 -3.3380324282461515e-08 -3.3380324282461515e-08
170.65673220539273 0.84633469581604 0.984626293182373 0.1913619339466095 -3.3380324282461515e-08 -3.3380324282461515e-08
171.09618533039279 0.8480357527732849 0.984626293182373 0.1913619339466095 -3.3380324282461515e-08 -3.3380324282461515e-08
171.5356384553928 0.8496394753456116 0.984626293182373 0.1913619339466095 -3.3380324282461515e-08 -3.3380324282461515e-08
171.7114197053928 0.8502482175827026 0.984626293182373 0.1913619339466095 -3.3380324282461515e-08 -3.3380324282461515e-08
171.88720095539284 0.8508413434028625 0.984626293182373 0.1913619339466095 -3.3380324282461515e-08 -3.3380324282461515e-08
172.7661072053929 0.853628396987915 0.984626293182373 0.1913619339466095 -3.3380324282461515e-08 -3.3380324282461515e-08
172.9418884553929 0.8541420698165894 0.984626293182373 0.1913619339466095 -3.3380324282461515e-08 -3.3380324282461515e-08
173.11766970539293 0.8546437621116638 0.984626293182373 0.1913619339466095 -3.3380324282461515e-08 -3.3380324282461515e-08
173.29345095539293 0.8551380634307861 0.984626293182373 0.1913619339466095 -3.3380324282461515e-08 -3.3380324282461515e-08
174.348138455393 0.8578899502754211 0.984626293182373 0.1913619339466095 -3.3380324282461515e-08 -3.3380324282461515e-08
174.52391970539304 0.8583155870437622 0.984626293182373 0.1913619339466095 -3.3380324282461515e-08 -3.3380324282461515e-08
174.69970095539304 0.8587364554405212 0.984626293182373 0.1913619339466095 -3.3380324282461515e-08 -3.3380324282461515e-08
174.87548220539307 0.8591488599777222 0.984626293182373 0.1913619339466095 -3.3380324282461515e-08 -3.3380324282461515e-08
175.05126345539307 0.8595510125160217 0.984626293182373 0.1913619339466095 -3.3380324282461515e-08 -3.3380324282461515e-08
176.28173220539315 0.862140953540802 0.984626293182373 0.1913619339466095 -3.3380324282461515e-08 -3.3380324282461515e-08
176.45751345539318 0.8624858856201172 0.984626293182373 0.1913619339466095 -3.3380324282461515e-08 -3.3380324282461515e-08
176.63329470539318 0.8628227710723877 0.984626293182373 0.1913619339466095 -3.3380324282461515e-08 -3.3380324282461515e-08
176.8090759553932 0.863152027130127 0.984626293182373 0.1913619339466095 -3.3380324282461515e-08 -3.3380324282461515e-08
178.56688845539333 0.866148829460144 0.984626293182373 0.1913619339466095 -3.3380324282461515e-08 -3.3380324282461515e-08
178.74266970539335 0.8664186000823975 0.984626293182373 0.1913619339466095 -3.3380324282461515e-08 -3.3380324282461515e-08
178.91845095539335 0.8666828274726868 0.984626293182373 0.1913619339466095 -3.3380324282461515e-08 -3.3380324282461515e-08
179.09423220539338 0.8669430613517761 0.984626293182373 0.1913619339466095 -3.3380324282461515e-08 -3.3380324282461515e-08
179.97313845539344 0.8682109117507935 0.984626293182373 0.1913619339466095 -3.3380324282461515e-08 -3.3380324282461515e-08
179.99999999999997 0.868247926235199 0.984626293182373 0.1913619339466095 -3.3380324282461515e-08 -3.3380324282461515e-08
