time a b c w1
0.0 0.0 0.0 0.0 0.0
2.34374997708231e-06 2.34398437508335e-23 1.0801570415496826 2.34398437508335e-23 2.34398437508335e-23
2.3531289769906394e-06 2.35336424679079e-23 1.0037916898727417 2.35336424679079e-23 2.35336424679079e-23
2.3718869768072985e-06 2.372124147977851e-23 0.9922298789024353 2.372124147977851e-23 2.372124147977851e-23
2.449126245505041e-06 2.449371143311084e-23 0.9876051545143127 2.449371143311084e-23 2.449371143311084e-23
0.00019360463173130613 1.9362399824984054e-21 0.9876051545143127 1.9362399824984054e-21 1.9362399824984054e-21
0.00038480681743822704 3.8484529531415596e-21 0.9876051545143127 3.8484529531415596e-21 -5.559413818190251e-09
0.0007672111888520689 7.672878894427868e-21 0.9876051545143127 7.672878894427868e-21 -2.7054509743607014e-08
0.001 1.0000999731091105e-20 0.9876051545143127 1.0000999731091105e-20 -3.3385653352979716e-08
29.999999999999996 3.000300019364487e-16 0.9876051545143127 3.000300019364487e-16 -3.3385479270009455e-08
30.000099999999996 3.0003100778807355e-16 0.9876051545143127 3.0003100778807355e-16 -3.33644898375951e-08
30.0003 3.0003299302154367e-16 0.9876051545143127 3.0003299302154367e-16 -3.334375264785194e-08
30.0007 3.0003698995826353e-16 0.9876051545143127 3.0003698995826353e-16 -3.333278186801181e-08
30.000822963441642 6.773446692420748e-09 0.9876051545143127 3.000382340379048e-16 -3.201489917614708e-08
30.000893956527193 3.91144077127592e-08 0.9876051545143127 3.0003894872195405e-16 1.3096087769781661e-08
30.000929676835643 1.034852346037951e-07 0.9876051545143127 3.000392928290889e-16 1.747474698277074e-07
30.00095165457873 1.9989585098301177e-07 0.9876051545143127 3.000395045873257e-16 5.12252825046744e-07
30.000972243464844 3.604483822527982e-07 0.9876051545143127 3.000397163455625e-16 1.2170495438112994e-06
30.000990289514522 5.681701509274717e-07 0.9876051545143127 3.000399016340197e-16 2.281020442751469e-06
30.001 7.114164759514097e-07 0.9876051545143127 3.000400075131381e-16 3.083893034272478e-06
30.032668018299464 0.0005645672208629549 0.9876051545143127 3.0035671842607243e-16 0.0033868446480482817
30.064336036598927 0.0011259133461862803 0.9876051545143127 3.0067342933900673e-16 0.006762312259525061
30.12767400611928 0.0022411092650145292 0.9876051545143127 3.0130687763465494e-16 0.013488526456058025
30.25434994515999 0.004442545585334301 0.9876051545143127 3.0257374775617175e-16 0.026844827458262444
30.48872494515999 0.008437924087047577 0.9876051545143127 3.049177261492408e-16 0.05129747465252876
30.723099945159987 0.012334652245044708 0.9876051545143127 3.072617310120895e-16 0.07541890442371368
30.957474945159984 0.016118837520480156 0.9876051545143127 3.0960570940515855e-16 0.09915915131568909
31.191849945159984 0.01978948712348938 0.9876051545143127 3.119496877982276e-16 0.12251096218824387
31.42622494515998 0.02334628254175186 0.9876051545143127 3.1429366619129667e-16 0.14546999335289001
31.894974945159973 0.030116809532046318 0.9876051545143127 3.189816494472144e-16 0.19018985331058502
32.12934994515997 0.0333293154835701 0.9876051545143127 3.2132562784028347e-16 0.21193736791610718
32.363724945159966 0.03642604500055313 0.9876051545143127 3.2366960623335253e-16 0.2332678735256195
32.598099945159966 0.03940655291080475 0.9876051545143127 3.260135846264216e-16 0.2541741132736206
32.832474945159966 0.04227083921432495 0.9876051545143127 3.2835758948927026e-16 0.2746507227420807
33.06684994515996 0.04501934349536896 0.9876051545143127 3.3070156788233933e-16 0.2946943938732147
33.30122494515996 0.04765249788761139 0.9876051545143127 3.330455462754084e-16 0.31430110335350037
33.53559994515995 0.050170741975307465 0.9876051545143127 3.3538952466847746e-16 0.3334662914276123
34.238724945159944 0.05704404413700104 0.9876051545143127 3.4242148631746425e-16 0.38827961683273315
34.473099945159944 0.05911118537187576 0.9876051545143127 3.447654647105333e-16 0.4056447744369507
34.70747494515994 0.06106852367520332 0.9876051545143127 3.47109469573382e-16 0.42255306243896484
34.94184994515994 0.06291750818490982 0.9876051545143127 3.4945344796645105e-16 0.4390007257461548
35.17622494515994 0.06465980410575867 0.9876051545143127 3.517974263595201e-16 0.45498383045196533
35.41059994515993 0.06629754602909088 0.9876051545143127 3.5414140475258917e-16 0.4705018699169159
35.64497494515993 0.06783318519592285 0.9876051545143127 3.5648538314565824e-16 0.4855566918849945
35.87934994515992 0.06926929205656052 0.9876051545143127 3.588293880085069e-16 0.5001499056816101
36.11372494515992 0.07060858607292175 0.9876051545143127 3.6117336640157597e-16 0.5142837166786194
36.34809994515992 0.07185398042201996 0.9876051545143127 3.6351734479464503e-16 0.527961790561676
36.582474945159916 0.0730084776878357 0.9876051545143127 3.658613231877141e-16 0.5411868691444397
36.816849945159916 0.07407538592815399 0.9876051545143127 3.6820532805056276e-16 0.5539603233337402
37.51997494515991 0.07678621262311935 0.9876051545143127 3.7523726322976996e-16 0.5896148681640625
37.7543499451599 0.07753876596689224 0.9876051545143127 3.77581241622839e-16 0.6006335020065308
37.9887249451599 0.07822214066982269 0.9876051545143127 3.799252464856877e-16 0.61123126745224
38.2230999451599 0.07884056121110916 0.9876051545143127 3.8226922487875675e-16 0.6214147806167603
38.457474945159895 0.07939808815717697 0.9876051545143127 3.846132032718258e-16 0.6311925649642944
38.691849945159895 0.07989854365587234 0.9876051545143127 3.869571816648949e-16 0.6405749320983887
38.92622494515989 0.0803457573056221 0.9876051545143127 3.8930118652774355e-16 0.6495723724365234
39.16059994515989 0.08074349910020828 0.9876051545143127 3.916451649208126e-16 0.658195436000824
39.62934994515988 0.08140503615140915 0.9876051545143127 3.9633312170695074e-16 0.6743627786636353
40.33247494515987 0.08211864531040192 0.9876051545143127 4.0336508335593753e-16 0.6960792541503906
40.56684994515987 0.08229539543390274 0.9876051545143127 4.057090617490066e-16 0.7026886940002441
41.97309994515985 0.08291231095790863 0.9876051545143127 4.197729850469802e-16 0.7365496754646301
42.20747494515985 0.08296313881874084 0.9876051545143127 4.2211696344004925e-16 0.7413326501846313
42.44184994515985 0.083003930747509 0.9876051545143127 4.244609418331183e-16 0.7458985447883606
42.676224945159845 0.08303633332252502 0.9876051545143127 4.268049202261874e-16 0.7502575516700745
43.14497494515984 0.08308157324790955 0.9876051545143127 4.314929034821051e-16 0.7583940625190735
43.37934994515984 0.08309651166200638 0.9876051545143127 4.3383688187517418e-16 0.7621901035308838
43.61372494515984 0.08310754597187042 0.9876051545143127 4.3618086026824324e-16 0.7658163905143738
43.84809994515983 0.08311543613672256 0.9876051545143127 4.385248386613123e-16 0.7692813873291016
44.08247494515983 0.0831209048628807 0.9876051545143127 4.4086884352416097e-16 0.7725931406021118
44.316849945159824 0.0831245481967926 0.9876051545143127 4.4321282191723003e-16 0.7757593393325806
45.25434994515982 0.08312910795211792 0.9876051545143127 4.525887619592859e-16 0.7871106863021851
45.48872494515981 0.08312920480966568 0.9876051545143127 4.549327138825754e-16 0.7896528840065002
45.72309994515981 0.08312922716140747 0.9876051545143127 4.57276718745424e-16 0.7920889258384705
45.95747494515981 0.08312921971082687 0.9876051545143127 4.596207236082727e-16 0.7944239974021912
46.894974945159795 0.08312921226024628 0.9876051545143127 4.689966371805489e-16 0.8028528094291687
47.129349945159795 0.08312921226024628 0.9876051545143127 4.713406420433976e-16 0.8047547936439514
47.36372494515979 0.08312921226024628 0.9876051545143127 4.736845939666871e-16 0.8065828680992126
47.59809994515979 0.08312921226024628 0.9876051545143127 4.760285988295357e-16 0.8083406686782837
48.06684994515978 0.08312921226024628 0.9876051545143127 4.807165556156739e-16 0.8116586804389954
48.30122494515978 0.08312921226024628 0.9876051545143127 4.830605604785225e-16 0.813225507736206
48.535599945159774 0.08312921226024628 0.9876051545143127 4.85404512401812e-16 0.814734935760498
48.769974945159774 0.08312921226024628 0.9876051545143127 4.877485172646607e-16 0.8161895275115967
50.64497494515975 0.08312921226024628 0.9876051545143127 5.065003973487724e-16 0.8261412382125854
50.879349945159746 0.08312921226024628 0.9876051545143127 5.08844402211621e-16 0.8272054195404053
51.113724945159746 0.08312921226024628 0.9876051545143127 5.111883541349105e-16 0.828235387802124
51.348099945159746 0.08312921226024628 0.9876051545143127 5.135323589977592e-16 0.8292326927185059
51.58247494515974 0.08312921226024628 0.9876051545143127 5.158763109210486e-16 0.8301987051963806
51.81684994515974 0.08312921226024628 0.9876051545143127 5.182203157838973e-16 0.8311347365379333
52.51997494515973 0.08312921226024628 0.9876051545143127 5.252522774328841e-16 0.8337759971618652
52.754349945159724 0.08312921226024628 0.9876051545143127 5.275962293561736e-16 0.8346046805381775
52.988724945159724 0.08312921226024628 0.9876051545143127 5.299402342190222e-16 0.8354091644287109
53.223099945159724 0.08312921226024628 0.9876051545143127 5.322842390818709e-16 0.8361905813217163
54.39497494515971 0.08312921226024628 0.9876051545143127 5.440041575169958e-16 0.8397818207740784
54.6293499451597 0.08312921226024628 0.9876051545143127 5.463481094402853e-16 0.8404425382614136
54.8637249451597 0.08312921226024628 0.9876051545143127 5.486921143031339e-16 0.8410857915878296
55.098099945159696 0.08312921226024628 0.9876051545143127 5.510361191659826e-16 0.8417121767997742
59.99999999999999 0.08312921226024628 0.9876051545143127 6.000600038728974e-16 0.8518489003181458
60.000099999999996 0.08312921226024628 0.9876051545143127 6.000610097245222e-16 0.8518484830856323
60.000299999999996 0.083128921687603 0.9876051545143127 6.00063021427772e-16 0.8518481254577637
60.000699999999995 0.08312535285949707 0.9876051545143127 6.000669918947122e-16 0.8518479466438293
60.001000000000005 0.08311876654624939 0.9876051545143127 6.000700094495868e-16 0.8518479466438293
60.011200000000095 0.08182471990585327 0.9876051545143127 6.001720239801717e-16 0.8518479466438293
60.021400000000185 0.08053630590438843 0.9876051545143127 6.002740385107567e-16 0.8518479466438293
60.04188000000037 0.07796716690063477 0.9876051545143127 6.004788616653146e-16 0.8518479466438293
60.16476000000147 0.06317455321550369 0.9876051545143127 6.01707747653103e-16 0.8518479466438293
60.328600000002936 0.045391496270895004 0.9876051545143127 6.033463328895664e-16 0.8518479466438293
60.562975000002936 0.02374417521059513 0.9876051545143127 6.056903377524151e-16 0.8518479466438293
60.79735000000293 0.006158703006803989 0.9876051545143127 6.080342896757046e-16 0.8518479466438293
60.89530776773062 0.000668695371132344 0.9876051545143127 6.090139891583226e-16 0.8518479466438293
60.922486399452005 2.0642422896344215e-05 0.9876051545143127 6.092857808552728e-16 0.8518479466438293
60.93783275398104 -3.3385482822723134e-08 0.9876051545143127 6.094392526374034e-16 0.8518479466438293
89.99999999999999 -3.334159970336259e-08 0.9876051545143127 9.000900322791256e-16 0.8518479466438293
90.0001 -3.334986331537948e-08 0.9876051545143127 9.000909851911913e-16 0.8518479466438293
90.0003 -3.333044062969748e-08 0.9876051545143127 9.00092996894441e-16 0.8518479466438293
90.0007 -3.324743858001966e-08 0.9876051545143127 9.000970203009405e-16 0.8518479466438293
90.001 -3.3170096003232175e-08 0.9876051545143127 9.000999849162559e-16 0.8518479466438293
119.99999999999999 -3.3170096003232175e-08 0.9876051545143127 1.2001200077457947e-15 0.8518479466438293
120.0001 -3.3170096003232175e-08 0.9876051545143127 1.2001209606578604e-15 0.8518479466438293
120.0003 -3.3170096003232175e-08 0.9876051545143127 1.2001229723611101e-15 0.8518479466438293
120.0007 -3.3170096003232175e-08 0.9876051545143127 1.2001269957676096e-15 0.8518479466438293
120.001 -3.3170096003232175e-08 0.9876051545143127 1.200129960382925e-15 0.8518479466438293
135.0005 -3.3170096003232175e-08 0.9876051545143127 0.05996780842542648 0.8518479466438293
150.0 -3.3170096003232175e-08 0.9876051545143127 0.11597523093223572 0.8518479466438293
150.0001 -3.3170096003232175e-08 0.9876051545143127 0.11597579717636108 0.8518479466438293
150.0003 -3.3170096003232175e-08 0.9876051545143127 0.1159781888127327 0.8518479466438293
150.0007 -8.739644563604543e-09 0.9876051545143127 0.11598675698041916 0.8518479466438293
150.0008229636124 2.0217338203565305e-07 0.9876051545143127 0.11599014699459076 0.8518479466438293
150.0008941673905 7.094678267094423e-07 0.9876051545143127 0.11599206179380417 0.8518479466438293
150.00093103904152 1.3311109796632081e-06 0.9876051545143127 0.11599288135766983 0.8518479466438293
150.00095841252195 2.2482954591396265e-06 0.9876051545143127 0.11599341034889221 0.8518479466438293
150.0009801618384 3.524603471305454e-06 0.9876051545143127 0.11599379777908325 0.8518479466438293
150.001 5.113959105074173e-06 0.9876051545143127 0.11599413305521011 0.8518479466438293
150.070569956621 0.0070035420358181 0.9876051545143127 0.1171032041311264 0.8518479466438293
150.140139913242 0.013965040445327759 0.9876051545143127 0.11820147931575775 0.8518479466438293
150.27928194962294 0.02778632752597332 0.9876051545143127 0.1203683540225029 0.8518479466438293
150.51365694962294 0.05082155019044876 0.9876051545143127 0.12394709140062332 0.8518479466438293
150.74803194962294 0.07354698330163956 0.9876051545143127 0.12743672728538513 0.8518479466438293
150.9824069496229 0.09592362493276596 0.9876051545143127 0.13082681596279144 0.8518479466438293
151.2167819496229 0.11794659495353699 0.9876051545143127 0.13411693274974823 0.8518479466438293
151.4511569496229 0.13961079716682434 0.9876051545143127 0.13730666041374207 0.8518479466438293
151.68553194962288 0.16091254353523254 0.9876051545143127 0.1403959095478058 0.8518479466438293
151.91990694962288 0.1818481832742691 0.9876051545143127 0.1433846354484558 0.8518479466438293
152.15428194962288 0.20241345465183258 0.9876051545143127 0.14627277851104736 0.8518479466438293
152.38865694962286 0.22260494530200958 0.9876051545143127 0.14906045794487 0.8518479466438293
152.62303194962286 0.2424193024635315 0.9876051545143127 0.15174785256385803 0.8518479466438293
152.85740694962286 0.2618519067764282 0.9876051545143127 0.15433505177497864 0.8518479466438293
153.09178194962283 0.28089824318885803 0.9876051545143127 0.15682218968868256 0.8518479466438293
153.32615694962283 0.2995547652244568 0.9876051545143127 0.15920966863632202 0.8518479466438293
153.7949069496228 0.3356873393058777 0.9876051545143127 0.16368810832500458 0.8518479466438293
154.0292819496228 0.35315588116645813 0.9876051545143127 0.16578029096126556 0.8518479466438293
154.2636569496228 0.37022271752357483 0.9876051545143127 0.16777564585208893 0.8518479466438293
154.49803194962277 0.386886328458786 0.9876051545143127 0.1696752905845642 0.8518479466438293
154.73240694962277 0.4031425714492798 0.9876051545143127 0.1714802384376526 0.8518479466438293
154.96678194962277 0.418989360332489 0.9876051545143127 0.17319175601005554 0.8518479466438293
155.20115694962274 0.4344271421432495 0.9876051545143127 0.17481157183647156 0.8518479466438293
155.43553194962274 0.4494560658931732 0.9876051545143127 0.17634136974811554 0.8518479466438293
155.66990694962274 0.4640760123729706 0.9876051545143127 0.17778298258781433 0.8518479466438293
155.9042819496227 0.4782879948616028 0.9876051545143127 0.1791383922100067 0.8518479466438293
156.3730319496227 0.5054953098297119 0.9876051545143127 0.18159924447536469 0.8518479466438293
156.60740694962269 0.5184911489486694 0.9876051545143127 0.18270926177501678 0.8518479466438293
156.84178194962269 0.531084418296814 0.9876051545143127 0.18374237418174744 0.8518479466438293
157.07615694962269 0.5432787537574768 0.9876051545143127 0.18470123410224915 0.8518479466438293
157.31053194962266 0.5550779104232788 0.9876051545143127 0.18558862805366516 0.8518479466438293
157.54490694962266 0.566485583782196 0.9876051545143127 0.18640750646591187 0.8518479466438293
158.01365694962263 0.58814537525177 0.9876051545143127 0.18785172700881958 0.8518479466438293
158.24803194962263 0.598410427570343 0.9876051545143127 0.1884831041097641 0.8518479466438293
158.48240694962263 0.608307957649231 0.9876051545143127 0.1890580654144287 0.8518479466438293
158.7167819496226 0.6178441047668457 0.9876051545143127 0.18957990407943726 0.8518479466438293
158.9511569496226 0.6270252466201782 0.9876051545143127 0.19005191326141357 0.8518479466438293
159.1855319496226 0.6358596682548523 0.9876051545143127 0.1904771625995636 0.8518479466438293
159.41990694962257 0.6443562507629395 0.9876051545143127 0.1908586323261261 0.8518479466438293
159.88865694962257 0.6603708863258362 0.9876051545143127 0.19150197505950928 0.8518479466438293
160.12303194962254 0.6679055690765381 0.9876051545143127 0.19177013635635376 0.8518479466438293
160.35740694962254 0.6751374006271362 0.9876051545143127 0.1920064389705658 0.8518479466438293
160.59178194962254 0.6820760369300842 0.9876051545143127 0.19221346080303192 0.8518479466438293
160.82615694962251 0.6887305974960327 0.9876051545143127 0.1923939734697342 0.8518479466438293
161.06053194962251 0.6951104998588562 0.9876051545143127 0.1925506889820099 0.8518479466438293
161.29490694962251 0.7012255191802979 0.9876051545143127 0.19268593192100525 0.8518479466438293
161.5292819496225 0.7070852518081665 0.9876051545143127 0.19280178844928741 0.8518479466438293
161.7636569496225 0.7126992344856262 0.9876051545143127 0.1929003894329071 0.8518479466438293
161.9980319496225 0.7180768847465515 0.9876051545143127 0.1929837465286255 0.8518479466438293
162.23240694962246 0.7232275009155273 0.9876051545143127 0.19305378198623657 0.8518479466438293
162.46678194962246 0.7281602621078491 0.9876051545143127 0.1931120604276657 0.8518479466438293
162.70115694962246 0.7328842282295227 0.9876051545143127 0.19315999746322632 0.8518479466438293
162.93553194962243 0.7374081611633301 0.9876051545143127 0.19319894909858704 0.8518479466438293
163.16990694962243 0.7417405843734741 0.9876051545143127 0.1932303011417389 0.8518479466438293
163.40428194962243 0.7458898425102234 0.9876051545143127 0.19325533509254456 0.8518479466438293
163.6386569496224 0.7498641014099121 0.9876051545143127 0.19327498972415924 0.8518479466438293
164.1074069496224 0.7573184370994568 0.9876051545143127 0.19330161809921265 0.8518479466438293
164.34178194962237 0.760813295841217 0.9876051545143127 0.19331005215644836 0.8518479466438293
164.57615694962237 0.7641627192497253 0.9876051545143127 0.19331605732440948 0.8518479466438293
164.81053194962237 0.7673733830451965 0.9876051545143127 0.1933201551437378 0.8518479466438293
165.04490694962234 0.7704519629478455 0.9876051545143127 0.19332288205623627 0.8518479466438293
165.27928194962234 0.7734046578407288 0.9876051545143127 0.19332461059093475 0.8518479466438293
165.51365694962234 0.7762372493743896 0.9876051545143127 0.19332557916641235 0.8518479466438293
165.74803194962232 0.7789554595947266 0.9876051545143127 0.19332608580589294 0.8518479466438293
165.98240694962232 0.7815647721290588 0.9876051545143127 0.19332629442214966 0.8518479466438293
166.21678194962232 0.7840705513954163 0.9876051545143127 0.19332636892795563 0.8518479466438293
166.4511569496223 0.7864775657653809 0.9876051545143127 0.19332638382911682 0.8518479466438293
166.6855319496223 0.7887904047966003 0.9876051545143127 0.19332636892795563 0.8518479466438293
167.15428194962226 0.7931513786315918 0.9876051545143127 0.19332636892795563 0.8518479466438293
167.62303194962226 0.7971868515014648 0.9876051545143127 0.19332636892795563 0.8518479466438293
167.85740694962223 0.7990921139717102 0.9876051545143127 0.19332636892795563 0.8518479466438293
168.09178194962223 0.8009271621704102 0.9876051545143127 0.19332636892795563 0.8518479466438293
168.32615694962223 0.8026950359344482 0.9876051545143127 0.19332636892795563 0.8518479466438293
168.5605319496222 0.8043988943099976 0.9876051545143127 0.19332636892795563 0.8518479466438293
168.7949069496222 0.8060418367385864 0.9876051545143127 0.19332636892795563 0.8518479466438293
169.0292819496222 0.8076266646385193 0.9876051545143127 0.19332636892795563 0.8518479466438293
169.26365694962217 0.8091561198234558 0.9876051545143127 0.19332636892795563 0.8518479466438293
169.49803194962217 0.810632586479187 0.9876051545143127 0.19332636892795563 0.8518479466438293
169.73240694962217 0.8120584487915039 0.9876051545143127 0.19332636892795563 0.8518479466438293
169.96678194962215 0.813435971736908 0.9876051545143127 0.19332636892795563 0.8518479466438293
170.20115694962215 0.8147673606872559 0.9876051545143127 0.19332636892795563 0.8518479466438293
170.43553194962215 0.8160544633865356 0.9876051545143127 0.19332636892795563 0.8518479466438293
170.90428194962212 0.8185039758682251 0.9876051545143127 0.19332636892795563 0.8518479466438293
171.13865694962212 0.8196700215339661 0.9876051545143127 0.19332636892795563 0.8518479466438293
171.3730319496221 0.8207991123199463 0.9876051545143127 0.19332636892795563 0.8518479466438293
172.77928194962203 0.8268810510635376 0.9876051545143127 0.19332636892795563 0.8518479466438293
173.01365694962203 0.827791690826416 0.9876051545143127 0.19332636892795563 0.8518479466438293
173.248031949622 0.8286760449409485 0.9876051545143127 0.19332636892795563 0.8518479466438293
173.482406949622 0.829535186290741 0.9876051545143127 0.19332636892795563 0.8518479466438293
173.95115694962197 0.831181526184082 0.9876051545143127 0.19332636892795563 0.8518479466438293
174.18553194962197 0.8319706320762634 0.9876051545143127 0.19332636892795563 0.8518479466438293
174.41990694962197 0.8327382802963257 0.9876051545143127 0.19332636892795563 0.8518479466438293
174.65428194962195 0.8334851861000061 0.9876051545143127 0.19332636892795563 0.8518479466438293
175.24021944962195 0.8352668881416321 0.9876051545143127 0.19332636892795563 0.8518479466438293
175.82615694962192 0.8369352221488953 0.9876051545143127 0.19332636892795563 0.8518479466438293
176.0605319496219 0.8375731110572815 0.9876051545143127 0.19332636892795563 0.8518479466438293
176.2949069496219 0.8381951451301575 0.9876051545143127 0.19332636892795563 0.8518479466438293
176.76365694962186 0.839393675327301 0.9876051545143127 0.19332636892795563 0.8518479466438293
176.99803194962186 0.8399712443351746 0.9876051545143127 0.19332636892795563 0.8518479466438293
177.23240694962186 0.8405349850654602 0.9876051545143127 0.19332636892795563 0.8518479466438293
177.46678194962183 0.8410853743553162 0.9876051545143127 0.19332636892795563 0.8518479466438293
177.70115694962183 0.8416228294372559 0.9876051545143127 0.19332636892795563 0.8518479466438293
179.10740694962178 0.844600260257721 0.9876051545143127 0.19332636892795563 0.8518479466438293
179.34178194962178 0.845058798789978 0.9876051545143127 0.19332636892795563 0.8518479466438293
179.57615694962175 0.8455073833465576 0.9876051545143127 0.19332636892795563 0.8518479466438293
179.81053194962175 0.8459469079971313 0.9876051545143127 0.19332636892795563 0.8518479466438293
179.99999999999997 0.8462968468666077 0.9876051545143127 0.19332636892795563 0.8518479466438293
180.0001 0.8462964296340942 0.9876051545143127 0.19332636892795563 0.8518479466438293
180.0003 0.8462960124015808 0.9876051545143127 0.19332605600357056 0.8518479466438293
180.0007 0.8462958335876465 0.9876051545143127 0.19332219660282135 0.8518479466438293
180.001 0.8462958335876465 0.9876051545143127 0.19331510365009308 0.8518479466438293
180.04192000000063 0.8462958335876465 0.9876051545143127 0.18771183490753174 0.8518479466438293
180.0828400000013 0.8462958335876465 0.9876051545143127 0.18210716545581818 0.8518479466438293
180.1647600000026 0.8462958335876465 0.9876051545143127 0.17088919878005981 0.8518479466438293
180.32860000000517 0.8462958335876465 0.9876051545143127 0.1485271155834198 0.8518479466438293
180.56297500000517 0.8462958335876465 0.9876051545143127 0.11695940792560577 0.8518479466438293
180.79735000000514 0.8462958335876465 0.9876051545143127 0.08652819693088531 0.8518479466438293
181.03172500000514 0.8462958335876465 0.9876051545143127 0.05844096839427948 0.8518479466438293
181.26610000000514 0.8462958335876465 0.9876051545143127 0.03414692357182503 0.8518479466438293
181.5004750000051 0.8462958335876465 0.9876051545143127 0.014916684478521347 0.8518479466438293
181.7348500000051 0.8462958335876465 0.9876051545143127 0.0011076091323047876 0.8518479466438293
181.7812530572523 0.8462958335876465 0.9876051545143127 -3.3385479270009455e-08 0.8518479466438293
203.55888131016738 0.8462958335876465 0.9876051545143127 -3.3385479270009455e-08 0.8518479466438293
209.99999999999997 0.8462958335876465 0.9876051545143127 -3.342865539934792e-08 0.8518479466438293
210.00009999999997 0.8462958335876465 0.9876051545143127 -3.337888188070792e-08 0.8518479466438293
210.0003 0.8462958335876465 0.9876051545143127 -3.334375264785194e-08 0.8518479466438293
210.00070000000002 0.8462958335876465 0.9876051545143127 -3.3319011549792776e-08 0.8518479466438293
210.00088357629716 0.8462958335876465 0.9876051545143127 -3.329848041744299e-08 0.8518479466438293
210.00100000000003 0.8462958335876465 0.9876051545143127 -3.329008890773366e-08 0.8518479466438293
210.3009876617438 0.8462958335876465 0.9876051545143127 0.0014939575921744108 0.8518479466438293
210.60097532348755 0.8462958335876465 0.9876051545143127 0.0029857999179512262 0.8518479466438293
210.83535032348755 0.8462958335876465 0.9876051545143127 0.004149948246777058 0.8518479466438293
224.66347532348698 0.8462958335876465 0.9876051545143127 0.07046215981245041 0.8518479466438293
238.4916003234864 0.8462958335876465 0.9876051545143127 0.13207435607910156 0.8518479466438293
238.7259753234864 0.8462958335876465 0.9876051545143127 0.1330779641866684 0.8518479466438293
238.9603503234864 0.8462958335876465 0.9876051545143127 0.1340802162885666 0.8518479466438293
239.19472532348638 0.8462958335876465 0.9876051545143127 0.13508111238479614 0.8518479466438293
239.66347532348638 0.8462958335876465 0.9876051545143127 0.13707885146141052 0.8518479466438293
239.89785032348635 0.8462958335876465 0.9876051545143127 0.13807587325572968 0.8518479466438293
239.99999999999997 0.8462958335876465 0.9876051545143127 0.13851004838943481 0.8518479466438293
