time a b c w1
0.0 0.0 0.0 0.0 0.0
2.34374997708231e-06 2.34398437508335e-23 1.0801570415496826 2.34398437508335e-23 2.34398437508335e-23
2.3531289769906394e-06 2.35336424679079e-23 1.0037916898727417 2.35336424679079e-23 2.35336424679079e-23
2.3718869768072985e-06 2.372124147977851e-23 0.9922298789024353 2.372124147977851e-23 2.372124147977851e-23
2.449126245505041e-06 2.449371143311084e-23 0.9876051545143127 2.449371143311084e-23 2.449371143311084e-23
0.00019360463173130613 1.9362399824984054e-21 0.9876051545143127 1.9362399824984054e-21 1.9362399824984054e-21
0.00038480681743822704 3.8484529531415596e-21 0.9876051545143127 3.8484529531415596e-21 -5.5595066328351095e-09
0.0007672111888520689 7.672878894427868e-21 0.9876051545143127 7.672878894427868e-21 -2.705517587742179e-08
0.001 1.0000999731091105e-20 0.9876051545143127 1.0000999731091105e-20 -3.3386896802767296e-08
29.999999999999996 3.000300019364487e-16 0.9876051545143127 3.000300019364487e-16 -3.3386722719797035e-08
30.000099999999996 3.0003100778807355e-16 0.9876051545143127 3.0003100778807355e-16 -3.336523235475397e-08
30.0003 3.0003299302154367e-16 0.9876051545143127 3.0003299302154367e-16 -3.334400133780946e-08
30.0007 3.0003698995826353e-16 0.9876051545143127 3.0003698995826353e-16 -3.333276765715709e-08
30.00082296343333 1.415571659890702e-08 0.9876051545143127 3.000382340379048e-16 -2.9056472783395293e-08
30.000893956498942 7.34093958953963e-08 0.9876051545143127 3.0003894872195405e-16 4.132877151619141e-08
30.00092970777429 1.6145125414368522e-07 0.9876051545143127 3.000392928290889e-16 9.775823883728663e-08
30.000951879363363 2.5946988557734585e-07 0.9876051545143127 3.000395310571053e-16 1.1054318349579262e-07
30.000964624530432 3.562925598998845e-07 0.9876051545143127 3.000396369362237e-16 2.8475599833654996e-07
30.000974684098583 4.804923037227127e-07 0.9876051545143127 3.000397428153421e-16 7.398256798296643e-07
30.000985938285538 6.701939696540649e-07 0.9876051545143127 3.000398486944605e-16 1.5979591125869774e-06
30.00099884206178 9.280456083615718e-07 0.9876051545143127 3.000399810433585e-16 2.8496010600065347e-06
30.001 9.540367500449065e-07 0.9876051545143127 3.000400075131381e-16 2.9815773814334534e-06
30.26145479800355 0.006210892926901579 0.9876051545143127 3.026447926446227e-16 0.03279808163642883
30.5219095960071 0.012245720252394676 0.9876051545143127 3.052496307156665e-16 0.06506064534187317
30.756284596007095 0.01754274033010006 0.9876051545143127 3.0759360910873556e-16 0.09368296712636948
30.99065959600709 0.022694390267133713 0.9876051545143127 3.099375875018046e-16 0.12185603380203247
31.459409596007088 0.032550882548093796 0.9876051545143127 3.1462554428794275e-16 0.17680515348911285
31.693784596007085 0.03725028410553932 0.9876051545143127 3.169695491507914e-16 0.20355506241321564
31.92815959600708 0.04179457947611809 0.9876051545143127 3.193135275438605e-16 0.22980809211730957
32.16253459600708 0.046181827783584595 0.9876051545143127 3.2165750593692955e-16 0.25555309653282166
32.39690959600708 0.050408944487571716 0.9876051545143127 3.240014843299986e-16 0.28077343106269836
32.86565959600707 0.05837501585483551 0.9876051545143127 3.2868946758591634e-16 0.3295893669128418
33.10003459600707 0.06211170554161072 0.9876051545143127 3.310334459789854e-16 0.3531647324562073
33.56878459600706 0.06908638775348663 0.9876051545143127 3.3572140276512353e-16 0.39859163761138916
34.271909596007056 0.07829209417104721 0.9876051545143127 3.4275336441411033e-16 0.4622536897659302
34.97503459600704 0.0859968513250351 0.9876051545143127 3.497853260630971e-16 0.5203068256378174
35.678159596007035 0.09224499017000198 0.9876051545143127 3.568172612423043e-16 0.5725611448287964
35.912534596007035 0.09401828050613403 0.9876051545143127 3.59161266105153e-16 0.5886737108230591
36.38128459600703 0.09712710231542587 0.9876051545143127 3.638492228912911e-16 0.6189414262771606
36.61565959600703 0.0984734371304512 0.9876051545143127 3.6619320128436017e-16 0.633103609085083
36.85003459600702 0.09968912601470947 0.9876051545143127 3.6853720614720884e-16 0.6466261148452759
37.08440959600702 0.10078070312738419 0.9876051545143127 3.708811845402779e-16 0.6595184803009033
37.31878459600702 0.10175491124391556 0.9876051545143127 3.7322516293334697e-16 0.6717932820320129
37.78753459600701 0.10338027775287628 0.9876051545143127 3.779131461892647e-16 0.6945372819900513
38.021909596007006 0.10404691845178604 0.9876051545143127 3.8025712458233376e-16 0.7050327062606812
38.256284596007006 0.1046266034245491 0.9876051545143127 3.8260110297540283e-16 0.7149662971496582
38.490659596007006 0.10512702912092209 0.9876051545143127 3.849450813684719e-16 0.7243568897247314
38.725034596007 0.10555576533079147 0.9876051545143127 3.8728905976154096e-16 0.7332243919372559
38.959409596007 0.10592015087604523 0.9876051545143127 3.896330646243896e-16 0.7415896654129028
39.42815959600699 0.10648372769355774 0.9876051545143127 3.9432102141052775e-16 0.7569000720977783
39.66253459600699 0.10669592022895813 0.9876051545143127 3.966649998035968e-16 0.7638894319534302
40.131284596006985 0.1070103645324707 0.9876051545143127 4.0135298305951455e-16 0.7766474485397339
40.36565959600698 0.10712291300296783 0.9876051545143127 4.036969614525836e-16 0.7824599742889404
40.83440959600698 0.10728082805871964 0.9876051545143127 4.0838491823872174e-16 0.793058454990387
41.53753459600697 0.10740227997303009 0.9876051545143127 4.1541687988770853e-16 0.8066887855529785
42.006284596006964 0.10743734240531921 0.9876051545143127 4.2010486314362626e-16 0.8144778609275818
42.24065959600696 0.10744685679674149 0.9876051545143127 4.2244884153669533e-16 0.8180327415466309
42.47503459600696 0.1074528619647026 0.9876051545143127 4.247928199297644e-16 0.821381151676178
42.70940959600696 0.10745640099048615 0.9876051545143127 4.2713679832283346e-16 0.8245368599891663
42.94378459600695 0.10745830088853836 0.9876051545143127 4.294807767159025e-16 0.8275129199028015
43.17815959600695 0.1074591726064682 0.9876051545143127 4.318247815787512e-16 0.8303214311599731
43.41253459600694 0.10745947808027267 0.9876051545143127 4.3416875997182025e-16 0.8329735994338989
43.88128459600694 0.10745948553085327 0.9876051545143127 4.388567167579584e-16 0.8378507494926453
44.58440959600693 0.10745945572853088 0.9876051545143127 4.458886784069452e-16 0.8442352414131165
45.05315959600693 0.10745945572853088 0.9876051545143127 4.505766351930833e-16 0.8479626774787903
45.28753459600692 0.10745945572853088 0.9876051545143127 4.52920640055932e-16 0.8496881127357483
45.756284596006914 0.10745945572853088 0.9876051545143127 4.576085968420701e-16 0.8528913259506226
45.990659596006914 0.10745945572853088 0.9876051545143127 4.599526017049188e-16 0.8543796539306641
46.45940959600691 0.10745945572853088 0.9876051545143127 4.646405584910569e-16 0.85715252161026
46.69378459600691 0.10745945572853088 0.9876051545143127 4.669845633539056e-16 0.8584454655647278
47.1625345960069 0.10745945572853088 0.9876051545143127 4.716725201400437e-16 0.8608628511428833
47.3969095960069 0.10745945572853088 0.9876051545143127 4.740164720633331e-16 0.8619939088821411
47.63128459600689 0.10745945572853088 0.9876051545143127 4.763604769261818e-16 0.8630772829055786
47.86565959600689 0.10745945572853088 0.9876051545143127 4.787044817890305e-16 0.8641155958175659
48.10003459600689 0.10745945572853088 0.9876051545143127 4.810484337123199e-16 0.8651115894317627
48.334409596006886 0.10745945572853088 0.9876051545143127 4.833924385751686e-16 0.8660675287246704
48.568784596006886 0.10745945572853088 0.9876051545143127 4.857363904984581e-16 0.8669857382774353
49.03753459600688 0.10745945572853088 0.9876051545143127 4.904244002241554e-16 0.8687169551849365
49.27190959600688 0.10745945572853088 0.9876051545143127 4.927683521474449e-16 0.8695337176322937
49.50628459600687 0.10745945572853088 0.9876051545143127 4.951123570102935e-16 0.8703202605247498
49.74065959600687 0.10745945572853088 0.9876051545143127 4.974563618731422e-16 0.8710780739784241
50.209409596006864 0.10745945572853088 0.9876051545143127 5.021443186592803e-16 0.8725135326385498
50.443784596006864 0.10745945572853088 0.9876051545143127 5.044882705825698e-16 0.8731938004493713
50.67815959600686 0.10745945572853088 0.9876051545143127 5.068322754454185e-16 0.8738507628440857
50.91253459600686 0.10745945572853088 0.9876051545143127 5.091762803082671e-16 0.8744856119155884
51.49847209600684 0.10745945572853088 0.9876051545143127 5.1503621305605e-16 0.8759825229644775
52.08440959600684 0.10745945572853088 0.9876051545143127 5.20896198743392e-16 0.8773624897003174
52.31878459600684 0.10745945572853088 0.9876051545143127 5.232401506666815e-16 0.8778847455978394
52.553159596006836 0.10745945572853088 0.9876051545143127 5.255841555295302e-16 0.8783910274505615
53.139097096006836 0.10745945572853088 0.9876051545143127 5.31444088277313e-16 0.8795919418334961
53.72503459600682 0.10745945572853088 0.9876051545143127 5.373040739646551e-16 0.8807077407836914
54.193784596006815 0.10745945572853088 0.9876051545143127 5.419920307507932e-16 0.8815450668334961
55.6000345960068 0.10745945572853088 0.9876051545143127 5.560559540487668e-16 0.8838009834289551
56.30315959600679 0.10745945572853088 0.9876051545143127 5.630879156977536e-16 0.8848044276237488
57.94378459600677 0.10745945572853088 0.9876051545143127 5.794957909190167e-16 0.8868813514709473
58.646909596006765 0.10745945572853088 0.9876051545143127 5.865277525680035e-16 0.8876744508743286
59.99999999999999 0.10745945572853088 0.9876051545143127 6.000600038728974e-16 0.8890646696090698
60.000099999999996 0.10745945572853088 0.9876051545143127 6.000610097245222e-16 0.889064371585846
60.000299999999996 0.10745914280414581 0.9876051545143127 6.00063021427772e-16 0.8890641331672668
60.000699999999995 0.10745532810688019 0.9876051545143127 6.000669918947122e-16 0.8890640139579773
60.001000000000005 0.1074482798576355 0.9876051545143127 6.000700094495868e-16 0.8890640139579773
60.16480000000147 0.08566142618656158 0.9876051545143127 6.017081711695766e-16 0.8890640139579773
60.328600000002936 0.06536301225423813 0.9876051545143127 6.033463328895664e-16 0.8890640139579773
60.562975000002936 0.03958940505981445 0.9876051545143127 6.056903377524151e-16 0.8890640139579773
60.79735000000293 0.018494175747036934 0.9876051545143127 6.080342896757046e-16 0.8890640139579773
61.03172500000293 0.0024585232604295015 0.9876051545143127 6.103782945385532e-16 0.8890640139579773
61.091059978651835 0.00011232190445298329 0.9876051545143127 6.109716940576641e-16 0.8890640139579773
61.10185525365799 -3.3386722719797035e-08 0.9876051545143127 6.110796378188798e-16 0.8890640139579773
89.99999999999999 -3.338036336231198e-08 0.9876051545143127 9.000900322791256e-16 0.8890640139579773
90.0001 -3.336311138468773e-08 0.9876051545143127 9.000909851911913e-16 0.8890640139579773
90.0003 -3.334322684622748e-08 0.9876051545143127 9.00092996894441e-16 0.8890640139579773
90.0007 -3.333037668085126e-08 0.9876051545143127 9.000970203009405e-16 0.8890640139579773
90.001 -3.332868203642647e-08 0.9876051545143127 9.000999849162559e-16 0.8890640139579773
119.99999999999999 -3.332868203642647e-08 0.9876051545143127 1.2001200077457947e-15 0.8890640139579773
120.0001 -3.332868203642647e-08 0.9876051545143127 1.2001209606578604e-15 0.8890640139579773
120.0003 -3.332868203642647e-08 0.9876051545143127 1.2001229723611101e-15 0.8890640139579773
120.0007 -3.332868203642647e-08 0.9876051545143127 1.2001269957676096e-15 0.8890640139579773
120.001 -3.332868203642647e-08 0.9876051545143127 1.200129960382925e-15 0.8890640139579773
124.96790935758047 -3.332868203642647e-08 0.9876051545143127 0.015771295875310898 0.8890640139579773
129.93481871516096 -3.332868203642647e-08 0.9876051545143127 0.03131472319364548 0.8890640139579773
130.16919371516096 -3.332868203642647e-08 0.9876051545143127 0.03204251825809479 0.8890640139579773
130.40356871516096 -3.332868203642647e-08 0.9876051545143127 0.03276979923248291 0.8890640139579773
130.63794371516093 -3.332868203642647e-08 0.9876051545143127 0.03349657356739044 0.8890640139579773
140.31897185758046 -3.332868203642647e-08 0.9876051545143127 0.06306807696819305 0.8890640139579773
150.0 -3.332868203642647e-08 0.9876051545143127 0.09175853431224823 0.8890640139579773
150.0001 -3.332868203642647e-08 0.9876051545143127 0.09175902605056763 0.8890640139579773
150.0003 -3.332868203642647e-08 0.9876051545143127 0.09176158159971237 0.8890640139579773
150.0007 1.8696191261824424e-08 0.9876051545143127 0.09177158027887344 0.8890640139579773
150.00082296357638 3.453145041021344e-07 0.9876051545143127 0.09177578240633011 0.8890640139579773
150.0008943270533 1.133603518610471e-06 0.9876051545143127 0.09177829325199127 0.8890640139579773
150.0009298829634 2.1092444058012916e-06 0.9876051545143127 0.09177935868501663 0.8890640139579773
150.00095951773156 3.6747430840478046e-06 0.9876051545143127 0.0917801558971405 0.8890640139579773
150.00098990285173 6.0985275922575966e-06 0.9876051545143127 0.09178090840578079 0.8890640139579773
150.001 7.12844439476612e-06 0.9876051545143127 0.0917811468243599 0.8890640139579773
150.32559926042737 0.039349883794784546 0.9876051545143127 0.09902100265026093 0.8890640139579773
150.65019852085473 0.07793210446834564 0.9876051545143127 0.10601572692394257 0.8890640139579773
150.88457352085473 0.10531577467918396 0.9876051545143127 0.1109149158000946 0.8890640139579773
151.1189485208547 0.13226652145385742 0.9876051545143127 0.11567717790603638 0.8890640139579773
151.5876985208547 0.1848295032978058 0.9876051545143127 0.12478326261043549 0.8890640139579773
151.82207352085467 0.21042174100875854 0.9876051545143127 0.12912343442440033 0.8890640139579773
152.05644852085467 0.23554089665412903 0.9876051545143127 0.13331937789916992 0.8890640139579773
152.29082352085467 0.2601766884326935 0.9876051545143127 0.13736946880817413 0.8890640139579773
152.52519852085464 0.2843187749385834 0.9876051545143127 0.1412721872329712 0.8890640139579773
153.22832352085462 0.3536781072616577 0.9876051545143127 0.152083158493042 0.8890640139579773
153.69707352085462 0.3972476124763489 0.9876051545143127 0.15853093564510345 0.8890640139579773
154.4001985208546 0.4584195911884308 0.9876051545143127 0.167058527469635 0.8890640139579773
155.45488602085453 0.540376603603363 0.9876051545143127 0.17731478810310364 0.8890640139579773
156.5095735208545 0.6102227568626404 0.9876051545143127 0.18470577895641327 0.8890640139579773
156.97832352085447 0.6373769640922546 0.9876051545143127 0.18715929985046387 0.8890640139579773
157.21269852085447 0.6500780582427979 0.9876051545143127 0.18821319937705994 0.8890640139579773
157.44707352085445 0.6622061729431152 0.9876051545143127 0.18915952742099762 0.8890640139579773
157.68144852085445 0.6737688779830933 0.9876051545143127 0.19000449776649475 0.8890640139579773
158.15019852085442 0.6952431201934814 0.9876051545143127 0.1914166957139969 0.8890640139579773
158.38457352085442 0.7051824331283569 0.9876051545143127 0.191997230052948 0.8890640139579773
158.8533235208544 0.7235441207885742 0.9876051545143127 0.19294045865535736 0.8890640139579773
159.0876985208544 0.7320009469985962 0.9876051545143127 0.19331619143486023 0.8890640139579773
159.55644852085436 0.7475582361221313 0.9876051545143127 0.19390706717967987 0.8890640139579773
159.79082352085436 0.7546969056129456 0.9876051545143127 0.1941339075565338 0.8890640139579773
160.02519852085436 0.76143479347229 0.9876051545143127 0.19432227313518524 0.8890640139579773
160.25957352085433 0.7677913904190063 0.9876051545143127 0.1944771111011505 0.8890640139579773
160.49394852085433 0.7737860679626465 0.9876051545143127 0.19460304081439972 0.8890640139579773
160.9626985208543 0.7847654819488525 0.9876051545143127 0.19478455185890198 0.8890640139579773
161.90019852085427 0.8031913638114929 0.9876051545143127 0.19495944678783417 0.8890640139579773
162.83769852085425 0.8177706599235535 0.9876051545143127 0.19500677287578583 0.8890640139579773
163.07207352085422 0.8209221363067627 0.9876051545143127 0.1950102597475052 0.8890640139579773
163.30644852085422 0.8239009380340576 0.9876051545143127 0.195012167096138 0.8890640139579773
163.54082352085422 0.8267182111740112 0.9876051545143127 0.19501307606697083 0.8890640139579773
164.71269852085416 0.8387235403060913 0.9876051545143127 0.19501343369483948 0.8890640139579773
165.18144852085413 0.8427110910415649 0.9876051545143127 0.19501343369483948 0.8890640139579773
165.41582352085413 0.8445587158203125 0.9876051545143127 0.19501343369483948 0.8890640139579773
165.8845735208541 0.8479920625686646 0.9876051545143127 0.19501343369483948 0.8890640139579773
166.1189485208541 0.8495883941650391 0.9876051545143127 0.19501343369483948 0.8890640139579773
166.58769852085408 0.8525645732879639 0.9876051545143127 0.19501343369483948 0.8890640139579773
166.82207352085408 0.8539530634880066 0.9876051545143127 0.19501343369483948 0.8890640139579773
167.05644852085408 0.855280339717865 0.9876051545143127 0.19501343369483948 0.8890640139579773
167.29082352085405 0.8565500378608704 0.9876051545143127 0.19501343369483948 0.8890640139579773
167.52519852085405 0.8577655553817749 0.9876051545143127 0.19501343369483948 0.8890640139579773
167.75957352085405 0.8589299321174622 0.9876051545143127 0.19501343369483948 0.8890640139579773
167.99394852085402 0.8600461483001709 0.9876051545143127 0.19501343369483948 0.8890640139579773
168.22832352085402 0.8611168265342712 0.9876051545143127 0.19501343369483948 0.8890640139579773
168.46269852085402 0.8621446490287781 0.9876051545143127 0.19501343369483948 0.8890640139579773
168.697073520854 0.8631318807601929 0.9876051545143127 0.19501343369483948 0.8890640139579773
168.931448520854 0.8640807271003723 0.9876051545143127 0.19501343369483948 0.8890640139579773
169.165823520854 0.8649932742118835 0.9876051545143127 0.19501343369483948 0.8890640139579773
169.40019852085396 0.8658714294433594 0.9876051545143127 0.19501343369483948 0.8890640139579773
169.63457352085396 0.8667170405387878 0.9876051545143127 0.19501343369483948 0.8890640139579773
169.86894852085396 0.8675317168235779 0.9876051545143127 0.19501343369483948 0.8890640139579773
170.33769852085393 0.8690747022628784 0.9876051545143127 0.19501343369483948 0.8890640139579773
170.57207352085393 0.8698059320449829 0.9876051545143127 0.19501343369483948 0.8890640139579773
170.8064485208539 0.8705119490623474 0.9876051545143127 0.19501343369483948 0.8890640139579773
171.0408235208539 0.871194064617157 0.9876051545143127 0.19501343369483948 0.8890640139579773
171.74394852085388 0.8731081485748291 0.9876051545143127 0.19501343369483948 0.8890640139579773
171.97832352085388 0.8737054467201233 0.9876051545143127 0.19501343369483948 0.8890640139579773
172.21269852085385 0.874284029006958 0.9876051545143127 0.19501343369483948 0.8890640139579773
172.44707352085385 0.8748446106910706 0.9876051545143127 0.19501343369483948 0.8890640139579773
173.03301102085382 0.8761727213859558 0.9876051545143127 0.19501343369483948 0.8890640139579773
173.6189485208538 0.877405047416687 0.9876051545143127 0.19501343369483948 0.8890640139579773
173.8533235208538 0.8778733015060425 0.9876051545143127 0.19501343369483948 0.8890640139579773
174.0876985208538 0.8783284425735474 0.9876051545143127 0.19501343369483948 0.8890640139579773
175.4939485208537 0.8808109164237976 0.9876051545143127 0.19501343369483948 0.8890640139579773
175.7283235208537 0.8811874985694885 0.9876051545143127 0.19501343369483948 0.8890640139579773
176.19707352085368 0.881912350654602 0.9876051545143127 0.19501343369483948 0.8890640139579773
177.83769852085362 0.8841865658760071 0.9876051545143127 0.19501343369483948 0.8890640139579773
178.5408235208536 0.8850528597831726 0.9876051545143127 0.19501343369483948 0.8890640139579773
179.99999999999997 0.8866797089576721 0.9876051545143127 0.19501343369483948 0.8890640139579773
180.0001 0.8866794109344482 0.9876051545143127 0.19501343369483948 0.8890640139579773
180.0003 0.8866791129112244 0.9876051545143127 0.1950131058692932 0.8890640139579773
180.0007 0.8866789937019348 0.9876051545143127 0.19500917196273804 0.8890640139579773
180.001 0.8866789937019348 0.9876051545143127 0.19500188529491425 0.8890640139579773
180.0828800000013 0.8866789937019348 0.9876051545143127 0.18346358835697174 0.8890640139579773
180.1647600000026 0.8866789937019348 0.9876051545143127 0.1719280183315277 0.8890640139579773
180.32860000000517 0.8866789937019348 0.9876051545143127 0.14893627166748047 0.8890640139579773
180.56297500000517 0.8866789937019348 0.9876051545143127 0.11652135103940964 0.8890640139579773
180.79735000000514 0.8866789937019348 0.9876051545143127 0.0853581503033638 0.8890640139579773
181.03172500000514 0.8866789937019348 0.9876051545143127 0.05675205588340759 0.8890640139579773
181.26610000000514 0.8866789937019348 0.9876051545143127 0.03223348781466484 0.8890640139579773
181.5004750000051 0.8866789937019348 0.9876051545143127 0.012471059337258339 0.8890640139579773
181.6657354189307 0.8866789937019348 0.9876051545143127 0.0018246545223519206 0.8890640139579773
181.71166119020958 0.8866789937019348 0.9876051545143127 8.107622852548957e-05 0.8890640139579773
181.71922371189802 0.8866789937019348 0.9876051545143127 -3.3386722719797035e-08 0.8890640139579773
201.52133319083012 0.8866789937019348 0.9876051545143127 -3.3386722719797035e-08 0.8890640139579773
209.99999999999997 0.8866789937019348 0.9876051545143127 -3.338158904853117e-08 0.8890640139579773
210.00009999999997 0.8866789937019348 0.9876051545143127 -3.336351994676079e-08 0.8890640139579773
210.0003 0.8866789937019348 0.9876051545143127 -3.334363540830054e-08 0.8890640139579773
210.00070000000002 0.8866789937019348 0.9876051545143127 -3.333229869895149e-08 0.8890640139579773
210.00100000000003 0.8866789937019348 0.9876051545143127 -3.3331129856151165e-08 0.8890640139579773
213.77695284923394 0.8866789937019348 0.9876051545143127 0.013604220934212208 0.8890640139579773
217.55290569846787 0.8866789937019348 0.9876051545143127 0.02704501897096634 0.8890640139579773
217.78728069846787 0.8866789937019348 0.9876051545143127 0.027873877435922623 0.8890640139579773
218.02165569846784 0.8866789937019348 0.9876051545143127 0.02870210073888302 0.8890640139579773
218.25603069846784 0.8866789937019348 0.9876051545143127 0.029529688879847527 0.8890640139579773
228.9200931984674 0.8866789937019348 0.9876051545143127 0.06650969386100769 0.8890640139579773
239.58415569846696 0.8866789937019348 0.9876051545143127 0.10215555876493454 0.8890640139579773
239.81853069846696 0.8866789937019348 0.9876051545143127 0.1029239073395729 0.8890640139579773
239.99999999999997 0.8866789937019348 0.9876051545143127 0.10351846367120743 0.8890640139579773
