time a b c w1 w2
0.0 0.0 0.0 0.0 0.0 0.0
1.757812428601624e-06 1.757988202426422e-23 1.0832566022872925 1.757988202426422e-23 1.757988202426422e-23 1.757988202426422e-23
1.7648476783160305e-06 1.7650242106122693e-23 1.0055341720581055 1.7650242106122693e-23 1.7650242106122693e-23 1.7650242106122693e-23
1.7789181777448437e-06 1.7790960692117828e-23 0.9905999898910522 1.7790960692117828e-23 1.7790960692117828e-23 1.7790960692117828e-23
1.8070591766024704e-06 1.8072399441829907e-23 0.984626293182373 1.8072399441829907e-23 1.8072399441829907e-23 1.8072399441829907e-23
0.00013281055255599797 1.3282383013875093e-21 0.984626293182373 1.3282383013875093e-21 1.3282383013875093e-21 1.3282383013875093e-21
0.00026381985277929004 2.6384624023353322e-21 0.984626293182373 2.6384624023353322e-21 2.6384624023353322e-21 2.6384624023353322e-21
0.0005258384532258742 5.258910200334195e-21 0.984626293182373 5.258910200334195e-21 -5.9400901974981934e-09 -5.9400901974981934e-09
0.001 1.0000999731091105e-20 0.984626293182373 1.0000999731091105e-20 -3.337913057066544e-08 -3.337913057066544e-08
29.999999999999996 3.000300019364487e-16 0.984626293182373 3.000300019364487e-16 -3.337926912649891e-08 -3.337926912649891e-08
30.000099999999996 3.0003100778807355e-16 0.984626293182373 3.0003100778807355e-16 -3.3360773699087076e-08 -3.3360773699087076e-08
30.0003 3.0003299302154367e-16 0.984626293182373 3.0003299302154367e-16 -3.3342505645350684e-08 -3.3342505645350684e-08
30.0007 3.0003698995826353e-16 0.984626293182373 3.0003698995826353e-16 -3.333284226414435e-08 -3.333284226414435e-08
30.00082296346062 6.715147549130052e-09 0.984626293182373 6.7164331873925676e-09 -3.2034645158773856e-08 -3.20342188331324e-08
30.00089395654435 3.883478427724185e-08 0.984626293182373 3.884094468276089e-08 1.2863068832302815e-08 1.2868184740000288e-08
30.00092967661942 1.0284700380225331e-07 0.984626293182373 1.028610157050025e-07 1.7391917594977713e-07 1.7393715268099186e-07
30.000951652468864 1.9879267654232535e-07 0.984626293182373 1.9881662183252047e-07 5.103179319121409e-07 5.103580065224378e-07
30.000972247283098 3.586939385513688e-07 0.984626293182373 3.5873242154593754e-07 1.2131815765314968e-06 1.2132604751968756e-06
30.000990281739607 5.654650294673047e-07 0.984626293182373 5.655205654875317e-07 2.273729251101031e-06 2.2738588540960336e-06
30.001 7.083057766976708e-07 0.984626293182373 7.083723403411568e-07 3.0754695217183325e-06 3.0756341402593534e-06
30.303553230020345 0.005274263210594654 0.984626293182373 0.005257687997072935 0.03195497766137123 0.03189973905682564
30.606106460040692 0.010401858948171139 0.984626293182373 0.010342644527554512 0.06341955065727234 0.06322141736745834
30.781887710040692 0.013305758126080036 0.984626293182373 0.013222286477684975 0.08144710958003998 0.08116693794727325
30.957668960040692 0.016158508136868477 0.984626293182373 0.016051311045885086 0.09930165857076645 0.09894081205129623
31.30923146004069 0.021695222705602646 0.984626293182373 0.021542180329561234 0.134433776140213 0.13391560316085815
31.66079396004069 0.026951581239700317 0.984626293182373 0.026754792779684067 0.16859669983386993 0.16792598366737366
32.188137710040685 0.034298453480005264 0.984626293182373 0.03404022380709648 0.21794642508029938 0.21705669164657593
32.539700210040685 0.0388653501868248 0.984626293182373 0.038569167256355286 0.24965596199035645 0.2486279159784317
33.067043960040685 0.04519294574856758 0.984626293182373 0.04484453797340393 0.29529041051864624 0.2940671741962433
33.418606460040685 0.04907790198922157 0.984626293182373 0.04869796708226204 0.32445451617240906 0.3231102526187897
33.770168960040685 0.05273536220192909 0.984626293182373 0.052326664328575134 0.352737158536911 0.3512803316116333
34.121731460040685 0.05616364628076553 0.984626293182373 0.05572899430990219 0.38011425733566284 0.3785536289215088
34.473293960040685 0.059331636875867844 0.984626293182373 0.058873798698186874 0.4064355790615082 0.40477973222732544
34.824856460040685 0.06224310025572777 0.984626293182373 0.06176483631134033 0.4316909909248352 0.4299488663673401
35.35220021004068 0.06617043912410736 0.984626293182373 0.06566669046878815 0.46767717599868774 0.4658234119415283
35.87954396004068 0.06953482329845428 0.984626293182373 0.06901142746210098 0.5011312961578369 0.49918675422668457
36.05532521004068 0.07053900510072708 0.984626293182373 0.07001029700040817 0.5117306709289551 0.5097604990005493
36.58266896004068 0.07324616611003876 0.984626293182373 0.07270117104053497 0.5420293807983398 0.5399767756462097
37.11001271004068 0.07555858790874481 0.984626293182373 0.07498098909854889 0.5702913999557495 0.5680673122406006
37.98891896004068 0.07847616821527481 0.984626293182373 0.07788336277008057 0.6121318340301514 0.6098178625106812
38.16470021004068 0.07894022762775421 0.984626293182373 0.07834019511938095 0.6197711825370789 0.617409348487854
38.34048146004068 0.07937243580818176 0.984626293182373 0.07876581698656082 0.6272004246711731 0.6247955560684204
38.51626271004067 0.07976874709129333 0.984626293182373 0.07916172593832016 0.6343852281570435 0.6319787502288818
38.86782521004067 0.08046597987413406 0.984626293182373 0.0798640325665474 0.6480799317359924 0.6457105278968811
39.39516896004067 0.08133190125226974 0.984626293182373 0.0807381197810173 0.6672561168670654 0.6649513244628906
39.92251271004067 0.08198194950819016 0.984626293182373 0.08139626681804657 0.6846184134483337 0.6823862195014954
40.27407521004067 0.08231934905052185 0.984626293182373 0.08173811435699463 0.6952897310256958 0.6931012868881226
40.44985646004067 0.08246108889579773 0.984626293182373 0.08188017457723618 0.700346052646637 0.6981605291366577
40.62563771004067 0.08258692920207977 0.984626293182373 0.08200636506080627 0.7052243947982788 0.7030437588691711
40.80141896004067 0.08269694447517395 0.984626293182373 0.08211813122034073 0.7099148631095886 0.7077562808990479
40.97720021004067 0.08279205858707428 0.984626293182373 0.08221553266048431 0.7144169807434082 0.7122881412506104
41.15298146004067 0.0828748345375061 0.984626293182373 0.08230039477348328 0.7187533974647522 0.7166538238525391
41.680325210040664 0.0830719918012619 0.984626293182373 0.08250318467617035 0.730999767780304 0.7289884090423584
42.207668960040664 0.08319877088069916 0.984626293182373 0.08263382315635681 0.742006778717041 0.740068256855011
42.735012710040664 0.08327750861644745 0.984626293182373 0.08271235227584839 0.7519577741622925 0.7500190138816833
43.086575210040664 0.08330894261598587 0.984626293182373 0.08274565637111664 0.7579869031906128 0.7561100125312805
43.262356460040664 0.08332067728042603 0.984626293182373 0.08275815844535828 0.7608630657196045 0.7590160369873047
43.789700210040664 0.08334632217884064 0.984626293182373 0.08278407901525497 0.7690746188163757 0.7672348022460938
43.965481460040664 0.08335170149803162 0.984626293182373 0.08278974890708923 0.7716407775878906 0.7698217630386353
44.141262710040664 0.08335556089878082 0.984626293182373 0.08279402554035187 0.7741032838821411 0.7723154425621033
44.317043960040664 0.08335832506418228 0.984626293182373 0.08279702812433243 0.7764788269996643 0.7747094631195068
44.492825210040664 0.08336041867733002 0.984626293182373 0.08279912173748016 0.7787927389144897 0.7770200967788696
44.84438771004066 0.08336308598518372 0.984626293182373 0.08280186355113983 0.7832205891609192 0.781467616558075
45.19595021004066 0.08336404711008072 0.984626293182373 0.08280304819345474 0.787316083908081 0.785622239112854
45.54751271004066 0.08336427807807922 0.984626293182373 0.08280333876609802 0.7911269068717957 0.7894681692123413
45.89907521004066 0.08336430788040161 0.984626293182373 0.0828033834695816 0.7946998476982117 0.7930762767791748
46.25063771004066 0.08336430788040161 0.984626293182373 0.0828033834695816 0.7980142831802368 0.7964416146278381
46.60220021004066 0.08336430788040161 0.984626293182373 0.0828033834695816 0.8011343479156494 0.7995739579200745
47.30532521004066 0.08336430788040161 0.984626293182373 0.0828033834695816 0.8069868683815002 0.8054090738296509
48.00845021004066 0.08336430788040161 0.984626293182373 0.0828033834695816 0.8122107982635498 0.8106887340545654
48.18423146004065 0.08336430788040161 0.984626293182373 0.0828033834695816 0.8134104013442993 0.8119118809700012
48.36001271004065 0.08336430788040161 0.984626293182373 0.0828033834695816 0.8145728707313538 0.8130931854248047
48.53579396004065 0.08336430788040161 0.984626293182373 0.0828033834695816 0.8157046437263489 0.8142359256744385
48.71157521004065 0.08336430788040161 0.984626293182373 0.0828033834695816 0.8168075680732727 0.8153498768806458
49.50259083504065 0.08336430788040161 0.984626293182373 0.0828033834695816 0.8213636875152588 0.8199977874755859
50.29360646004065 0.08336430788040161 0.984626293182373 0.0828033834695816 0.8253888487815857 0.824028491973877
50.82095021004065 0.08336430788040161 0.984626293182373 0.0828033834695816 0.827863335609436 0.8265286087989807
51.69985646004064 0.08336430788040161 0.984626293182373 0.0828033834695816 0.8315324187278748 0.8302696943283081
52.57876271004064 0.08336430788040161 0.984626293182373 0.0828033834695816 0.8348438143730164 0.8335788249969482
52.93032521004064 0.08336430788040161 0.984626293182373 0.0828033834695816 0.8360748291015625 0.8348342180252075
53.28188771004064 0.08336430788040161 0.984626293182373 0.0828033834695816 0.8372883796691895 0.8360260725021362
53.63345021004064 0.08336430788040161 0.984626293182373 0.0828033834695816 0.8384602665901184 0.8372049331665039
54.16079396004064 0.08336430788040161 0.984626293182373 0.0828033834695816 0.8401075601577759 0.8388952016830444
54.863918960040635 0.08336430788040161 0.984626293182373 0.0828033834695816 0.8421118259429932 0.8409531712532043
55.567043960040635 0.08336430788040161 0.984626293182373 0.0828033834695816 0.8439810276031494 0.8428136706352234
56.094387710040635 0.08336430788040161 0.984626293182373 0.0828033834695816 0.8453253507614136 0.8441175818443298
56.270168960040635 0.08336430788040161 0.984626293182373 0.0828033834695816 0.8457520008087158 0.8445534706115723
56.445950210040635 0.08336430788040161 0.984626293182373 0.0828033834695816 0.8461691737174988 0.8449833393096924
56.621731460040635 0.08336430788040161 0.984626293182373 0.0828033834695816 0.8465768694877625 0.8454031944274902
56.797512710040635 0.08336430788040161 0.984626293182373 0.0828033834695816 0.8469752073287964 0.8458133935928345
57.588528335040635 0.08336430788040161 0.984626293182373 0.0828033834695816 0.8486603498458862 0.8475475907325745
58.37954396004063 0.08336430788040161 0.984626293182373 0.0828033834695816 0.850189745426178 0.8491178750991821
58.90688771004063 0.08336430788040161 0.984626293182373 0.0828033834695816 0.8511618375778198 0.8500838279724121
59.43423146004063 0.08336430788040161 0.984626293182373 0.0828033834695816 0.8520830273628235 0.8510121703147888
59.96157521004063 0.08336430788040161 0.984626293182373 0.0828033834695816 0.8529526591300964 0.8519077897071838
59.99999999999999 0.08336430788040161 0.984626293182373 0.0828033834695816 0.8530147671699524 0.8519717454910278
60.000099999999996 0.08336430788040161 0.984626293182373 0.0828033834695816 0.8530149459838867 0.8519713282585144
60.000299999999996 0.08336430788040161 0.984626293182373 0.08280308544635773 0.8530149459838867 0.8519709706306458
60.000699999999995 0.08336430788040161 0.984626293182373 0.08279947191476822 0.853014349937439 0.8519707918167114
60.001000000000005 0.08336430788040161 0.984626293182373 0.08279279619455338 0.8530137538909912 0.8519707918167114
60.25269062500148 0.08336430788040161 0.984626293182373 0.052477363497018814 0.8530137538909912 0.8519707918167114
60.504381250002936 0.08336430788040161 0.984626293182373 0.027051731944084167 0.8530137538909912 0.8519707918167114
60.680162500002936 0.08336430788040161 0.984626293182373 0.012935398146510124 0.8530137538909912 0.8519707918167114
60.855943750002936 0.08336430788040161 0.984626293182373 0.0018499845173209906 0.8530137538909912 0.8519707918167114
60.90161913673654 0.08336430788040161 0.984626293182373 4.584354246617295e-05 0.8530137538909912 0.8519707918167114
60.905423040508694 0.08336430788040161 0.984626293182373 -3.338548637543681e-08 0.8530137538909912 0.8519707918167114
89.99999999999999 0.08336430788040161 0.984626293182373 -3.338724141599414e-08 0.8530137538909912 0.8519707918167114
90.0001 0.08336430788040161 0.984626293182373 -3.3373186880680805e-08 0.8530137538909912 0.8519707918167114
90.0003 0.08336430788040161 0.984626293182373 -3.3352954176280036e-08 0.8530137538909912 0.8519707918167114
90.00047505287682 0.08336430788040161 0.984626293182373 -1.815318384501552e-08 0.8530142307281494 0.8519707918167114
90.00082515863049 0.08336430788040161 0.984626293182373 5.780264800137047e-08 0.8530164957046509 0.8519707918167114
90.001 0.08336430788040161 0.984626293182373 1.0331593358614555e-07 0.8530179262161255 0.8519707918167114
119.99999999999999 0.08336430788040161 0.984626293182373 1.0331593358614555e-07 0.8530179262161255 0.8519707918167114
120.0001 0.08336430788040161 0.984626293182373 1.0331593358614555e-07 0.8530179262161255 0.8519707918167114
120.0003 0.08336430788040161 0.984626293182373 1.0331593358614555e-07 0.8530179262161255 0.8519707918167114
120.0007 0.08335999399423599 0.984626293182373 1.0331593358614555e-07 0.8530179262161255 0.8519707918167114
120.001 0.08334920555353165 0.984626293182373 1.0331593358614555e-07 0.8530179262161255 0.8519707322120667
120.11867889306107 0.06857302039861679 0.984626293182373 0.0005183612229302526 0.8530179262161255 0.8519707322120667
120.23635778612214 0.054782141000032425 0.984626293182373 0.0010355907725170255 0.8530179262161255 0.8519707322120667
120.41213903612214 0.03617498651146889 0.984626293182373 0.0018069632351398468 0.8530179262161255 0.8519707322120667
120.58792028612214 0.02032933197915554 0.984626293182373 0.002577231265604496 0.8530179262161255 0.8519707322120667
120.76370153612214 0.007305598352104425 0.984626293182373 0.0033468061592429876 0.8530179262161255 0.8519707322120667
120.86272540695226 0.0014148185728117824 0.984626293182373 0.003780270693823695 0.8530179262161255 0.8519707322120667
120.89600308143609 8.38833802845329e-05 0.984626293182373 0.003926018252968788 0.8530179262161255 0.8519707322120667
120.90199268642773 -3.3385482822723134e-08 0.984626293182373 0.0039522722363471985 0.8530179262161255 0.8519707322120667
121.77650975780224 -3.3385482822723134e-08 0.984626293182373 0.0077686188742518425 0.8530179262161255 0.8519707322120667
121.95229100780224 -3.3385482822723134e-08 0.984626293182373 0.008532961830496788 0.8530179262161255 0.8519707322120667
122.12807225780224 -3.3385482822723134e-08 0.984626293182373 0.009296534582972527 0.8530179262161255 0.8519707322120667
122.30385350780226 -3.3385482822723134e-08 0.984626293182373 0.010059336200356483 0.8530179262161255 0.8519707322120667
124.85268163280246 -3.3385482822723134e-08 0.984626293182373 0.02103344351053238 0.8530179262161255 0.8519707322120667
127.40150975780264 -3.3385482822723134e-08 0.984626293182373 0.031845979392528534 0.8530179262161255 0.8519707322120667
127.57729100780266 -3.3385482822723134e-08 0.984626293182373 0.03258572518825531 0.8530179262161255 0.8519707322120667
127.75307225780267 -3.3385482822723134e-08 0.984626293182373 0.0333247110247612 0.8530179262161255 0.8519707322120667
127.92885350780269 -3.3385482822723134e-08 0.984626293182373 0.03406292572617531 0.8530179262161255 0.8519707322120667
129.42299413280278 -3.3385482822723134e-08 0.984626293182373 0.04030686244368553 0.8530179262161255 0.8519707322120667
130.9171347578029 -3.3385482822723134e-08 0.984626293182373 0.04649558290839195 0.8530179262161255 0.8519707322120667
133.02650975780307 -3.3385482822723134e-08 0.984626293182373 0.055138830095529556 0.8530179262161255 0.8519707322120667
133.20229100780307 -3.3385482822723134e-08 0.984626293182373 0.055854152888059616 0.8530179262161255 0.8519707322120667
133.3780722578031 -3.3385482822723134e-08 0.984626293182373 0.05656871572136879 0.8530179262161255 0.8519707322120667
133.5538535078031 -3.3385482822723134e-08 0.984626293182373 0.057282522320747375 0.8530179262161255 0.8519707322120667
138.47572850780347 -3.3385482822723134e-08 0.984626293182373 0.07696148008108139 0.8530179262161255 0.8519707322120667
138.6515097578035 -3.3385482822723134e-08 0.984626293182373 0.07765334844589233 0.8530179262161255 0.8519707322120667
138.8272910078035 -3.3385482822723134e-08 0.984626293182373 0.07834446430206299 0.8530179262161255 0.8519707322120667
139.00307225780352 -3.3385482822723134e-08 0.984626293182373 0.07903482764959335 0.8530179262161255 0.8519707322120667
143.9249472578039 -3.3385482822723134e-08 0.984626293182373 0.09806057065725327 0.8530179262161255 0.8519707322120667
144.1007285078039 -3.3385482822723134e-08 0.984626293182373 0.09872923046350479 0.8530179262161255 0.8519707322120667
144.45229100780392 -3.3385482822723134e-08 0.984626293182373 0.10006430745124817 0.8530179262161255 0.8519707322120667
144.97963475780395 -3.3385482822723134e-08 0.984626293182373 0.10206135362386703 0.8530179262161255 0.8519707322120667
145.15541600780398 -3.3385482822723134e-08 0.984626293182373 0.10273103415966034 0.8530179262161255 0.8519707322120667
145.33119725780398 -3.3385482822723134e-08 0.984626293182373 0.1034165620803833 0.8530179262161255 0.8519707322120667
145.506978507804 -3.3385482822723134e-08 0.984626293182373 0.10411815345287323 0.8530179262161255 0.8519707322120667
149.02260350780426 -3.3385482822723134e-08 0.984626293182373 0.11809784919023514 0.8530179262161255 0.8519707322120667
149.19838475780426 -3.3385482822723134e-08 0.984626293182373 0.11878825724124908 0.8530179262161255 0.8519707322120667
149.3741660078043 -3.3385482822723134e-08 0.984626293182373 0.11947785317897797 0.8530179262161255 0.8519707322120667
149.5499472578043 -3.3385482822723134e-08 0.984626293182373 0.12016662955284119 0.8530179262161255 0.8519707322120667
150.0 -3.339774679034235e-08 0.984626293182373 0.1219269409775734 0.8530179262161255 0.8519707322120667
150.0001 -3.33685790110394e-08 0.984626293182373 0.12192857265472412 0.8530179262161255 0.8519707322120667
150.0003 -3.334375620056562e-08 0.984626293182373 0.12193469703197479 0.853017270565033 0.8519706726074219
150.0007 -3.332989706450462e-08 0.984626293182373 0.12195152789354324 0.8530133962631226 0.8519701957702637
150.0008229633688 -3.302127282722722e-08 0.984626293182373 0.1219564899802208 0.8530110120773315 0.8519695401191711
150.0008939565303 3.3712946323483095e-10 0.984626293182373 0.12195871770381927 0.8530089855194092 0.8519685864448547
150.00092966336572 1.3021158906667551e-07 0.984626293182373 0.12195959687232971 0.8530077934265137 0.8519678711891174
150.00095149408645 4.079488462593872e-07 0.984626293182373 0.12196005880832672 0.8530070185661316 0.8519672751426697
150.00097199986365 9.973451824407675e-07 0.984626293182373 0.12196044623851776 0.8530062437057495 0.8519666194915771
150.0009889976895 1.8786989812724642e-06 0.984626293182373 0.12196074426174164 0.853005588054657 0.8519660234451294
150.001 2.7042476631322643e-06 0.984626293182373 0.12196092307567596 0.8530051112174988 0.8519655466079712
150.0090314637322 0.000811512116342783 0.984626293182373 0.12208922207355499 0.8526661992073059 0.8516266345977783
150.01706292746442 0.0016196302603930235 0.984626293182373 0.12221731245517731 0.8523274660110474 0.8512879014015198
150.03312781597478 0.0032352947164326906 0.984626293182373 0.12247329950332642 0.8516494631767273 0.8506098985671997
150.0652575929955 0.006464874837547541 0.984626293182373 0.12298476696014404 0.8502833247184753 0.8492437601089478
150.25803625511986 0.02567840740084648 0.984626293182373 0.12600578367710114 0.8418235182762146 0.840783953666687
150.4338175051199 0.042994946241378784 0.984626293182373 0.12870153784751892 0.8337369561195374 0.8326973915100098
150.6095987551199 0.06012757867574692 0.984626293182373 0.1313442587852478 0.8252579569816589 0.8242183923721313
150.78538000511992 0.07705237716436386 0.984626293182373 0.13392744958400726 0.8163385391235352 0.8152989745140076
150.96116125511992 0.09377153217792511 0.984626293182373 0.1364520788192749 0.8070011734962463 0.8059616088867188
151.31272375511995 0.1266489028930664 0.984626293182373 0.1413431614637375 0.7872886657714844 0.7862491011619568
151.48850500511998 0.1427803635597229 0.984626293182373 0.1437029391527176 0.7768721580505371 0.7758325338363647
151.66428625511998 0.15869709849357605 0.984626293182373 0.14600330591201782 0.7660398483276367 0.7650002837181091
151.84006750512 0.17441879212856293 0.984626293182373 0.14825013279914856 0.7547775506973267 0.7537379264831543
152.01584875512 0.18994289636611938 0.984626293182373 0.1504432111978531 0.743060827255249 0.7420212626457214
152.19163000512003 0.20524531602859497 0.984626293182373 0.1525764763355255 0.7309191226959229 0.72987961769104
152.36741125512003 0.22032430768013 0.984626293182373 0.15464989840984344 0.7184175252914429 0.7173779606819153
152.54319250512003 0.23519974946975708 0.984626293182373 0.15666930377483368 0.7055703997612 0.7045308351516724
152.71897375512006 0.2498691827058792 0.984626293182373 0.15863457322120667 0.6923482418060303 0.6913086771965027
152.89475500512006 0.264319509267807 0.984626293182373 0.16054277122020721 0.6787518262863159 0.6777122616767883
153.0705362551201 0.27855977416038513 0.984626293182373 0.16239671409130096 0.6647937893867493 0.6637542247772217
153.2463175051201 0.2925877571105957 0.984626293182373 0.1641964465379715 0.6504552364349365 0.6494157314300537
153.42209875512012 0.3063797652721405 0.984626293182373 0.16593652963638306 0.6357376575469971 0.6346980929374695
153.59788000512012 0.3199344873428345 0.984626293182373 0.16761726140975952 0.6206845045089722 0.6196449398994446
153.77366125512015 0.33327221870422363 0.984626293182373 0.16924425959587097 0.6053299307823181 0.6042903661727905
153.94944250512015 0.3463909327983856 0.984626293182373 0.1708177626132965 0.5896667838096619 0.5886272192001343
154.12522375512017 0.35927814245224 0.984626293182373 0.17233532667160034 0.5736769437789917 0.5726374387741089
154.30100500512017 0.37196478247642517 0.984626293182373 0.17380483448505402 0.5573526620864868 0.5563130974769592
154.4767862551202 0.3844911456108093 0.984626293182373 0.17523637413978577 0.5407055616378784 0.5396659970283508
154.6525675051202 0.3968431055545807 0.984626293182373 0.17662712931632996 0.5237764716148376 0.5227369070053101
154.82834875512023 0.4089861512184143 0.984626293182373 0.1779695451259613 0.5065776109695435 0.5055381059646606
155.00413000512023 0.42090821266174316 0.984626293182373 0.17926141619682312 0.4890825152397156 0.4880429804325104
155.17991125512023 0.43260815739631653 0.984626293182373 0.18050317466259003 0.4713015556335449 0.47026199102401733
155.35569250512026 0.4440743625164032 0.984626293182373 0.18169298768043518 0.4532819092273712 0.45224234461784363
155.53147375512026 0.4552958309650421 0.984626293182373 0.18282921612262726 0.4350520968437195 0.4340125322341919
155.7072550051203 0.4662829637527466 0.984626293182373 0.1839148998260498 0.41662168502807617 0.4155821204185486
155.8830362551203 0.4770456850528717 0.984626293182373 0.1849530190229416 0.3979824185371399 0.3969428539276123
156.05881750512032 0.4875833988189697 0.984626293182373 0.18594422936439514 0.37910816073417664 0.37806862592697144
156.41038000512035 0.5079426765441895 0.984626293182373 0.1877809464931488 0.3406800627708435 0.3396405577659607
156.58616125512035 0.5177657008171082 0.984626293182373 0.18862847983837128 0.3211607336997986 0.32012122869491577
156.93772375512037 0.5367425084114075 0.984626293182373 0.1901949942111969 0.28149649500846863 0.28045719861984253
157.1135050051204 0.5458974242210388 0.984626293182373 0.19091594219207764 0.26136118173599243 0.26032212376594543
157.2892862551204 0.5548313856124878 0.984626293182373 0.19159671664237976 0.24105200171470642 0.24001331627368927
157.4650675051204 0.5635455846786499 0.984626293182373 0.1922384798526764 0.22061103582382202 0.21957306563854218
157.64084875512043 0.5720415115356445 0.984626293182373 0.19284233450889587 0.2000540792942047 0.1990174651145935
157.81663000512043 0.5803208947181702 0.984626293182373 0.1934095174074173 0.17937493324279785 0.178340882062912
157.99241125512046 0.5883856415748596 0.984626293182373 0.19394122064113617 0.15861226618289948 0.15758292376995087
158.16819250512046 0.5962284803390503 0.984626293182373 0.19443729519844055 0.13786184787750244 0.13684120774269104
158.3439737551205 0.6038429737091064 0.984626293182373 0.19489765167236328 0.1172402873635292 0.1162354052066803
158.5197550051205 0.6112420558929443 0.984626293182373 0.19532528519630432 0.09691834449768066 0.09594110399484634
158.69553625512052 0.6184381246566772 0.984626293182373 0.1957230269908905 0.07720198482275009 0.07627060264348984
158.87131750512052 0.6254336833953857 0.984626293182373 0.1960921287536621 0.05855020135641098 0.05768876522779465
159.04709875512054 0.6322319507598877 0.984626293182373 0.1964339315891266 0.041513510048389435 0.04074734076857567
159.22288000512054 0.638836145401001 0.984626293182373 0.196749746799469 0.026595868170261383 0.025943338871002197
159.39866125512057 0.6452495455741882 0.984626293182373 0.1970408707857132 0.014080586843192577 0.013546230271458626
159.57444250512057 0.6515077948570251 0.984626293182373 0.19731241464614868 0.0036209626123309135 0.003255685791373253
159.64018567475682 0.6538105010986328 0.984626293182373 0.19740930199623108 0.00044699505087919533 0.0002924391010310501
159.65617757839934 0.6543654799461365 0.984626293182373 0.1974322497844696 4.159101445111446e-05 -3.337927267921259e-08
159.665453557289 0.6546862125396729 0.984626293182373 0.19744540750980377 -3.337927267921259e-08 -3.337927267921259e-08
159.85987212973026 0.6612515449523926 0.984626293182373 0.19770316779613495 -3.337927267921259e-08 -3.337927267921259e-08
160.05429070217153 0.6675792932510376 0.984626293182373 0.19793415069580078 -3.337927267921259e-08 -3.337927267921259e-08
160.40585320217156 0.6785436272621155 0.984626293182373 0.19830112159252167 -3.337927267921259e-08 -3.337927267921259e-08
160.58163445217158 0.683777928352356 0.984626293182373 0.19845964014530182 -3.337927267921259e-08 -3.337927267921259e-08
160.93319695217158 0.6937670707702637 0.984626293182373 0.19873188436031342 -3.337927267921259e-08 -3.337927267921259e-08
161.46054070217164 0.7076150178909302 0.984626293182373 0.19904401898384094 -3.337927267921259e-08 -3.337927267921259e-08
161.81210320217167 0.7161313891410828 0.984626293182373 0.19919873774051666 -3.337927267921259e-08 -3.337927267921259e-08
161.98788445217167 0.7201720476150513 0.984626293182373 0.19926175475120544 -3.337927267921259e-08 -3.337927267921259e-08
162.3394469521717 0.7278645038604736 0.984626293182373 0.19936475157737732 -3.337927267921259e-08 -3.337927267921259e-08
162.51522820217173 0.7315313220024109 0.984626293182373 0.19940659403800964 -3.337927267921259e-08 -3.337927267921259e-08
162.86679070217176 0.7385249733924866 0.984626293182373 0.19947412610054016 -3.337927267921259e-08 -3.337927267921259e-08
163.04257195217176 0.7418593168258667 0.984626293182373 0.1995009183883667 -3.337927267921259e-08 -3.337927267921259e-08
163.39413445217178 0.7482149600982666 0.984626293182373 0.1995428502559662 -3.337927267921259e-08 -3.337927267921259e-08
163.56991570217178 0.7512311935424805 0.984626293182373 0.1995585560798645 -3.337927267921259e-08 -3.337927267921259e-08
163.7456969521718 0.7541497349739075 0.984626293182373 0.19957144558429718 -3.337927267921259e-08 -3.337927267921259e-08
163.9214782021718 0.7569801211357117 0.984626293182373 0.1995820850133896 -3.337927267921259e-08 -3.337927267921259e-08
164.09725945217184 0.7597252130508423 0.984626293182373 0.1995907872915268 -3.337927267921259e-08 -3.337927267921259e-08
164.27304070217184 0.7623821496963501 0.984626293182373 0.19959773123264313 -3.337927267921259e-08 -3.337927267921259e-08
164.44882195217187 0.7649487257003784 0.984626293182373 0.1996030956506729 -3.337927267921259e-08 -3.337927267921259e-08
164.62460320217187 0.7674344182014465 0.984626293182373 0.19960720837116241 -3.337927267921259e-08 -3.337927267921259e-08
164.8003844521719 0.7698423862457275 0.984626293182373 0.19961033761501312 -3.337927267921259e-08 -3.337927267921259e-08
164.9761657021719 0.7721698880195618 0.984626293182373 0.19961261749267578 -3.337927267921259e-08 -3.337927267921259e-08
165.15194695217193 0.7744259238243103 0.984626293182373 0.19961422681808472 -3.337927267921259e-08 -3.337927267921259e-08
165.32772820217193 0.7766131162643433 0.984626293182373 0.19961535930633545 -3.337927267921259e-08 -3.337927267921259e-08
165.50350945217195 0.778728723526001 0.984626293182373 0.19961610436439514 -3.337927267921259e-08 -3.337927267921259e-08
165.67929070217195 0.7807811498641968 0.984626293182373 0.19961656630039215 -3.337927267921259e-08 -3.337927267921259e-08
165.85507195217195 0.7827727794647217 0.984626293182373 0.19961684942245483 -3.337927267921259e-08 -3.337927267921259e-08
166.03085320217198 0.7847006916999817 0.984626293182373 0.19961698353290558 -3.337927267921259e-08 -3.337927267921259e-08
166.20663445217198 0.7865727543830872 0.984626293182373 0.19961704313755035 -3.337927267921259e-08 -3.337927267921259e-08
166.382415702172 0.7883909940719604 0.984626293182373 0.19961707293987274 -3.337927267921259e-08 -3.337927267921259e-08
166.558196952172 0.7901525497436523 0.984626293182373 0.19961707293987274 -3.337927267921259e-08 -3.337927267921259e-08
166.73397820217204 0.7918646931648254 0.984626293182373 0.19961707293987274 -3.337927267921259e-08 -3.337927267921259e-08
166.90975945217204 0.7935292720794678 0.984626293182373 0.19961707293987274 -3.337927267921259e-08 -3.337927267921259e-08
167.08554070217207 0.7951433062553406 0.984626293182373 0.19961707293987274 -3.337927267921259e-08 -3.337927267921259e-08
167.26132195217207 0.7967135906219482 0.984626293182373 0.19961707293987274 -3.337927267921259e-08 -3.337927267921259e-08
167.4371032021721 0.7982417345046997 0.984626293182373 0.19961707293987274 -3.337927267921259e-08 -3.337927267921259e-08
167.6128844521721 0.7997205257415771 0.984626293182373 0.19961707293987274 -3.337927267921259e-08 -3.337927267921259e-08
167.78866570217212 0.8011524677276611 0.984626293182373 0.19961707293987274 -3.337927267921259e-08 -3.337927267921259e-08
167.96444695217212 0.8025490045547485 0.984626293182373 0.19961707293987274 -3.337927267921259e-08 -3.337927267921259e-08
168.14022820217212 0.8039132356643677 0.984626293182373 0.19961707293987274 -3.337927267921259e-08 -3.337927267921259e-08
168.31600945217215 0.8052409887313843 0.984626293182373 0.19961707293987274 -3.337927267921259e-08 -3.337927267921259e-08
168.49179070217215 0.8065346479415894 0.984626293182373 0.19961707293987274 -3.337927267921259e-08 -3.337927267921259e-08
168.66757195217218 0.8077965378761292 0.984626293182373 0.19961707293987274 -3.337927267921259e-08 -3.337927267921259e-08
169.0191344521722 0.8102100491523743 0.984626293182373 0.19961707293987274 -3.337927267921259e-08 -3.337927267921259e-08
169.1949157021722 0.8113691210746765 0.984626293182373 0.19961707293987274 -3.337927267921259e-08 -3.337927267921259e-08
169.37069695217224 0.8125014305114746 0.984626293182373 0.19961707293987274 -3.337927267921259e-08 -3.337927267921259e-08
169.54647820217224 0.813602089881897 0.984626293182373 0.19961707293987274 -3.337927267921259e-08 -3.337927267921259e-08
170.0738219521723 0.816714882850647 0.984626293182373 0.19961707293987274 -3.337927267921259e-08 -3.337927267921259e-08
170.2496032021723 0.8177051544189453 0.984626293182373 0.19961707293987274 -3.337927267921259e-08 -3.337927267921259e-08
170.4253844521723 0.8186690807342529 0.984626293182373 0.19961707293987274 -3.337927267921259e-08 -3.337927267921259e-08
170.60116570217232 0.8196066617965698 0.984626293182373 0.19961707293987274 -3.337927267921259e-08 -3.337927267921259e-08
171.12850945217235 0.8223001956939697 0.984626293182373 0.19961707293987274 -3.337927267921259e-08 -3.337927267921259e-08
171.30429070217238 0.8231509923934937 0.984626293182373 0.19961707293987274 -3.337927267921259e-08 -3.337927267921259e-08
171.48007195217238 0.8239767551422119 0.984626293182373 0.19961707293987274 -3.337927267921259e-08 -3.337927267921259e-08
171.6558532021724 0.8247811794281006 0.984626293182373 0.19961707293987274 -3.337927267921259e-08 -3.337927267921259e-08
171.8316344521724 0.8255703449249268 0.984626293182373 0.19961707293987274 -3.337927267921259e-08 -3.337927267921259e-08
172.00741570217244 0.8263456225395203 0.984626293182373 0.19961707293987274 -3.337927267921259e-08 -3.337927267921259e-08
172.18319695217244 0.8271023631095886 0.984626293182373 0.19961707293987274 -3.337927267921259e-08 -3.337927267921259e-08
172.35897820217247 0.8278380632400513 0.984626293182373 0.19961707293987274 -3.337927267921259e-08 -3.337927267921259e-08
172.53475945217247 0.8285556435585022 0.984626293182373 0.19961707293987274 -3.337927267921259e-08 -3.337927267921259e-08
172.7105407021725 0.8292608857154846 0.984626293182373 0.19961707293987274 -3.337927267921259e-08 -3.337927267921259e-08
172.8863219521725 0.8299548625946045 0.984626293182373 0.19961707293987274 -3.337927267921259e-08 -3.337927267921259e-08
173.76522820217255 0.8331813216209412 0.984626293182373 0.19961707293987274 -3.337927267921259e-08 -3.337927267921259e-08
173.94100945217258 0.8337907791137695 0.984626293182373 0.19961707293987274 -3.337927267921259e-08 -3.337927267921259e-08
174.11679070217258 0.8343873023986816 0.984626293182373 0.19961707293987274 -3.337927267921259e-08 -3.337927267921259e-08
174.2925719521726 0.834968626499176 0.984626293182373 0.19961707293987274 -3.337927267921259e-08 -3.337927267921259e-08
175.34725945217266 0.8382053375244141 0.984626293182373 0.19961707293987274 -3.337927267921259e-08 -3.337927267921259e-08
175.5230407021727 0.8387097716331482 0.984626293182373 0.19961707293987274 -3.337927267921259e-08 -3.337927267921259e-08
175.6988219521727 0.8392020463943481 0.984626293182373 0.19961707293987274 -3.337927267921259e-08 -3.337927267921259e-08
175.87460320217272 0.8396825790405273 0.984626293182373 0.19961707293987274 -3.337927267921259e-08 -3.337927267921259e-08
177.28085320217284 0.8432461619377136 0.984626293182373 0.19961707293987274 -3.337927267921259e-08 -3.337927267921259e-08
177.45663445217284 0.8436504006385803 0.984626293182373 0.19961707293987274 -3.337927267921259e-08 -3.337927267921259e-08
177.63241570217284 0.8440475463867188 0.984626293182373 0.19961707293987274 -3.337927267921259e-08 -3.337927267921259e-08
177.80819695217286 0.8444415330886841 0.984626293182373 0.19961707293987274 -3.337927267921259e-08 -3.337927267921259e-08
178.68710320217292 0.8463230729103088 0.984626293182373 0.19961707293987274 -3.337927267921259e-08 -3.337927267921259e-08
178.86288445217295 0.846676230430603 0.984626293182373 0.19961707293987274 -3.337927267921259e-08 -3.337927267921259e-08
179.03866570217295 0.8470220565795898 0.984626293182373 0.19961707293987274 -3.337927267921259e-08 -3.337927267921259e-08
179.21444695217298 0.8473625183105469 0.984626293182373 0.19961707293987274 -3.337927267921259e-08 -3.337927267921259e-08
179.39022820217298 0.8477010130882263 0.984626293182373 0.19961707293987274 -3.337927267921259e-08 -3.337927267921259e-08
179.566009452173 0.848037838935852 0.984626293182373 0.19961707293987274 -3.337927267921259e-08 -3.337927267921259e-08
179.741790702173 0.8483697175979614 0.984626293182373 0.19961707293987274 -3.337927267921259e-08 -3.337927267921259e-08
179.917571952173 0.8486959338188171 0.984626293182373 0.19961707293987274 -3.337927267921259e-08 -3.337927267921259e-08
179.99999999999997 0.8488472104072571 0.984626293182373 0.19961707293987274 -3.337927267921259e-08 -3.337927267921259e-08
