time a b c w1
0.0 0.0 0.0 0.0 0.0
2.34374997708231e-06 2.34398437508335e-23 1.0801570415496826 1.0801570415496826 2.34398437508335e-23
2.3531289769906394e-06 2.35336424679079e-23 1.0037916898727417 1.0037916898727417 2.35336424679079e-23
2.3718869768072985e-06 2.372124147977851e-23 0.9922298789024353 0.9922298789024353 2.372124147977851e-23
2.449126245505041e-06 2.449371143311084e-23 0.9876051545143127 0.9876051545143127 2.449371143311084e-23
0.00019360463173130613 1.9362399824984054e-21 0.9876051545143127 0.9876051545143127 1.9362399824984054e-21
0.00038480681743822704 3.8484529531415596e-21 0.9876051545143127 0.9876051545143127 -5.559599003390758e-09
0.0007672111888520689 7.672878894427868e-21 0.9876051545143127 0.9876051545143127 -2.7055836682166046e-08
0.001 1.0000999731091105e-20 0.9876051545143127 0.9876051545143127 -3.338813314712752e-08
29.999999999999996 3.000300019364487e-16 0.9876051545143127 0.9876051545143127 -3.338795906415726e-08
30.000099999999996 3.0003100778807355e-16 0.9876051545143127 0.9876051545143127 -3.336597131919916e-08
30.0003 3.0003299302154367e-16 0.9876051545143127 0.9876051545143127 -3.3344250027766975e-08
30.0007 7.449607770937394e-12 0.9876051545143127 0.9876051545143127 -3.3332753446302377e-08
30.000822963427037 2.5485110910494768e-08 0.9876051545143127 0.9876051545143127 -2.3448688324378963e-08
30.00089395647678 1.2384629144435166e-07 0.9876051545143127 0.9876051545143127 8.276113305782928e-08
30.000929755113706 2.70464056484343e-07 0.9876051545143127 0.9876051545143127 2.555833873429947e-07
30.00095105733429 4.27338278541356e-07 0.9876051545143127 0.9876051545143127 4.3146999928467267e-07
30.000964129050264 5.730474299525667e-07 0.9876051545143127 0.9876051545143127 7.024787578302494e-07
30.000973608241807 7.293853059309185e-07 0.9876051545143127 0.9876051545143127 1.1905239034604165e-06
30.0009855195615 9.960713214240968e-07 0.9876051545143127 0.9876051545143127 2.2464148514700355e-06
30.001 1.3805984053760767e-06 0.9876051545143127 0.9876051545143127 3.904103323293384e-06
30.079060833610207 0.0024821448605507612 0.9876051545143127 0.9876051545143127 0.011635278351604939
30.157121667220412 0.004940473474562168 0.9876051545143127 0.9876051545143127 0.023203745484352112
30.313245716704763 0.009797627106308937 0.9876051545143127 0.9876051545143127 0.04617329686880112
30.547620716704763 0.016962477937340736 0.9876051545143127 0.9876051545143127 0.08029696345329285
30.781995716704763 0.023968569934368134 0.9876051545143127 0.9876051545143127 0.1139693632721901
31.01637071670476 0.030797041952610016 0.9876051545143127 0.9876051545143127 0.147133931517601
31.250745716704756 0.037442609667778015 0.9876051545143127 0.9876051545143127 0.17977184057235718
31.485120716704753 0.04389964044094086 0.9876051545143127 0.9876051545143127 0.21186266839504242
31.95387071670475 0.05622486025094986 0.9876051545143127 0.9876051545143127 0.2743164300918579
32.18824571670475 0.062081217765808105 0.9876051545143127 0.9876051545143127 0.3046336770057678
32.65699571670474 0.07315156608819962 0.9876051545143127 0.9876051545143127 0.3633278012275696
33.125745716704735 0.0833262950181961 0.9876051545143127 0.9876051545143127 0.41926395893096924
33.59449571670473 0.09256130456924438 0.9876051545143127 0.9876051545143127 0.4722292125225067
34.06324571670472 0.10081885755062103 0.9876051545143127 0.9876051545143127 0.5220075845718384
34.53199571670472 0.10807210952043533 0.9876051545143127 0.9876051545143127 0.568389892578125
34.766370716704714 0.11131796985864639 0.9876051545143127 0.9876051545143127 0.5902475118637085
35.23512071670471 0.11705107986927032 0.9876051545143127 0.9876051545143127 0.6311939358711243
35.46949571670471 0.119544118642807 0.9876051545143127 0.9876051545143127 0.6502515077590942
35.70387071670471 0.12179489433765411 0.9876051545143127 0.9876051545143127 0.6683509945869446
36.1726207167047 0.1256006956100464 0.9876051545143127 0.9876051545143127 0.7016614079475403
36.40699571670469 0.1271757185459137 0.9876051545143127 0.9876051545143127 0.7168785333633423
36.64137071670469 0.1285482496023178 0.9876051545143127 0.9876051545143127 0.7311506867408752
36.87574571670469 0.129732146859169 0.9876051545143127 0.9876051545143127 0.7444953322410583
37.69605821670468 0.1326126754283905 0.9876051545143127 0.9876051545143127 0.7842782735824585
38.51637071670467 0.1340455859899521 0.9876051545143127 0.9876051545143127 0.814490556716919
38.75074571670467 0.13427814841270447 0.9876051545143127 0.9876051545143127 0.8216205835342407
38.985120716704664 0.13445422053337097 0.9876051545143127 0.9876051545143127 0.8281670808792114
39.219495716704664 0.13458435237407684 0.9876051545143127 0.9876051545143127 0.8341740369796753
39.92262071670466 0.13479115068912506 0.9876051545143127 0.9876051545143127 0.8493778705596924
40.15699571670465 0.13482140004634857 0.9876051545143127 0.9876051545143127 0.8536379337310791
40.39137071670465 0.1348404586315155 0.9876051545143127 0.9876051545143127 0.8575533032417297
40.62574571670464 0.13485170900821686 0.9876051545143127 0.9876051545143127 0.8611555099487305
40.86012071670464 0.13485781848430634 0.9876051545143127 0.9876051545143127 0.8644734621047974
41.09449571670464 0.13486072421073914 0.9876051545143127 0.9876051545143127 0.8675335645675659
41.797620716704635 0.1348620057106018 0.9876051545143127 0.9876051545143127 0.8753952980041504
42.26637071670463 0.13486188650131226 0.9876051545143127 0.9876051545143127 0.8797297477722168
42.73512071670462 0.13486188650131226 0.9876051545143127 0.9876051545143127 0.8834846615791321
43.203870716704614 0.13486188650131226 0.9876051545143127 0.9876051545143127 0.8867583274841309
43.90699571670461 0.13486188650131226 0.9876051545143127 0.9876051545143127 0.8909363746643066
44.3757457167046 0.13486188650131226 0.9876051545143127 0.9876051545143127 0.8933230638504028
44.6101207167046 0.13486188650131226 0.9876051545143127 0.9876051545143127 0.8944154977798462
45.07887071670459 0.13486188650131226 0.9876051545143127 0.9876051545143127 0.8964241147041321
45.31324571670459 0.13486188650131226 0.9876051545143127 0.9876051545143127 0.8973490595817566
45.781995716704586 0.13486188650131226 0.9876051545143127 0.9876051545143127 0.8990592360496521
46.01637071670458 0.13486188650131226 0.9876051545143127 0.9876051545143127 0.8998510837554932
46.25074571670458 0.13486188650131226 0.9876051545143127 0.9876051545143127 0.9006046652793884
46.48512071670458 0.13486188650131226 0.9876051545143127 0.9876051545143127 0.901322603225708
46.71949571670457 0.13486188650131226 0.9876051545143127 0.9876051545143127 0.9020073413848877
46.95387071670457 0.13486188650131226 0.9876051545143127 0.9876051545143127 0.9026610255241394
47.18824571670457 0.13486188650131226 0.9876051545143127 0.9876051545143127 0.9032857418060303
47.656995716704564 0.13486188650131226 0.9876051545143127 0.9876051545143127 0.904455304145813
47.89137071670456 0.13486188650131226 0.9876051545143127 0.9876051545143127 0.9050034880638123
48.36012071670456 0.13486188650131226 0.9876051545143127 0.9876051545143127 0.9060338139533997
49.06324571670454 0.13486188650131226 0.9876051545143127 0.9876051545143127 0.9074329733848572
49.766370716704536 0.13486188650131226 0.9876051545143127 0.9876051545143127 0.9086815714836121
50.46949571670453 0.13486188650131226 0.9876051545143127 0.9876051545143127 0.9098026752471924
51.17262071670452 0.13486188650131226 0.9876051545143127 0.9876051545143127 0.9108149409294128
52.57887071670451 0.13486188650131226 0.9876051545143127 0.9876051545143127 0.9125713109970093
53.28199571670449 0.13486188650131226 0.9876051545143127 0.9876051545143127 0.9133384227752686
54.92262071670448 0.13486188650131226 0.9876051545143127 0.9876051545143127 0.9149003028869629
55.625745716704465 0.13486188650131226 0.9876051545143127 0.9876051545143127 0.9154879450798035
57.969495716704444 0.13486188650131226 0.9876051545143127 0.9876051545143127 0.9171711206436157
58.67262071670443 0.13486188650131226 0.9876051545143127 0.9876051545143127 0.9176077842712402
59.99999999999999 0.13486188650131226 0.9876051545143127 0.9876051545143127 0.9183629155158997
60.000099999999996 0.13486188650131226 0.9876051545143127 0.9876051545143127 0.9183627367019653
60.000299999999996 0.134861558675766 0.9876051545143127 0.9876051545143127 0.9183624982833862
60.000699999999995 0.13485758006572723 0.9876051545143127 0.9876051545143127 0.9183624386787415
60.001000000000005 0.13485018908977509 0.9876051545143127 0.9876051545143127 0.9183624386787415
60.16480000000147 0.11167815327644348 0.9876051545143127 0.9876051545143127 0.9183624386787415
60.328600000002936 0.08937746286392212 0.9876051545143127 0.9876051545143127 0.9183624386787415
60.562975000002936 0.059810008853673935 0.9876051545143127 0.9876051545143127 0.9183624386787415
60.79735000000293 0.03424037992954254 0.9876051545143127 0.9876051545143127 0.9183624386787415
61.03172500000293 0.013692698441445827 0.9876051545143127 0.9876051545143127 0.9183624386787415
61.21548694191362 0.001578523893840611 0.9876051545143127 0.9876051545143127 0.9183624386787415
61.260094064944916 0.00017388610285706818 0.9876051545143127 0.9876051545143127 0.9183624386787415
61.303855398550745 -3.338795551144358e-08 0.9876051545143127 0.9876051545143127 0.9183624386787415
89.99999999999999 -3.3412160149737247e-08 0.9876051545143127 0.9876051545143127 0.9183624386787415
90.0001 -3.337403953196372e-08 0.9876051545143127 0.9876051545143127 0.9183624386787415
90.0003 -3.3344250027766975e-08 0.9876051545143127 0.9876051545143127 0.9183624386787415
90.0007 -3.3321907011441e-08 0.9876051545143127 0.9876051545143127 0.9183624386787415
90.001 -3.329084208303357e-08 0.9876051545143127 0.9876051545143127 0.9183624386787415
119.99999999999999 -3.329084208303357e-08 0.9876051545143127 0.9876051545143127 0.9183624386787415
120.0001 -3.329084208303357e-08 0.9876051545143127 0.9876051545143127 0.9183624386787415
120.0003 -3.329084208303357e-08 0.9876051545143127 0.9876051545143127 0.9183624386787415
120.0007 -3.329084208303357e-08 0.9876051545143127 0.9876051545143127 0.9183624386787415
120.001 -3.329084208303357e-08 0.9876051545143127 0.9876051545143127 0.9183624386787415
150.0 -3.329084208303357e-08 0.9876051545143127 0.9876051545143127 0.9183624386787415
150.0001 -3.329084208303357e-08 0.9876051545143127 0.9876051545143127 0.9183624386787415
150.0003 -3.329084208303357e-08 0.9876051545143127 0.9876051545143127 0.9183626174926758
150.0007 -3.329084208303357e-08 0.9876051545143127 0.9876051545143127 0.9183633923530579
150.001 -3.329084208303357e-08 0.9876051545143127 0.9876051545143127 0.9183641672134399
179.99999999999997 -3.329083853031989e-08 0.9876051545143127 0.9876051545143127 0.9183641672134399
180.0001 -3.329083853031989e-08 0.9876051545143127 0.9876051545143127 0.9183641672134399
180.0003 -3.329083853031989e-08 0.9876051545143127 0.987605094909668 0.9183641672134399
180.0007 -3.329083853031989e-08 0.9876051545143127 0.9876048564910889 0.9183641672134399
180.001 -3.329083853031989e-08 0.9876051545143127 0.9876043200492859 0.9183641672134399
180.02144000000035 -3.329083853031989e-08 0.9876051545143127 0.9873916506767273 0.9183641672134399
180.04188000000067 -3.329083853031989e-08 0.9876051545143127 0.9871736168861389 0.9183641672134399
180.32860000000517 -3.329083853031989e-08 0.9876051545143127 0.9834801554679871 0.9183641672134399
180.56297500000517 -3.329083853031989e-08 0.9876051545143127 0.9795724153518677 0.9183641672134399
180.79735000000514 -3.329083853031989e-08 0.9876051545143127 0.9746605157852173 0.9183641672134399
181.03172500000514 -3.329083853031989e-08 0.9876051545143127 0.9684122204780579 0.9183641672134399
181.5004750000051 -3.329083853031989e-08 0.9876051545143127 0.9507678747177124 0.9183641672134399
181.7348500000051 -3.329083853031989e-08 0.9876051545143127 0.9389060735702515 0.9183641672134399
181.9692250000051 -3.329083853031989e-08 0.9876051545143127 0.9248504638671875 0.9183641672134399
182.20360000000508 -3.329083853031989e-08 0.9876051545143127 0.908607006072998 0.9183641672134399
182.43797500000508 -3.329083853031989e-08 0.9876051545143127 0.890272855758667 0.9183641672134399
182.67235000000508 -3.329083853031989e-08 0.9876051545143127 0.8700076341629028 0.9183641672134399
182.90672500000505 -3.329083853031989e-08 0.9876051545143127 0.8480039834976196 0.9183641672134399
183.14110000000505 -3.329083853031989e-08 0.9876051545143127 0.8244624137878418 0.9183641672134399
183.37547500000505 -3.329083853031989e-08 0.9876051545143127 0.7995738387107849 0.9183641672134399
183.60985000000503 -3.329083853031989e-08 0.9876051545143127 0.7735115885734558 0.9183641672134399
183.84422500000503 -3.329083853031989e-08 0.9876051545143127 0.7464283108711243 0.9183641672134399
184.078600000005 -3.329083853031989e-08 0.9876051545143127 0.7184559106826782 0.9183641672134399
184.312975000005 -3.329083853031989e-08 0.9876051545143127 0.6897072196006775 0.9183641672134399
184.547350000005 -3.329083853031989e-08 0.9876051545143127 0.6602782011032104 0.9183641672134399
184.78172500000497 -3.329083853031989e-08 0.9876051545143127 0.6302505731582642 0.9183641672134399
185.01610000000497 -3.329083853031989e-08 0.9876051545143127 0.599693775177002 0.9183641672134399
185.25047500000497 -3.329083853031989e-08 0.9876051545143127 0.5686671733856201 0.9183641672134399
185.48485000000494 -3.329083853031989e-08 0.9876051545143127 0.537221372127533 0.9183641672134399
185.71922500000494 -3.329083853031989e-08 0.9876051545143127 0.5054000616073608 0.9183641672134399
185.95360000000494 -3.329083853031989e-08 0.9876051545143127 0.4732409715652466 0.9183641672134399
186.1879750000049 -3.329083853031989e-08 0.9876051545143127 0.4407767355442047 0.9183641672134399
186.4223500000049 -3.329083853031989e-08 0.9876051545143127 0.40803587436676025 0.9183641672134399
186.6567250000049 -3.329083853031989e-08 0.9876051545143127 0.3750435709953308 0.9183641672134399
186.89110000000488 -3.329083853031989e-08 0.9876051545143127 0.34182238578796387 0.9183641672134399
187.12547500000488 -3.329083853031989e-08 0.9876051545143127 0.3083934783935547 0.9183641672134399
187.35985000000488 -3.329083853031989e-08 0.9876051545143127 0.2747788429260254 0.9183641672134399
187.59422500000485 -3.329083853031989e-08 0.9876051545143127 0.24100655317306519 0.9183641672134399
187.82860000000485 -3.329083853031989e-08 0.9876051545143127 0.20712357759475708 0.9183641672134399
188.06297500000485 -3.329083853031989e-08 0.9876051545143127 0.17322805523872375 0.9183641672134399
188.29735000000483 -3.329083853031989e-08 0.9876051545143127 0.13954584300518036 0.9183641672134399
188.53172500000483 -3.329083853031989e-08 0.9876051545143127 0.10658591985702515 0.9183641672134399
188.76610000000483 -3.329083853031989e-08 0.9876051545143127 0.07535148411989212 0.9183641672134399
189.0004750000048 -3.329083853031989e-08 0.9876051545143127 0.047367289662361145 0.9183641672134399
189.2348500000048 -3.329083853031989e-08 0.9876051545143127 0.024167437106370926 0.9183641672134399
189.4692250000048 -3.329083853031989e-08 0.9876051545143127 0.0058272345922887325 0.9183641672134399
189.5632614216018 -3.329083853031989e-08 0.9876051545143127 0.000496385560836643 0.9183641672134399
189.58570200886206 -3.329083853031989e-08 0.9876051545143127 -3.338795551144358e-08 0.9183641672134399
205.92274390918544 -3.329083853031989e-08 0.9876051545143127 -3.338795551144358e-08 0.9183641672134399
209.99999999999997 -3.329083853031989e-08 0.9876051545143127 -3.343509646924758e-08 0.9183641672134399
210.00009999999997 -3.329083853031989e-08 0.9876051545143127 -3.3381688524514175e-08 0.9183641672134399
210.0003 -3.329083853031989e-08 0.9876051545143127 -3.3344250027766975e-08 0.9183641672134399
210.00070000000002 -3.328339204244912e-08 0.9876051545143127 -3.33216725323382e-08 0.9183641672134399
210.00082296323308 -7.805724955289861e-09 0.9876051545143127 -2.3425023698564473e-08 0.9183641672134399
210.00089395645904 9.055554528458742e-08 0.9876051545143127 8.278992424948228e-08 0.9183641672134399
210.00092975506365 2.371731540051769e-07 0.9876051545143127 2.556137985720852e-07 0.9183641672134399
210.00095105721869 3.9404724816449743e-07 0.9876051545143127 4.315049864089815e-07 0.9183641672134399
210.00096412896247 5.397570248533157e-07 0.9876051545143127 7.025184913800331e-07 0.9183641672134399
210.0009736082156 6.960960377000447e-07 0.9876051545143127 1.1905681276402902e-06 0.9183641672134399
210.0009855196179 9.627839290260454e-07 0.9876051545143127 2.2464662379206857e-06 0.9183641672134399
210.00100000000003 1.3473095350491349e-06 0.9876051545143127 3.904148343281122e-06 0.9183641672134399
210.0400300919647 0.0012445145985111594 0.9876051545143127 0.005827376153320074 0.9183641672134399
210.07906018392936 0.002482089912518859 0.9876051545143127 0.011635182425379753 0.9183641672134399
210.15712275013917 0.004940408281981945 0.9876051545143127 0.023203697055578232 0.9183641672134399
210.31324788255878 0.009797504171729088 0.9876051545143127 0.046173110604286194 0.9183641672134399
210.54762288255876 0.016962319612503052 0.9876051545143127 0.08029665797948837 0.9183641672134399
210.78199788255876 0.023968413472175598 0.9876051545143127 0.11396906524896622 0.9183641672134399
211.01637288255876 0.03079688921570778 0.9876051545143127 0.14713363349437714 0.9183641672134399
211.25074788255873 0.03744246065616608 0.9876051545143127 0.1797715574502945 0.9183641672134399
211.48512288255873 0.04389949142932892 0.9876051545143127 0.21186238527297974 0.9183641672134399
211.9538728825587 0.05622471123933792 0.9876051545143127 0.2743161618709564 0.9183641672134399
212.4226228825587 0.0677252933382988 0.9876051545143127 0.3343122601509094 0.9183641672134399
212.65699788255867 0.07315142452716827 0.9876051545143127 0.3633275628089905 0.9183641672134399
213.12574788255867 0.08332616090774536 0.9876051545143127 0.41926372051239014 0.9183641672134399
213.36012288255864 0.08806368708610535 0.9876051545143127 0.44613125920295715 0.9183641672134399
213.59449788255864 0.09256117045879364 0.9876051545143127 0.47222900390625 0.9183641672134399
213.82887288255864 0.0968141257762909 0.9876051545143127 0.49752992391586304 0.9183641672134399
214.0632478825586 0.10081873834133148 0.9876051545143127 0.5220073461532593 0.9183641672134399
214.2976228825586 0.10457201302051544 0.9876051545143127 0.545635461807251 0.9183641672134399
214.5319978825586 0.10807199031114578 0.9876051545143127 0.5683897137641907 0.9183641672134399
214.76637288255858 0.11131785064935684 0.9876051545143127 0.5902472734451294 0.9183641672134399
215.23512288255858 0.11705096065998077 0.9876051545143127 0.6311937570571899 0.9183641672134399
215.70387288255856 0.12179479002952576 0.9876051545143127 0.668350875377655 0.9183641672134399
216.17262288255853 0.12560059130191803 0.9876051545143127 0.7016612887382507 0.9183641672134399
216.40699788255853 0.12717561423778534 0.9876051545143127 0.7168784141540527 0.9183641672134399
216.64137288255853 0.12854814529418945 0.9876051545143127 0.7311505675315857 0.9183641672134399
216.8757478825585 0.12973204255104065 0.9876051545143127 0.7444952130317688 0.9183641672134399
217.1101228825585 0.13074226677417755 0.9876051545143127 0.756935715675354 0.9183641672134399
217.3444978825585 0.13159455358982086 0.9876051545143127 0.7685006856918335 0.9183641672134399
217.81324788255847 0.13288986682891846 0.9876051545143127 0.789141833782196 0.9183641672134399
218.51637288255844 0.13404549658298492 0.9876051545143127 0.8144904971122742 0.9183641672134399
218.75074788255844 0.13427844643592834 0.9876051545143127 0.8216203451156616 0.9183641672134399
218.98512288255841 0.13445605337619781 0.9876051545143127 0.8281661868095398 0.9183641672134399
219.21949788255841 0.13458853960037231 0.9876051545143127 0.8341727256774902 0.9183641672134399
219.6882478825584 0.13475190103054047 0.9876051545143127 0.8447385430335999 0.9183641672134399
219.9226228825584 0.13479849696159363 0.9876051545143127 0.8493784070014954 0.9183641672134399
220.1569978825584 0.1348295360803604 0.9876051545143127 0.8536393642425537 0.9183641672134399
220.39137288255836 0.13484887778759003 0.9876051545143127 0.8575549721717834 0.9183641672134399
220.62574788255836 0.13486024737358093 0.9876051545143127 0.8611573576927185 0.9183641672134399
220.86012288255836 0.13486668467521667 0.9876051545143127 0.8644760847091675 0.9183641672134399
221.09449788255833 0.13486997783184052 0.9876051545143127 0.8675371408462524 0.9183641672134399
221.32887288255833 0.13487139344215393 0.9876051545143127 0.8703645467758179 0.9183641672134399
221.56324788255833 0.13487191498279572 0.9876051545143127 0.8729798793792725 0.9183641672134399
221.7976228825583 0.13487201929092407 0.9876051545143127 0.87540203332901 0.9183641672134399
222.0319978825583 0.1348719745874405 0.9876051545143127 0.8776487112045288 0.9183641672134399
222.2663728825583 0.1348719447851181 0.9876051545143127 0.8797367215156555 0.9183641672134399
222.50074788255827 0.1348719447851181 0.9876051545143127 0.8816801309585571 0.9183641672134399
222.96949788255827 0.1348719447851181 0.9876051545143127 0.8851835131645203 0.9183641672134399
223.20387288255824 0.1348719447851181 0.9876051545143127 0.8867660164833069 0.9183641672134399
223.43824788255824 0.1348719447851181 0.9876051545143127 0.8882482051849365 0.9183641672134399
223.67262288255824 0.1348719447851181 0.9876051545143127 0.889638364315033 0.9183641672134399
223.90699788255822 0.1348719447851181 0.9876051545143127 0.8909443616867065 0.9183641672134399
225.31324788255816 0.1348719447851181 0.9876051545143127 0.8973551988601685 0.9183641672134399
225.54762288255816 0.1348719447851181 0.9876051545143127 0.8982325196266174 0.9183641672134399
225.78199788255816 0.1348719447851181 0.9876051545143127 0.8990656137466431 0.9183641672134399
226.01637288255813 0.1348719447851181 0.9876051545143127 0.8998574018478394 0.9183641672134399
226.9538728825581 0.1348719447851181 0.9876051545143127 0.9026662707328796 0.9183641672134399
227.1882478825581 0.1348719447851181 0.9876051545143127 0.9032907485961914 0.9183641672134399
227.42262288255807 0.1348719447851181 0.9876051545143127 0.9038881063461304 0.9183641672134399
227.65699788255807 0.1348719447851181 0.9876051545143127 0.904460072517395 0.9183641672134399
228.36012288255804 0.1348719447851181 0.9876051545143127 0.906038224697113 0.9183641672134399
228.59449788255804 0.1348719447851181 0.9876051545143127 0.9065229296684265 0.9183641672134399
229.06324788255802 0.1348719447851181 0.9876051545143127 0.9074370861053467 0.9183641672134399
231.8757478825579 0.1348719447851181 0.9876051545143127 0.9117363691329956 0.9183641672134399
232.11012288255787 0.1348719447851181 0.9876051545143127 0.9120239615440369 0.9183641672134399
232.34449788255787 0.1348719447851181 0.9876051545143127 0.9123030304908752 0.9183641672134399
232.57887288255787 0.1348719447851181 0.9876051545143127 0.9125738739967346 0.9183641672134399
234.4538728825578 0.1348719447851181 0.9876051545143127 0.9144852161407471 0.9183641672134399
235.15699788255776 0.1348719447851181 0.9876051545143127 0.915103018283844 0.9183641672134399
239.84449788255756 0.1348719447851181 0.9876051545143127 0.9182796478271484 0.9183641672134399
239.99999999999997 0.1348719447851181 0.9876051545143127 0.9183641076087952 0.9183641672134399
