time a b c w1
0.0 0.0 0.0 0.0 0.0
2.34374997708231e-06 2.34398437508335e-23 1.0801570415496826 1.0801570415496826 2.34398437508335e-23
2.3531289769906394e-06 2.35336424679079e-23 1.0037916898727417 1.0037916898727417 2.35336424679079e-23
2.3718869768072985e-06 2.372124147977851e-23 0.9922298789024353 0.9922298789024353 2.372124147977851e-23
2.449126245505041e-06 2.449371143311084e-23 0.9876051545143127 0.9876051545143127 2.449371143311084e-23
0.00019360463173130613 1.9362399824984054e-21 0.9876051545143127 0.9876051545143127 1.9362399824984054e-21
0.00038480681743822704 3.8484529531415596e-21 0.9876051545143127 0.9876051545143127 -5.559172677749302e-09
0.0007672111888520689 7.672878894427868e-21 0.9876051545143127 0.9876051545143127 -2.7052784901115956e-08
0.001 1.0000999731091105e-20 0.9876051545143127 0.9876051545143127 -3.3382431041673044e-08
29.999999999999996 3.000300019364487e-16 0.9876051545143127 0.9876051545143127 -3.338225695870278e-08
30.000099999999996 3.0003100778807355e-16 0.9876051545143127 0.9876051545143127 -3.336256071406751e-08
30.0003 3.0003299302154367e-16 0.9876051545143127 0.9876051545143127 -3.33431060539624e-08
30.0007 3.0003698995826353e-16 0.9876051545143127 0.9876051545143127 -3.3332813842434916e-08
30.000822963478917 1.416048528435354e-10 0.9876051545143127 0.9876051545143127 -3.333147446937801e-08
30.000893956646024 3.3566032175968985e-09 0.9876051545143127 0.9876051545143127 -2.113204189413409e-08
30.000929659150714 1.4150287164227393e-08 0.9876051545143127 0.9876051545143127 3.505932255620792e-08
30.000951228026253 3.745357446405251e-08 0.9876051545143127 0.9876051545143127 1.9113412008664454e-07
30.00097622509052 9.996611538554134e-08 0.9876051545143127 0.9876051545143127 6.886736514388758e-07
30.001 1.937547864372391e-07 0.9876051545143127 0.9876051545143127 1.4996916206655442e-06
30.081727642125088 0.0005360955256037414 0.9876051545143127 0.9876051545143127 0.005220194812864065
30.16245528425017 0.0010653526987880468 0.9876051545143127 0.9876051545143127 0.010408538393676281
30.32391303215006 0.002106970641762018 0.9876051545143127 0.9876051545143127 0.02070769853889942
30.55828803215006 0.0035854100715368986 0.9876051545143127 0.9876051545143127 0.03550286591053009
31.027038032150053 0.0064174276776611805 0.9876051545143127 0.9876051545143127 0.06450799852609634
31.261413032150053 0.007768399082124233 0.9876051545143127 0.9876051545143127 0.07870127260684967
31.49578803215005 0.00907665304839611 0.9876051545143127 0.9876051545143127 0.0926884338259697
31.730163032150045 0.010342681780457497 0.9876051545143127 0.9876051545143127 0.10646942257881165
31.964538032150042 0.011566990055143833 0.9876051545143127 0.9876051545143127 0.12004406750202179
32.19891303215004 0.012750101275742054 0.9876051545143127 0.9876051545143127 0.13341224193572998
32.43328803215004 0.01389258075505495 0.9876051545143127 0.9876051545143127 0.14657431840896606
32.66766303215003 0.014995008707046509 0.9876051545143127 0.9876051545143127 0.15953069925308228
32.90203803215003 0.016057977452874184 0.9876051545143127 0.9876051545143127 0.1722816824913025
33.13641303215003 0.01708209700882435 0.9876051545143127 0.9876051545143127 0.18482762575149536
33.370788032150024 0.018067996948957443 0.9876051545143127 0.9876051545143127 0.1971689611673355
34.07391303215002 0.02080291323363781 0.9876051545143127 0.9876051545143127 0.2329716980457306
34.30828803215002 0.021642550826072693 0.9876051545143127 0.9876051545143127 0.2445015162229538
34.54266303215001 0.02244737558066845 0.9876051545143127 0.9876051545143127 0.2558298408985138
34.77703803215001 0.02321810834109783 0.9876051545143127 0.9876051545143127 0.26695775985717773
35.48016303215 0.025333218276500702 0.9876051545143127 0.9876051545143127 0.29915061593055725
35.714538032149996 0.025975164026021957 0.9876051545143127 0.9876051545143127 0.30948787927627563
35.948913032149996 0.026586903259158134 0.9876051545143127 0.9876051545143127 0.3196302056312561
36.183288032149996 0.02716921642422676 0.9876051545143127 0.9876051545143127 0.32957926392555237
36.88641303214998 0.028747612610459328 0.9876051545143127 0.9876051545143127 0.358283132314682
37.589538032149974 0.030090726912021637 0.9876051545143127 0.9876051545143127 0.3853057324886322
37.823913032149974 0.03049006685614586 0.9876051545143127 0.9876051545143127 0.3939479887485504
38.05828803214997 0.030866650864481926 0.9876051545143127 0.9876051545143127 0.40241074562072754
38.29266303214997 0.031221266835927963 0.9876051545143127 0.9876051545143127 0.4106962978839874
38.76141303214996 0.03186777979135513 0.9876051545143127 0.9876051545143127 0.4267447888851166
38.99578803214996 0.03216136619448662 0.9876051545143127 0.9876051545143127 0.4345119595527649
39.23016303214996 0.03243628144264221 0.9876051545143127 0.9876051545143127 0.44211071729660034
39.46453803214995 0.03269336372613907 0.9876051545143127 0.9876051545143127 0.449543297290802
39.69891303214995 0.03293333947658539 0.9876051545143127 0.9876051545143127 0.4568122625350952
40.402038032149946 0.03355817124247551 0.9876051545143127 0.9876051545143127 0.4776627719402313
40.63641303214994 0.033737339079380035 0.9876051545143127 0.9876051545143127 0.484302282333374
40.87078803214994 0.03390321135520935 0.9876051545143127 0.9876051545143127 0.49079063534736633
41.33953803214993 0.03419768810272217 0.9876051545143127 0.9876051545143127 0.5033247470855713
41.57391303214993 0.0343276746571064 0.9876051545143127 0.9876051545143127 0.5093757510185242
41.808288032149925 0.034447044134140015 0.9876051545143127 0.9876051545143127 0.5152861475944519
42.27703803214992 0.03465646505355835 0.9876051545143127 0.9876051545143127 0.526695966720581
42.51141303214992 0.034747712314128876 0.9876051545143127 0.9876051545143127 0.5322007536888123
42.74578803214992 0.0348307229578495 0.9876051545143127 0.9876051545143127 0.5375756621360779
42.98016303214991 0.03490603342652321 0.9876051545143127 0.9876051545143127 0.5428234338760376
43.21453803214991 0.03497418016195297 0.9876051545143127 0.9876051545143127 0.5479466915130615
43.9176630321499 0.03514055162668228 0.9876051545143127 0.9876051545143127 0.5625956654548645
44.152038032149896 0.035184845328330994 0.9876051545143127 0.9876051545143127 0.5672471523284912
44.386413032149896 0.03522424399852753 0.9876051545143127 0.9876051545143127 0.5717871189117432
44.620788032149896 0.0352591872215271 0.9876051545143127 0.9876051545143127 0.5762182474136353
45.32391303214988 0.03534108027815819 0.9876051545143127 0.9876051545143127 0.5888829827308655
45.55828803214988 0.03536180406808853 0.9876051545143127 0.9876051545143127 0.5929032564163208
45.79266303214988 0.03537973016500473 0.9876051545143127 0.9876051545143127 0.5968269109725952
46.027038032149875 0.03539516404271126 0.9876051545143127 0.9876051545143127 0.600656270980835
46.261413032149875 0.035408392548561096 0.9876051545143127 0.9876051545143127 0.6043937802314758
46.49578803214987 0.03541964665055275 0.9876051545143127 0.9876051545143127 0.608041524887085
46.73016303214987 0.03542913869023323 0.9876051545143127 0.9876051545143127 0.6116019487380981
46.96453803214987 0.035437073558568954 0.9876051545143127 0.9876051545143127 0.6150770783424377
47.19891303214986 0.03544364869594574 0.9876051545143127 0.9876051545143127 0.61846923828125
47.667663032149854 0.03545340150594711 0.9876051545143127 0.9876051545143127 0.6250127553939819
47.902038032149854 0.03545688837766647 0.9876051545143127 0.9876051545143127 0.6281683444976807
48.136413032149854 0.03545963391661644 0.9876051545143127 0.9876051545143127 0.6312490701675415
48.37078803214985 0.03546175733208656 0.9876051545143127 0.9876051545143127 0.6342570781707764
48.60516303214985 0.0354633629322052 0.9876051545143127 0.9876051545143127 0.637194037437439
49.07391303214984 0.035465389490127563 0.9876051545143127 0.9876051545143127 0.6428626775741577
49.54266303214983 0.03546633571386337 0.9876051545143127 0.9876051545143127 0.6482694149017334
49.77703803214983 0.03546655923128128 0.9876051545143127 0.9876051545143127 0.65087890625
50.01141303214983 0.03546668589115143 0.9876051545143127 0.9876051545143127 0.6534280776977539
50.245788032149825 0.0354667492210865 0.9876051545143127 0.9876051545143127 0.655918538570404
50.480163032149825 0.03546677157282829 0.9876051545143127 0.9876051545143127 0.6583518385887146
50.71453803214982 0.03546677529811859 0.9876051545143127 0.9876051545143127 0.6607295274734497
50.94891303214982 0.03546677529811859 0.9876051545143127 0.9876051545143127 0.6630530953407288
51.18328803214982 0.03546677529811859 0.9876051545143127 0.9876051545143127 0.6653240919113159
51.65203803214981 0.03546677529811859 0.9876051545143127 0.9876051545143127 0.6697137355804443
51.886413032149804 0.03546677529811859 0.9876051545143127 0.9876051545143127 0.6718350648880005
52.120788032149804 0.03546677529811859 0.9876051545143127 0.9876051545143127 0.6739093065261841
52.355163032149804 0.03546677529811859 0.9876051545143127 0.9876051545143127 0.6759375929832458
52.5895380321498 0.03546677529811859 0.9876051545143127 0.9876051545143127 0.6779212355613708
52.8239130321498 0.03546677529811859 0.9876051545143127 0.9876051545143127 0.6798614859580994
53.0582880321498 0.03546677529811859 0.9876051545143127 0.9876051545143127 0.6817594170570374
54.464538032149775 0.03546677529811859 0.9876051545143127 0.9876051545143127 0.6923202276229858
54.698913032149775 0.03546677529811859 0.9876051545143127 0.9876051545143127 0.6939522624015808
54.93328803214977 0.03546677529811859 0.9876051545143127 0.9876051545143127 0.695550262928009
55.16766303214977 0.03546677529811859 0.9876051545143127 0.9876051545143127 0.6971151232719421
55.40203803214977 0.03546677529811859 0.9876051545143127 0.9876051545143127 0.6986477375030518
57.27703803214974 0.03546677529811859 0.9876051545143127 0.9876051545143127 0.7098442316055298
57.51141303214974 0.03546677529811859 0.9876051545143127 0.9876051545143127 0.7111220359802246
57.74578803214974 0.03546677529811859 0.9876051545143127 0.9876051545143127 0.7123750448226929
57.98016303214973 0.03546677529811859 0.9876051545143127 0.9876051545143127 0.7136038541793823
58.21453803214973 0.03546677529811859 0.9876051545143127 0.9876051545143127 0.7148091793060303
58.44891303214973 0.03546677529811859 0.9876051545143127 0.9876051545143127 0.7159915566444397
58.683288032149726 0.03546677529811859 0.9876051545143127 0.9876051545143127 0.7171515226364136
58.917663032149726 0.03546677529811859 0.9876051545143127 0.9876051545143127 0.7182897329330444
59.15203803214972 0.03546677529811859 0.9876051545143127 0.9876051545143127 0.7194066643714905
59.38641303214972 0.03546677529811859 0.9876051545143127 0.9876051545143127 0.7205029129981995
59.99999999999999 0.03546677529811859 0.9876051545143127 0.9876051545143127 0.723283052444458
60.000099999999996 0.03546677529811859 0.9876051545143127 0.9876051545143127 0.7232823967933655
60.000299999999996 0.03546655923128128 0.9876051545143127 0.9876051545143127 0.723281741142273
60.000699999999995 0.03546397015452385 0.9876051545143127 0.9876051545143127 0.7232814431190491
60.001000000000005 0.03545922413468361 0.9876051545143127 0.9876051545143127 0.7232814431190491
60.00108 0.03545192629098892 0.9876051545143127 0.9876051545143127 0.7232814431190491
60.00124000000001 0.03543733060359955 0.9876051545143127 0.9876051545143127 0.7232814431190491
60.021560000000186 0.033605944365262985 0.9876051545143127 0.9876051545143127 0.7232814431190491
60.04188000000037 0.03181862831115723 0.9876051545143127 0.9876051545143127 0.7232814431190491
60.082840000000736 0.02835060842335224 0.9876051545143127 0.9876051545143127 0.7232814431190491
60.16476000000147 0.021961933001875877 0.9876051545143127 0.9876051545143127 0.7232814431190491
60.328600000002936 0.010650437325239182 0.9876051545143127 0.9876051545143127 0.7232814431190491
60.45615073487051 0.003113111713901162 0.9876051545143127 0.9876051545143127 0.7232814431190491
60.519107787802795 0.0002695548173505813 0.9876051545143127 0.9876051545143127 0.7232814431190491
60.533790804952375 -3.338225695870278e-08 0.9876051545143127 0.9876051545143127 0.7232814431190491
89.99999999999999 -3.334449516501081e-08 0.9876051545143127 0.9876051545143127 0.7232814431190491
90.0001 -3.334997344950352e-08 0.9876051545143127 0.9876051545143127 0.7232814431190491
90.0003 -3.3331755133758634e-08 0.9876051545143127 0.9876051545143127 0.7232814431190491
90.0007 -3.327679110043391e-08 0.9876051545143127 0.9876051545143127 0.7232814431190491
90.001 -3.325241237916998e-08 0.9876051545143127 0.9876051545143127 0.7232814431190491
119.99999999999999 -3.325241237916998e-08 0.9876051545143127 0.9876051545143127 0.7232814431190491
120.0001 -3.325241237916998e-08 0.9876051545143127 0.9876051545143127 0.7232814431190491
120.0003 -3.325241237916998e-08 0.9876051545143127 0.9876051545143127 0.7232814431190491
120.0007 -3.325241237916998e-08 0.9876051545143127 0.9876051545143127 0.7232814431190491
120.001 -3.325241237916998e-08 0.9876051545143127 0.9876051545143127 0.7232814431190491
150.0 -3.325241237916998e-08 0.9876051545143127 0.9876051545143127 0.7232814431190491
150.0001 -3.325241237916998e-08 0.9876051545143127 0.9876051545143127 0.7232814431190491
150.0003 -3.325241237916998e-08 0.9876051545143127 0.9876051545143127 0.723281741142273
150.0007 -3.325241237916998e-08 0.9876051545143127 0.9876051545143127 0.7232833504676819
150.001 -3.325241237916998e-08 0.9876051545143127 0.9876051545143127 0.7232848405838013
179.99999999999997 -3.325241237916998e-08 0.9876051545143127 0.9876051545143127 0.7232848405838013
180.0001 -3.325241237916998e-08 0.9876051545143127 0.9876051545143127 0.7232848405838013
180.0003 -3.325241237916998e-08 0.9876051545143127 0.9876051545143127 0.7232848405838013
180.0007 -3.325241237916998e-08 0.9876051545143127 0.9876049160957336 0.7232848405838013
180.001 -3.325241237916998e-08 0.9876051545143127 0.9876046180725098 0.7232848405838013
180.00352000000004 -3.325241237916998e-08 0.9876051545143127 0.9875885248184204 0.7232848405838013
180.00604000000007 -3.325241237916998e-08 0.9876051545143127 0.987572431564331 0.7232848405838013
180.01116000000016 -3.325241237916998e-08 0.9876051545143127 0.9875396490097046 0.7232848405838013
180.04188000000067 -3.325241237916998e-08 0.9876051545143127 0.9873411655426025 0.7232848405838013
180.1647600000026 -3.325241237916998e-08 0.9876051545143127 0.9865192174911499 0.7232848405838013
180.79735000000514 -3.325241237916998e-08 0.9876051545143127 0.9816514849662781 0.7232848405838013
181.03172500000514 -3.325241237916998e-08 0.9876051545143127 0.9795381426811218 0.7232848405838013
181.26610000000514 -3.325241237916998e-08 0.9876051545143127 0.9772182703018188 0.7232848405838013
181.7348500000051 -3.325241237916998e-08 0.9876051545143127 0.9718564748764038 0.7232848405838013
181.9692250000051 -3.325241237916998e-08 0.9876051545143127 0.9687536954879761 0.7232848405838013
182.20360000000508 -3.325241237916998e-08 0.9876051545143127 0.9653232097625732 0.7232848405838013
182.67235000000508 -3.325241237916998e-08 0.9876051545143127 0.9573177099227905 0.7232848405838013
183.14110000000505 -3.325241237916998e-08 0.9876051545143127 0.9474844932556152 0.7232848405838013
183.84422500000503 -3.325241237916998e-08 0.9876051545143127 0.9284131526947021 0.7232848405838013
184.547350000005 -3.325241237916998e-08 0.9876051545143127 0.9028875231742859 0.7232848405838013
185.01610000000497 -3.325241237916998e-08 0.9876051545143127 0.8816592693328857 0.7232848405838013
185.25047500000497 -3.325241237916998e-08 0.9876051545143127 0.869680643081665 0.7232848405838013
185.48485000000494 -3.325241237916998e-08 0.9876051545143127 0.8567662835121155 0.7232848405838013
185.71922500000494 -3.325241237916998e-08 0.9876051545143127 0.8429075479507446 0.7232848405838013
185.95360000000494 -3.325241237916998e-08 0.9876051545143127 0.8281046152114868 0.7232848405838013
186.1879750000049 -3.325241237916998e-08 0.9876051545143127 0.8123658895492554 0.7232848405838013
186.4223500000049 -3.325241237916998e-08 0.9876051545143127 0.7957069873809814 0.7232848405838013
186.6567250000049 -3.325241237916998e-08 0.9876051545143127 0.7781499028205872 0.7232848405838013
186.89110000000488 -3.325241237916998e-08 0.9876051545143127 0.759721577167511 0.7232848405838013
187.12547500000488 -3.325241237916998e-08 0.9876051545143127 0.7404531240463257 0.7232848405838013
187.35985000000488 -3.325241237916998e-08 0.9876051545143127 0.7203781604766846 0.7232848405838013
187.59422500000485 -3.325241237916998e-08 0.9876051545143127 0.6995324492454529 0.7232848405838013
187.82860000000485 -3.325241237916998e-08 0.9876051545143127 0.6779525876045227 0.7232848405838013
188.06297500000485 -3.325241237916998e-08 0.9876051545143127 0.6556754112243652 0.7232848405838013
188.29735000000483 -3.325241237916998e-08 0.9876051545143127 0.632737398147583 0.7232848405838013
188.53172500000483 -3.325241237916998e-08 0.9876051545143127 0.6091744303703308 0.7232848405838013
188.76610000000483 -3.325241237916998e-08 0.9876051545143127 0.5850209593772888 0.7232848405838013
189.0004750000048 -3.325241237916998e-08 0.9876051545143127 0.5603103041648865 0.7232848405838013
189.2348500000048 -3.325241237916998e-08 0.9876051545143127 0.5350741744041443 0.7232848405838013
189.4692250000048 -3.325241237916998e-08 0.9876051545143127 0.5093426704406738 0.7232848405838013
189.70360000000477 -3.325241237916998e-08 0.9876051545143127 0.4831443130970001 0.7232848405838013
189.93797500000477 -3.325241237916998e-08 0.9876051545143127 0.4565058648586273 0.7232848405838013
190.17235000000477 -3.325241237916998e-08 0.9876051545143127 0.4294525980949402 0.7232848405838013
190.40672500000474 -3.325241237916998e-08 0.9876051545143127 0.40200817584991455 0.7232848405838013
190.64110000000474 -3.325241237916998e-08 0.9876051545143127 0.3741949200630188 0.7232848405838013
190.87547500000474 -3.325241237916998e-08 0.9876051545143127 0.34603390097618103 0.7232848405838013
191.1098500000047 -3.325241237916998e-08 0.9876051545143127 0.31754550337791443 0.7232848405838013
191.3442250000047 -3.325241237916998e-08 0.9876051545143127 0.2887501120567322 0.7232848405838013
191.5786000000047 -3.325241237916998e-08 0.9876051545143127 0.2596700191497803 0.7232848405838013
191.81297500000468 -3.325241237916998e-08 0.9876051545143127 0.23033364117145538 0.7232848405838013
192.04735000000468 -3.325241237916998e-08 0.9876051545143127 0.2007851004600525 0.7232848405838013
192.51610000000466 -3.325241237916998e-08 0.9876051545143127 0.14146293699741364 0.7232848405838013
192.75047500000466 -3.325241237916998e-08 0.9876051545143127 0.11219898611307144 0.7232848405838013
192.98485000000466 -3.325241237916998e-08 0.9876051545143127 0.0839681476354599 0.7232848405838013
193.21922500000463 -3.325241237916998e-08 0.9876051545143127 0.05781499668955803 0.7232848405838013
193.45360000000463 -3.325241237916998e-08 0.9876051545143127 0.0349847711622715 0.7232848405838013
193.68797500000463 -3.325241237916998e-08 0.9876051545143127 0.016397466883063316 0.7232848405838013
193.9223500000046 -3.325241237916998e-08 0.9876051545143127 0.0021213481668382883 0.7232848405838013
193.9801375992419 -3.325241237916998e-08 0.9876051545143127 0.00011926636943826452 0.7232848405838013
193.9940980436212 -3.325241237916998e-08 0.9876051545143127 -3.338225695870278e-08 0.7232848405838013
205.80187301903638 -3.325241237916998e-08 0.9876051545143127 -3.338225695870278e-08 0.7232848405838013
209.99999999999997 -3.325241237916998e-08 0.9876051545143127 -3.3374103480809936e-08 0.7232848405838013
210.00009999999997 -3.325241237916998e-08 0.9876051545143127 -3.335984288810323e-08 0.7232848405838013
210.0003 -3.325241237916998e-08 0.9876051545143127 -3.334162457235834e-08 0.7232848405838013
210.00070000000002 -3.325241237916998e-08 0.9876051545143127 -3.3325825654628716e-08 0.7232848405838013
210.00082296360551 -3.311080476464667e-08 0.9876051545143127 -3.332442943815295e-08 0.7232848405838013
210.00089395672674 -2.9895787179157196e-08 0.9876051545143127 -2.1125329041637997e-08 0.7232848405838013
210.00092965922798 -1.910206393063163e-08 0.9876051545143127 3.506630363858676e-08 0.7232848405838013
210.00095122808997 4.2012699985605195e-09 0.9876051545143127 1.9114150973109645e-07 0.7232848405838013
210.00097622513334 6.671385222034587e-08 0.9876051545143127 6.886814958306786e-07 0.7232848405838013
210.00100000000003 1.6050243800691533e-07 0.9876051545143127 1.4996988966231584e-06 0.7232848405838013
210.08172767977223 0.0005360625218600035 0.9876051545143127 0.005220197141170502 0.7232848405838013
210.1624553595444 0.0010653199860826135 0.9876051545143127 0.010408543050289154 0.7232848405838013
210.32391318273966 0.002106938511133194 0.9876051545143127 0.020707707852125168 0.7232848405838013
210.55828818273966 0.0035853779409080744 0.9876051545143127 0.03550287336111069 0.7232848405838013
211.02703818273963 0.006417395547032356 0.9876051545143127 0.06450801342725754 0.7232848405838013
211.26141318273963 0.007768366485834122 0.9876051545143127 0.07870128750801086 0.7232848405838013
211.4957881827396 0.009076621383428574 0.9876051545143127 0.09268844127655029 0.7232848405838013
211.7301631827396 0.01034265011548996 0.9876051545143127 0.10646943747997284 0.7232848405838013
211.9645381827396 0.011566957458853722 0.9876051545143127 0.12004408240318298 0.7232848405838013
212.19891318273957 0.012750068679451942 0.9876051545143127 0.13341225683689117 0.7232848405838013
212.43328818273957 0.01389254815876484 0.9876051545143127 0.14657433331012726 0.7232848405838013
212.66766318273957 0.014994977042078972 0.9876051545143127 0.15953071415424347 0.7232848405838013
212.90203818273955 0.016057945787906647 0.9876051545143127 0.17228169739246368 0.7232848405838013
213.13641318273955 0.01708206534385681 0.9876051545143127 0.18482764065265656 0.7232848405838013
213.37078818273955 0.018067963421344757 0.9876051545143127 0.1971689760684967 0.7232848405838013
214.07391318273952 0.020802881568670273 0.9876051545143127 0.2329716980457306 0.7232848405838013
214.3082881827395 0.021642519161105156 0.9876051545143127 0.244501531124115 0.7232848405838013
214.5426631827395 0.022447343915700912 0.9876051545143127 0.2558298707008362 0.7232848405838013
214.7770381827395 0.023218076676130295 0.9876051545143127 0.26695775985717773 0.7232848405838013
215.48016318273946 0.025333186611533165 0.9876051545143127 0.29915061593055725 0.7232848405838013
215.71453818273943 0.02597513049840927 0.9876051545143127 0.30948787927627563 0.7232848405838013
215.94891318273943 0.026586871594190598 0.9876051545143127 0.3196302056312561 0.7232848405838013
216.18328818273943 0.027169184759259224 0.9876051545143127 0.32957926392555237 0.7232848405838013
216.8864131827394 0.02874757908284664 0.9876051545143127 0.358283132314682 0.7232848405838013
217.58953818273935 0.0300906952470541 0.9876051545143127 0.3853057622909546 0.7232848405838013
217.82391318273935 0.030490035191178322 0.9876051545143127 0.3939480185508728 0.7232848405838013
218.05828818273935 0.03086661919951439 0.9876051545143127 0.4024107754230499 0.7232848405838013
218.29266318273932 0.031221235170960426 0.9876051545143127 0.4106962978839874 0.7232848405838013
218.76141318273932 0.031867749989032745 0.9876051545143127 0.4267447888851166 0.7232848405838013
218.9957881827393 0.03216133639216423 0.9876051545143127 0.4345119595527649 0.7232848405838013
219.2301631827393 0.032436251640319824 0.9876051545143127 0.44211071729660034 0.7232848405838013
219.4645381827393 0.03269333019852638 0.9876051545143127 0.449543297290802 0.7232848405838013
219.69891318273926 0.0329333059489727 0.9876051545143127 0.4568122625350952 0.7232848405838013
220.40203818273923 0.03355814144015312 0.9876051545143127 0.4776627719402313 0.7232848405838013
220.63641318273923 0.03373730927705765 0.9876051545143127 0.484302282333374 0.7232848405838013
220.87078818273923 0.033903177827596664 0.9876051545143127 0.4907906651496887 0.7232848405838013
221.3395381827392 0.03419765830039978 0.9876051545143127 0.5033247470855713 0.7232848405838013
221.5739131827392 0.03432764112949371 0.9876051545143127 0.5093757510185242 0.7232848405838013
221.80828818273918 0.03444701433181763 0.9876051545143127 0.5152861475944519 0.7232848405838013
222.27703818273918 0.03465643525123596 0.9876051545143127 0.526695966720581 0.7232848405838013
222.51141318273915 0.03474768251180649 0.9876051545143127 0.5322007536888123 0.7232848405838013
222.74578818273915 0.034830689430236816 0.9876051545143127 0.5375757217407227 0.7232848405838013
222.98016318273915 0.03490599989891052 0.9876051545143127 0.5428234338760376 0.7232848405838013
223.21453818273912 0.034974146634340286 0.9876051545143127 0.5479466915130615 0.7232848405838013
223.9176631827391 0.035140518099069595 0.9876051545143127 0.5625956654548645 0.7232848405838013
224.1520381827391 0.03518481180071831 0.9876051545143127 0.5672471523284912 0.7232848405838013
224.3864131827391 0.03522421047091484 0.9876051545143127 0.5717871189117432 0.7232848405838013
224.62078818273906 0.03525915369391441 0.9876051545143127 0.5762182474136353 0.7232848405838013
225.32391318273903 0.0353410467505455 0.9876051545143127 0.5888829827308655 0.7232848405838013
225.55828818273903 0.035361774265766144 0.9876051545143127 0.5929032564163208 0.7232848405838013
225.79266318273903 0.035379696637392044 0.9876051545143127 0.5968269109725952 0.7232848405838013
226.027038182739 0.03539513051509857 0.9876051545143127 0.6006563305854797 0.7232848405838013
226.261413182739 0.03540836274623871 0.9876051545143127 0.6043937802314758 0.7232848405838013
226.495788182739 0.035419613122940063 0.9876051545143127 0.608041524887085 0.7232848405838013
226.73016318273898 0.035429105162620544 0.9876051545143127 0.6116019487380981 0.7232848405838013
226.96453818273898 0.03543704003095627 0.9876051545143127 0.6150770783424377 0.7232848405838013
227.19891318273898 0.035443615168333054 0.9876051545143127 0.61846923828125 0.7232848405838013
227.66766318273895 0.03545336797833443 0.9876051545143127 0.6250127553939819 0.7232848405838013
227.90203818273895 0.035456858575344086 0.9876051545143127 0.6281683444976807 0.7232848405838013
228.13641318273892 0.035459600389003754 0.9876051545143127 0.6312491297721863 0.7232848405838013
228.37078818273892 0.03546172380447388 0.9876051545143127 0.6342570781707764 0.7232848405838013
228.60516318273892 0.03546333312988281 0.9876051545143127 0.637194037437439 0.7232848405838013
229.0739131827389 0.03546535596251488 0.9876051545143127 0.6428626775741577 0.7232848405838013
229.54266318273886 0.03546630218625069 0.9876051545143127 0.6482694149017334 0.7232848405838013
229.77703818273886 0.035466525703668594 0.9876051545143127 0.65087890625 0.7232848405838013
230.01141318273886 0.03546665608882904 0.9876051545143127 0.6534280776977539 0.7232848405838013
230.24578818273883 0.035466715693473816 0.9876051545143127 0.655918538570404 0.7232848405838013
230.48016318273883 0.035466741770505905 0.9876051545143127 0.6583518385887146 0.7232848405838013
230.71453818273883 0.035466745495796204 0.9876051545143127 0.6607295274734497 0.7232848405838013
230.9489131827388 0.035466741770505905 0.9876051545143127 0.6630530953407288 0.7232848405838013
231.1832881827388 0.035466741770505905 0.9876051545143127 0.6653240919113159 0.7232848405838013
231.65203818273878 0.035466741770505905 0.9876051545143127 0.6697137355804443 0.7232848405838013
231.88641318273878 0.035466741770505905 0.9876051545143127 0.6718350648880005 0.7232848405838013
232.12078818273878 0.035466741770505905 0.9876051545143127 0.6739093065261841 0.7232848405838013
232.35516318273875 0.035466741770505905 0.9876051545143127 0.6759375929832458 0.7232848405838013
232.58953818273875 0.035466741770505905 0.9876051545143127 0.6779212355613708 0.7232848405838013
232.82391318273875 0.035466741770505905 0.9876051545143127 0.6798614859580994 0.7232848405838013
233.05828818273872 0.035466741770505905 0.9876051545143127 0.6817594170570374 0.7232848405838013
234.46453818273866 0.035466741770505905 0.9876051545143127 0.6923202276229858 0.7232848405838013
234.69891318273866 0.035466741770505905 0.9876051545143127 0.6939522624015808 0.7232848405838013
234.93328818273866 0.035466741770505905 0.9876051545143127 0.695550262928009 0.7232848405838013
235.16766318273864 0.035466741770505905 0.9876051545143127 0.6971151232719421 0.7232848405838013
235.40203818273864 0.035466741770505905 0.9876051545143127 0.6986477375030518 0.7232848405838013
237.27703818273855 0.035466741770505905 0.9876051545143127 0.7098442912101746 0.7232848405838013
237.51141318273855 0.035466741770505905 0.9876051545143127 0.7111220359802246 0.7232848405838013
237.74578818273855 0.035466741770505905 0.9876051545143127 0.7123750448226929 0.7232848405838013
237.98016318273852 0.035466741770505905 0.9876051545143127 0.7136038541793823 0.7232848405838013
238.21453818273852 0.035466741770505905 0.9876051545143127 0.7148091793060303 0.7232848405838013
238.44891318273852 0.035466741770505905 0.9876051545143127 0.7159915566444397 0.7232848405838013
238.6832881827385 0.035466741770505905 0.9876051545143127 0.7171515226364136 0.7232848405838013
238.9176631827385 0.035466741770505905 0.9876051545143127 0.7182897329330444 0.7232848405838013
239.1520381827385 0.035466741770505905 0.9876051545143127 0.7194066643714905 0.7232848405838013
239.38641318273847 0.035466741770505905 0.9876051545143127 0.7205029129981995 0.7232848405838013
239.85516318273847 0.035466741770505905 0.9876051545143127 0.7226370573043823 0.7232848405838013
239.99999999999997 0.035466741770505905 0.9876051545143127 0.723283052444458 0.7232848405838013
