time a b c w1
0.0 0.0 0.0 0.0 0.0
2.34374997708231e-06 2.34398437508335e-23 2.34398437508335e-23 1.0801570415496826 2.34398437508335e-23
2.3531289769906394e-06 2.35336424679079e-23 2.35336424679079e-23 1.0037916898727417 2.35336424679079e-23
2.3718869768072985e-06 2.372124147977851e-23 2.372124147977851e-23 0.9922298789024353 2.372124147977851e-23
2.449126245505041e-06 2.449371143311084e-23 2.449371143311084e-23 0.9876051545143127 2.449371143311084e-23
0.00019360463173130613 1.9362399824984054e-21 1.9362399824984054e-21 0.9876051545143127 1.9362399824984054e-21
0.00038480681743822704 3.8484529531415596e-21 3.8484529531415596e-21 0.9876051545143127 -5.559464444360174e-09
0.0007672111888520689 7.672878894427868e-21 7.672878894427868e-21 0.9876051545143127 -2.705487389675909e-08
0.001 1.0000999731091105e-20 1.0000999731091105e-20 0.9876051545143127 -3.338633192129237e-08
29.999999999999996 3.000300019364487e-16 3.000300019364487e-16 0.9876051545143127 -3.3386157838322106e-08
30.000099999999996 3.0003100778807355e-16 3.0003100778807355e-16 0.9876051545143127 -3.3364898399668164e-08
30.0003 3.0003299302154367e-16 3.0003299302154367e-16 0.9876051545143127 -3.3343891203685416e-08
30.0007 3.0003698995826353e-16 3.0003698995826353e-16 0.9876051545143127 -3.333277120987077e-08
30.000822963436814 1.0361115521106967e-08 3.000382340379048e-16 0.9876051545143127 -3.0680496365675936e-08
30.000893956510907 5.6006193460689246e-08 3.0003894872195405e-16 0.9876051545143127 2.704824275667761e-08
30.000929691644806 1.2445354968804168e-07 3.000392928290889e-16 0.9876051545143127 5.757500787240133e-08
30.0009517727436 2.011633739584795e-07 3.000395310571053e-16 0.9876051545143127 3.771702239419028e-08
30.00096484920601 2.8302659416112874e-07 3.000396369362237e-16 0.9876051545143127 1.8391121159311297e-07
30.000975194109166 3.9258588913071435e-07 3.000397428153421e-16 0.9876051545143127 6.118857527326327e-07
30.000986696930006 5.621853347292927e-07 3.000398751642401e-16 0.9876051545143127 1.43140539421438e-06
30.000999953812062 7.945383799778938e-07 3.000400075131381e-16 0.9876051545143127 2.6320958568248898e-06
30.001 7.954489547046251e-07 3.000400075131381e-16 0.9876051545143127 2.637009856698569e-06
30.097863086437975 0.0020383503288030624 3.010087220372214e-16 0.9876051545143127 0.01135996077209711
30.194726172875946 0.004048974718898535 3.0197746303108433e-16 0.9876051545143127 0.022632500156760216
30.38845243812777 0.008006035350263119 3.0391491854903053e-16 0.9876051545143127 0.04497455805540085
30.62282743812777 0.012689534574747086 3.062588969420996e-16 0.9876051545143127 0.07167430967092514
30.85720243812777 0.017248818650841713 3.0860287533516866e-16 0.9876051545143127 0.09797625988721848
31.091577438127768 0.021676519885659218 3.109468537282377e-16 0.9876051545143127 0.12385323643684387
31.325952438127764 0.02597104385495186 3.132908585910864e-16 0.9876051545143127 0.14929619431495667
31.79470243812776 0.03415481001138687 3.179788153772245e-16 0.9876051545143127 0.19884458184242249
32.02907743812776 0.038041405379772186 3.203227937702936e-16 0.9876051545143127 0.22293217480182648
32.49782743812775 0.04539826512336731 3.250107770262113e-16 0.9876051545143127 0.269689679145813
32.73220243812775 0.048866644501686096 3.273547554192804e-16 0.9876051545143127 0.2923419773578644
33.20095243812774 0.055379901081323624 3.320427122054185e-16 0.9876051545143127 0.3361508846282959
33.43532743812774 0.058424029499292374 3.3438671706826717e-16 0.9876051545143127 0.3572911024093628
33.904077438127736 0.06408721953630447 3.390746738544053e-16 0.9876051545143127 0.3980047106742859
34.60720243812773 0.07152757793664932 3.461066355033921e-16 0.9876051545143127 0.4550575911998749
35.310327438127715 0.07773345708847046 3.531385971523789e-16 0.9876051545143127 0.5071654319763184
36.01345243812771 0.08276648819446564 3.601705323315861e-16 0.9876051545143127 0.554254412651062
36.7165774381277 0.08671890199184418 3.672024939805729e-16 0.9876051545143127 0.5963398814201355
36.9509524381277 0.08781632781028748 3.6954647237364194e-16 0.9876051545143127 0.6092737317085266
37.18532743812769 0.08881192654371262 3.71890450766711e-16 0.9876051545143127 0.6216708421707153
37.41970243812769 0.08971098810434341 3.7423445562955967e-16 0.9876051545143127 0.6335393786430359
37.888452438127686 0.0912415087223053 3.789224124156978e-16 0.9876051545143127 0.655730128288269
38.35720243812768 0.09245295077562332 3.8361036920183593e-16 0.9876051545143127 0.6759358644485474
38.59157743812768 0.09295327961444855 3.859543740646846e-16 0.9876051545143127 0.685326874256134
38.82595243812768 0.09339088201522827 3.8829835245775366e-16 0.9876051545143127 0.6942624449729919
39.06032743812767 0.09377125650644302 3.906423308508227e-16 0.9876051545143127 0.702757716178894
39.29470243812767 0.09409976005554199 3.929863092438918e-16 0.9876051545143127 0.7108284831047058
39.529077438127665 0.09438153356313705 3.9533031410674045e-16 0.9876051545143127 0.7184908390045166
40.23220243812766 0.09499423950910568 4.0236224928594765e-16 0.9876051545143127 0.7391926646232605
40.70095243812765 0.09525168687105179 4.070502325418654e-16 0.9876051545143127 0.751255214214325
41.87282743812764 0.09556835889816284 4.187701509769903e-16 0.9876051545143127 0.776263415813446
43.04470243812763 0.09564816951751709 4.304900694121152e-16 0.9876051545143127 0.7953551411628723
43.27907743812762 0.09565271437168121 4.328340478051843e-16 0.9876051545143127 0.7986037135124207
43.51345243812762 0.09565545618534088 4.3517802619825335e-16 0.9876051545143127 0.8016877174377441
43.747827438127615 0.09565697610378265 4.37522031061102e-16 0.9876051545143127 0.8046168088912964
43.982202438127615 0.09565770626068115 4.398660094541711e-16 0.9876051545143127 0.8074002861976624
44.45095243812761 0.09565804898738861 4.445539662403092e-16 0.9876051545143127 0.8125642538070679
45.1540774381276 0.09565799683332443 4.51585927889296e-16 0.9876051545143127 0.8194175958633423
45.622827438127594 0.09565799683332443 4.562738846754341e-16 0.9876051545143127 0.8234701156616211
45.857202438127594 0.09565799683332443 4.586178895382828e-16 0.9876051545143127 0.8253592252731323
46.32595243812759 0.09565799683332443 4.633058463244209e-16 0.9876051545143127 0.8288891315460205
46.56032743812759 0.09565799683332443 4.656498511872696e-16 0.9876051545143127 0.8305392265319824
46.79470243812758 0.09565799683332443 4.679938031105591e-16 0.9876051545143127 0.8321186304092407
47.02907743812758 0.09565799683332443 4.703378079734077e-16 0.9876051545143127 0.8336312174797058
47.26345243812758 0.09565799683332443 4.726818128362564e-16 0.9876051545143127 0.8350807428359985
47.49782743812757 0.09565799683332443 4.750257647595459e-16 0.9876051545143127 0.8364706635475159
47.966577438127565 0.09565799683332443 4.79713721545684e-16 0.9876051545143127 0.8390845656394958
48.200952438127565 0.09565799683332443 4.820577264085326e-16 0.9876051545143127 0.8403145670890808
48.435327438127565 0.09565799683332443 4.844017312713813e-16 0.9876051545143127 0.8414968252182007
48.90407743812756 0.09565799683332443 4.890896880575194e-16 0.9876051545143127 0.843727707862854
49.13845243812755 0.09565799683332443 4.914336399808089e-16 0.9876051545143127 0.8447810411453247
49.37282743812755 0.09565799683332443 4.937776448436576e-16 0.9876051545143127 0.845795750617981
49.60720243812755 0.09565799683332443 4.961216497065062e-16 0.9876051545143127 0.8467738628387451
50.075952438127544 0.09565799683332443 5.008096064926444e-16 0.9876051545143127 0.8486272096633911
50.31032743812754 0.09565799683332443 5.031535584159338e-16 0.9876051545143127 0.8495058417320251
50.54470243812754 0.09565799683332443 5.054975632787825e-16 0.9876051545143127 0.8503544926643372
50.77907743812754 0.09565799683332443 5.078415681416312e-16 0.9876051545143127 0.8511745929718018
51.24782743812753 0.09565799683332443 5.125295249277693e-16 0.9876051545143127 0.8527344465255737
51.48220243812753 0.09565799683332443 5.14873529790618e-16 0.9876051545143127 0.8534766435623169
51.71657743812752 0.09565799683332443 5.172174817139074e-16 0.9876051545143127 0.854195237159729
51.95095243812752 0.09565799683332443 5.195614865767561e-16 0.9876051545143127 0.8548913598060608
52.654077438127516 0.09565799683332443 5.265934482257429e-16 0.9876051545143127 0.8568540215492249
52.88845243812751 0.09565799683332443 5.289374001490323e-16 0.9876051545143127 0.857469379901886
53.12282743812751 0.09565799683332443 5.31281405011881e-16 0.9876051545143127 0.858066737651825
53.3572024381275 0.09565799683332443 5.336253569351705e-16 0.9876051545143127 0.8586467504501343
54.52907743812749 0.09565799683332443 5.453453283098546e-16 0.9876051545143127 0.8613115549087524
54.76345243812749 0.09565799683332443 5.476892802331441e-16 0.9876051545143127 0.8618017435073853
54.99782743812749 0.09565799683332443 5.500332850959927e-16 0.9876051545143127 0.8622789978981018
55.23220243812748 0.09565799683332443 5.523772370192822e-16 0.9876051545143127 0.8627437353134155
56.638452438127466 0.09565799683332443 5.664411603172558e-16 0.9876051545143127 0.8652956485748291
56.872827438127466 0.09565799683332443 5.687851651801044e-16 0.9876051545143127 0.8656852841377258
57.34157743812746 0.09565799683332443 5.734731219662426e-16 0.9876051545143127 0.8664371371269226
58.04470243812745 0.09565799683332443 5.805050836152294e-16 0.9876051545143127 0.8675010204315186
58.279077438127445 0.09565799683332443 5.828490355385188e-16 0.9876051545143127 0.8678397536277771
58.513452438127445 0.09565799683332443 5.851930404013675e-16 0.9876051545143127 0.868170976638794
58.74782743812744 0.09565799683332443 5.875370452642162e-16 0.9876051545143127 0.868494987487793
59.21657743812744 0.09565799683332443 5.922250020503543e-16 0.9876051545143127 0.8691221475601196
59.68532743812743 0.09565799683332443 5.969129588364924e-16 0.9876051545143127 0.8697229623794556
59.99999999999999 0.09565799683332443 6.000600038728974e-16 0.9876051545143127 0.8701138496398926
60.000099999999996 0.09565799683332443 6.000610097245222e-16 0.9876051545143127 0.8701134920120239
60.000299999999996 0.09565769135951996 6.00063021427772e-16 0.9876051545143127 0.8701131343841553
60.000699999999995 0.09565398842096329 6.000669918947122e-16 0.9876051545143127 0.8701130151748657
60.001000000000005 0.09564713388681412 6.000700094495868e-16 0.9876051545143127 0.8701130151748657
60.02144000000019 0.09294795989990234 6.002744090876711e-16 0.9876051545143127 0.8701130151748657
60.04188000000037 0.0902663916349411 6.004788616653146e-16 0.9876051545143127 0.8701130151748657
60.082840000000736 0.08495241403579712 6.008885079744305e-16 0.9876051545143127 0.8701130151748657
60.16476000000147 0.07464095205068588 6.01707747653103e-16 0.9876051545143127 0.8701130151748657
60.328600000002936 0.05548006668686867 6.033463328895664e-16 0.9876051545143127 0.8701130151748657
60.562975000002936 0.03162682056427002 6.056903377524151e-16 0.9876051545143127 0.8701130151748657
60.79735000000293 0.0121807511895895 6.080342896757046e-16 0.9876051545143127 0.8701130151748657
60.960220499154076 0.0018260931828990579 6.096631869728338e-16 0.9876051545143127 0.8701130151748657
61.00617261487712 6.380141712725163e-05 6.1012275528627845e-16 0.9876051545143127 0.8701130151748657
61.01176604770506 -3.3386157838322106e-08 6.101786594607972e-16 0.9876051545143127 0.8701130151748657
89.99999999999999 -3.3389511600034893e-08 9.000900322791256e-16 0.9876051545143127 0.8701130151748657
90.0001 -3.336601395176331e-08 9.000909851911913e-16 0.9876051545143127 0.8701130151748657
90.0003 -3.3343891203685416e-08 9.00092996894441e-16 0.9876051545143127 0.8701130151748657
90.0007 -3.3331986060147756e-08 9.000970203009405e-16 0.9876051545143127 0.8701130151748657
90.0008229634193 -3.0678812379392184e-08 1.0361117297463807e-08 0.9876051545143127 0.8701130151748657
90.00089395650932 2.7050296225183956e-08 5.6006200566116604e-08 0.9876051545143127 0.8701130151748657
90.00092969164032 5.757699383934778e-08 1.2445354968804168e-07 0.9876051545143127 0.8701130151748657
90.00095177274008 3.77189124378674e-08 2.011633739584795e-07 0.9876051545143127 0.8701130151748657
90.0009648492024 1.839130305825165e-07 2.8302659416112874e-07 0.9876051545143127 0.8701130151748657
90.00097519410542 6.118875148786174e-07 3.925858607090049e-07 0.9876051545143127 0.8701130151748657
90.00098669692586 1.4314070995169459e-06 5.621852778858738e-07 0.9876051545143127 0.8701130151748657
90.00099995380559 2.6320972210669424e-06 7.945383231344749e-07 0.9876051545143127 0.8701130151748657
90.001 2.637011903061648e-06 7.954490115480439e-07 0.9876051545143127 0.8701130151748657
90.09787665779776 0.011361545883119106 0.002038633916527033 0.9876051545143127 0.8701130151748657
90.19475331559552 0.022635646164417267 0.004049534443765879 0.9876051545143127 0.8701130151748657
90.38850672357985 0.04498078301548958 0.008007132448256016 0.9876051545143127 0.8701130151748657
90.62288172357985 0.0716804563999176 0.012690606527030468 0.9876051545143127 0.8701130151748657
90.85725672357985 0.09798230230808258 0.017249859869480133 0.9876051545143127 0.8701130151748657
91.09163172357987 0.12385918200016022 0.02167753130197525 0.9876051545143127 0.8701130151748657
91.32600672357987 0.14930203557014465 0.025972023606300354 0.9876051545143127 0.8701130151748657
91.79475672357987 0.19885021448135376 0.03415573015809059 0.9876051545143127 0.8701130151748657
92.02913172357988 0.2229377180337906 0.03804229199886322 0.9876051545143127 0.8701130151748657
92.49788172357988 0.269694983959198 0.04539908468723297 0.9876051545143127 0.8701130151748657
92.73225672357988 0.29234716296195984 0.04886743426322937 0.9876051545143127 0.8701130151748657
93.2010067235799 0.33615586161613464 0.055380627512931824 0.9876051545143127 0.8701130151748657
93.4353817235799 0.357295960187912 0.05842472240328789 0.9876051545143127 0.8701130151748657
93.90413172357991 0.3980093002319336 0.06408785283565521 0.9876051545143127 0.8701130151748657
94.60725672357992 0.45506182312965393 0.0715281069278717 0.9876051545143127 0.8701130151748657
95.31038172357994 0.507169246673584 0.07773388922214508 0.9876051545143127 0.8701130151748657
96.01350672357994 0.554257869720459 0.08276683837175369 0.9876051545143127 0.8701130151748657
96.71663172357995 0.596342921257019 0.08671917021274567 0.9876051545143127 0.8701130151748657
96.95100672357997 0.6092766523361206 0.08781657367944717 0.9876051545143127 0.8701130151748657
97.18538172357997 0.6216736435890198 0.08881215006113052 0.9876051545143127 0.8701130151748657
97.41975672357997 0.6335421204566956 0.08971118927001953 0.9876051545143127 0.8701130151748657
97.88850672357998 0.6557326316833496 0.09124167263507843 0.9876051545143127 0.8701130151748657
98.35725672357998 0.6759381294250488 0.09245307743549347 0.9876051545143127 0.8701130151748657
98.59163172358 0.685329020023346 0.0929533913731575 0.9876051545143127 0.8701130151748657
98.82600672358 0.6942644715309143 0.09339097142219543 0.9876051545143127 0.8701130151748657
99.06038172358 0.7027596235275269 0.09377133846282959 0.9876051545143127 0.8701130151748657
99.29475672358 0.7108303308486938 0.09409983456134796 0.9876051545143127 0.8701130151748657
99.52913172358001 0.7184926271438599 0.09438159316778183 0.9876051545143127 0.8701130151748657
100.23225672358001 0.7391941547393799 0.09499427676200867 0.9876051545143127 0.8701130151748657
100.70100672358002 0.7512565851211548 0.09525171667337418 0.9876051545143127 0.8701130151748657
101.87288172358004 0.7762644290924072 0.09556836634874344 0.9876051545143127 0.8701130151748657
103.04475672358006 0.7953559160232544 0.09564817696809769 0.9876051545143127 0.8701130151748657
103.27913172358006 0.7986044883728027 0.09565271437168121 0.9876051545143127 0.8701130151748657
103.51350672358006 0.8016884326934814 0.09565545618534088 0.9876051545143127 0.8701130151748657
103.74788172358008 0.8046175241470337 0.09565697610378265 0.9876051545143127 0.8701130151748657
103.98225672358008 0.8074009418487549 0.09565770626068115 0.9876051545143127 0.8701130151748657
104.4510067235801 0.8125647902488708 0.09565804898738861 0.9876051545143127 0.8701130151748657
105.1541317235801 0.8194180727005005 0.09565800428390503 0.9876051545143127 0.8701130151748657
105.62288172358011 0.8234705924987793 0.09565800428390503 0.9876051545143127 0.8701130151748657
105.85725672358011 0.8253596425056458 0.09565800428390503 0.9876051545143127 0.8701130151748657
106.32600672358012 0.8288894891738892 0.09565800428390503 0.9876051545143127 0.8701130151748657
106.56038172358012 0.8305395841598511 0.09565800428390503 0.9876051545143127 0.8701130151748657
106.79475672358012 0.8321189880371094 0.09565800428390503 0.9876051545143127 0.8701130151748657
107.02913172358014 0.8336315751075745 0.09565800428390503 0.9876051545143127 0.8701130151748657
107.26350672358014 0.8350810408592224 0.09565800428390503 0.9876051545143127 0.8701130151748657
107.49788172358014 0.8364709615707397 0.09565800428390503 0.9876051545143127 0.8701130151748657
107.96663172358015 0.8390848636627197 0.09565800428390503 0.9876051545143127 0.8701130151748657
108.20100672358015 0.8403148651123047 0.09565800428390503 0.9876051545143127 0.8701130151748657
108.43538172358015 0.8414971232414246 0.09565800428390503 0.9876051545143127 0.8701130151748657
108.90413172358016 0.8437280058860779 0.09565800428390503 0.9876051545143127 0.8701130151748657
109.13850672358016 0.8447812795639038 0.09565800428390503 0.9876051545143127 0.8701130151748657
109.37288172358016 0.8457959890365601 0.09565800428390503 0.9876051545143127 0.8701130151748657
109.60725672358018 0.8467741012573242 0.09565800428390503 0.9876051545143127 0.8701130151748657
110.07600672358018 0.8486274480819702 0.09565800428390503 0.9876051545143127 0.8701130151748657
110.31038172358019 0.8495060205459595 0.09565800428390503 0.9876051545143127 0.8701130151748657
110.54475672358019 0.8503546714782715 0.09565800428390503 0.9876051545143127 0.8701130151748657
110.77913172358019 0.8511747717857361 0.09565800428390503 0.9876051545143127 0.8701130151748657
111.2478817235802 0.8527346253395081 0.09565800428390503 0.9876051545143127 0.8701130151748657
111.4822567235802 0.8534768223762512 0.09565800428390503 0.9876051545143127 0.8701130151748657
111.7166317235802 0.8541954755783081 0.09565800428390503 0.9876051545143127 0.8701130151748657
111.95100672358022 0.8548915386199951 0.09565800428390503 0.9876051545143127 0.8701130151748657
112.65413172358022 0.8568541407585144 0.09565800428390503 0.9876051545143127 0.8701130151748657
112.88850672358024 0.8574694991111755 0.09565800428390503 0.9876051545143127 0.8701130151748657
113.12288172358024 0.8580668568611145 0.09565800428390503 0.9876051545143127 0.8701130151748657
113.35725672358024 0.8586468696594238 0.09565800428390503 0.9876051545143127 0.8701130151748657
114.52913172358026 0.861311674118042 0.09565800428390503 0.9876051545143127 0.8701130151748657
114.76350672358026 0.8618018627166748 0.09565800428390503 0.9876051545143127 0.8701130151748657
114.99788172358026 0.8622791171073914 0.09565800428390503 0.9876051545143127 0.8701130151748657
115.23225672358028 0.8627438545227051 0.09565800428390503 0.9876051545143127 0.8701130151748657
116.63850672358029 0.8652957677841187 0.09565800428390503 0.9876051545143127 0.8701130151748657
116.87288172358029 0.8656853437423706 0.09565800428390503 0.9876051545143127 0.8701130151748657
117.3416317235803 0.8664371967315674 0.09565800428390503 0.9876051545143127 0.8701130151748657
118.04475672358032 0.8675010800361633 0.09565800428390503 0.9876051545143127 0.8701130151748657
118.27913172358032 0.8678398132324219 0.09565800428390503 0.9876051545143127 0.8701130151748657
118.51350672358032 0.8681710958480835 0.09565800428390503 0.9876051545143127 0.8701130151748657
118.74788172358033 0.8684950470924377 0.09565800428390503 0.9876051545143127 0.8701130151748657
119.21663172358033 0.8691221475601196 0.09565800428390503 0.9876051545143127 0.8701130151748657
119.68538172358035 0.8697230219841003 0.09565800428390503 0.9876051545143127 0.8701130151748657
119.99999999999999 0.8701138496398926 0.09565800428390503 0.9876051545143127 0.8701130151748657
120.0001 0.8701134920120239 0.09565800428390503 0.9876051545143127 0.8701130151748657
120.0003 0.8701131343841553 0.09565800428390503 0.9876051545143127 0.8701130151748657
120.0007 0.8701130151748657 0.09565800428390503 0.9876051545143127 0.8701130151748657
120.001 0.8701130151748657 0.09565800428390503 0.9876051545143127 0.8701130151748657
150.0 0.8701130151748657 0.09565800428390503 0.9876051545143127 0.8701130151748657
150.0001 0.8701130151748657 0.09565800428390503 0.9876051545143127 0.8701130151748657
150.0003 0.8701130151748657 0.09565800428390503 0.9876051545143127 0.8701133728027344
150.0007 0.8701130151748657 0.09565800428390503 0.9876051545143127 0.8701152205467224
150.001 0.8701130151748657 0.09565800428390503 0.9876051545143127 0.8701168894767761
179.99999999999997 0.8701130151748657 0.09565800428390503 0.9876051545143127 0.8701168894767761
180.0001 0.8701130151748657 0.09565800428390503 0.9876051545143127 0.8701168894767761
180.0003 0.8701130151748657 0.09565800428390503 0.9876051545143127 0.8701168894767761
180.0007 0.8701130151748657 0.09565800428390503 0.9876050353050232 0.8701168894767761
180.001 0.8701130151748657 0.09565800428390503 0.9876047968864441 0.8701168894767761
180.16480000000257 0.8701130151748657 0.09565800428390503 0.9866939187049866 0.8701168894767761
180.32860000000517 0.8701130151748657 0.09565800428390503 0.9856770038604736 0.8701168894767761
180.56297500000517 0.8701130151748657 0.09565800428390503 0.9840511083602905 0.8701168894767761
180.79735000000514 0.8701130151748657 0.09565800428390503 0.9821845889091492 0.8701168894767761
181.26610000000514 0.8701130151748657 0.09565800428390503 0.9774473309516907 0.8701168894767761
181.7348500000051 0.8701130151748657 0.09565800428390503 0.9708436131477356 0.8701168894767761
182.20360000000508 0.8701130151748657 0.09565800428390503 0.9615144729614258 0.8701168894767761
182.90672500000505 0.8701130151748657 0.09565800428390503 0.9399599432945251 0.8701168894767761
183.37547500000505 0.8701130151748657 0.09565800428390503 0.9188981056213379 0.8701168894767761
183.60985000000503 0.8701130151748657 0.09565800428390503 0.9060556888580322 0.8701168894767761
183.84422500000503 0.8701130151748657 0.09565800428390503 0.8916230201721191 0.8701168894767761
184.078600000005 0.8701130151748657 0.09565800428390503 0.8756137490272522 0.8701168894767761
184.312975000005 0.8701130151748657 0.09565800428390503 0.8580760359764099 0.8701168894767761
184.547350000005 0.8701130151748657 0.09565800428390503 0.8390846252441406 0.8701168894767761
184.78172500000497 0.8701130151748657 0.09565800428390503 0.8187317848205566 0.8701168894767761
185.01610000000497 0.8701130151748657 0.09565800428390503 0.7971192598342896 0.8701168894767761
185.25047500000497 0.8701130151748657 0.09565800428390503 0.7743513584136963 0.8701168894767761
185.48485000000494 0.8701130151748657 0.09565800428390503 0.7505303621292114 0.8701168894767761
185.71922500000494 0.8701130151748657 0.09565800428390503 0.7257532477378845 0.8701168894767761
185.95360000000494 0.8701130151748657 0.09565800428390503 0.700110137462616 0.8701168894767761
186.1879750000049 0.8701130151748657 0.09565800428390503 0.6736833453178406 0.8701168894767761
186.4223500000049 0.8701130151748657 0.09565800428390503 0.6465473175048828 0.8701168894767761
186.6567250000049 0.8701130151748657 0.09565800428390503 0.6187689304351807 0.8701168894767761
186.89110000000488 0.8701130151748657 0.09565800428390503 0.5904078483581543 0.8701168894767761
187.12547500000488 0.8701130151748657 0.09565800428390503 0.5615173578262329 0.8701168894767761
187.35985000000488 0.8701130151748657 0.09565800428390503 0.5321448445320129 0.8701168894767761
187.59422500000485 0.8701130151748657 0.09565800428390503 0.5023324489593506 0.8701168894767761
187.82860000000485 0.8701130151748657 0.09565800428390503 0.4721178412437439 0.8701168894767761
188.06297500000485 0.8701130151748657 0.09565800428390503 0.4415345788002014 0.8701168894767761
188.29735000000483 0.8701130151748657 0.09565800428390503 0.4106125831604004 0.8701168894767761
188.53172500000483 0.8701130151748657 0.09565800428390503 0.37937891483306885 0.8701168894767761
189.0004750000048 0.8701130151748657 0.09565800428390503 0.3160731792449951 0.8701168894767761
189.2348500000048 0.8701130151748657 0.09565800428390503 0.28404688835144043 0.8701168894767761
189.4692250000048 0.8701130151748657 0.09565800428390503 0.2518054246902466 0.8701168894767761
189.93797500000477 0.8701130151748657 0.09565800428390503 0.1868571937084198 0.8701168894767761
190.17235000000477 0.8701130151748657 0.09565800428390503 0.15436382591724396 0.8701168894767761
190.40672500000474 0.8701130151748657 0.09565800428390503 0.12222859263420105 0.8701168894767761
190.64110000000474 0.8701130151748657 0.09565800428390503 0.0911228358745575 0.8701168894767761
190.87547500000474 0.8701130151748657 0.09565800428390503 0.06221606209874153 0.8701168894767761
191.1098500000047 0.8701130151748657 0.09565800428390503 0.03700976446270943 0.8701168894767761
191.3442250000047 0.8701130151748657 0.09565800428390503 0.016681360080838203 0.8701168894767761
191.5786000000047 0.8701130151748657 0.09565800428390503 0.0014882597606629133 0.8701168894767761
191.6274722840824 0.8701130151748657 0.09565800428390503 6.823379953857511e-05 0.8701168894767761
191.6620720352792 0.8701130151748657 0.09565800428390503 -3.3386157838322106e-08 0.8701168894767761
199.8057292374033 0.8701130151748657 0.09565800428390503 -3.3386157838322106e-08 0.8701168894767761
209.99999999999997 0.8701130151748657 0.09565800428390503 -3.3346328365269073e-08 0.8701168894767761
210.00009999999997 0.8701130151748657 0.09565800428390503 -3.335161835593681e-08 0.8701168894767761
210.0003 0.8701130151748657 0.09565800428390503 -3.333194342758361e-08 0.8701168894767761
210.00070000000002 0.8701130151748657 0.09565800428390503 -3.327770770056304e-08 0.8701168894767761
210.00100000000003 0.8701130151748657 0.09565800428390503 -3.326165654016222e-08 0.8701168894767761
214.24794553007743 0.8701130151748657 0.09565800428390503 0.01504465937614441 0.8701168894767761
218.49489106015483 0.8701130151748657 0.09565800428390503 0.029867518693208694 0.8701168894767761
218.7292660601548 0.8701130151748657 0.09565800428390503 0.03067905828356743 0.8701168894767761
218.9636410601548 0.8701130151748657 0.09565800428390503 0.03148991987109184 0.8701168894767761
219.1980160601548 0.8701130151748657 0.09565800428390503 0.03230009973049164 0.8701168894767761
229.3933285601544 0.8701130151748657 0.09565800428390503 0.06688342243432999 0.8701168894767761
239.58864106015395 0.8701130151748657 0.09565800428390503 0.10017126798629761 0.8701168894767761
239.82301606015395 0.8701130151748657 0.09565800428390503 0.10092125833034515 0.8701168894767761
239.99999999999997 0.8701130151748657 0.09565800428390503 0.10148724168539047 0.8701168894767761
