time a b c w1 w2
0.0 0.0 0.0 0.0 0.0 0.0
0.00014062499775757686 1.4063906124282356e-21 1.4063906124282356e-21 1.4063906124282356e-21 1.4063906124282356e-21 1.4063906124282356e-21
0.00028124999551515373 2.8127812248564712e-21 2.8127812248564712e-21 2.8127812248564712e-21 -5.556874516088328e-09 -5.556874516088328e-09
0.0005624999910303075 5.6255624497129424e-21 5.6255624497129424e-21 5.6255624497129424e-21 -2.3201602417088907e-08 -2.3201602417088907e-08
0.001 1.0000999731091105e-20 1.0000999731091105e-20 1.0000999731091105e-20 -3.338055520885064e-08 -3.338055520885064e-08
29.999999999999996 3.000300019364487e-16 3.000300019364487e-16 3.000300019364487e-16 -3.338031717703416e-08 -3.338031717703416e-08
30.000099999999996 3.0003100778807355e-16 3.0003100778807355e-16 3.0003100778807355e-16 -3.3361402529408224e-08 -3.3361402529408224e-08
30.0003 3.0003299302154367e-16 3.0003299302154367e-16 3.0003299302154367e-16 -3.334271880817141e-08 -3.334271880817141e-08
30.0007 3.0003698995826353e-16 3.0003698995826353e-16 3.0003698995826353e-16 -3.333283515871699e-08 -3.333283515871699e-08
30.000822963453246 1.0082348289586207e-08 3.000382340379048e-16 9.905915199226456e-09 -3.079247079540437e-08 -3.0862590705282855e-08
30.000893956526333 5.4711048136368845e-08 3.0003894872195405e-16 5.389143709066957e-08 2.5980938289649202e-08 2.5309061513212328e-08
30.000929689739902 1.216687053329224e-07 3.000392928290889e-16 1.1991973281055834e-07 5.4481862576949425e-08 5.26022354563338e-08
30.00095175889562 1.967274698699839e-07 3.000395310571053e-16 1.9395844219616265e-07 3.202829290671616e-08 2.8523922779299937e-08
30.000964863983175 2.774064569166512e-07 3.000396369362237e-16 2.7374215960662696e-07 1.7591574419384415e-07 1.7054009049388696e-07
30.000975233219716 3.85794237445225e-07 3.000397428153421e-16 3.811586282154167e-07 6.016562679178605e-07 5.937693572377611e-07
30.001 7.832393293938367e-07 3.000400075131381e-16 7.754853186270338e-07 2.609939429021324e-06 2.592851160443388e-06
30.08805504244912 0.0018251033034175634 3.0091062503401753e-16 0.0018131908727809787 0.01018819771707058 0.010150683112442493
30.175110084898236 0.0036408936139196157 3.0178126902467655e-16 0.003623363794758916 0.020346835255622864 0.020291635766625404
30.349221498161132 0.007196593564003706 3.035225570059946e-16 0.007177138235419989 0.04042353481054306 0.040362268686294556
30.69744432468692 0.014020159840583801 3.0700513296863063e-16 0.013993078842759132 0.07965324819087982 0.07956667989492416
31.3938899777385 0.026782264932990074 3.1397028489390274e-16 0.026703640818595886 0.1552249938249588 0.15496641397476196
32.272796227738496 0.04139907658100128 3.2276023695513624e-16 0.04122281074523926 0.2456120401620865 0.24502204358577728
33.151702477738496 0.05416645109653473 3.3155018901636973e-16 0.05389517918229103 0.32959094643592834 0.3286677300930023
34.030608727738496 0.0649341493844986 3.403401146078236e-16 0.06458870321512222 0.4063206613063812 0.40512359142303467
34.909514977738496 0.07375967502593994 3.491300666690571e-16 0.07335999608039856 0.4755840301513672 0.4741738438606262
35.78842122773849 0.08077041804790497 3.57919992260511e-16 0.08033432066440582 0.5373492240905762 0.5357859134674072
36.66732747773849 0.08611752092838287 3.667099443217445e-16 0.08566182106733322 0.5916033983230591 0.5899524688720703
37.54623372773849 0.0899803414940834 3.75499896382978e-16 0.0895191878080368 0.6383883953094482 0.6367143988609314
38.42513997773848 0.09259039163589478 3.842898219744319e-16 0.0921330377459526 0.6779594421386719 0.676315426826477
39.30404622773848 0.09423017501831055 3.930797740356654e-16 0.09377861022949219 0.7109488844871521 0.7093456983566284
40.18295247773848 0.0951894223690033 4.0186969962711927e-16 0.09474124759435654 0.7382513880729675 0.7366843819618225
41.06185872773848 0.09570211917161942 4.1065965168835276e-16 0.09525842219591141 0.760659396648407 0.7591727375984192
41.940764977738475 0.09593997150659561 4.1944960374958626e-16 0.09550213813781738 0.7788845896720886 0.7775137424468994
42.819671227738475 0.09603188931941986 4.2823952934104015e-16 0.09559760242700577 0.7936903238296509 0.7924569845199585
43.698577477738475 0.0960596576333046 4.3702948140227364e-16 0.0956273078918457 0.8057973980903625 0.8047491908073425
44.577483727738475 0.09606531262397766 4.458194334635071e-16 0.09563405066728592 0.8158353567123413 0.814978301525116
45.45638997773847 0.09606592357158661 4.54609359054961e-16 0.09563486278057098 0.8242639303207397 0.8235611915588379
46.33529622773847 0.0960659310221672 4.633992846464149e-16 0.09563488513231277 0.8313447833061218 0.8307639360427856
47.21420247773847 0.0960659310221672 4.72189263177428e-16 0.09563488513231277 0.8372730612754822 0.8367879390716553
48.09310872773846 0.0960659310221672 4.809791887688819e-16 0.09563488513231277 0.8422812819480896 0.8418713808059692
50.72982747773846 0.0960659310221672 5.073490184828028e-16 0.09563488513231277 0.8536931872367859 0.8534322381019592
52.48763997773845 0.0960659310221672 5.249288696657106e-16 0.09563488513231277 0.8591516017913818 0.8589508533477783
53.36654622773845 0.0960659310221672 5.337188481967237e-16 0.09563488513231277 0.8614267706871033 0.8612490296363831
54.24545247773845 0.0960659310221672 5.425087737881776e-16 0.09563488513231277 0.8634582757949829 0.8632999062538147
55.124358727738446 0.0960659310221672 5.512986993796314e-16 0.09563488513231277 0.8652836084365845 0.8651418089866638
56.882171227738446 0.0960659310221672 5.688786035020984e-16 0.09563488513231277 0.8684301376342773 0.868314802646637
57.76107747773844 0.0960659310221672 5.776685290935523e-16 0.09563488513231277 0.8697952032089233 0.8696905970573425
58.63998372773844 0.0960659310221672 5.864584546850062e-16 0.09563488513231277 0.8710448741912842 0.8709496259689331
59.51888997773844 0.0960659310221672 5.952484332160193e-16 0.09563488513231277 0.8721973896026611 0.8721105456352234
59.99999999999999 0.0960659310221672 6.000600038728974e-16 0.09563488513231277 0.8727866411209106 0.8727040886878967
60.000099999999996 0.0960659310221672 6.000610097245222e-16 0.09563488513231277 0.8727867007255554 0.8727037906646729
60.000299999999996 0.0960659310221672 6.00063021427772e-16 0.0956345796585083 0.8727867603302002 0.872703492641449
60.000699999999995 0.0960659310221672 6.000669918947122e-16 0.09563083201646805 0.8727868795394897 0.8727033734321594
60.001000000000005 0.0960659310221672 6.000700094495868e-16 0.09562389552593231 0.8727868795394897 0.8727033734321594
60.44199624715305 0.0960659310221672 0.0015315132914111018 0.043159496039152145 0.8727868795394897 0.8727033734321594
60.8829924943061 0.0960659310221672 0.0030854877550154924 0.00603579031303525 0.8727868795394897 0.8727033734321594
60.99665538388366 0.0960659310221672 0.0034843911416828632 0.00041741348104551435 0.8727868795394897 0.8727033734321594
61.02156672700347 0.0960659310221672 0.003570636035874486 -3.3386129416612675e-08 0.8727868795394897 0.8727033734321594
63.516007287967746 0.0960659310221672 0.012296865694224834 -3.3386129416612675e-08 0.8727868795394897 0.8727033734321594
66.01044784893203 0.0960659310221672 0.020928895100951195 -3.3386129416612675e-08 0.8727868795394897 0.8727033734321594
73.920604098932 0.0960659310221672 0.04763737693428993 -3.3386129416612675e-08 0.8727868795394897 0.8727033734321594
81.83076034893199 0.0960659310221672 0.07338416576385498 -3.3386129416612675e-08 0.8727868795394897 0.8727033734321594
82.70966659893199 0.0960659310221672 0.07623234391212463 -3.3386129416612675e-08 0.8727868795394897 0.8727033734321594
83.58857284893199 0.0960659310221672 0.07910580188035965 -3.3386129416612675e-08 0.8727868795394897 0.8727033734321594
84.46747909893199 0.0960659310221672 0.08197999000549316 -3.3386129416612675e-08 0.8727868795394897 0.8727033734321594
89.99999999999999 0.0960659310221672 0.09977913647890091 -3.3407747679348176e-08 0.8727868795394897 0.8727033734321594
90.0001 0.0960659310221672 0.09977968782186508 -3.3380292308038406e-08 0.8727868795394897 0.8727033734321594
90.0003 0.0960659310221672 0.09978126734495163 -3.335318510266916e-08 0.8727868795394897 0.8727033734321594
90.00047384966786 0.0960659310221672 0.09978105127811432 -1.7031137389267315e-08 0.8727868795394897 0.8727033734321594
90.00082154900358 0.0960659310221672 0.0997743010520935 6.452987832972212e-08 0.8727868795394897 0.8727033734321594
90.001 0.0960659310221672 0.09976904839277267 1.1474812566802939e-07 0.8727868795394897 0.8727033734321594
90.04113785761744 0.0960659310221672 0.09976904839277267 1.1474812566802939e-07 0.8727868795394897 0.8727501034736633
90.08127571523487 0.0960659310221672 0.09976904839277267 1.1474812566802939e-07 0.8727868795394897 0.8727965950965881
90.16159064674488 0.0960659310221672 0.09976904839277267 1.1474812566802939e-07 0.8727868795394897 0.8728917837142944
90.64348023580494 0.0960659310221672 0.09976904839277267 1.1474812566802939e-07 0.8727868795394897 0.8734613656997681
95.79872433684497 0.0960659310221672 0.09976904839277267 1.1474812566802939e-07 0.8727868795394897 0.878512978553772
100.953968437885 0.0960659310221672 0.09976904839277267 1.1474812566802939e-07 0.8727868795394897 0.8820029497146606
102.711780937885 0.0960659310221672 0.09976904839277267 1.1474812566802939e-07 0.8727868795394897 0.882949948310852
104.469593437885 0.0960659310221672 0.09976904839277267 1.1474812566802939e-07 0.8727868795394897 0.8838040828704834
113.25865593788497 0.0960659310221672 0.09976904839277267 1.1474812566802939e-07 0.8727868795394897 0.8870716094970703
115.01646843788497 0.0960659310221672 0.09976904839277267 1.1474812566802939e-07 0.8727868795394897 0.8875782489776611
117.50823421894248 0.0960659310221672 0.09976904839277267 1.1474812566802939e-07 0.8727868795394897 0.8882343173027039
119.99999999999999 0.0960659310221672 0.09976904839277267 1.1474812566802939e-07 0.8727868795394897 0.8888387084007263
120.0001 0.0960659310221672 0.09976904839277267 1.1474812566802939e-07 0.8727868795394897 0.8888387084007263
120.0003 0.0960659310221672 0.09976904839277267 1.1474812566802939e-07 0.8727868795394897 0.8888387084007263
120.0007 0.09606144577264786 0.09976904839277267 1.1474812566802939e-07 0.8727868795394897 0.8888387084007263
120.001 0.09605024009943008 0.09976904839277267 1.1474812566802939e-07 0.8727868795394897 0.8888387084007263
120.02521197281068 0.09281332045793533 0.09976904839277267 3.252166789025068e-05 0.8727868795394897 0.8888387084007263
120.04942394562137 0.08959894627332687 0.09976904839277267 6.492064130725339e-05 0.8727868795394897 0.8888387084007263
120.09787154729824 0.08324623852968216 0.09976904839277267 0.0001297263806918636 0.8727868795394897 0.8888387084007263
120.19476675065197 0.07099989056587219 0.09976904839277267 0.00025924021610990167 0.8727868795394897 0.8888387084007263
120.38855715735941 0.048690978437662125 0.09976904839277267 0.0005179661093279719 0.8727868795394897 0.8888387084007263
120.6529387176248 0.023475879803299904 0.09976904839277267 0.0008704728679731488 0.8727868795394897 0.8888387084007263
120.94629959910762 0.002523666014894843 0.09976904839277267 0.0012612747959792614 0.8727868795394897 0.8888387084007263
121.0134684271378 0.00025679924874566495 0.09976904839277267 0.0013507906114682555 0.8727868795394897 0.8888387084007263
121.07804353130796 -3.3386164943749463e-08 0.09976904839277267 0.0014369336422532797 0.8727868795394897 0.8888387084007263
121.68157845773587 -3.3386164943749463e-08 0.09976904839277267 0.002248476492241025 0.8727868795394897 0.8888387084007263
122.28511338416376 -3.3386164943749463e-08 0.09976904839277267 0.0030920489225536585 0.8727868795394897 0.8888387084007263
123.16401963416378 -3.3386164943749463e-08 0.09976904839277267 0.0043575880117714405 0.8727868795394897 0.8888387084007263
124.0429258841638 -3.3386164943749463e-08 0.09976904839277267 0.0056317527778446674 0.8727868795394897 0.8888387084007263
124.9218321341638 -3.3386164943749463e-08 0.09976904839277267 0.006903101224452257 0.8727868795394897 0.8888387084007263
125.80073838416381 -3.3386164943749463e-08 0.09976904839277267 0.008171777240931988 0.8727868795394897 0.8888387084007263
134.15034775916394 -3.3386164943749463e-08 0.09976904839277267 0.020091161131858826 0.8727868795394897 0.8888387084007263
142.49995713416402 -3.3386164943749463e-08 0.09976904839277267 0.031771473586559296 0.8727868795394897 0.8888387084007263
143.37886338416405 -3.3386164943749463e-08 0.09976904839277267 0.03298716992139816 0.8727868795394897 0.8888387084007263
144.25776963416405 -3.3386164943749463e-08 0.09976904839277267 0.03420025110244751 0.8727868795394897 0.8888387084007263
145.13667588416408 -3.3386164943749463e-08 0.09976904839277267 0.03541071340441704 0.8727868795394897 0.8888387084007263
150.0 -3.340944587648664e-08 0.09976904839277267 0.042063821107149124 0.8727868795394897 0.8888387084007263
150.0001 -3.3372657526342664e-08 0.09976904839277267 0.04206505045294762 0.8727868795394897 0.8888387084007263
150.0003 -3.334388765097174e-08 0.09976904839277267 0.04207085072994232 0.872786283493042 0.8888386487960815
150.0007 -3.332730003080542e-08 0.09976904839277267 0.04208847135305405 0.8727827072143555 0.8888382315635681
150.00082296331365 -3.185771646485591e-08 0.09976904839277267 0.04209405183792114 0.8727805614471436 0.8888376355171204
150.00089395650195 1.725198828239627e-08 0.09976904839277267 0.04209672287106514 0.8727787137031555 0.8888368606567383
150.00092967725053 1.9285894836684747e-07 0.09976904839277267 0.042097799479961395 0.8727777004241943 0.8888362050056458
150.00095165874416 5.578446007348248e-07 0.09976904839277267 0.04209837689995766 0.872776985168457 0.8888357281684875
150.00097175054296 1.3002405694351182e-06 0.09976904839277267 0.04209886118769646 0.8727763295173645 0.8888351321220398
150.0009896116305 2.4383059553656494e-06 0.09976904839277267 0.04209925979375839 0.872775673866272 0.8888345956802368
150.001 3.363598807482049e-06 0.09976904839277267 0.042099479585886 0.8727753162384033 0.8888342380523682
150.00123926573903 3.106868825852871e-05 0.09976904839277267 0.04210440441966057 0.8727664947509766 0.8888254165649414
150.00147853147803 5.8773119235411286e-05 0.09976904839277267 0.042109325528144836 0.8727577328681946 0.8888165950775146
150.0627305606665 0.007145157549530268 0.09976904839277267 0.04336751252412796 0.8704653382301331 0.8865242600440979
150.123982589855 0.01420191116631031 0.09976904839277267 0.04461636394262314 0.8681226968765259 0.8841816186904907
150.246967056304 0.028295785188674927 0.09976904839277267 0.047100260853767395 0.8633385300636292 0.879397451877594
150.27771317291624 0.03180326148867607 0.09976904839277267 0.04771621152758598 0.8621147871017456 0.8781737089157104
150.46218987258976 0.05264783278107643 0.09976904839277267 0.051349323242902756 0.8543412089347839 0.870400071144104
150.70815880548778 0.07992467284202576 0.09976904839277267 0.05603404343128204 0.8430079817771912 0.859066903591156
151.20009667128383 0.1327543705701828 0.09976904839277267 0.06487943232059479 0.81735759973526 0.8334164619445801
152.07900292128386 0.22280120849609375 0.09976904839277267 0.07939064502716064 0.7638025283813477 0.7798614501953125
152.95790917128386 0.30724236369132996 0.09976904839277267 0.09228459745645523 0.7006245255470276 0.7166834473609924
153.8368154212839 0.3848683834075928 0.09976904839277267 0.10329228639602661 0.6273854374885559 0.643444299697876
154.7157216712839 0.4551076292991638 0.09976904839277267 0.11236685514450073 0.5452932119369507 0.5613521337509155
155.5946279212839 0.517749547958374 0.09976904839277267 0.11958412826061249 0.45559796690940857 0.4716567397117615
156.47353417128392 0.5729048252105713 0.09976904839277267 0.12511983513832092 0.35959768295288086 0.37565410137176514
157.35244042128392 0.6208001375198364 0.09976904839277267 0.12918591499328613 0.25853049755096436 0.2745310962200165
158.23134667128394 0.6617705821990967 0.09976904839277267 0.13201576471328735 0.15580786764621735 0.17093749344348907
159.11025292128394 0.6971584558486938 0.09976904839277267 0.13396261632442474 0.058163248002529144 0.07029256224632263
159.47811454030582 0.71028733253479 0.09976904839277267 0.134543776512146 0.023680642247200012 0.033216241747140884
159.6916801517537 0.7172930836677551 0.09976904839277267 0.13480450212955475 0.008376379497349262 0.01587742753326893
159.8158978668797 0.7212116718292236 0.09976904839277267 0.1349388062953949 0.0015869863564148545 0.007633029017597437
159.85686017348755 0.7224780321121216 0.09976904839277267 0.13498036563396454 9.528647206025198e-05 0.005244280677288771
159.8643797943554 0.7227084040641785 0.09976904839277267 0.13498777151107788 -3.3380295860752085e-08 0.004832421895116568
159.91108944994022 0.724122941493988 0.09976904839277267 0.13503217697143555 -3.338030651889312e-08 0.0024077859707176685
159.95779910552508 0.7255192399024963 0.09976904839277267 0.13507477939128876 -3.3380324282461515e-08 0.00013022012717556208
159.96079586975168 0.7256085872650146 0.09976904839277267 0.13507749140262604 -3.3380324282461515e-08 1.1539527804416139e-05
159.9737765121618 0.7259950041770935 0.09976904839277267 0.13508915901184082 -3.3380324282461515e-08 -6.833729457866866e-06
159.98675715457193 0.7263795137405396 0.09976904839277267 0.13510066270828247 -3.3380324282461515e-08 -3.3380320729747837e-08
160.0625498018582 0.7285956740379333 0.09976904839277267 0.13516508042812347 -3.3380324282461515e-08 -3.3380320729747837e-08
160.16360666490658 0.7314757704734802 0.09976904839277267 0.13524408638477325 -3.3380324282461515e-08 -3.3380320729747837e-08
161.57840274758377 0.7653347253799438 0.09976904839277267 0.13587889075279236 -3.3380324282461515e-08 -3.3380324282461515e-08
162.45730899758377 0.7819896340370178 0.09976904839277267 0.136036679148674 -3.3380324282461515e-08 -3.3380324282461515e-08
163.3362152475838 0.7957308292388916 0.09976904839277267 0.13609647750854492 -3.3380324282461515e-08 -3.3380324282461515e-08
164.2151214975838 0.8070896863937378 0.09976904839277267 0.1361132711172104 -3.3380324282461515e-08 -3.3380324282461515e-08
165.09402774758382 0.8165367245674133 0.09976904839277267 0.13611635565757751 -3.3380324282461515e-08 -3.3380324282461515e-08
165.97293399758382 0.8244398832321167 0.09976904839277267 0.136116623878479 -3.3380324282461515e-08 -3.3380324282461515e-08
166.85184024758385 0.8311057686805725 0.09976904839277267 0.136116623878479 -3.3380324282461515e-08 -3.3380324282461515e-08
167.73074649758385 0.8367763757705688 0.09976904839277267 0.136116623878479 -3.3380324282461515e-08 -3.3380324282461515e-08
168.60965274758385 0.8416391611099243 0.09976904839277267 0.136116623878479 -3.3380324282461515e-08 -3.3380324282461515e-08
170.36746524758388 0.8494555354118347 0.09976904839277267 0.136116623878479 -3.3380324282461515e-08 -3.3380324282461515e-08
171.2463714975839 0.8526216745376587 0.09976904839277267 0.136116623878479 -3.3380324282461515e-08 -3.3380324282461515e-08
173.0041839975839 0.8579438328742981 0.09976904839277267 0.136116623878479 -3.3380324282461515e-08 -3.3380324282461515e-08
173.88309024758394 0.8601893186569214 0.09976904839277267 0.136116623878479 -3.3380324282461515e-08 -3.3380324282461515e-08
174.76199649758394 0.8622012138366699 0.09976904839277267 0.136116623878479 -3.3380324282461515e-08 -3.3380324282461515e-08
175.64090274758397 0.8640151619911194 0.09976904839277267 0.136116623878479 -3.3380324282461515e-08 -3.3380324282461515e-08
176.51980899758397 0.865657389163971 0.09976904839277267 0.136116623878479 -3.3380324282461515e-08 -3.3380324282461515e-08
178.277621497584 0.8685113787651062 0.09976904839277267 0.136116623878479 -3.3380324282461515e-08 -3.3380324282461515e-08
179.99999999999997 0.8708916902542114 0.09976904839277267 0.136116623878479 -3.339165388638321e-08 -3.3416075240211285e-08
180.0001 0.8708916902542114 0.09976904839277267 0.136116623878479 -3.337249054879976e-08 -3.338062981583789e-08
180.0003 0.8708916902542114 0.09976904839277267 0.136116623878479 -3.3351092554312345e-08 -3.3351092554312345e-08
180.00048429395054 0.8708916902542114 0.09976904839277267 0.136116623878479 -2.4912338858484873e-08 -2.4904839079908925e-08
180.00085288185164 0.8708916902542114 0.09976904839277267 0.136116623878479 1.7238848570855225e-08 1.7277432817763838e-08
180.001 0.8708916902542114 0.09976904839277267 0.136116623878479 3.742068344081417e-08 3.746568566498354e-08
720.2050781250067 0.8708916902542114 0.09976904839277267 0.136116623878479 3.742068699352785e-08 3.7465692770410897e-08
899.5019531250091 0.8708916902542114 0.09976904839277267 0.136116623878479 3.742069054624153e-08 3.7465692770410897e-08
900.0000000000001 0.8708916902542114 0.09976904839277267 0.136116623878479 3.742069054624153e-08 3.7465692770410897e-08
