time a b c w1
0.0 0.0 0.0 0.0 0.0
0.00014999999853326784 1.500150000053344e-21 1.500150000053344e-21 1.500150000053344e-21 1.500150000053344e-21
0.0002999999970665357 3.000300000106688e-21 3.000300000106688e-21 3.000300000106688e-21 -5.557390991839384e-09
0.0005999999941330714 6.000600000213376e-21 6.000600000213376e-21 6.000600000213376e-21 -2.3826460804343697e-08
0.001 1.0000999731091105e-20 1.0000999731091105e-20 1.0000999731091105e-20 -3.338667298180553e-08
29.999999999999996 3.000300019364487e-16 3.000300019364487e-16 3.000300019364487e-16 -3.3386452713557446e-08
30.000099999999996 3.0003100778807355e-16 3.0003100778807355e-16 3.0003100778807355e-16 -3.3365072482638425e-08
30.0003 3.0003299302154367e-16 3.0003299302154367e-16 3.0003299302154367e-16 -3.3343951599817956e-08
30.0007 3.0003698995826353e-16 3.0003698995826353e-16 3.0003698995826353e-16 -3.333277120987077e-08
30.000822963434945 1.2240642277561165e-08 3.000382340379048e-16 3.000382340379048e-16 -2.9898334474864896e-08
30.000893956504513 6.467180213576285e-08 3.0003894872195405e-16 3.0003894872195405e-16 3.416321803229039e-08
30.000929699615654 1.4294005268311594e-07 3.000392928290889e-16 3.000392928290889e-16 7.773289212309464e-08
30.00095182735476 2.3036459140257648e-07 3.000395310571053e-16 3.000395310571053e-16 7.435951232537263e-08
30.000964730305903 3.1987349302653456e-07 3.000396369362237e-16 3.000396369362237e-16 2.3502191481838963e-07
30.000974925659378 4.3695354179362766e-07 3.000397428153421e-16 3.000397428153421e-16 6.770749223505845e-07
30.00098629761236 6.168669415274053e-07 3.000398751642401e-16 3.000398751642401e-16 1.5165453532972606e-06
30.00099936524026 8.622737368568778e-07 3.000400075131381e-16 3.000400075131381e-16 2.7433238756202627e-06
30.001 8.756725264902343e-07 3.000400075131381e-16 3.000400075131381e-16 2.81333541352069e-06
30.284585322919668 0.0063338209874928 3.0287613851834154e-16 3.0287613851834154e-16 0.03439885005354881
30.568170645839334 0.012471562251448631 3.0571226952354495e-16 3.0571226952354495e-16 0.06818976998329163
30.80254564583933 0.017407065257430077 3.08056247916614e-16 3.08056247916614e-16 0.09568764269351959
31.036920645839327 0.02220376953482628 3.104002527794627e-16 3.104002527794627e-16 0.12274764478206635
31.271295645839324 0.02685955911874771 3.1274423117253175e-16 3.1274423117253175e-16 0.14935916662216187
31.505670645839324 0.031372494995594025 3.150882095656008e-16 3.150882095656008e-16 0.17551198601722717
31.974420645839317 0.03996243327856064 3.1977619282151854e-16 3.1977619282151854e-16 0.22639977931976318
32.20879564583932 0.04403598606586456 3.221201712145876e-16 3.221201712145876e-16 0.2511136829853058
32.67754564583931 0.05173258110880852 3.2680812800072573e-16 3.2680812800072573e-16 0.29902875423431396
32.9119206458393 0.05535304918885231 3.291521063937948e-16 3.291521063937948e-16 0.3222090005874634
33.3806706458393 0.06213340908288956 3.3384008964971253e-16 3.3384008964971253e-16 0.366963654756546
34.083795645839295 0.07114281505346298 3.408720512986993e-16 3.408720512986993e-16 0.4299194812774658
34.55254564583929 0.07637763768434525 3.4556000808483745e-16 3.4556000808483745e-16 0.4690062999725342
35.25567064583928 0.08309898525476456 3.5259196973382425e-16 3.5259196973382425e-16 0.5231945514678955
35.490045645839274 0.0850464254617691 3.549359481268933e-16 3.549359481268933e-16 0.5400548577308655
35.95879564583927 0.08852033317089081 3.5962390491303144e-16 3.5962390491303144e-16 0.5719612240791321
36.66192064583926 0.0927407443523407 3.6665586656201823e-16 3.6665586656201823e-16 0.6153210401535034
36.89629564583926 0.09390263259410858 3.689998449550873e-16 3.689998449550873e-16 0.6285853385925293
37.13067064583925 0.09495142102241516 3.7134384981793596e-16 3.7134384981793596e-16 0.6412654519081116
37.36504564583925 0.09589321166276932 3.7368782821100503e-16 3.7368782821100503e-16 0.6533706784248352
37.833795645839245 0.09748141467571259 3.7837578499714316e-16 3.7837578499714316e-16 0.6759012341499329
38.068170645839245 0.09814099967479706 3.807197633902122e-16 3.807197633902122e-16 0.6863526105880737
38.53692064583924 0.09922447800636292 3.8540774664612995e-16 3.8540774664612995e-16 0.7057021856307983
39.24004564583923 0.10035844147205353 3.9243970829511675e-16 3.9243970829511675e-16 0.7310982346534729
39.708795645839224 0.1008586585521698 3.9712766508125487e-16 3.9712766508125487e-16 0.7458242177963257
39.943170645839224 0.10104881227016449 3.9947164347432394e-16 3.9947164347432394e-16 0.7525830864906311
40.41192064583922 0.10133366286754608 4.0415962673024167e-16 4.0415962673024167e-16 0.7649888396263123
41.11504564583921 0.10158416628837585 4.1119156190944886e-16 4.1119156190944886e-16 0.7810987234115601
41.5837956458392 0.10167248547077179 4.158795451653666e-16 4.158795451653666e-16 0.7903808951377869
42.52129564583919 0.10174625366926193 4.2525548520742245e-16 4.2525548520742245e-16 0.806027352809906
42.75567064583919 0.10175278782844543 4.275994636004915e-16 4.275994636004915e-16 0.8094147443771362
42.99004564583919 0.10175681114196777 4.299434419935606e-16 4.299434419935606e-16 0.8126181960105896
43.22442064583918 0.10175912082195282 4.3228742038662964e-16 4.3228742038662964e-16 0.8156493902206421
43.927545645839174 0.10176093131303787 4.3931938203561644e-16 4.3931938203561644e-16 0.8238145709037781
44.39629564583917 0.10176090151071548 4.4400736529153417e-16 4.4400736529153417e-16 0.8285789489746094
45.09942064583916 0.1017608791589737 4.51039326940521e-16 4.51039326940521e-16 0.8348692655563354
45.56817064583915 0.1017608791589737 4.557272837266591e-16 4.557272837266591e-16 0.8385716676712036
45.80254564583915 0.1017608791589737 4.580712356499486e-16 4.580712356499486e-16 0.840293288230896
46.03692064583915 0.1017608791589737 4.604152405127972e-16 4.604152405127972e-16 0.8419355154037476
46.271295645839146 0.1017608791589737 4.627592453756459e-16 4.627592453756459e-16 0.8435031771659851
46.505670645839146 0.1017608791589737 4.6510319729893535e-16 4.6510319729893535e-16 0.8450006246566772
46.74004564583914 0.1017608791589737 4.67447202161784e-16 4.67447202161784e-16 0.8464319705963135
47.20879564583914 0.1017608791589737 4.721351589479221e-16 4.721351589479221e-16 0.8491119742393494
47.44317064583913 0.1017608791589737 4.744791638107708e-16 4.744791638107708e-16 0.8503674864768982
47.67754564583913 0.1017608791589737 4.768231157340603e-16 4.768231157340603e-16 0.8515709042549133
47.911920645839125 0.1017608791589737 4.791671205969089e-16 4.791671205969089e-16 0.8527252078056335
48.146295645839125 0.1017608791589737 4.815111254597576e-16 4.815111254597576e-16 0.8538330793380737
48.380670645839125 0.1017608791589737 4.838550773830471e-16 4.838550773830471e-16 0.854897141456604
48.61504564583912 0.1017608791589737 4.861990822458957e-16 4.861990822458957e-16 0.8559197187423706
48.84942064583912 0.1017608791589737 4.885430341691852e-16 4.885430341691852e-16 0.8569029569625854
49.08379564583912 0.1017608791589737 4.908870390320339e-16 4.908870390320339e-16 0.8578490614891052
49.31817064583911 0.1017608791589737 4.932310438948825e-16 4.932310438948825e-16 0.8587599396705627
49.55254564583911 0.1017608791589737 4.95574995818172e-16 4.95574995818172e-16 0.859637439250946
50.0212956458391 0.1017608791589737 5.002629526043101e-16 5.002629526043101e-16 0.8612989187240601
50.2556706458391 0.1017608791589737 5.026069574671588e-16 5.026069574671588e-16 0.8620859980583191
50.490045645839096 0.1017608791589737 5.049509623300075e-16 5.049509623300075e-16 0.8628458976745605
50.724420645839096 0.1017608791589737 5.072949142532969e-16 5.072949142532969e-16 0.8635799884796143
51.42754564583909 0.1017608791589737 5.143268759022837e-16 5.143268759022837e-16 0.8656390905380249
51.66192064583908 0.1017608791589737 5.166708807651324e-16 5.166708807651324e-16 0.8662815093994141
51.89629564583908 0.1017608791589737 5.190148326884218e-16 5.190148326884218e-16 0.86690354347229
52.130670645839075 0.1017608791589737 5.213588375512705e-16 5.213588375512705e-16 0.8675062656402588
52.71660814583907 0.1017608791589737 5.272188232386126e-16 5.272188232386126e-16 0.8689335584640503
53.30254564583907 0.1017608791589737 5.330787559863954e-16 5.330787559863954e-16 0.8702573180198669
53.53692064583906 0.1017608791589737 5.354227608492441e-16 5.354227608492441e-16 0.8707602024078369
53.77129564583906 0.1017608791589737 5.377667127725336e-16 5.377667127725336e-16 0.8712489008903503
54.94317064583905 0.1017608791589737 5.494866312076585e-16 5.494866312076585e-16 0.8734982013702393
55.17754564583904 0.1017608791589737 5.518306360705071e-16 5.518306360705071e-16 0.8739127516746521
55.64629564583904 0.1017608791589737 5.565185928566453e-16 5.565185928566453e-16 0.8747101426124573
57.05254564583902 0.1017608791589737 5.705825161546189e-16 5.705825161546189e-16 0.8768754601478577
57.75567064583901 0.1017608791589737 5.776144778036057e-16 5.776144778036057e-16 0.8778465986251831
59.99999999999999 0.1017608791589737 6.000600038728974e-16 6.000600038728974e-16 0.880545973777771
60.000099999999996 0.1017608791589737 6.000610097245222e-16 6.000610097245222e-16 0.8805456757545471
60.000299999999996 0.10176057368516922 6.00063021427772e-16 6.00063021427772e-16 0.8805453181266785
60.000699999999995 0.10175680369138718 6.000669918947122e-16 6.000669918947122e-16 0.8805451989173889
60.001000000000005 0.10174984484910965 6.000700094495868e-16 6.000700094495868e-16 0.8805451989173889
60.16480000000147 0.08033205568790436 6.017081711695766e-16 6.017081711695766e-16 0.8805451989173889
60.328600000002936 0.0605514831840992 6.033463328895664e-16 6.033463328895664e-16 0.8805451989173889
60.562975000002936 0.035685691982507706 6.056903377524151e-16 6.056903377524151e-16 0.8805451989173889
60.79735000000293 0.015698615461587906 6.080342896757046e-16 6.080342896757046e-16 0.8805451989173889
61.03172500000293 0.0011761683272197843 6.103782945385532e-16 6.103782945385532e-16 0.8805451989173889
61.0781933284451 -3.3386452713557446e-08 6.108429979892406e-16 6.108429979892406e-16 0.8805451989173889
89.99999999999999 -3.333881082312473e-08 9.000900322791256e-16 9.000900322791256e-16 0.8805451989173889
90.0001 -3.3349191852494187e-08 9.000909851911913e-16 9.000909851911913e-16 0.8805451989173889
90.0003 -3.3329406790016947e-08 9.00092996894441e-16 9.00092996894441e-16 0.8805451989173889
90.0007 -3.325671826814869e-08 9.000970203009405e-16 9.000970203009405e-16 0.8805451989173889
90.0008229639294 -2.981284197289824e-08 1.2240898072946038e-08 9.00098184971243e-16 0.8805451989173889
90.00089395690817 3.4249893587912084e-08 6.467280400102027e-08 9.000989261250718e-16 0.8805451989173889
90.00092969997752 7.782541899814532e-08 1.4294229799816094e-07 9.000993496415454e-16 0.8805451989173889
90.00095182766272 7.446097782803918e-08 2.3036815832711e-07 9.000995613997823e-16 0.8805451989173889
90.00096473057037 2.3512859570473665e-07 3.198777278612397e-07 9.000996672789007e-16 0.8805451989173889
90.00097492591165 6.771849143660802e-07 4.3695828821910254e-07 9.00099773158019e-16 0.8805451989173889
90.00098629787911 1.516663246547978e-06 6.168729669298045e-07 9.000998790371375e-16 0.8805451989173889
90.0009993656849 2.743465529420064e-06 8.622841960459482e-07 9.000999849162559e-16 0.8805451989173889
90.001 2.8134284093539463e-06 8.756736633586115e-07 9.000999849162559e-16 0.8805451989173889
90.08414031403306 0.010158075019717216 0.0018805849831551313 9.009314536331044e-16 0.8805451989173889
90.16728062806614 0.020249130204319954 0.0037394659593701363 9.017629223499529e-16 0.8805451989173889
90.33356252476246 0.040267303586006165 0.007404239848256111 9.034259656627683e-16 0.8805451989173889
90.56793752476246 0.06816220283508301 0.012466585263609886 9.057699175860578e-16 0.8805451989173889
90.80231252476246 0.09566051512956619 0.017402224242687225 9.081139753884656e-16 0.8805451989173889
91.03668752476247 0.12272094935178757 0.02219906821846962 9.10457927311755e-16 0.8805451989173889
91.27106252476247 0.1493329405784607 0.026854999363422394 9.128018792350446e-16 0.8805451989173889
91.50543752476247 0.17548620700836182 0.03136808052659035 9.15145831158334e-16 0.8805451989173889
91.97418752476248 0.22637495398521423 0.03995830938220024 9.198338408840314e-16 0.8805451989173889
92.20856252476248 0.2510893642902374 0.044032007455825806 9.221777928073208e-16 0.8805451989173889
92.6773125247625 0.2990054488182068 0.051728907972574234 9.268658025330181e-16 0.8805451989173889
92.9116875247625 0.3221862316131592 0.055349528789520264 9.292097544563076e-16 0.8805451989173889
93.1460625247625 0.3448350429534912 0.05881687253713608 9.315538122587155e-16 0.8805451989173889
93.3804375247625 0.3669404983520508 0.062129948288202286 9.33897764182005e-16 0.8805451989173889
93.61481252476251 0.38849008083343506 0.06528779119253159 9.362417161052944e-16 0.8805451989173889
93.84918752476251 0.40947461128234863 0.06829030066728592 9.385857739077023e-16 0.8805451989173889
94.08356252476251 0.42988839745521545 0.07113820314407349 9.409297258309917e-16 0.8805451989173889
94.55231252476253 0.4689770042896271 0.07637350261211395 9.456176296775707e-16 0.8805451989173889
95.25543752476254 0.5231680274009705 0.08309554308652878 9.526495913265575e-16 0.8805451989173889
95.48981252476254 0.5400292873382568 0.08504320681095123 9.549936491289653e-16 0.8805451989173889
95.95856252476254 0.5719375014305115 0.08851754665374756 9.596815529755442e-16 0.8805451989173889
96.66168752476256 0.6153001189231873 0.09273853898048401 9.66713514624531e-16 0.8805451989173889
96.89606252476257 0.6285653114318848 0.09390060603618622 9.69057572426939e-16 0.8805451989173889
97.13043752476257 0.6412463188171387 0.09494955837726593 9.714015243502284e-16 0.8805451989173889
97.36481252476257 0.6533524394035339 0.09589151293039322 9.737454762735178e-16 0.8805451989173889
97.83356252476258 0.6758847236633301 0.09748001396656036 9.784334859992152e-16 0.8805451989173889
98.06793752476258 0.686336874961853 0.09813972562551498 9.807774379225046e-16 0.8805451989173889
98.5366875247626 0.7056860327720642 0.09922423958778381 9.85465447648202e-16 0.8805451989173889
99.2398125247626 0.7310830354690552 0.10035945475101471 9.924974092971888e-16 0.8805451989173889
99.70856252476261 0.7458106279373169 0.10085983574390411 9.971853131437677e-16 0.8805451989173889
99.94293752476261 0.7525702714920044 0.10105005651712418 9.995293709461756e-16 0.8805451989173889
100.41168752476263 0.7649773955345154 0.10133501887321472 1.0042172747927545e-15 0.8805451989173889
101.11481252476264 0.7810890674591064 0.10158564150333405 1.0112492364417413e-15 0.8805451989173889
101.58356252476264 0.7903723120689392 0.10167400538921356 1.0159372461674386e-15 0.8805451989173889
102.52106252476266 0.8060204982757568 0.10174781829118729 1.0253131597397149e-15 0.8805451989173889
102.75543752476267 0.8094082474708557 0.10175435990095139 1.0276571116630043e-15 0.8805451989173889
102.98981252476267 0.8126121163368225 0.10175839066505432 1.0300010635862938e-15 0.8805451989173889
103.22418752476267 0.8156435489654541 0.10176070034503937 1.0323451213887017e-15 0.8805451989173889
103.92731252476268 0.8238096237182617 0.10176251083612442 1.0393770830376885e-15 0.8805451989173889
104.16168752476268 0.8262541890144348 0.10176251083612442 1.041721034960978e-15 0.8805451989173889
104.3960625247627 0.8285744786262512 0.10176248103380203 1.0440649868842674e-15 0.8805451989173889
104.6304375247627 0.8307783007621765 0.10176246613264084 1.0464090446866752e-15 0.8805451989173889
105.0991875247627 0.834865391254425 0.10176246613264084 1.0510969485332542e-15 0.8805451989173889
105.56793752476271 0.8385682106018066 0.10176246613264084 1.0557849582589515e-15 0.8805451989173889
105.80231252476271 0.8402899503707886 0.10176246613264084 1.058128910182241e-15 0.8805451989173889
106.03668752476273 0.8419323563575745 0.10176246613264084 1.0604728621055304e-15 0.8805451989173889
106.27106252476273 0.8435001373291016 0.10176246613264084 1.0628169199079383e-15 0.8805451989173889
106.50543752476273 0.8449977040290833 0.10176246613264084 1.0651608718312278e-15 0.8805451989173889
106.73981252476273 0.8464292287826538 0.10176246613264084 1.0675048237545172e-15 0.8805451989173889
107.20856252476274 0.849109411239624 0.10176246613264084 1.0721928334802146e-15 0.8805451989173889
107.44293752476274 0.8503650426864624 0.10176246613264084 1.074536785403504e-15 0.8805451989173889
107.67731252476275 0.8515685796737671 0.10176246613264084 1.0768808432059119e-15 0.8805451989173889
107.91168752476275 0.8527230024337769 0.10176246613264084 1.0792247951292014e-15 0.8805451989173889
108.14606252476275 0.8538309335708618 0.10176246613264084 1.0815687470524908e-15 0.8805451989173889
108.38043752476275 0.8548950552940369 0.10176246613264084 1.0839128048548987e-15 0.8805451989173889
108.61481252476277 0.8559176921844482 0.10176246613264084 1.0862567567781881e-15 0.8805451989173889
108.84918752476277 0.8569010496139526 0.10176246613264084 1.0886007087014776e-15 0.8805451989173889
109.08356252476277 0.8578472137451172 0.10176246613264084 1.090944660624767e-15 0.8805451989173889
109.31793752476278 0.8587581515312195 0.10176246613264084 1.093288718427175e-15 0.8805451989173889
109.55231252476278 0.8596357107162476 0.10176246613264084 1.0956326703504644e-15 0.8805451989173889
110.02106252476278 0.8612972497940063 0.10176246613264084 1.1003206800761617e-15 0.8805451989173889
110.2554375247628 0.8620844483375549 0.10176246613264084 1.1026646319994512e-15 0.8805451989173889
110.4898125247628 0.8628444075584412 0.10176246613264084 1.1050085839227407e-15 0.8805451989173889
110.7241875247628 0.8635785579681396 0.10176246613264084 1.1073526417251485e-15 0.8805451989173889
111.42731252476281 0.8656378388404846 0.10176246613264084 1.1143846033741353e-15 0.8805451989173889
111.66168752476281 0.8662802577018738 0.10176246613264084 1.1167285552974248e-15 0.8805451989173889
111.89606252476283 0.8669023513793945 0.10176246613264084 1.1190725072207143e-15 0.8805451989173889
112.13043752476283 0.8675050139427185 0.10176246613264084 1.1214164591440037e-15 0.8805451989173889
112.71637502476283 0.8689324855804443 0.10176246613264084 1.1272764448313458e-15 0.8805451989173889
113.30231252476284 0.8702563047409058 0.10176246613264084 1.1331364305186878e-15 0.8805451989173889
113.53668752476285 0.8707592487335205 0.10176246613264084 1.1354803824419773e-15 0.8805451989173889
113.77106252476285 0.8712478876113892 0.10176246613264084 1.1378244402443852e-15 0.8805451989173889
114.94293752476287 0.8734973669052124 0.10176246613264084 1.1495443057399509e-15 0.8805451989173889
115.17731252476288 0.8739119172096252 0.10176246613264084 1.1518882576632404e-15 0.8805451989173889
115.64606252476288 0.8747093677520752 0.10176246613264084 1.1565762673889377e-15 0.8805451989173889
117.05231252476291 0.8768748044967651 0.10176246613264084 1.1706401906869113e-15 0.8805451989173889
117.75543752476293 0.8778459429740906 0.10176246613264084 1.177672152335898e-15 0.8805451989173889
119.99999999999999 0.8805456757545471 0.10176246613264084 1.2001200077457947e-15 0.8805451989173889
120.0001 0.8805453777313232 0.10176246613264084 1.2001209606578604e-15 0.8805451989173889
120.0003 0.8805450201034546 0.10176246613264084 1.2001229723611101e-15 0.8805451989173889
120.0007 0.880544900894165 0.10176246613264084 1.2001269957676096e-15 0.8805451989173889
120.001 0.880544900894165 0.10176246613264084 1.200129960382925e-15 0.8805451989173889
135.0005 0.880544900894165 0.10176246613264084 0.049407511949539185 0.8805451989173889
150.0 0.880544900894165 0.10176246613264084 0.09639988839626312 0.8805451989173889
150.0001 0.880544900894165 0.10176246613264084 0.09640040248632431 0.8805451989173889
150.0003 0.880544900894165 0.10176246613264084 0.09640052914619446 0.8805451989173889
150.0007 0.880544900894165 0.10176246613264084 0.09639709442853928 0.8805451989173889
150.001 0.880544900894165 0.10176246613264084 0.09639271348714828 0.8805451989173889
150.1648000000026 0.880722165107727 0.10176246613264084 0.09639271348714828 0.8805451989173889
150.32860000000517 0.8808965682983398 0.10176246613264084 0.09639271348714828 0.8805451989173889
150.56297500000517 0.8811423778533936 0.10176246613264084 0.09639271348714828 0.8805451989173889
153.37547500000505 0.8837519288063049 0.10176246613264084 0.09639271348714828 0.8805451989173889
154.07860000000503 0.8843191266059875 0.10176246613264084 0.09639271348714828 0.8805451989173889
157.82860000000485 0.8869075179100037 0.10176246613264084 0.09639271348714828 0.8805451989173889
158.53172500000483 0.8873246908187866 0.10176246613264084 0.09639271348714828 0.8805451989173889
163.68797500000463 0.8899025917053223 0.10176246613264084 0.09639271348714828 0.8805451989173889
164.3911000000046 0.8902001976966858 0.10176246613264084 0.09639271348714828 0.8805451989173889
172.1254750000043 0.8928804993629456 0.10176246613264084 0.09639271348714828 0.8805451989173889
172.82860000000426 0.8930810689926147 0.10176246613264084 0.09639271348714828 0.8805451989173889
179.99999999999997 0.8948379755020142 0.10176246613264084 0.09639271348714828 0.8805451989173889
180.0001 0.8948378562927246 0.10176246613264084 0.09639271348714828 0.8805451989173889
180.0003 0.8948377966880798 0.10176246613264084 0.09639241546392441 0.8805451989173889
180.0007 0.8948377370834351 0.10176246613264084 0.09638871997594833 0.8805451989173889
180.001 0.8948377370834351 0.10176246613264084 0.09638185054063797 0.8805451989173889
180.16480000000257 0.8948377370834351 0.10176246613264084 0.07523635774850845 0.8805451989173889
180.32860000000517 0.8948377370834351 0.10176246613264084 0.05589720234274864 0.8805451989173889
180.56297500000517 0.8948377370834351 0.10176246613264084 0.03185022622346878 0.8805451989173889
180.79735000000514 0.8948377370834351 0.10176246613264084 0.012253427878022194 0.8805451989173889
180.95988784856164 0.8948377370834351 0.10176246613264084 0.001845802296884358 0.8805451989173889
181.0059203918468 0.8948377370834351 0.10176246613264084 6.026164919603616e-05 0.8805451989173889
181.0110887572763 0.8948377370834351 0.10176246613264084 -3.3386452713557446e-08 0.8805451989173889
203.29067503183313 0.8948377370834351 0.10176246613264084 -3.3386452713557446e-08 0.8805451989173889
209.99999999999997 0.8948377370834351 0.10176246613264084 -3.338944054576132e-08 0.8805451989173889
210.00009999999997 0.8948377370834351 0.10176246613264084 -3.336607079518217e-08 0.8805451989173889
210.0003 0.8948377370834351 0.10176246613264084 -3.3343951599817956e-08 0.8805451989173889
210.00070000000002 0.8948377370834351 0.10176246613264084 2.539983157134884e-08 0.8805451989173889
210.00100000000003 0.8948377370834351 0.10176246613264084 1.7223517545517097e-07 0.8805451989173889
215.30144694075133 0.8948377370834351 0.10176246613264084 0.007232403848320246 0.8805451989173889
215.5358219407513 0.8948377370834351 0.10176246613264084 0.007550750393420458 0.8805451989173889
215.7701969407513 0.8948377370834351 0.10176246613264084 0.007868974469602108 0.8805451989173889
216.0045719407513 0.8948377370834351 0.10176246613264084 0.008187075145542622 0.8805451989173889
227.8405094407508 0.8948377370834351 0.10176246613264084 0.02409163862466812 0.8805451989173889
239.67644694075034 0.8948377370834351 0.10176246613264084 0.03968372195959091 0.8805451989173889
239.9108219407503 0.8948377370834351 0.10176246613264084 0.03998934477567673 0.8805451989173889
239.99999999999997 0.8948377370834351 0.10176246613264084 0.04010560363531113 0.8805451989173889
