time a b c w1 w2
0.0 0.0 0.0 0.0 0.0 0.0
1.757812428601624e-06 1.0832566022872925 1.757988202426422e-23 1.757988202426422e-23 1.757988202426422e-23 1.757988202426422e-23
1.7648476783160305e-06 1.0055341720581055 1.7650242106122693e-23 1.7650242106122693e-23 1.7650242106122693e-23 1.7650242106122693e-23
1.7789181777448437e-06 0.9905999898910522 1.7790960692117828e-23 1.7790960692117828e-23 1.7790960692117828e-23 1.7790960692117828e-23
1.8070591766024704e-06 0.984626293182373 1.8072399441829907e-23 1.8072399441829907e-23 1.8072399441829907e-23 1.8072399441829907e-23
0.00013281055255599797 0.984626293182373 1.3282383013875093e-21 1.3282383013875093e-21 1.3282383013875093e-21 1.3282383013875093e-21
0.00026381985277929004 0.984626293182373 2.6384624023353322e-21 2.6384624023353322e-21 2.6384624023353322e-21 2.6384624023353322e-21
0.0005258384532258742 0.984626293182373 5.258910200334195e-21 5.258910200334195e-21 -5.93956661631978e-09 -5.93956661631978e-09
0.001 0.984626293182373 1.0000999731091105e-20 1.0000999731091105e-20 -3.337618892373939e-08 -3.337618892373939e-08
29.999999999999996 0.984626293182373 3.000300019364487e-16 3.000300019364487e-16 -3.3376331032286544e-08 -3.3376331032286544e-08
30.000099999999996 0.984626293182373 3.0003100778807355e-16 3.0003100778807355e-16 -3.335901510581607e-08 -3.335901510581607e-08
30.0003 0.984626293182373 3.0003299302154367e-16 3.0003299302154367e-16 -3.334191589488e-08 -3.334191589488e-08
30.0007 0.984626293182373 3.0003698995826353e-16 3.0003698995826353e-16 -3.3332874238567456e-08 -3.3332874238567456e-08
30.000822963487977 0.984626293182373 3.000382340379048e-16 1.4453062080477252e-09 -3.3331694737626094e-08 -3.3294252688165216e-08
30.000893956608927 0.984626293182373 3.0003894872195405e-16 1.2000085369834324e-08 -3.333132880811718e-08 -1.0628800950485129e-08
30.000929659758878 0.984626293182373 3.000392928290889e-16 3.860122887999751e-08 -3.333132880811718e-08 8.259836903334872e-08
30.00095139450692 0.984626293182373 3.000395045873257e-16 8.466115986038858e-08 -3.333132880811718e-08 2.959463643037452e-07
30.000973633522534 0.984626293182373 3.000397428153421e-16 1.77606295892474e-07 -3.333132880811718e-08 8.258405159722315e-07
30.000992448195245 0.984626293182373 3.000399281037993e-16 3.011749925008189e-07 -3.333132880811718e-08 1.6401199900428765e-06
30.001 0.984626293182373 3.000400075131381e-16 3.677336053442559e-07 -3.333132880811718e-08 2.1189250674069626e-06
30.481257100010616 0.984626293182373 3.0484305490098443e-16 0.004965529777109623 -3.333132880811718e-08 0.03851775825023651
30.961514200021224 0.984626293182373 3.0964610228883074e-16 0.009614231996238232 -3.333132880811718e-08 0.07577940076589584
31.313076700021224 0.984626293182373 3.1316208311332413e-16 0.012813723646104336 -3.333132880811718e-08 0.10223247110843658
31.84042045002122 0.984626293182373 3.1843605435006423e-16 0.01729699596762657 -3.333132880811718e-08 0.14060452580451965
32.19198295002122 0.984626293182373 3.21952008704778e-16 0.02012612298130989 -3.333132880811718e-08 0.16551297903060913
32.71932670002122 0.984626293182373 3.272259799415181e-16 0.024096354842185974 -3.333132880811718e-08 0.2016933560371399
33.07088920002122 0.984626293182373 3.307419607660115e-16 0.026584625244140625 -3.333132880811718e-08 0.22511622309684753
33.42245170002122 0.984626293182373 3.342579415905049e-16 0.028931841254234314 -3.333132880811718e-08 0.24790218472480774
33.77401420002122 0.984626293182373 3.377739224149983e-16 0.03111790120601654 -3.333132880811718e-08 0.26994526386260986
34.30135795002121 0.984626293182373 3.430478936517384e-16 0.03415491431951523 -3.333132880811718e-08 0.3018658757209778
34.91659232502121 0.984626293182373 3.4920082038993245e-16 0.03732297942042351 -3.333132880811718e-08 0.3372640609741211
35.53182670002121 0.984626293182373 3.553538000676857e-16 0.04007328301668167 -3.333132880811718e-08 0.37052151560783386
36.05917045002121 0.984626293182373 3.606277713044258e-16 0.0421246774494648 -3.333132880811718e-08 0.39737194776535034
36.41073295002121 0.984626293182373 3.641437521289192e-16 0.0433366522192955 -3.333132880811718e-08 0.41438964009284973
36.76229545002121 0.984626293182373 3.67659706483633e-16 0.0444607250392437 -3.333132880811718e-08 0.4308897852897644
37.113857950021206 0.984626293182373 3.711756873081264e-16 0.04549960419535637 -3.333132880811718e-08 0.4468710124492645
37.465420450021206 0.984626293182373 3.746916681326198e-16 0.04645642638206482 -3.333132880811718e-08 0.4623347818851471
37.816982950021206 0.984626293182373 3.782076489571132e-16 0.04730958864092827 -3.333132880811718e-08 0.47711923718452454
38.168545450021206 0.984626293182373 3.817236297816066e-16 0.04807007312774658 -3.333132880811718e-08 0.4912695288658142
39.047451700021206 0.984626293182373 3.9051355537306047e-16 0.04961657524108887 -3.333132880811718e-08 0.5240253806114197
39.399014200021206 0.984626293182373 3.9402953619755386e-16 0.05011932551860809 -3.333132880811718e-08 0.536211371421814
39.750576700021206 0.984626293182373 3.9754551702204726e-16 0.05056130141019821 -3.333132880811718e-08 0.5478705167770386
40.102139200021206 0.984626293182373 4.0106149784654066e-16 0.05094047635793686 -3.333132880811718e-08 0.5589548945426941
40.4537017000212 0.984626293182373 4.0457747867103406e-16 0.05127764493227005 -3.333132880811718e-08 0.5696325302124023
41.3326079500212 0.984626293182373 4.1336740426248795e-16 0.05195283144712448 -3.333132880811718e-08 0.594542384147644
42.2115142000212 0.984626293182373 4.2215735632372144e-16 0.052411243319511414 -3.333132880811718e-08 0.6168259978294373
42.5630767000212 0.984626293182373 4.2567333714821484e-16 0.05254088342189789 -3.333132880811718e-08 0.6249682903289795
42.9146392000212 0.984626293182373 4.2918931797270824e-16 0.052647609263658524 -3.333132880811718e-08 0.6327320337295532
43.2662017000212 0.984626293182373 4.3270527232742203e-16 0.052732937037944794 -3.333132880811718e-08 0.6400989294052124
43.79354545002119 0.984626293182373 4.3797924356416213e-16 0.05282587558031082 -3.333132880811718e-08 0.6504044532775879
44.67245170002119 0.984626293182373 4.46769169155616e-16 0.05292776972055435 -3.333132880811718e-08 0.666214108467102
45.55135795002119 0.984626293182373 4.555591476866291e-16 0.05297672003507614 -3.333132880811718e-08 0.6801536679267883
45.90292045002119 0.984626293182373 4.590751285111225e-16 0.05298770219087601 -3.333132880811718e-08 0.68531733751297
46.43026420002119 0.984626293182373 4.64349073278083e-16 0.052997954189777374 -3.333132880811718e-08 0.6926126480102539
46.957607950021185 0.984626293182373 4.696230180450435e-16 0.05300265550613403 -3.333132880811718e-08 0.6993708610534668
47.133389200021185 0.984626293182373 4.713810349270698e-16 0.05300372838973999 -3.333132880811718e-08 0.7015566825866699
47.484951700021185 0.984626293182373 4.748970157515632e-16 0.05300511047244072 -3.333132880811718e-08 0.7057836055755615
48.012295450021185 0.984626293182373 4.801709605185237e-16 0.05300617218017578 -3.333132880811718e-08 0.7118834257125854
48.715420450021185 0.984626293182373 4.872029221675105e-16 0.05300639942288399 -3.333132880811718e-08 0.7193348407745361
49.418545450021185 0.984626293182373 4.942348838164973e-16 0.053006380796432495 -3.333132880811718e-08 0.7261874079704285
49.945889200021185 0.984626293182373 4.995088285834578e-16 0.053006380796432495 -3.333132880811718e-08 0.7309436202049255
50.47323295002118 0.984626293182373 5.047828262899775e-16 0.053006380796432495 -3.333132880811718e-08 0.7353397011756897
50.82479545002118 0.984626293182373 5.082987541749117e-16 0.053006380796432495 -3.333132880811718e-08 0.7381239533424377
51.44002982502118 0.984626293182373 5.144517073828853e-16 0.053006380796432495 -3.333132880811718e-08 0.7427052855491638
52.05526420002118 0.984626293182373 5.206047135304182e-16 0.053006380796432495 -3.333132880811718e-08 0.746901273727417
52.58260795002118 0.984626293182373 5.258786582973787e-16 0.053006380796432495 -3.333132880811718e-08 0.7502568364143372
53.37362357502117 0.984626293182373 5.337896283873786e-16 0.053006380796432495 -3.333132880811718e-08 0.7550519704818726
54.16463920002117 0.984626293182373 5.417005455378193e-16 0.053006380796432495 -3.333132880811718e-08 0.7595357894897461
54.95565482502117 0.984626293182373 5.496115156278193e-16 0.053006380796432495 -3.333132880811718e-08 0.7636294364929199
55.74667045002117 0.984626293182373 5.5752243277826e-16 0.053006380796432495 -3.333132880811718e-08 0.7673438787460327
56.27401420002117 0.984626293182373 5.627964304847797e-16 0.053006380796432495 -3.333132880811718e-08 0.7696797847747803
57.24081107502116 0.984626293182373 5.724653645172468e-16 0.053006380796432495 -3.333132880811718e-08 0.773598849773407
58.20760795002116 0.984626293182373 5.821342985497138e-16 0.053006380796432495 -3.333132880811718e-08 0.7770987153053284
58.73495170002116 0.984626293182373 5.874082433166743e-16 0.053006380796432495 -3.333132880811718e-08 0.7789119482040405
59.36747585001058 0.984626293182373 5.937341500645654e-16 0.053006380796432495 -3.333132880811718e-08 0.7810208201408386
59.99999999999999 0.984626293182373 6.000600038728974e-16 0.053006380796432495 -3.333132880811718e-08 0.7829901576042175
60.000099999999996 0.984626293182373 6.000610097245222e-16 0.053006380796432495 -3.333132880811718e-08 0.7829896211624146
60.000299999999996 0.984626293182373 6.00063021427772e-16 0.053006380796432495 -3.333132880811718e-08 0.782988965511322
60.000400399746745 0.984626293182373 6.000640272793968e-16 0.053006380796432495 -3.333132880811718e-08 0.7829888463020325
60.00046059185217 0.984626293182373 6.000646096145481e-16 0.0530063770711422 -3.333132880811718e-08 0.7829888463020325
60.00049548758784 0.984626293182373 6.000649801914625e-16 0.0530063733458519 1.3257850639547542e-07 0.7829888463020325
60.00051648697623 0.984626293182373 6.000651390101401e-16 0.0530063733458519 6.274775046222203e-07 0.7829888463020325
60.00053858519819 0.984626293182373 6.000654037079361e-16 0.0530063770711422 1.5804401982677518e-06 0.7829888463020325
60.00055044930773 0.984626293182373 6.000655095870545e-16 0.0530063770711422 2.1433381789393025e-06 0.7829888463020325
60.00056778130478 0.984626293182373 6.000656684057321e-16 0.0530063658952713 2.9215766517154407e-06 0.7829888463020325
60.00060244529888 0.984626293182373 6.000660389826465e-16 0.05300632119178772 4.346315108705312e-06 0.7829888463020325
60.00067177328709 0.984626293182373 6.000667271969162e-16 0.05300597473978996 6.723407295794459e-06 0.7829888463020325
60.000866116035894 0.984626293182373 5.657369683831348e-08 0.05300271883606911 1.1663833902275655e-05 0.7829888463020325
60.0009022540315 0.984626293182373 3.461711628460762e-08 0.05300106480717659 1.2278065696591511e-05 0.7829888463020325
60.00092419644724 0.984626293182373 1.4791243074796512e-07 0.05299976095557213 1.2611340025614481e-05 0.7829888463020325
60.000941967444795 0.984626293182373 5.185812597119366e-07 0.052998486906290054 1.2858592526754364e-05 0.7829888463020325
60.00096227684871 0.984626293182373 1.3111331327309017e-06 0.05299678072333336 1.311882533627795e-05 0.7829888463020325
60.000990958849144 0.984626293182373 2.8592492071766173e-06 0.052994076162576675 1.3459157344186679e-05 0.7829888463020325
60.001000000000005 0.984626293182373 3.4670024433580693e-06 0.05299314484000206 1.3560118532041088e-05 0.7829888463020325
60.18232490242875 0.984626293182373 0.014661685563623905 0.034624990075826645 0.0019178623333573341 0.7829888463020325
60.3636498048575 0.984626293182373 0.029137633740901947 0.01942772977054119 0.003775612683966756 0.7829888463020325
60.5394310548575 0.984626293182373 0.04304807260632515 0.00700758583843708 0.00554539542645216 0.7829888463020325
60.63793508958324 0.984626293182373 0.050784043967723846 0.0013838311424478889 0.006522196810692549 0.7829888463020325
60.671465063580506 0.984626293182373 0.05340512841939926 8.517011883668602e-05 0.006851625628769398 0.7829888463020325
60.67768753499692 0.984626293182373 0.0538906529545784 -3.338365672789223e-08 0.006912536453455687 0.7829888463020325
61.036167763629585 0.984626293182373 0.08146260678768158 -3.338365672789223e-08 0.010322113521397114 0.7829888463020325
61.211949013629585 0.984626293182373 0.09475355595350266 -3.338365672789223e-08 0.011937415227293968 0.7829888463020325
61.387730263629585 0.984626293182373 0.1078842282295227 -3.338365672789223e-08 0.013513539917767048 0.7829888463020325
61.563511513629585 0.984626293182373 0.12085513025522232 -3.338365672789223e-08 0.015050952322781086 0.7829888463020325
61.915074013629585 0.984626293182373 0.14631561934947968 -3.338365672789223e-08 0.018010465428233147 0.7829888463020325
62.09085526362958 0.984626293182373 0.1588042676448822 -3.338365672789223e-08 0.019433021545410156 0.7829888463020325
62.26663651362958 0.984626293182373 0.17113131284713745 -3.338365672789223e-08 0.020817773416638374 0.7829888463020325
62.44241776362958 0.984626293182373 0.18329638242721558 -3.338365672789223e-08 0.02216498926281929 0.7829888463020325
62.96976151362958 0.984626293182373 0.21881651878356934 -3.338365672789223e-08 0.02598433755338192 0.7829888463020325
63.14554276362958 0.984626293182373 0.23033076524734497 -3.338365672789223e-08 0.02718440815806389 0.7829888463020325
63.32132401362958 0.984626293182373 0.2416817843914032 -3.338365672789223e-08 0.028348524123430252 0.7829888463020325
63.49710526362958 0.984626293182373 0.25286948680877686 -3.338365672789223e-08 0.029477056115865707 0.7829888463020325
63.67288651362958 0.984626293182373 0.26389387249946594 -3.338365672789223e-08 0.030570384114980698 0.7829888463020325
63.84866776362958 0.984626293182373 0.2747548818588257 -3.338365672789223e-08 0.03162891045212746 0.7829888463020325
64.02444901362958 0.984626293182373 0.28545257449150085 -3.338365672789223e-08 0.03265305608510971 0.7829888463020325
64.20023026362958 0.984626293182373 0.295987069606781 -3.338365672789223e-08 0.03364324942231178 0.7829888463020325
64.55179276362958 0.984626293182373 0.31656718254089355 -3.338365672789223e-08 0.03552361950278282 0.7829888463020325
64.72757401362958 0.984626293182373 0.32661327719688416 -3.338365672789223e-08 0.036414746195077896 0.7829888463020325
64.90335526362958 0.984626293182373 0.3364972174167633 -3.338365672789223e-08 0.0372738316655159 0.7829888463020325
65.07913651362958 0.984626293182373 0.34621939063072205 -3.338365672789223e-08 0.03810139000415802 0.7829888463020325
65.25491776362958 0.984626293182373 0.3557802438735962 -3.338365672789223e-08 0.03889795392751694 0.7829888463020325
65.43069901362958 0.984626293182373 0.3651803433895111 -3.338365672789223e-08 0.039664071053266525 0.7829888463020325
65.60648026362958 0.984626293182373 0.37442025542259216 -3.338365672789223e-08 0.04040030390024185 0.7829888463020325
65.78226151362958 0.984626293182373 0.3835006654262543 -3.338365672789223e-08 0.04110722243785858 0.7829888463020325
66.13382401362958 0.984626293182373 0.40118592977523804 -3.338365672789223e-08 0.04243548959493637 0.7829888463020325
66.30960526362958 0.984626293182373 0.409792423248291 -3.338365672789223e-08 0.04305804520845413 0.7829888463020325
66.48538651362958 0.984626293182373 0.41824275255203247 -3.338365672789223e-08 0.043653715401887894 0.7829888463020325
66.66116776362958 0.984626293182373 0.4265378415584564 -3.338365672789223e-08 0.0442231260240078 0.7829888463020325
66.83694901362958 0.984626293182373 0.4346787631511688 -3.338365672789223e-08 0.044766925275325775 0.7829888463020325
67.01273026362956 0.984626293182373 0.442666620016098 -3.338365672789223e-08 0.04528575390577316 0.7829888463020325
67.18851151362956 0.984626293182373 0.4505026340484619 -3.338365672789223e-08 0.045780278742313385 0.7829888463020325
67.36429276362956 0.984626293182373 0.4581880569458008 -3.338365672789223e-08 0.04625115543603897 0.7829888463020325
67.54007401362956 0.984626293182373 0.4657241106033325 -3.338365672789223e-08 0.04669905826449394 0.7829888463020325
67.71585526362956 0.984626293182373 0.4731122553348541 -3.338365672789223e-08 0.04712466150522232 0.7829888463020325
67.89163651362956 0.984626293182373 0.48035386204719543 -3.338365672789223e-08 0.04752863198518753 0.7829888463020325
68.06741776362956 0.984626293182373 0.48745039105415344 -3.338365672789223e-08 0.04791165515780449 0.7829888463020325
68.24319901362956 0.984626293182373 0.4944034218788147 -3.338365672789223e-08 0.04827440530061722 0.7829888463020325
68.41898026362956 0.984626293182373 0.5012145042419434 -3.338365672789223e-08 0.048617567867040634 0.7829888463020325
68.59476151362956 0.984626293182373 0.5078853368759155 -3.338365672789223e-08 0.04894181340932846 0.7829888463020325
68.77054276362956 0.984626293182373 0.5144174695014954 -3.338365672789223e-08 0.04924781620502472 0.7829888463020325
68.94632401362956 0.984626293182373 0.5208127498626709 -3.338365672789223e-08 0.04953625053167343 0.7829888463020325
69.12210526362956 0.984626293182373 0.5270729064941406 -3.338365672789223e-08 0.04980778321623802 0.7829888463020325
69.29788651362956 0.984626293182373 0.5331997871398926 -3.338365672789223e-08 0.05006307363510132 0.7829888463020325
69.47366776362956 0.984626293182373 0.53919517993927 -3.338365672789223e-08 0.05030278116464615 0.7829888463020325
69.64944901362956 0.984626293182373 0.5450609922409058 -3.338365672789223e-08 0.05052754282951355 0.7829888463020325
69.82523026362956 0.984626293182373 0.5507991313934326 -3.338365672789223e-08 0.050738006830215454 0.7829888463020325
70.00101151362956 0.984626293182373 0.556411623954773 -3.338365672789223e-08 0.050934791564941406 0.7829888463020325
70.17679276362956 0.984626293182373 0.5619003772735596 -3.338365672789223e-08 0.05111852288246155 0.7829888463020325
70.35257401362956 0.984626293182373 0.5672673583030701 -3.338365672789223e-08 0.05128980800509453 0.7829888463020325
70.52835526362956 0.984626293182373 0.5725146532058716 -3.338365672789223e-08 0.0514492392539978 0.7829888463020325
70.70413651362956 0.984626293182373 0.5776442289352417 -3.338365672789223e-08 0.05159740149974823 0.7829888463020325
70.87991776362956 0.984626293182373 0.5826582312583923 -3.338365672789223e-08 0.051734864711761475 0.7829888463020325
71.05569901362956 0.984626293182373 0.5875586271286011 -3.338365672789223e-08 0.05186218023300171 0.7829888463020325
71.23148026362956 0.984626293182373 0.5923475623130798 -3.338365672789223e-08 0.05197989195585251 0.7829888463020325
71.40726151362956 0.984626293182373 0.5970271229743958 -3.338365672789223e-08 0.052088525146245956 0.7829888463020325
71.58304276362956 0.984626293182373 0.6015993356704712 -3.338365672789223e-08 0.05218859016895294 0.7829888463020325
71.75882401362956 0.984626293182373 0.6060662269592285 -3.338365672789223e-08 0.05228058621287346 0.7829888463020325
71.93460526362956 0.984626293182373 0.6104300022125244 -3.338365672789223e-08 0.05236498638987541 0.7829888463020325
72.11038651362956 0.984626293182373 0.6146926879882812 -3.338365672789223e-08 0.05244225636124611 0.7829888463020325
72.28616776362956 0.984626293182373 0.6188564300537109 -3.338365672789223e-08 0.05251283943653107 0.7829888463020325
72.46194901362956 0.984626293182373 0.6229231357574463 -3.338365672789223e-08 0.05257716774940491 0.7829888463020325
72.63773026362956 0.984626293182373 0.6268949508666992 -3.338365672789223e-08 0.05263565853238106 0.7829888463020325
72.81351151362956 0.984626293182373 0.6307739615440369 -3.338365672789223e-08 0.05268870294094086 0.7829888463020325
72.98929276362956 0.984626293182373 0.634562075138092 -3.338365672789223e-08 0.05273667722940445 0.7829888463020325
73.16507401362956 0.984626293182373 0.6382613778114319 -3.338365672789223e-08 0.05277995392680168 0.7829888463020325
73.34085526362955 0.984626293182373 0.641873836517334 -3.338365672789223e-08 0.05281887203454971 0.7829888463020325
73.51663651362955 0.984626293182373 0.6454014182090759 -3.338365672789223e-08 0.05285376310348511 0.7829888463020325
73.69241776362955 0.984626293182373 0.6488460898399353 -3.338365672789223e-08 0.052884940057992935 0.7829888463020325
73.86819901362955 0.984626293182373 0.6522097587585449 -3.338365672789223e-08 0.05291270464658737 0.7829888463020325
74.04398026362955 0.984626293182373 0.6554942727088928 -3.338365672789223e-08 0.0529373399913311 0.7829888463020325
74.21976151362955 0.984626293182373 0.6587015986442566 -3.338365672789223e-08 0.05295910686254501 0.7829888463020325
74.39554276362955 0.984626293182373 0.6618335247039795 -3.338365672789223e-08 0.052978262305259705 0.7829888463020325
74.57132401362955 0.984626293182373 0.6648918390274048 -3.338365672789223e-08 0.052995044738054276 0.7829888463020325
74.74710526362955 0.984626293182373 0.6678783893585205 -3.338365672789223e-08 0.053009673953056335 0.7829888463020325
74.92288651362955 0.984626293182373 0.6707949042320251 -3.338365672789223e-08 0.0530223585665226 0.7829888463020325
75.27444901362955 0.984626293182373 0.6764247417449951 -3.338365672789223e-08 0.053042665123939514 0.7829888463020325
75.45023026362955 0.984626293182373 0.6791414022445679 -3.338365672789223e-08 0.05305063724517822 0.7829888463020325
75.62601151362955 0.984626293182373 0.6817947030067444 -3.338365672789223e-08 0.05305737629532814 0.7829888463020325
75.80179276362955 0.984626293182373 0.6843863725662231 -3.338365672789223e-08 0.05306302011013031 0.7829888463020325
75.97757401362955 0.984626293182373 0.6869178414344788 -3.338365672789223e-08 0.05306770280003548 0.7829888463020325
76.15335526362955 0.984626293182373 0.6893907785415649 -3.338365672789223e-08 0.05307155102491379 0.7829888463020325
76.32913651362955 0.984626293182373 0.6918065547943115 -3.338365672789223e-08 0.053074680268764496 0.7829888463020325
76.50491776362955 0.984626293182373 0.6941667199134827 -3.338365672789223e-08 0.05307718366384506 0.7829888463020325
76.85648026362955 0.984626293182373 0.6987258791923523 -3.338365672789223e-08 0.05308070033788681 0.7829888463020325
77.03226151362955 0.984626293182373 0.7009276747703552 -3.338365672789223e-08 0.05308186635375023 0.7829888463020325
77.20804276362955 0.984626293182373 0.7030794024467468 -3.338365672789223e-08 0.05308273062109947 0.7829888463020325
77.38382401362955 0.984626293182373 0.7051823735237122 -3.338365672789223e-08 0.053083352744579315 0.7829888463020325
77.73538651362955 0.984626293182373 0.7092471122741699 -3.338365672789223e-08 0.053084079176187515 0.7829888463020325
77.91116776362955 0.984626293182373 0.7112113237380981 -3.338365672789223e-08 0.05308425799012184 0.7829888463020325
78.08694901362955 0.984626293182373 0.7131317853927612 -3.338365672789223e-08 0.0530843585729599 0.7829888463020325
78.26273026362955 0.984626293182373 0.7150095105171204 -3.338365672789223e-08 0.05308441072702408 0.7829888463020325
78.79007401362955 0.984626293182373 0.7203978300094604 -3.338365672789223e-08 0.05308443680405617 0.7829888463020325
78.96585526362955 0.984626293182373 0.7221158742904663 -3.338365672789223e-08 0.05308443680405617 0.7829888463020325
79.14163651362955 0.984626293182373 0.7237966060638428 -3.338365672789223e-08 0.05308443680405617 0.7829888463020325
79.31741776362955 0.984626293182373 0.7254409790039062 -3.338365672789223e-08 0.05308443680405617 0.7829888463020325
79.84476151362954 0.984626293182373 0.7301654815673828 -3.338365672789223e-08 0.05308443680405617 0.7829888463020325
80.02054276362954 0.984626293182373 0.7316738367080688 -3.338365672789223e-08 0.05308443680405617 0.7829888463020325
80.19632401362954 0.984626293182373 0.7331503629684448 -3.338365672789223e-08 0.05308443680405617 0.7829888463020325
80.37210526362954 0.984626293182373 0.7345959544181824 -3.338365672789223e-08 0.05308443680405617 0.7829888463020325
80.72366776362954 0.984626293182373 0.7373974919319153 -3.338365672789223e-08 0.05308443680405617 0.7829888463020325
80.89944901362954 0.984626293182373 0.7387549877166748 -3.338365672789223e-08 0.05308443680405617 0.7829888463020325
81.07523026362954 0.984626293182373 0.7400846481323242 -3.338365672789223e-08 0.05308443680405617 0.7829888463020325
81.25101151362954 0.984626293182373 0.7413871884346008 -3.338365672789223e-08 0.05308443680405617 0.7829888463020325
81.42679276362954 0.984626293182373 0.7426632642745972 -3.338365672789223e-08 0.05308443680405617 0.7829888463020325
82.12991776362954 0.984626293182373 0.7475169897079468 -3.338365672789223e-08 0.05308443680405617 0.7829888463020325
82.30569901362954 0.984626293182373 0.7486708760261536 -3.338365672789223e-08 0.05308443680405617 0.7829888463020325
82.48148026362954 0.984626293182373 0.7498022317886353 -3.338365672789223e-08 0.05308443680405617 0.7829888463020325
82.65726151362954 0.984626293182373 0.7509114742279053 -3.338365672789223e-08 0.05308443680405617 0.7829888463020325
83.53616776362954 0.984626293182373 0.7561466693878174 -3.338365672789223e-08 0.05308443680405617 0.7829888463020325
83.71194901362954 0.984626293182373 0.7571350336074829 -3.338365672789223e-08 0.05308443680405617 0.7829888463020325
83.88773026362954 0.984626293182373 0.7581049203872681 -3.338365672789223e-08 0.05308443680405617 0.7829888463020325
84.06351151362954 0.984626293182373 0.7590569257736206 -3.338365672789223e-08 0.05308443680405617 0.7829888463020325
85.11819901362954 0.984626293182373 0.7644150257110596 -3.338365672789223e-08 0.05308443680405617 0.7829888463020325
85.29398026362954 0.984626293182373 0.7652528882026672 -3.338365672789223e-08 0.05308443680405617 0.7829888463020325
85.46976151362954 0.984626293182373 0.7660759687423706 -3.338365672789223e-08 0.05308443680405617 0.7829888463020325
85.64554276362954 0.984626293182373 0.7668846249580383 -3.338365672789223e-08 0.05308443680405617 0.7829888463020325
85.99710526362954 0.984626293182373 0.7684600949287415 -3.338365672789223e-08 0.05308443680405617 0.7829888463020325
86.34866776362952 0.984626293182373 0.7699818015098572 -3.338365672789223e-08 0.05308443680405617 0.7829888463020325
86.70023026362952 0.984626293182373 0.7714523673057556 -3.338365672789223e-08 0.05308443680405617 0.7829888463020325
86.87601151362952 0.984626293182373 0.7721691727638245 -3.338365672789223e-08 0.05308443680405617 0.7829888463020325
87.05179276362952 0.984626293182373 0.7728740572929382 -3.338365672789223e-08 0.05308443680405617 0.7829888463020325
87.22757401362952 0.984626293182373 0.773567259311676 -3.338365672789223e-08 0.05308443680405617 0.7829888463020325
88.63382401362952 0.984626293182373 0.7787235379219055 -3.338365672789223e-08 0.05308443680405617 0.7829888463020325
88.80960526362952 0.984626293182373 0.7793229222297668 -3.338365672789223e-08 0.05308443680405617 0.7829888463020325
88.98538651362952 0.984626293182373 0.7799130082130432 -3.338365672789223e-08 0.05308443680405617 0.7829888463020325
89.16116776362952 0.984626293182373 0.780493974685669 -3.338365672789223e-08 0.05308443680405617 0.7829888463020325
89.99999999999999 0.984626293182373 0.7831489443778992 -3.337068221753725e-08 0.05308443680405617 0.7829888463020325
90.0001 0.984626293182373 0.7831491827964783 -3.336689857746933e-08 0.05308443680405617 0.7829888463020325
90.0003 0.984626293182373 0.7831495404243469 -3.335229337153578e-08 0.05308443680405617 0.7829888463020325
90.00047805593265 0.984626293182373 0.7831497192382812 -2.0666783839828895e-08 0.05308443680405617 0.7829888463020325
90.00083416779792 0.984626293182373 0.7831494212150574 4.272296649787677e-08 0.05308443680405617 0.7829888463020325
90.001 0.984626293182373 0.7831491827964783 7.814675484496547e-08 0.05308443680405617 0.7829888463020325
119.99999999999999 0.984626293182373 0.7831491827964783 7.814675484496547e-08 0.05308443680405617 0.7829888463020325
120.0001 0.984626293182373 0.7831491827964783 7.814675484496547e-08 0.05308443680405617 0.7829888463020325
120.0003 0.984626293182373 0.7831491827964783 7.814675484496547e-08 0.05308443680405617 0.7829888463020325
120.0007 0.9846261143684387 0.7831491827964783 7.814675484496547e-08 0.05308443680405617 0.7829888463020325
120.001 0.9846256375312805 0.7831491827964783 7.814675484496547e-08 0.05308443680405617 0.7829887866973877
120.04507696533518 0.9843583703041077 0.7831491827964783 0.0002593231329228729 0.05308443680405617 0.7829887866973877
120.08915393067035 0.9840850234031677 0.7831491827964783 0.0005182607565075159 0.05308443680405617 0.7829887866973877
120.17731324215806 0.9835187196731567 0.7831491827964783 0.0010352486278861761 0.05308443680405617 0.7829887866973877
120.52887574215806 0.9810584783554077 0.7831491827964783 0.0030898205004632473 0.05308443680405617 0.7829887866973877
121.05621949215806 0.9765880107879639 0.7831491827964783 0.0061575872823596 0.05308443680405617 0.7829887866973877
121.49567261715808 0.9719219207763672 0.7831491827964783 0.008702792227268219 0.05308443680405617 0.7829887866973877
121.93512574215806 0.9661312103271484 0.7831491827964783 0.011237500235438347 0.05308443680405617 0.7829887866973877
122.11090699215806 0.9634302258491516 0.7831491827964783 0.012248341925442219 0.05308443680405617 0.7829887866973877
122.6382507421581 0.9536944627761841 0.7831491827964783 0.015271550044417381 0.05308443680405617 0.7829887866973877
122.98981324215814 0.9455629587173462 0.7831491827964783 0.017278512939810753 0.05308443680405617 0.7829887866973877
123.34137574215815 0.9358340501785278 0.7831491827964783 0.01927870139479637 0.05308443680405617 0.7829887866973877
123.51715699215816 0.9302912950515747 0.7831491827964783 0.02027633786201477 0.05308443680405617 0.7829887866973877
123.86871949215819 0.9176968932151794 0.7831491827964783 0.022266702726483345 0.05308443680405617 0.7829887866973877
124.39606324215823 0.8946389555931091 0.7831491827964783 0.02523999847471714 0.05308443680405617 0.7829887866973877
124.74762574215826 0.8762627243995667 0.7831491827964783 0.0272140484303236 0.05308443680405617 0.7829887866973877
125.09918824215829 0.8553914427757263 0.7831491827964783 0.029181601479649544 0.05308443680405617 0.7829887866973877
125.45075074215832 0.832027792930603 0.7831491827964783 0.03114267624914646 0.05308443680405617 0.7829887866973877
125.62653199215832 0.8194299936294556 0.7831491827964783 0.03212079033255577 0.05308443680405617 0.7829887866973877
125.80231324215833 0.8062383532524109 0.7831491827964783 0.033097296953201294 0.05308443680405617 0.7829887866973877
125.97809449215835 0.7924689054489136 0.7831491827964783 0.03407219052314758 0.05308443680405617 0.7829887866973877
126.15387574215836 0.778139591217041 0.7831491827964783 0.035045478492975235 0.05308443680405617 0.7829887866973877
126.50543824215839 0.747880756855011 0.7831491827964783 0.03698724880814552 0.05308443680405617 0.7829887866973877
126.6812194921584 0.7319931387901306 0.7831491827964783 0.03795573487877846 0.05308443680405617 0.7829887866973877
126.85700074215842 0.7156286835670471 0.7831491827964783 0.03892262279987335 0.05308443680405617 0.7829887866973877
127.03278199215843 0.6988089084625244 0.7831491827964783 0.039887916296720505 0.05308443680405617 0.7829887866973877
127.38434449215846 0.6638885736465454 0.7831491827964783 0.04181373491883278 0.05308443680405617 0.7829887866973877
127.56012574215848 0.6458290815353394 0.7831491827964783 0.0427742637693882 0.05308443680405617 0.7829887866973877
127.73590699215849 0.6273963451385498 0.7831491827964783 0.043733201920986176 0.05308443680405617 0.7829887866973877
128.0874694921585 0.5894856452941895 0.7831491827964783 0.045646339654922485 0.05308443680405617 0.7829887866973877
128.61481324215856 0.5302631855010986 0.7831491827964783 0.04850419983267784 0.05308443680405617 0.7829887866973877
128.79059449215856 0.5099564790725708 0.7831491827964783 0.049453672021627426 0.05308443680405617 0.7829887866973877
128.9663757421586 0.4893905222415924 0.7831491827964783 0.05040156841278076 0.05308443680405617 0.7829887866973877
129.1421569921586 0.4685782492160797 0.7831491827964783 0.05134790018200874 0.05308443680405617 0.7829887866973877
129.3179382421586 0.44753190875053406 0.7831491827964783 0.052292659878730774 0.05308443680405617 0.7829887866973877
129.66950074215862 0.4047824740409851 0.7831491827964783 0.054177477955818176 0.05308443680405617 0.7829887866973877
129.84528199215865 0.3831005394458771 0.7831491827964783 0.055117540061473846 0.05308443680405617 0.7829887866973877
130.19684449215868 0.3391674757003784 0.7831491827964783 0.05699319764971733 0.05308443680405617 0.7829887866973877
130.5484069921587 0.29453328251838684 0.7831491827964783 0.058863043785095215 0.05308443680405617 0.7829887866973877
130.89996949215873 0.24927423894405365 0.7831491827964783 0.060726702213287354 0.05308443680405617 0.7829887866973877
131.42731324215876 0.18042348325252533 0.7831491827964783 0.06351054459810257 0.05308443680405617 0.7829887866973877
131.7788757421588 0.13423855602741241 0.7831491827964783 0.06535869091749191 0.05308443680405617 0.7829887866973877
131.9546569921588 0.11136473715305328 0.7831491827964783 0.06628040224313736 0.05308443680405617 0.7829887866973877
132.13043824215882 0.08904089033603668 0.7831491827964783 0.0672004446387291 0.05308443680405617 0.7829887866973877
132.30621949215882 0.06777168810367584 0.7831491827964783 0.06811881065368652 0.05308443680405617 0.7829887866973877
132.48200074215885 0.04819044470787048 0.7831491827964783 0.0690355971455574 0.05308443680405617 0.7829887866973877
132.65778199215885 0.03096724860370159 0.7831491827964783 0.06995084136724472 0.05308443680405617 0.7829887866973877
132.83356324215887 0.016566067934036255 0.7831491827964783 0.07086455076932907 0.05308443680405617 0.7829887866973877
133.00934449215887 0.004683628212660551 0.7831491827964783 0.07177715003490448 0.05308443680405617 0.7829887866973877
133.08344469468688 0.0007138480432331562 0.7831491827964783 0.07216183841228485 0.05308443680405617 0.7829887866973877
133.1060115495359 0.00010039073822554201 0.7831491827964783 0.07227913290262222 0.05308443680405617 0.7829887866973877
133.1285242916125 -3.338360698990073e-08 0.7831491827964783 0.07239626348018646 0.05308443680405617 0.7829887866973877
133.20543682450517 -3.338360698990073e-08 0.7831491827964783 0.07279624044895172 0.05308443680405617 0.7829887866973877
133.2823493573979 -3.338360698990073e-08 0.7831491827964783 0.07319532334804535 0.05308443680405617 0.7829887866973877
133.43612282988676 -3.338360698990073e-08 0.7831491827964783 0.0739913210272789 0.05308443680405617 0.7829887866973877
135.89706032988695 -3.338360698990073e-08 0.7831491827964783 0.08655466884374619 0.05308443680405617 0.7829887866973877
136.42440407988698 -3.338360698990073e-08 0.7831491827964783 0.08920803666114807 0.05308443680405617 0.7829887866973877
138.70956032988715 -3.338360698990073e-08 0.7831491827964783 0.10054974257946014 0.05308443680405617 0.7829887866973877
139.06112282988718 -3.338360698990073e-08 0.7831491827964783 0.10228825360536575 0.05308443680405617 0.7829887866973877
139.2369040798872 -3.338360698990073e-08 0.7831491827964783 0.10316983610391617 0.05308443680405617 0.7829887866973877
139.58846657988724 -3.338360698990073e-08 0.7831491827964783 0.1049351915717125 0.05308443680405617 0.7829887866973877
142.22518532988744 -3.338360698990073e-08 0.7831491827964783 0.11797892302274704 0.05308443680405617 0.7829887866973877
142.75252907988747 -3.338360698990073e-08 0.7831491827964783 0.12054626643657684 0.05308443680405617 0.7829887866973877
143.98299782988755 -3.338360698990073e-08 0.7831491827964783 0.12648352980613708 0.05308443680405617 0.7829887866973877
145.21346657988764 -3.338360698990073e-08 0.7831491827964783 0.13234677910804749 0.05308443680405617 0.7829887866973877
145.56502907988767 -3.338360698990073e-08 0.7831491827964783 0.1340084820985794 0.05308443680405617 0.7829887866973877
145.9165915798877 -3.338360698990073e-08 0.7831491827964783 0.1356641948223114 0.05308443680405617 0.7829887866973877
148.5533103298879 -3.338360698990073e-08 0.7831491827964783 0.14789271354675293 0.05308443680405617 0.7829887866973877
149.08065407988795 -3.338360698990073e-08 0.7831491827964783 0.15029862523078918 0.05308443680405617 0.7829887866973877
150.0 -3.336837295364603e-08 0.7831491827964783 0.15446233749389648 0.05308443680405617 0.7829887866973877
150.0001 -3.3358290352225595e-08 0.7831491827964783 0.15446388721466064 0.05308443680405617 0.7829887866973877
150.0003 -3.3339567551138316e-08 0.7831491827964783 0.15446648001670837 0.05308443680405617 0.7829886674880981
150.0007 -3.331351905444535e-08 0.7831491827964783 0.15446653962135315 0.05308356508612633 0.7829875946044922
150.00082296370806 -3.331047082610894e-08 0.7831491827964783 0.1544661521911621 0.05308165401220322 0.7829862833023071
150.0008939567924 -1.9971020392972605e-08 0.7831491827964783 0.15446670353412628 0.053079184144735336 0.7829845547676086
150.00092965927365 4.1886849544425786e-08 0.7831491827964783 0.15446723997592926 0.05307755991816521 0.7829831838607788
150.0009748788351 6.929306550773617e-07 0.7831491827964783 0.15446774661540985 0.05307522416114807 0.7829807996749878
150.00099488238612 1.4616670114264707e-06 0.7831491827964783 0.15446794033050537 0.05307411402463913 0.7829795479774475
150.001 1.7547195056977216e-06 0.7831491827964783 0.15446798503398895 0.05307382345199585 0.7829791903495789
150.0029986812303 0.00014650009688921273 0.7831491827964783 0.154484823346138 0.05295775830745697 0.7828369140625
150.0049973624606 0.0002912225027102977 0.7831491827964783 0.15450163185596466 0.05284172296524048 0.7826944589614868
150.06698674885467 0.004768351558595896 0.7831491827964783 0.1550205647945404 0.04926520958542824 0.7782375812530518
150.1289761352488 0.00922323390841484 0.7831491827964783 0.15553423762321472 0.04574905335903168 0.7737135291099548
150.25695422328823 0.018362633883953094 0.7831491827964783 0.1565810590982437 0.03870086371898651 0.7642032504081726
150.43273547328823 0.030809268355369568 0.7831491827964783 0.1579938679933548 0.029495103284716606 0.7508233189582825
150.60851672328826 0.04313128441572189 0.7831491827964783 0.1593775898218155 0.020979778841137886 0.7370990514755249
150.78429797328826 0.055322278290987015 0.7831491827964783 0.16073092818260193 0.013299169018864632 0.7230303287506104
150.9600792232883 0.06738289445638657 0.7831491827964783 0.16205427050590515 0.006482523400336504 0.7086132168769836
151.1358604732883 0.07933948934078217 0.7831491827964783 0.1633538007736206 0.000704205478541553 0.6939162611961365
151.17322567907033 0.08186572045087814 0.7831491827964783 0.1636265516281128 7.712397200521082e-05 0.6907491087913513
151.2104025804766 0.08437076210975647 0.7831491827964783 0.16389599442481995 -3.336486997795873e-08 0.6875718832015991
151.25793698790739 0.08756431937217712 0.7831491827964783 0.16423839330673218 -3.3364951690373346e-08 0.683490514755249
151.30525204428312 0.0907299667596817 0.7831491827964783 0.16457624733448029 -3.336511866791625e-08 0.6794045567512512
151.39988215703454 0.09702405333518982 0.7831491827964783 0.16524361073970795 -3.336549880827988e-08 0.6711469292640686
151.57566340703457 0.10861700773239136 0.7831491827964783 0.1664612740278244 -3.33660992168916e-08 0.655597984790802
151.75144465703457 0.12008931487798691 0.7831491827964783 0.1676522195339203 -3.33666179130887e-08 0.6398177146911621
152.1030071570346 0.14263665676116943 0.7831491827964783 0.16994698345661163 -3.3367644647341876e-08 0.6075220704078674
152.45456965703463 0.16465754806995392 0.7831491827964783 0.17212803661823273 -3.336861809088987e-08 0.5742664933204651
152.63035090703463 0.17547039687633514 0.7831491827964783 0.17317654192447662 -3.336909415452283e-08 0.557293176651001
152.80613215703465 0.1861514300107956 0.7831491827964783 0.17419736087322235 -3.336952758559164e-08 0.5401025414466858
152.98191340703465 0.19670066237449646 0.7831491827964783 0.1751907467842102 -3.336991838409631e-08 0.5227154493331909
153.33347590703468 0.21740369498729706 0.7831491827964783 0.1770963966846466 -3.337063247954575e-08 0.48740842938423157
153.5092571570347 0.22755762934684753 0.7831491827964783 0.17800922691822052 -3.3370998409054664e-08 0.46949899196624756
153.6850384070347 0.23757991194725037 0.7831491827964783 0.1788957715034485 -3.337136433856358e-08 0.45141440629959106
153.86081965703474 0.2474706918001175 0.7831491827964783 0.17975637316703796 -3.337169829364939e-08 0.4331631064414978
154.03660090703474 0.25723007321357727 0.7831491827964783 0.18059130012989044 -3.3372028696021516e-08 0.414753258228302
154.38816340703477 0.276355504989624 0.7831491827964783 0.18218554556369781 -3.337257581392805e-08 0.37750089168548584
154.5639446570348 0.28572195768356323 0.7831491827964783 0.18294551968574524 -3.337284582016764e-08 0.3586854636669159
154.7397259070348 0.2949579358100891 0.7831491827964783 0.1836811900138855 -3.337314069540298e-08 0.3397355079650879
154.9155071570348 0.30406370759010315 0.7831491827964783 0.18439291417598724 -3.337338583264682e-08 0.32065707445144653
155.26706965703482 0.3218860924243927 0.7831491827964783 0.1857459843158722 -3.3373808605574595e-08 0.2821895480155945
155.44285090703485 0.3306034505367279 0.7831491827964783 0.1863880753517151 -3.337402176839532e-08 0.26280444860458374
155.61863215703485 0.33919215202331543 0.7831491827964783 0.18700772523880005 -3.3374192298651906e-08 0.24333283305168152
155.79441340703488 0.34765270352363586 0.7831491827964783 0.18760532140731812 -3.337438414519056e-08 0.22378340363502502
156.1459759070349 0.36419129371643066 0.7831491827964783 0.1887359321117401 -3.3374817576259375e-08 0.18444640934467316
156.3217571570349 0.37227052450180054 0.7831491827964783 0.1892697811126709 -3.3375020080939066e-08 0.164696604013443
156.49753840703494 0.3802237808704376 0.7831491827964783 0.1897832155227661 -3.337519416390933e-08 0.14495345950126648
156.67331965703494 0.3880518674850464 0.7831491827964783 0.19027665257453918 -3.337534337788384e-08 0.12529467046260834
157.02488215703497 0.4033360481262207 0.7831491827964783 0.1912052184343338 -3.337566312211493e-08 0.08676761388778687
157.200663407035 0.4107929468154907 0.7831491827964783 0.19164124131202698 -3.3375819441516796e-08 0.06850036233663559
157.376444657035 0.4181271195411682 0.7831491827964783 0.1920589804649353 -3.337596155006395e-08 0.05147876217961311
157.552225907035 0.4253396987915039 0.7831491827964783 0.1924588978290558 -3.337607878961535e-08 0.03613009676337242
157.72800715703502 0.432431697845459 0.7831491827964783 0.19284145534038544 -3.3376174712884676e-08 0.022798068821430206
157.90378840703502 0.4394039511680603 0.7831491827964783 0.19320708513259888 -3.337625642529929e-08 0.011631138622760773
158.07956965703505 0.44627705216407776 0.7831491827964783 0.19355887174606323 -3.337632037414551e-08 0.002466754987835884
158.1403835432288 0.448630690574646 0.7831491827964783 0.19367724657058716 -3.3376331032286544e-08 0.00019900671031791717
158.15477926904487 0.4491845369338989 0.7831491827964783 0.19370481371879578 -3.3376331032286544e-08 -3.337633458500022e-08
158.1620680047638 0.44946444034576416 0.7831491827964783 0.19371870160102844 -3.3376331032286544e-08 -3.337633458500022e-08
158.7316750416936 0.4706723392009735 0.7831491827964783 0.19471614062786102 -3.3376331032286544e-08 -3.337633458500022e-08
158.9074562916936 0.47698041796684265 0.7831491827964783 0.19499364495277405 -3.3376331032286544e-08 -3.337633458500022e-08
159.08323754169362 0.483175665140152 0.7831491827964783 0.19525721669197083 -3.3376331032286544e-08 -3.337633458500022e-08
159.25901879169362 0.48925918340682983 0.7831491827964783 0.19550734758377075 -3.3376331032286544e-08 -3.337633458500022e-08
159.43480004169365 0.4952321946620941 0.7831491827964783 0.19574445486068726 -3.3376331032286544e-08 -3.337633458500022e-08
159.61058129169365 0.5010958909988403 0.7831491827964783 0.19596898555755615 -3.3376331032286544e-08 -3.337633458500022e-08
159.78636254169368 0.5068514347076416 0.7831491827964783 0.19618138670921326 -3.3376331032286544e-08 -3.337633458500022e-08
159.96214379169368 0.5125001072883606 0.7831491827964783 0.1963820904493332 -3.3376331032286544e-08 -3.337633458500022e-08
160.3137062916937 0.5234820246696472 0.7831491827964783 0.19675011932849884 -3.3376331032286544e-08 -3.337633458500022e-08
160.4894875416937 0.528817892074585 0.7831491827964783 0.1969182938337326 -3.3376331032286544e-08 -3.337633458500022e-08
160.66526879169373 0.5340520143508911 0.7831491827964783 0.1970764696598053 -3.3376331032286544e-08 -3.337633458500022e-08
160.84105004169373 0.5391858816146851 0.7831491827964783 0.19722504913806915 -3.3376331032286544e-08 -3.337633458500022e-08
161.01683129169376 0.5442208647727966 0.7831491827964783 0.1973644345998764 -3.3376331032286544e-08 -3.337633458500022e-08
161.19261254169376 0.5491582155227661 0.7831491827964783 0.19749502837657928 -3.3376331032286544e-08 -3.337633458500022e-08
161.3683937916938 0.5539994835853577 0.7831491827964783 0.19761720299720764 -3.3376331032286544e-08 -3.337633458500022e-08
161.5441750416938 0.5587459206581116 0.7831491827964783 0.1977313756942749 -3.3376331032286544e-08 -3.337633458500022e-08
161.89573754169382 0.567960262298584 0.7831491827964783 0.19793710112571716 -3.3376331032286544e-08 -3.337633458500022e-08
162.07151879169385 0.5724309682846069 0.7831491827964783 0.19802938401699066 -3.3376331032286544e-08 -3.337633458500022e-08
162.24730004169385 0.5768126249313354 0.7831491827964783 0.19811508059501648 -3.3376331032286544e-08 -3.337633458500022e-08
162.42308129169388 0.5811066627502441 0.7831491827964783 0.19819453358650208 -3.3376331032286544e-08 -3.337633458500022e-08
162.59886254169388 0.5853145122528076 0.7831491827964783 0.1982680857181549 -3.3376331032286544e-08 -3.337633458500022e-08
162.77464379169388 0.5894376039505005 0.7831491827964783 0.19833602011203766 -3.3376331032286544e-08 -3.337633458500022e-08
162.9504250416939 0.5934774279594421 0.7831491827964783 0.1983986794948578 -3.3376331032286544e-08 -3.337633458500022e-08
163.1262062916939 0.5974353551864624 0.7831491827964783 0.19845633208751678 -3.3376331032286544e-08 -3.337633458500022e-08
163.47776879169393 0.6051115393638611 0.7831491827964783 0.19855785369873047 -3.3376331032286544e-08 -3.337633458500022e-08
163.65355004169396 0.608832597732544 0.7831491827964783 0.19860227406024933 -3.3376331032286544e-08 -3.337633458500022e-08
163.82933129169396 0.6124774813652039 0.7831491827964783 0.1986428052186966 -3.3376331032286544e-08 -3.337633458500022e-08
164.005112541694 0.616047739982605 0.7831491827964783 0.19867968559265137 -3.3376331032286544e-08 -3.337633458500022e-08
164.35667504169402 0.6229696869850159 0.7831491827964783 0.198743537068367 -3.3376331032286544e-08 -3.337633458500022e-08
164.53245629169402 0.6263242363929749 0.7831491827964783 0.1987709254026413 -3.3376331032286544e-08 -3.337633458500022e-08
164.70823754169405 0.6296096444129944 0.7831491827964783 0.1987956017255783 -3.3376331032286544e-08 -3.337633458500022e-08
164.88401879169405 0.6328272819519043 0.7831491827964783 0.19881774485111237 -3.3376331032286544e-08 -3.337633458500022e-08
165.23558129169407 0.6390647888183594 0.7831491827964783 0.1988552212715149 -3.3376331032286544e-08 -3.337633458500022e-08
165.41136254169407 0.6420872211456299 0.7831491827964783 0.19887091219425201 -3.3376331032286544e-08 -3.337633458500022e-08
165.5871437916941 0.6450472474098206 0.7831491827964783 0.1988847851753235 -3.3376331032286544e-08 -3.337633458500022e-08
165.7629250416941 0.6479461193084717 0.7831491827964783 0.19889701902866364 -3.3376331032286544e-08 -3.337633458500022e-08
166.11448754169413 0.6535655856132507 0.7831491827964783 0.19891707599163055 -3.3376331032286544e-08 -3.337633458500022e-08
166.29026879169416 0.6562886834144592 0.7831491827964783 0.1989251971244812 -3.3376331032286544e-08 -3.337633458500022e-08
166.46605004169416 0.6589556336402893 0.7831491827964783 0.19893218576908112 -3.337633458500022e-08 -3.337633458500022e-08
166.6418312916942 0.6615676879882812 0.7831491827964783 0.19893817603588104 -3.337633458500022e-08 -3.337633458500022e-08
166.99339379169422 0.6666317582130432 0.7831491827964783 0.19894757866859436 -3.337633458500022e-08 -3.337633458500022e-08
167.16917504169422 0.6690860986709595 0.7831491827964783 0.19895118474960327 -3.337633458500022e-08 -3.337633458500022e-08
167.34495629169422 0.6714901924133301 0.7831491827964783 0.19895417988300323 -3.337633458500022e-08 -3.337633458500022e-08
167.52073754169425 0.673845112323761 0.7831491827964783 0.19895663857460022 -3.337633458500022e-08 -3.337633458500022e-08
167.87230004169427 0.6784118413925171 0.7831491827964783 0.19896021485328674 -3.337633458500022e-08 -3.337633458500022e-08
168.04808129169427 0.6806257963180542 0.7831491827964783 0.19896146655082703 -3.337633458500022e-08 -3.337633458500022e-08
168.2238625416943 0.6827948093414307 0.7831491827964783 0.19896243512630463 -3.337633458500022e-08 -3.337633458500022e-08
168.3996437916943 0.6849199533462524 0.7831491827964783 0.19896316528320312 -3.337633458500022e-08 -3.337633458500022e-08
168.57542504169433 0.6870022416114807 0.7831491827964783 0.1989637017250061 -3.337633458500022e-08 -3.337633458500022e-08
168.92698754169436 0.6910420060157776 0.7831491827964783 0.19896434247493744 -3.337633458500022e-08 -3.337633458500022e-08
169.10276879169436 0.693001389503479 0.7831491827964783 0.19896450638771057 -3.337633458500022e-08 -3.337633458500022e-08
169.2785500416944 0.6949216723442078 0.7831491827964783 0.19896462559700012 -3.337633458500022e-08 -3.337633458500022e-08
169.4543312916944 0.6968037486076355 0.7831491827964783 0.1989646703004837 -3.337633458500022e-08 -3.337633458500022e-08
170.15745629169444 0.7039673924446106 0.7831491827964783 0.19896471500396729 -3.337633458500022e-08 -3.337633458500022e-08
170.33323754169444 0.7056713104248047 0.7831491827964783 0.19896471500396729 -3.337633458500022e-08 -3.337633458500022e-08
170.50901879169447 0.7073419690132141 0.7831491827964783 0.19896471500396729 -3.337633458500022e-08 -3.337633458500022e-08
170.68480004169447 0.7089802026748657 0.7831491827964783 0.19896471500396729 -3.337633458500022e-08 -3.337633458500022e-08
171.21214379169453 0.7137079238891602 0.7831491827964783 0.19896471500396729 -3.337633458500022e-08 -3.337633458500022e-08
171.38792504169453 0.7152238488197327 0.7831491827964783 0.19896471500396729 -3.337633458500022e-08 -3.337633458500022e-08
171.56370629169456 0.7167109251022339 0.7831491827964783 0.19896471500396729 -3.337633458500022e-08 -3.337633458500022e-08
171.73948754169456 0.7181698083877563 0.7831491827964783 0.19896471500396729 -3.337633458500022e-08 -3.337633458500022e-08
172.2668312916946 0.7223840951919556 0.7831491827964783 0.19896471500396729 -3.337633458500022e-08 -3.337633458500022e-08
172.44261254169461 0.7237367630004883 0.7831491827964783 0.19896471500396729 -3.337633458500022e-08 -3.337633458500022e-08
172.61839379169461 0.7250643372535706 0.7831491827964783 0.19896471500396729 -3.337633458500022e-08 -3.337633458500022e-08
172.79417504169464 0.7263674736022949 0.7831491827964783 0.19896471500396729 -3.337633458500022e-08 -3.337633458500022e-08
172.96995629169464 0.7276466488838196 0.7831491827964783 0.19896471500396729 -3.337633458500022e-08 -3.337633458500022e-08
173.84886254169473 0.7337030172348022 0.7831491827964783 0.19896471500396729 -3.337633458500022e-08 -3.337633458500022e-08
174.02464379169473 0.7348498702049255 0.7831491827964783 0.19896471500396729 -3.337633458500022e-08 -3.337633458500022e-08
174.20042504169476 0.7359764575958252 0.7831491827964783 0.19896471500396729 -3.337633458500022e-08 -3.337633458500022e-08
174.37620629169476 0.7370830774307251 0.7831491827964783 0.19896471500396729 -3.337633458500022e-08 -3.337633458500022e-08
175.2551125416948 0.7423338890075684 0.7831491827964783 0.19896471500396729 -3.337633458500022e-08 -3.337633458500022e-08
175.43089379169484 0.7433304190635681 0.7831491827964783 0.19896471500396729 -3.337633458500022e-08 -3.337633458500022e-08
175.60667504169484 0.7443100214004517 0.7831491827964783 0.19896471500396729 -3.337633458500022e-08 -3.337633458500022e-08
175.78245629169487 0.7452729940414429 0.7831491827964783 0.19896471500396729 -3.337633458500022e-08 -3.337633458500022e-08
177.01292504169496 0.751579999923706 0.7831491827964783 0.19896471500396729 -3.337633458500022e-08 -3.337633458500022e-08
177.18870629169496 0.7524229288101196 0.7831491827964783 0.19896471500396729 -3.337633458500022e-08 -3.337633458500022e-08
177.36448754169498 0.7532522678375244 0.7831491827964783 0.19896471500396729 -3.337633458500022e-08 -3.337633458500022e-08
177.54026879169498 0.7540683746337891 0.7831491827964783 0.19896471500396729 -3.337633458500022e-08 -3.337633458500022e-08
178.15550316669504 0.7568240165710449 0.7831491827964783 0.19896471500396729 -3.337633458500022e-08 -3.337633458500022e-08
178.7707375416951 0.7594318985939026 0.7831491827964783 0.19896471500396729 -3.337633458500022e-08 -3.337633458500022e-08
178.9465187916951 0.7601513266563416 0.7831491827964783 0.19896471500396729 -3.337633458500022e-08 -3.337633458500022e-08
179.12230004169513 0.7608598470687866 0.7831491827964783 0.19896471500396729 -3.337633458500022e-08 -3.337633458500022e-08
179.29808129169513 0.7615575790405273 0.7831491827964783 0.19896471500396729 -3.337633458500022e-08 -3.337633458500022e-08
179.82542504169515 0.7635886073112488 0.7831491827964783 0.19896471500396729 -3.337633458500022e-08 -3.337633458500022e-08
179.99999999999997 0.764243483543396 0.7831491827964783 0.19896471500396729 -3.337633458500022e-08 -3.337633458500022e-08
