time a b c w1
0.0 0.0 0.0 0.0 0.0
2.34374997708231e-06 1.0801570415496826 2.34398437508335e-23 2.34398437508335e-23 2.34398437508335e-23
2.3531289769906394e-06 1.0037916898727417 2.35336424679079e-23 2.35336424679079e-23 2.35336424679079e-23
2.3718869768072985e-06 0.9922298789024353 2.372124147977851e-23 2.372124147977851e-23 2.372124147977851e-23
2.449126245505041e-06 0.9876051545143127 2.449371143311084e-23 2.449371143311084e-23 2.449371143311084e-23
0.00019360463173130613 0.9876051545143127 1.9362399824984054e-21 1.9362399824984054e-21 1.9362399824984054e-21
0.00038480681743822704 0.9876051545143127 3.8484529531415596e-21 3.8484529531415596e-21 -5.559572802127377e-09
0.0007672111888520689 0.9876051545143127 7.672878894427868e-21 7.672878894427868e-21 -2.705564838834107e-08
0.001 0.9876051545143127 1.0000999731091105e-20 1.0000999731091105e-20 -3.338777787575964e-08
29.999999999999996 0.9876051545143127 3.000300019364487e-16 3.000300019364487e-16 -3.338760379278938e-08
30.000099999999996 0.9876051545143127 3.0003100778807355e-16 3.0003100778807355e-16 -3.336576170909211e-08
30.0003 0.9876051545143127 3.0003299302154367e-16 3.0003299302154367e-16 -3.33441789734934e-08
30.0007 0.9876051545143127 3.0003698995826353e-16 3.0003698995826353e-16 -3.3332284488096775e-08
30.001 0.9876051545143127 3.000400075131381e-16 3.000400075131381e-16 -3.332718279125402e-08
59.99999999999999 0.9876051545143127 6.000600038728974e-16 6.000600038728974e-16 -3.332718279125402e-08
60.000099999999996 0.9876051545143127 6.000610097245222e-16 6.000610097245222e-16 -3.332718279125402e-08
60.000299999999996 0.987605094909668 6.00063021427772e-16 6.00063021427772e-16 -3.332718279125402e-08
60.000699999999995 0.9876047968864441 6.000669918947122e-16 6.000669918947122e-16 -3.332718279125402e-08
60.001000000000005 0.9876042008399963 6.000700094495868e-16 6.000700094495868e-16 -3.332718279125402e-08
60.00608000000005 0.9875457286834717 6.001207784868629e-16 6.001207784868629e-16 -3.332718279125402e-08
60.01116000000009 0.9874868988990784 6.001716004636981e-16 6.001716004636981e-16 -3.332718279125402e-08
60.04188000000037 0.9871236681938171 6.004788616653146e-16 6.004788616653146e-16 -3.332718279125402e-08
60.082840000000736 0.9866187572479248 6.008885079744305e-16 6.008885079744305e-16 -3.332718279125402e-08
60.328600000002936 0.9830548763275146 6.033463328895664e-16 6.033463328895664e-16 -3.332718279125402e-08
60.562975000002936 0.9788246750831604 6.056903377524151e-16 6.056903377524151e-16 -3.332718279125402e-08
60.79735000000293 0.9735975861549377 6.080342896757046e-16 6.080342896757046e-16 -3.332718279125402e-08
61.26610000000293 0.9589993953704834 6.127222464618427e-16 6.127222464618427e-16 -3.332718279125402e-08
61.50047500000293 0.949152946472168 6.150662513246914e-16 6.150662513246914e-16 -3.332718279125402e-08
61.734850000002936 0.9373630881309509 6.1741025618754e-16 6.1741025618754e-16 -3.332718279125402e-08
61.969225000002936 0.9235391616821289 6.197542081108295e-16 6.197542081108295e-16 -3.332718279125402e-08
62.20360000000294 0.9076768159866333 6.220982129736782e-16 6.220982129736782e-16 -3.332718279125402e-08
62.43797500000295 0.8898481130599976 6.244421648969676e-16 6.244421648969676e-16 -3.332718279125402e-08
62.67235000000295 0.8701817393302917 6.267861697598163e-16 6.267861697598163e-16 -3.332718279125402e-08
62.90672500000296 0.8488386869430542 6.2913017462266495e-16 6.2913017462266495e-16 -3.332718279125402e-08
63.14110000000296 0.8259910941123962 6.314741265459544e-16 6.314741265459544e-16 -3.332718279125402e-08
63.375475000002965 0.80180823802948 6.338181314088031e-16 6.338181314088031e-16 -3.332718279125402e-08
63.609850000002965 0.7764479517936707 6.361621362716517e-16 6.361621362716517e-16 -3.332718279125402e-08
63.84422500000297 0.7500525116920471 6.385060881949412e-16 6.385060881949412e-16 -3.332718279125402e-08
64.07860000000298 0.7227472066879272 6.408500930577899e-16 6.408500930577899e-16 -3.332718279125402e-08
64.31297500000298 0.6946410536766052 6.431940449810793e-16 6.431940449810793e-16 -3.332718279125402e-08
64.54735000000298 0.6658283472061157 6.45538049843928e-16 6.45538049843928e-16 -3.332718279125402e-08
64.781725000003 0.636390209197998 6.478820547067767e-16 6.478820547067767e-16 -3.332718279125402e-08
65.016100000003 0.6063963174819946 6.502260066300661e-16 6.502260066300661e-16 -3.332718279125402e-08
65.250475000003 0.5759068727493286 6.525700114929148e-16 6.525700114929148e-16 -3.332718279125402e-08
65.484850000003 0.5449737310409546 6.549139634162043e-16 6.549139634162043e-16 -3.332718279125402e-08
65.71922500000301 0.5136418342590332 6.572579682790529e-16 6.572579682790529e-16 -3.332718279125402e-08
65.95360000000301 0.4819500744342804 6.596019731419016e-16 6.596019731419016e-16 -3.332718279125402e-08
66.18797500000301 0.4499324858188629 6.619459250651911e-16 6.619459250651911e-16 -3.332718279125402e-08
66.42235000000302 0.41761890053749084 6.642899299280397e-16 6.642899299280397e-16 -3.332718279125402e-08
66.65672500000302 0.38503560423851013 6.666338818513292e-16 6.666338818513292e-16 -3.332718279125402e-08
66.89110000000302 0.35220617055892944 6.689778867141778e-16 6.689778867141778e-16 -3.332718279125402e-08
67.12547500000302 0.319152295589447 6.713218915770265e-16 6.713218915770265e-16 -3.332718279125402e-08
67.35985000000304 0.28589558601379395 6.73665843500316e-16 6.73665843500316e-16 -3.332718279125402e-08
67.59422500000304 0.25246137380599976 6.760098483631646e-16 6.760098483631646e-16 -3.332718279125402e-08
67.82860000000304 0.2188875675201416 6.783538532260133e-16 6.783538532260133e-16 -3.332718279125402e-08
68.06297500000305 0.18524770438671112 6.806978051493028e-16 6.806978051493028e-16 -3.332718279125402e-08
68.29735000000305 0.15170590579509735 6.830418100121514e-16 6.830418100121514e-16 -3.332718279125402e-08
68.53172500000305 0.11863702535629272 6.853857619354409e-16 6.853857619354409e-16 -3.332718279125402e-08
68.76610000000305 0.08682480454444885 6.877297667982896e-16 6.877297667982896e-16 -3.332718279125402e-08
69.00047500000306 0.05760042369365692 6.900737716611382e-16 6.900737716611382e-16 -3.332718279125402e-08
69.23485000000306 0.03256739303469658 6.924177235844277e-16 6.924177235844277e-16 -3.332718279125402e-08
69.46922500000306 0.012401370331645012 6.947617284472764e-16 6.947617284472764e-16 -3.332718279125402e-08
69.62791883913661 0.0019530472345650196 6.963488034926349e-16 6.963488034926349e-16 -3.332718279125402e-08
69.6743779910238 3.528463275870308e-05 6.968134540037631e-16 6.968134540037631e-16 -3.332718279125402e-08
69.67701437584057 -3.3387607345503056e-08 6.968398179042464e-16 6.968398179042464e-16 -3.332718279125402e-08
89.99999999999999 -3.3387966169584615e-08 9.000900322791256e-16 9.000900322791256e-16 -3.332718279125402e-08
90.0001 -3.336588250135719e-08 9.000909851911913e-16 9.000909851911913e-16 -3.332718279125402e-08
90.0003 -3.33441789734934e-08 9.00092996894441e-16 9.00092996894441e-16 -3.332718279125402e-08
90.0007 -3.333267528660144e-08 2.6032639450146097e-14 9.000970203009405e-16 -3.332718279125402e-08
90.00082296342713 -2.5368962042193743e-08 2.1786210169238984e-08 9.00098184971243e-16 -3.332718279125402e-08
90.00089395648246 6.939038854625323e-08 1.0758940049981902e-07 9.000989261250718e-16 -3.332718279125402e-08
90.00092973996527 2.035060759908447e-07 2.3545580063455418e-07 9.000993496415454e-16 -3.332718279125402e-08
90.0009513917419 3.1887034879218845e-07 3.7310903167053766e-07 9.000995613997823e-16 -3.332718279125402e-08
90.00096351920413 5.293829872243805e-07 4.926709493702219e-07 9.000996672789007e-16 -3.332718279125402e-08
90.0009729044687 9.762272838997887e-07 6.32548506018793e-07 9.00099773158019e-16 -3.332718279125402e-08
90.00098430523128 1.924729303937056e-06 8.6529894360865e-07 9.000998790371375e-16 -3.332718279125402e-08
90.001 3.6152594020677498e-06 1.2468727845771355e-06 9.000999849162559e-16 -3.332718279125402e-08
90.03183502640175 0.004401995800435543 0.0009118368616327643 9.004084107881749e-16 -3.332718279125402e-08
90.062671934939 0.008791062980890274 0.0018191307317465544 9.007167307809754e-16 -3.332718279125402e-08
90.12434575201355 0.017540283501148224 0.0036236175801604986 9.013335825248134e-16 -3.332718279125402e-08
90.24769338616261 0.03492404520511627 0.0071926661767065525 9.025671801333708e-16 -3.332718279125402e-08
90.48206838616261 0.06763187795877457 0.013862159103155136 9.049111320566603e-16 -3.332718279125402e-08
90.71644338616261 0.09992065280675888 0.020387081429362297 9.072551898590682e-16 -3.332718279125402e-08
90.95081838616262 0.13172125816345215 0.026744553819298744 9.095991417823576e-16 -3.332718279125402e-08
91.18519338616262 0.1630173921585083 0.03293025866150856 9.119430937056471e-16 -3.332718279125402e-08
91.65394338616262 0.22402629256248474 0.044768232852220535 9.166311034313444e-16 -3.332718279125402e-08
91.88831838616264 0.253702312707901 0.050411324948072433 9.189750553546339e-16 -3.332718279125402e-08
92.12269338616264 0.2828005254268646 0.05586434155702591 9.213190072779234e-16 -3.332718279125402e-08
92.35706838616264 0.31130099296569824 0.06112271174788475 9.236630650803312e-16 -3.332718279125402e-08
92.82581838616265 0.36642664670944214 0.07103768736124039 9.283509689269102e-16 -3.332718279125402e-08
93.06019338616265 0.3930097818374634 0.0756857767701149 9.30695026729318e-16 -3.332718279125402e-08
93.29456838616265 0.41891127824783325 0.08012232184410095 9.330389786526075e-16 -3.332718279125402e-08
93.52894338616267 0.44410985708236694 0.0843437910079956 9.35382930575897e-16 -3.332718279125402e-08
93.76331838616267 0.468584269285202 0.08834708482027054 9.377269883783048e-16 -3.332718279125402e-08
93.99769338616267 0.49231380224227905 0.0921296626329422 9.400709403015943e-16 -3.332718279125402e-08
94.23206838616268 0.5152784585952759 0.09568962454795837 9.424148922248837e-16 -3.332718279125402e-08
94.46644338616268 0.537459135055542 0.09902582317590714 9.447589500272916e-16 -3.332718279125402e-08
94.70081838616268 0.5588383674621582 0.10213801264762878 9.47102901950581e-16 -3.332718279125402e-08
94.93519338616268 0.5794002413749695 0.10502691566944122 9.494468538738705e-16 -3.332718279125402e-08
95.6383183861627 0.6360585689544678 0.11237810552120209 9.564788155228573e-16 -3.332718279125402e-08
95.87269338616271 0.6532421708106995 0.11440420150756836 9.588227674461468e-16 -3.332718279125402e-08
96.10706838616271 0.669569730758667 0.11622849106788635 9.611668252485547e-16 -3.332718279125402e-08
96.34144338616271 0.6850440502166748 0.11785908043384552 9.635107771718441e-16 -3.332718279125402e-08
96.57581838616271 0.6996721625328064 0.1193053126335144 9.658547290951336e-16 -3.332718279125402e-08
96.81019338616272 0.7134652137756348 0.12057757377624512 9.681987868975415e-16 -3.332718279125402e-08
97.04456838616272 0.7264386415481567 0.12168721109628677 9.70542738820831e-16 -3.332718279125402e-08
97.27894338616272 0.7386118769645691 0.12264629453420639 9.728866907441204e-16 -3.332718279125402e-08
97.51331838616272 0.750008225440979 0.12346741557121277 9.752307485465283e-16 -3.332718279125402e-08
97.74769338616274 0.7606544494628906 0.12416344881057739 9.775747004698177e-16 -3.332718279125402e-08
97.98206838616274 0.7705803513526917 0.12474729120731354 9.799186523931072e-16 -3.332718279125402e-08
98.21644338616274 0.7798181772232056 0.12523166835308075 9.822626043163966e-16 -3.332718279125402e-08
98.45081838616275 0.788402259349823 0.12562885880470276 9.846066621188045e-16 -3.332718279125402e-08
98.91956838616275 0.803752064704895 0.1262076497077942 9.892945659653834e-16 -3.332718279125402e-08
99.38831838616277 0.8169206380844116 0.12656739354133606 9.939825756910808e-16 -3.332718279125402e-08
99.85706838616277 0.8281949758529663 0.12677685916423798 9.986705854167781e-16 -3.332718279125402e-08
100.32581838616278 0.8378453254699707 0.12688928842544556 1.003358489263357e-15 -3.332718279125402e-08
100.56019338616278 0.8421391844749451 0.12692172825336456 1.0057024411866465e-15 -3.332718279125402e-08
100.79456838616278 0.8461167216300964 0.1269434243440628 1.0080464989890544e-15 -3.332718279125402e-08
101.0289433861628 0.8498038053512573 0.12695720791816711 1.0103904509123438e-15 -3.332718279125402e-08
101.2633183861628 0.8532242774963379 0.12696531414985657 1.0127344028356333e-15 -3.332718279125402e-08
101.4976933861628 0.8564008474349976 0.12696970999240875 1.0150784606380412e-15 -3.332718279125402e-08
101.73206838616281 0.8593540787696838 0.12697187066078186 1.0174224125613306e-15 -3.332718279125402e-08
101.96644338616281 0.8621028065681458 0.1269727349281311 1.01976636448462e-15 -3.332718279125402e-08
102.20081838616281 0.8646640777587891 0.1269729733467102 1.022110422287028e-15 -3.332718279125402e-08
102.90394338616282 0.871375322341919 0.12697291374206543 1.0291423839360147e-15 -3.332718279125402e-08
103.13831838616282 0.8733320832252502 0.12697291374206543 1.0314863358593042e-15 -3.332718279125402e-08
103.37269338616284 0.8751671314239502 0.12697291374206543 1.0338302877825937e-15 -3.332718279125402e-08
103.60706838616284 0.8768899440765381 0.12697291374206543 1.0361742397058831e-15 -3.332718279125402e-08
104.54456838616285 0.8828281164169312 0.12697291374206543 1.0455502591572778e-15 -3.332718279125402e-08
104.77894338616285 0.8841103315353394 0.12697291374206543 1.0478942110805673e-15 -3.332718279125402e-08
105.01331838616287 0.8853237628936768 0.12697291374206543 1.0502381630038567e-15 -3.332718279125402e-08
105.24769338616287 0.8864734172821045 0.12697291374206543 1.0525822208062646e-15 -3.332718279125402e-08
105.48206838616287 0.8875637650489807 0.12697291374206543 1.054926172729554e-15 -3.332718279125402e-08
105.71644338616287 0.8885988593101501 0.12697291374206543 1.0572701246528435e-15 -3.332718279125402e-08
105.95081838616288 0.8895823955535889 0.12697291374206543 1.0596141824552514e-15 -3.332718279125402e-08
106.18519338616288 0.8905179500579834 0.12697291374206543 1.0619581343785408e-15 -3.332718279125402e-08
107.1226933861629 0.8938432931900024 0.12697291374206543 1.0713340479508171e-15 -3.332718279125402e-08
107.3570683861629 0.8945836424827576 0.12697291374206543 1.0736779998741066e-15 -3.332718279125402e-08
107.59144338616291 0.8952921628952026 0.12697291374206543 1.0760220576765144e-15 -3.332718279125402e-08
107.82581838616291 0.8959707021713257 0.12697291374206543 1.0783660095998039e-15 -3.332718279125402e-08
108.99769338616292 0.8989729881286621 0.12697291374206543 1.090085980974488e-15 -3.332718279125402e-08
109.23206838616294 0.899505615234375 0.12697291374206543 1.0924299328977775e-15 -3.332718279125402e-08
109.46644338616294 0.9000184535980225 0.12697291374206543 1.094773884821067e-15 -3.332718279125402e-08
109.70081838616294 0.9005124568939209 0.12697291374206543 1.0971178367443564e-15 -3.332718279125402e-08
112.161755886163 0.9047877788543701 0.12697291374206543 1.1217297554553694e-15 -3.332718279125402e-08
114.62269338616302 0.9078758358955383 0.12697291374206543 1.146341568287264e-15 -3.332718279125402e-08
114.85706838616302 0.9081262946128845 0.12697291374206543 1.1486855202105534e-15 -3.332718279125402e-08
115.09144338616304 0.9083703756332397 0.12697291374206543 1.1510295780129613e-15 -3.332718279125402e-08
115.32581838616304 0.9086082577705383 0.12697291374206543 1.1533735299362508e-15 -3.332718279125402e-08
115.79456838616304 0.9090666174888611 0.12697291374206543 1.1580614337828297e-15 -3.332718279125402e-08
116.26331838616305 0.9095030426979065 0.12697291374206543 1.162749443508527e-15 -3.332718279125402e-08
119.99999999999999 0.9123590588569641 0.12697291374206543 1.2001200077457947e-15 -3.332718279125402e-08
120.0001 0.912358820438385 0.12697291374206543 1.2001209606578604e-15 -3.332718279125402e-08
120.0003 0.9123585820198059 0.12697291374206543 1.2001229723611101e-15 -3.332718279125402e-08
120.0007 0.9123584628105164 0.12697291374206543 1.0690766316656664e-07 -3.332718279125402e-08
120.00082296355271 0.9123584628105164 0.12697291374206543 6.109848413871077e-07 -1.4809815596095177e-08
120.00089395691005 0.9123584628105164 0.12697291374206543 1.7825664144766051e-06 5.2755943613647105e-08
120.00093191271024 0.9123584628105164 0.12697291374206543 3.3606975193833932e-06 2.0348890927834873e-07
120.00097314121194 0.9123584628105164 0.12697291374206543 6.414627932826988e-06 6.213142000888183e-07
120.001 0.9123584628105164 0.12697291374206543 9.190860509988852e-06 1.0895882951444946e-06
120.3579001226113 0.9123584628105164 0.12697291374206543 0.05037165805697441 0.010350286960601807
120.71480024522259 0.9123584628105164 0.12697291374206543 0.09970130026340485 0.020341675728559494
120.9491752452226 0.9123584628105164 0.12697291374206543 0.1315053105354309 0.02670031413435936
121.1835502452226 0.9123584628105164 0.12697291374206543 0.16280497610569 0.03288721293210983
121.6523002452226 0.9123584628105164 0.12697291374206543 0.22382128238677979 0.04472767189145088
121.88667524522262 0.9123584628105164 0.12697291374206543 0.25350120663642883 0.05037205293774605
122.35542524522259 0.9123584628105164 0.12697291374206543 0.3111081123352051 0.06108611449599266
122.82417524522258 0.9123584628105164 0.12697291374206543 0.36624252796173096 0.07100388407707214
123.05855024522256 0.9123584628105164 0.12697291374206543 0.3928302526473999 0.07565340399742126
123.52730024522255 0.9123584628105164 0.12697291374206543 0.4439399838447571 0.08431436121463776
123.99605024522253 0.9123584628105164 0.12697291374206543 0.49215415120124817 0.0921032652258873
124.4648002452225 0.9123584628105164 0.12697291374206543 0.5373102426528931 0.09900249540805817
125.16792524522248 0.9123584628105164 0.12697291374206543 0.5989991426467896 0.10767558962106705
125.40230024522248 0.9123584628105164 0.12697291374206543 0.6178937554359436 0.11012604832649231
125.63667524522246 0.9123584628105164 0.12697291374206543 0.6359381675720215 0.11236226558685303
125.87105024522245 0.9123584628105164 0.12697291374206543 0.6531276702880859 0.11438977718353271
126.10542524522245 0.9123584628105164 0.12697291374206543 0.6694610714912415 0.11621542274951935
126.33980024522243 0.9123584628105164 0.12697291374206543 0.6849412322044373 0.11784730851650238
126.57417524522242 0.9123584628105164 0.12697291374206543 0.6995750665664673 0.11929476261138916
126.80855024522242 0.9123584628105164 0.12697291374206543 0.7133737802505493 0.1205681785941124
127.0429252452224 0.9123584628105164 0.12697291374206543 0.7263527512550354 0.12167888879776001
127.27730024522239 0.9123584628105164 0.12697291374206543 0.7385313510894775 0.12263895571231842
127.51167524522239 0.9123584628105164 0.12697291374206543 0.7499330043792725 0.12346097826957703
127.74605024522238 0.9123584628105164 0.12697291374206543 0.7605842351913452 0.12415782362222672
128.91792524522234 0.9123584628105164 0.12697291374206543 0.8037084937095642 0.12620048224925995
129.1523002452223 0.9123584628105164 0.12697291374206543 0.8105524182319641 0.12640047073364258
129.3866752452223 0.9123584628105164 0.12697291374206543 0.8168861269950867 0.12655511498451233
129.6210502452223 0.9123584628105164 0.12697291374206543 0.8227455019950867 0.12667261064052582
130.08980024522228 0.9123584628105164 0.12697291374206543 0.8331789374351501 0.1268238127231598
130.32417524522228 0.9123584628105164 0.12697291374206543 0.8378180265426636 0.12686894834041595
130.55855024522225 0.9123584628105164 0.12697291374206543 0.8421124815940857 0.12689992785453796
130.79292524522225 0.9123584628105164 0.12697291374206543 0.8460904359817505 0.12692038714885712
131.02730024522225 0.9123584628105164 0.12697291374206543 0.84977787733078 0.1269332319498062
131.26167524522222 0.9123584628105164 0.12697291374206543 0.8531991243362427 0.1269407868385315
131.73042524522222 0.9123584628105164 0.12697291374206543 0.859330415725708 0.12694673240184784
132.90230024522216 0.9123584628105164 0.12697291374206543 0.8713550567626953 0.12694740295410156
133.13667524522216 0.9123584628105164 0.12697291374206543 0.8733118176460266 0.12694740295410156
133.37105024522214 0.9123584628105164 0.12697291374206543 0.8751470446586609 0.12694740295410156
133.60542524522214 0.9123584628105164 0.12697291374206543 0.8768704533576965 0.12694740295410156
134.0741752452221 0.9123584628105164 0.12697291374206543 0.8800167441368103 0.12694740295410156
134.3085502452221 0.9123584628105164 0.12697291374206543 0.8814550638198853 0.12694740295410156
134.77730024522208 0.9123584628105164 0.12697291374206543 0.8840956687927246 0.12694740295410156
135.01167524522208 0.9123584628105164 0.12697291374206543 0.8853095173835754 0.12694740295410156
135.48042524522205 0.9123584628105164 0.12697291374206543 0.887549877166748 0.12694740295410156
135.71480024522205 0.9123584628105164 0.12697291374206543 0.8885851502418518 0.12694740295410156
136.18355024522202 0.9123584628105164 0.12697291374206543 0.8905052542686462 0.12694740295410156
136.41792524522202 0.9123584628105164 0.12697291374206543 0.8913968801498413 0.12694740295410156
136.65230024522202 0.9123584628105164 0.12697291374206543 0.8922468423843384 0.12694740295410156
136.886675245222 0.9123584628105164 0.12697291374206543 0.8930580615997314 0.12694740295410156
137.121050245222 0.9123584628105164 0.12697291374206543 0.893832802772522 0.12694740295410156
137.355425245222 0.9123584628105164 0.12697291374206543 0.8945735692977905 0.12694740295410156
137.58980024522197 0.9123584628105164 0.12697291374206543 0.8952823877334595 0.12694740295410156
138.05855024522197 0.9123584628105164 0.12697291374206543 0.8966119885444641 0.12694740295410156
138.29292524522194 0.9123584628105164 0.12697291374206543 0.8972362279891968 0.12694740295410156
138.52730024522194 0.9123584628105164 0.12697291374206543 0.8978356122970581 0.12694740295410156
138.76167524522194 0.9123584628105164 0.12697291374206543 0.8984113931655884 0.12694740295410156
139.2304252452219 0.9123584628105164 0.12697291374206543 0.8994978070259094 0.12694740295410156
139.4648002452219 0.9123584628105164 0.12697291374206543 0.9000107645988464 0.12694740295410156
139.93355024522188 0.9123584628105164 0.12697291374206543 0.9009815454483032 0.12694740295410156
140.63667524522185 0.9123584628105164 0.12697291374206543 0.9023138880729675 0.12694740295410156
141.33980024522182 0.9123584628105164 0.12697291374206543 0.9035167694091797 0.12694740295410156
142.0429252452218 0.9123584628105164 0.12697291374206543 0.9046082496643066 0.12694740295410156
142.74605024522177 0.9123584628105164 0.12697291374206543 0.9056031703948975 0.12694740295410156
143.21480024522174 0.9123584628105164 0.12697291374206543 0.906218945980072 0.12694740295410156
144.85542524522168 0.9123584628105164 0.12697291374206543 0.9081225991249084 0.12694740295410156
145.55855024522165 0.9123584628105164 0.12697291374206543 0.908836841583252 0.12694740295410156
147.66792524522157 0.9123584628105164 0.12697291374206543 0.9106928706169128 0.12694740295410156
148.37105024522154 0.9123584628105164 0.12697291374206543 0.9112318158149719 0.12694740295410156
150.0 0.9123584628105164 0.12697291374206543 0.9123578667640686 0.12694740295410156
150.0001 0.9123584628105164 0.12697291374206543 0.9123579263687134 0.12694740295410156
150.0003 0.9123584628105164 0.12697291374206543 0.9123579263687134 0.12694740295410156
150.0007 0.9123584628105164 0.12697291374206543 0.9123579263687134 0.12694740295410156
150.001 0.9123584628105164 0.12697291374206543 0.9123579263687134 0.12694740295410156
179.99999999999997 0.9123584628105164 0.12697291374206543 0.9123579263687134 0.12694740295410156
180.0001 0.9123584628105164 0.12697291374206543 0.9123579263687134 0.12694740295410156
180.0003 0.9123584628105164 0.12697291374206543 0.9123578071594238 0.12694740295410156
180.0007 0.9123584628105164 0.12697291374206543 0.9123559594154358 0.12694740295410156
180.001 0.9123584628105164 0.12697291374206543 0.912352442741394 0.12694740295410156
180.02144000000035 0.9123584628105164 0.12697291374206543 0.9109127521514893 0.12694740295410156
180.04188000000067 0.9123584628105164 0.12697291374206543 0.909453809261322 0.12694740295410156
180.0828400000013 0.9123584628105164 0.12697291374206543 0.9064733982086182 0.12694740295410156
180.32860000000517 0.9123584628105164 0.12697291374206543 0.8872036933898926 0.12694740295410156
180.56297500000517 0.9123584628105164 0.12697291374206543 0.8671385645866394 0.12694740295410156
180.79735000000514 0.9123584628105164 0.12697291374206543 0.8455629348754883 0.12694740295410156
181.03172500000514 0.9123584628105164 0.12697291374206543 0.8225082159042358 0.12694740295410156
181.26610000000514 0.9123584628105164 0.12697291374206543 0.7981423139572144 0.12694740295410156
181.5004750000051 0.9123584628105164 0.12697291374206543 0.7726209759712219 0.12694740295410156
181.7348500000051 0.9123584628105164 0.12697291374206543 0.7460839748382568 0.12694740295410156
181.9692250000051 0.9123584628105164 0.12697291374206543 0.718654215335846 0.12694740295410156
182.20360000000508 0.9123584628105164 0.12697291374206543 0.6904383897781372 0.12694740295410156
182.43797500000508 0.9123584628105164 0.12697291374206543 0.6615287661552429 0.12694740295410156
182.67235000000508 0.9123584628105164 0.12697291374206543 0.6320046186447144 0.12694740295410156
182.90672500000505 0.9123584628105164 0.12697291374206543 0.6019341945648193 0.12694740295410156
183.14110000000505 0.9123584628105164 0.12697291374206543 0.5713763236999512 0.12694740295410156
183.37547500000505 0.9123584628105164 0.12697291374206543 0.5403817892074585 0.12694740295410156
183.60985000000503 0.9123584628105164 0.12697291374206543 0.508994460105896 0.12694740295410156
183.84422500000503 0.9123584628105164 0.12697291374206543 0.47725269198417664 0.12694740295410156
184.078600000005 0.9123584628105164 0.12697291374206543 0.4451897144317627 0.12694740295410156
184.547350000005 0.9123584628105164 0.12697291374206543 0.38021382689476013 0.12694740295410156
185.01610000000497 0.9123584628105164 0.12697291374206543 0.31426483392715454 0.12694740295410156
185.48485000000494 0.9123584628105164 0.12697291374206543 0.24752254784107208 0.12694740295410156
185.71922500000494 0.9123584628105164 0.12697291374206543 0.213933065533638 0.12694740295410156
185.95360000000494 0.9123584628105164 0.12697291374206543 0.18029402196407318 0.12694740295410156
186.1879750000049 0.9123584628105164 0.12697291374206543 0.1467910259962082 0.12694740295410156
186.4223500000049 0.9123584628105164 0.12697291374206543 0.11384540796279907 0.12694740295410156
186.6567250000049 0.9123584628105164 0.12697291374206543 0.08231829851865768 0.12694740295410156
186.89110000000488 0.9123584628105164 0.12697291374206543 0.05361280217766762 0.12694740295410156
187.12547500000488 0.9123584628105164 0.12697291374206543 0.02931300178170204 0.12694740295410156
187.35985000000488 0.9123584628105164 0.12697291374206543 0.009767617098987103 0.12694740295410156
187.48352552506438 0.9123584628105164 0.12697291374206543 0.001804881845600903 0.12694740295410156
187.5249201474457 0.9123584628105164 0.12697291374206543 9.070748637896031e-05 0.12694740295410156
187.531364672223 0.9123584628105164 0.12697291374206543 -3.3387607345503056e-08 0.12694740295410156
202.65573309600575 0.9123584628105164 0.12697291374206543 -3.3387607345503056e-08 0.12694740295410156
209.99999999999997 0.9123584628105164 0.12697291374206543 -3.337883214271642e-08 0.12694740295410156
210.00009999999997 0.9123584628105164 0.12697291374206543 -3.336283782573446e-08 0.12694740295410156
210.0003 0.9123584628105164 0.12697291374206543 -3.3342622884902084e-08 0.12694740295410156
210.00070000000002 0.9123584628105164 0.12697291374206543 -3.33266996221937e-08 0.12694740295410156
210.00100000000003 0.9123584628105164 0.12697291374206543 -3.33239853489431e-08 0.12694740295410156
216.9921005551053 0.9123584628105164 0.12697291374206543 0.018534831702709198 0.12694740295410156
223.98320111021062 0.9123584628105164 0.12697291374206543 0.03678871691226959 0.12694740295410156
224.21757611021062 0.9123584628105164 0.12697291374206543 0.037395767867565155 0.12694740295410156
224.45195111021062 0.9123584628105164 0.12697291374206543 0.03800250217318535 0.12694740295410156
224.6863261102106 0.9123584628105164 0.12697291374206543 0.038608916103839874 0.12694740295410156
232.1863261102103 0.9123584628105164 0.12697291374206543 0.057844821363687515 0.12694740295410156
239.68632611021 0.9123584628105164 0.12697291374206543 0.07675003260374069 0.12694740295410156
239.92070111020996 0.9123584628105164 0.12697291374206543 0.07733550667762756 0.12694740295410156
239.99999999999997 0.9123584628105164 0.12697291374206543 0.0775335356593132 0.12694740295410156
