time a b c w1 w2
0.0 0.0 0.0 0.0 0.0 0.0
1.757812428601624e-06 1.757988202426422e-23 1.757988202426422e-23 1.0832566022872925 1.757988202426422e-23 1.757988202426422e-23
1.7648476783160305e-06 1.7650242106122693e-23 1.7650242106122693e-23 1.0055341720581055 1.7650242106122693e-23 1.7650242106122693e-23
1.7789181777448437e-06 1.7790960692117828e-23 1.7790960692117828e-23 0.9905999898910522 1.7790960692117828e-23 1.7790960692117828e-23
1.8070591766024704e-06 1.8072399441829907e-23 1.8072399441829907e-23 0.984626293182373 1.8072399441829907e-23 1.8072399441829907e-23
0.00013281055255599797 1.3282383013875093e-21 1.3282383013875093e-21 0.984626293182373 1.3282383013875093e-21 1.3282383013875093e-21
0.00026381985277929004 2.6384624023353322e-21 2.6384624023353322e-21 0.984626293182373 2.6384624023353322e-21 2.6384624023353322e-21
0.0005258384532258742 5.258910200334195e-21 5.258910200334195e-21 0.984626293182373 -5.9408629127233326e-09 -5.9408629127233326e-09
0.001 1.0000999731091105e-20 1.0000999731091105e-20 0.984626293182373 -3.338347198678093e-08 -3.338347198678093e-08
29.999999999999996 3.000300019364487e-16 3.000300019364487e-16 0.984626293182373 -3.3383614095328085e-08 -3.3383614095328085e-08
30.000099999999996 3.0003100778807355e-16 3.0003100778807355e-16 0.984626293182373 -3.336337428549996e-08 -3.336337428549996e-08
30.0003 3.0003299302154367e-16 3.0003299302154367e-16 0.984626293182373 -3.334337961291567e-08 -3.334337961291567e-08
30.0007 7.278001985799865e-12 3.0003698995826353e-16 0.984626293182373 -3.33327996315802e-08 -3.33327996315802e-08
30.0008229634365 2.545468369419268e-08 3.000382340379048e-16 0.984626293182373 -2.3464792775484966e-08 -3.3331421178672826e-08
30.000893956485246 1.2371656055165658e-07 3.0003894872195405e-16 0.984626293182373 8.265641326943296e-08 -3.333099485303137e-08
30.0009297549931 2.701911796521017e-07 3.000392928290889e-16 0.984626293182373 2.5519560153952625e-07 -3.333099485303137e-08
30.000951059523093 4.2692010993050644e-07 3.000395045873257e-16 0.984626293182373 4.306058087877318e-07 -3.333099485303137e-08
30.000964127949615 5.724553489017126e-07 3.000396369362237e-16 0.984626293182373 7.010791023276397e-07 -3.333099485303137e-08
30.00097360435001 7.286305958587036e-07 3.000397428153421e-16 0.984626293182373 1.1886070296895923e-06 -3.333099485303137e-08
30.000985512548105 9.950857702278881e-07 3.000398486944605e-16 0.984626293182373 2.243745484520332e-06 -3.333099485303137e-08
30.001 1.3795860240861657e-06 3.000400075131381e-16 0.984626293182373 3.901599939126754e-06 -3.333099485303137e-08
30.079040376222704 0.002479142276570201 3.0082046896469416e-16 0.984626293182373 0.01162563543766737 -3.333099485303137e-08
30.157080752445403 0.004934600554406643 3.016009568860298e-16 0.984626293182373 0.023184772580862045 -3.333099485303137e-08
30.313163886530422 0.009789694100618362 3.0316195919848066e-16 0.984626293182373 0.046145908534526825 -3.333099485303137e-08
30.488945136530422 0.01516908872872591 3.0491994961072736e-16 0.984626293182373 0.07175491750240326 -3.333099485303137e-08
30.840507636530422 0.02561713010072708 3.0843590396544115e-16 0.984626293182373 0.12208952754735947 -3.333099485303137e-08
31.192070136530422 0.035645224153995514 3.1195188478993455e-16 0.984626293182373 0.17121964693069458 -3.333099485303137e-08
31.543632636530422 0.045322488993406296 3.1546786561442795e-16 0.984626293182373 0.21933333575725555 -3.333099485303137e-08
32.07097638653042 0.05901610106229782 3.2074183685116804e-16 0.984626293182373 0.2890849709510803 -3.333099485303137e-08
32.59832013653042 0.07165078818798065 3.2601580808790814e-16 0.984626293182373 0.3556671142578125 -3.333099485303137e-08
32.77410138653042 0.07564429193735123 3.2777379850015484e-16 0.984626293182373 0.3771965205669403 -3.333099485303137e-08
32.94988263653042 0.07951761037111282 3.2953178891240154e-16 0.984626293182373 0.39835435152053833 -3.333099485303137e-08
33.47722638653042 0.09029163420200348 3.3480573367936203e-16 0.984626293182373 0.45916810631752014 -3.333099485303137e-08
34.00457013653042 0.099776990711689 3.4007970491610213e-16 0.984626293182373 0.5158179402351379 -3.333099485303137e-08
34.79558576153041 0.11167678236961365 3.4799064853632247e-16 0.984626293182373 0.5929072499275208 -3.333099485303137e-08
35.58660138653041 0.12070053815841675 3.559015921565428e-16 0.984626293182373 0.659532904624939 -3.333099485303137e-08
35.93816388653041 0.12381813675165176 3.594175729810362e-16 0.984626293182373 0.6856369972229004 -3.333099485303137e-08
37.08074201153041 0.13063479959964752 3.7084449742574995e-16 0.984626293182373 0.7556270360946655 -3.333099485303137e-08
38.223320136530404 0.13364702463150024 3.822714218704637e-16 0.984626293182373 0.8048344850540161 -3.333099485303137e-08
38.574882636530404 0.13408519327640533 3.857874026949571e-16 0.984626293182373 0.8164058327674866 -3.333099485303137e-08
38.750663886530404 0.13424789905548096 3.875453931072038e-16 0.984626293182373 0.8216542601585388 -3.333099485303137e-08
38.926445136530404 0.13438084721565247 3.893033835194505e-16 0.984626293182373 0.8265815377235413 -3.333099485303137e-08
39.102226386530404 0.1344892829656601 3.910613739316972e-16 0.984626293182373 0.8312220573425293 -3.333099485303137e-08
39.629570136530404 0.13470487296581268 3.963353186986577e-16 0.984626293182373 0.8436140418052673 -3.333099485303137e-08
40.332695136530404 0.1348162740468979 4.0336728034764447e-16 0.984626293182373 0.8567756414413452 -3.333099485303137e-08
41.035820136530404 0.13484133780002594 4.1039924199663127e-16 0.984626293182373 0.8670164942741394 -3.333099485303137e-08
41.6510545115304 0.13484416902065277 4.165521952046049e-16 0.984626293182373 0.8741346001625061 -3.333099485303137e-08
42.2662888865304 0.1348441243171692 4.2270514841257856e-16 0.984626293182373 0.8799178004264832 -3.333099485303137e-08
43.4967576365304 0.1348441243171692 4.3501108129830545e-16 0.984626293182373 0.8888099789619446 -3.333099485303137e-08
44.72722638653039 0.1348441243171692 4.473169877142527e-16 0.984626293182373 0.8952787518501282 -3.333099485303137e-08
45.07878888653039 0.1348441243171692 4.508329685387461e-16 0.984626293182373 0.8967715501785278 -3.333099485303137e-08
45.60613263653039 0.1348441243171692 4.561069133057066e-16 0.984626293182373 0.898794412612915 -3.333099485303137e-08
46.48503888653039 0.1348441243171692 4.648968918367197e-16 0.984626293182373 0.9016497135162354 -3.333099485303137e-08
47.36394513653039 0.1348441243171692 4.736868174281736e-16 0.984626293182373 0.9040117263793945 -3.333099485303137e-08
47.89128888653038 0.1348441243171692 4.789607621951341e-16 0.984626293182373 0.9052802324295044 -3.333099485303137e-08
49.12175763653038 0.1348441243171692 4.912667215506406e-16 0.984626293182373 0.9078192114830017 -3.333099485303137e-08
50.35222638653038 0.1348441243171692 5.035726279665879e-16 0.984626293182373 0.9098263382911682 -3.333099485303137e-08
50.879570136530376 0.1348441243171692 5.088465727335484e-16 0.984626293182373 0.9105936288833618 -3.333099485303137e-08
51.934257636530376 0.1348441243171692 5.193945152070286e-16 0.984626293182373 0.9119960069656372 -3.333099485303137e-08
52.988945136530376 0.1348441243171692 5.299424576805088e-16 0.984626293182373 0.9131810665130615 -3.333099485303137e-08
53.604179511530376 0.1348441243171692 5.360954108884824e-16 0.984626293182373 0.913790762424469 -3.333099485303137e-08
54.21941388653037 0.1348441243171692 5.422483640964561e-16 0.984626293182373 0.9143773317337036 -3.333099485303137e-08
54.92253888653037 0.1348441243171692 5.492803257454429e-16 0.984626293182373 0.9150243997573853 -3.333099485303137e-08
55.62566388653037 0.1348441243171692 5.563122873944296e-16 0.984626293182373 0.9156129360198975 -3.333099485303137e-08
55.97722638653037 0.1348441243171692 5.598282152793638e-16 0.984626293182373 0.9158974885940552 -3.333099485303137e-08
56.59246076153037 0.1348441243171692 5.659811684873375e-16 0.984626293182373 0.9163987636566162 -3.333099485303137e-08
57.20769513653037 0.1348441243171692 5.721341746348703e-16 0.984626293182373 0.916864275932312 -3.333099485303137e-08
57.73503888653036 0.1348441243171692 5.774081194018308e-16 0.984626293182373 0.9172359108924866 -3.333099485303137e-08
58.26238263653036 0.1348441243171692 5.826820641687913e-16 0.984626293182373 0.9175850749015808 -3.333099485303137e-08
58.78972638653036 0.1348441243171692 5.87956061875311e-16 0.984626293182373 0.9179137945175171 -3.333099485303137e-08
59.31707013653036 0.1348441243171692 5.932300066422715e-16 0.984626293182373 0.9182237982749939 -3.333099485303137e-08
59.99999999999999 0.1348441243171692 6.000600038728974e-16 0.984626293182373 0.9186011552810669 -3.333099485303137e-08
60.000099999999996 0.1348441243171692 6.000610097245222e-16 0.984626293182373 0.9186011552810669 -3.333099485303137e-08
60.000299999999996 0.1348441243171692 6.00063021427772e-16 0.984626293182373 0.9186012148857117 -3.333099485303137e-08
60.000699999999995 0.1348441243171692 6.000669918947122e-16 0.9846258759498596 0.9186012148857117 -3.333099485303137e-08
60.001000000000005 0.1348441243171692 6.000700094495868e-16 0.9846252202987671 0.9186012148857117 -3.333099485303137e-08
60.054169911434535 0.1348441243171692 0.00012965525093022734 0.9838959574699402 0.9186012148857117 -3.333099485303137e-08
60.10733982286907 0.1348441243171692 0.00025923841167241335 0.9831147789955139 0.9186012148857117 -3.333099485303137e-08
60.389473878258336 0.1348441243171692 0.0009460682631470263 0.9782751798629761 0.9186012148857117 -3.333099485303137e-08
60.54328247200834 0.1348441243171692 0.001320352777838707 0.9748896956443787 0.9186012148857117 -3.333099485303137e-08
60.71906372200834 0.1348441243171692 0.0017476167995482683 0.9702923893928528 0.9186012148857117 -3.333099485303137e-08
61.07062622200834 0.1348441243171692 0.0026011045556515455 0.9584834575653076 0.9186012148857117 -3.333099485303137e-08
61.42218872200834 0.1348441243171692 0.003453619545325637 0.9425105452537537 0.9186012148857117 -3.333099485303137e-08
61.488106690758336 0.1348441243171692 0.0036135173868387938 0.9389127492904663 0.9186012148857117 -3.333099485303137e-08
61.597969972008336 0.1348441243171692 0.003879971569404006 0.932566225528717 0.9186012148857117 -3.333099485303137e-08
61.72980590950835 0.1348441243171692 0.004199509508907795 0.9241456985473633 0.9186012148857117 -3.333099485303137e-08
61.90558715950835 0.1348441243171692 0.004625098314136267 0.9118695259094238 0.9186012148857117 -3.333099485303137e-08
62.08136840950835 0.1348441243171692 0.005050336010754108 0.8985272645950317 0.9186012148857117 -3.333099485303137e-08
62.25714965950835 0.1348441243171692 0.005475296638906002 0.884053111076355 0.9186012148857117 -3.333099485303137e-08
62.43293090950835 0.1348441243171692 0.005900036543607712 0.8685498237609863 0.9186012148857117 -3.333099485303137e-08
62.60871215950835 0.1348441243171692 0.0063245585188269615 0.8520861268043518 0.9186012148857117 -3.333099485303137e-08
62.78449340950835 0.1348441243171692 0.006748867221176624 0.834730327129364 0.9186012148857117 -3.333099485303137e-08
62.96027465950834 0.1348441243171692 0.007172966375946999 0.8165732026100159 0.9186012148857117 -3.333099485303137e-08
63.13605590950834 0.1348441243171692 0.007596858777105808 0.7976939082145691 0.9186012148857117 -3.333099485303137e-08
63.31183715950834 0.1348441243171692 0.008020548149943352 0.7781572937965393 0.9186012148857117 -3.333099485303137e-08
63.48761840950834 0.1348441243171692 0.008444036357104778 0.7580326795578003 0.9186012148857117 -3.333099485303137e-08
63.66339965950834 0.1348441243171692 0.008867325261235237 0.7373815774917603 0.9186012148857117 -3.333099485303137e-08
63.83918090950834 0.1348441243171692 0.009290417656302452 0.7162537574768066 0.9186012148857117 -3.333099485303137e-08
64.01496215950834 0.1348441243171692 0.009713314473628998 0.6946927309036255 0.9186012148857117 -3.333099485303137e-08
64.19074340950834 0.1348441243171692 0.010136017575860023 0.672745406627655 0.9186012148857117 -3.333099485303137e-08
64.36652465950834 0.1348441243171692 0.01055852696299553 0.6504570841789246 0.9186012148857117 -3.333099485303137e-08
64.71808715950834 0.1348441243171692 0.011402971111238003 0.6049390435218811 0.9186012148857117 -3.333099485303137e-08
65.06964965950834 0.1348441243171692 0.012246652506291866 0.5583114624023438 0.9186012148857117 -3.333099485303137e-08
65.24543090950834 0.1348441243171692 0.01266820915043354 0.5346406698226929 0.9186012148857117 -3.333099485303137e-08
65.59699340950834 0.1348441243171692 0.013510757125914097 0.486706018447876 0.9186012148857117 -3.333099485303137e-08
65.94855590950834 0.1348441243171692 0.014352554455399513 0.4380899965763092 0.9186012148857117 -3.333099485303137e-08
66.30011840950834 0.1348441243171692 0.015193603001534939 0.38885045051574707 0.9186012148857117 -3.333099485303137e-08
66.65168090950834 0.1348441243171692 0.016033902764320374 0.33905595541000366 0.9186012148857117 -3.333099485303137e-08
67.17902465950834 0.1348441243171692 0.017292959615588188 0.263541579246521 0.9186012148857117 -3.333099485303137e-08
67.70636840950834 0.1348441243171692 0.018550347536802292 0.18724578619003296 0.9186012148857117 -3.333099485303137e-08
68.05793090950833 0.1348441243171692 0.019387729465961456 0.13633140921592712 0.9186012148857117 -3.333099485303137e-08
68.23371215950833 0.1348441243171692 0.019806139171123505 0.11125731468200684 0.9186012148857117 -3.333099485303137e-08
68.40949340950833 0.1348441243171692 0.020224345847964287 0.0869237557053566 0.9186012148857117 -3.333099485303137e-08
68.58527465950833 0.1348441243171692 0.020642362534999847 0.06395241618156433 0.9186012148857117 -3.333099485303137e-08
68.76105590950833 0.1348441243171692 0.021060192957520485 0.043177418410778046 0.9186012148857117 -3.333099485303137e-08
68.93683715950833 0.1348441243171692 0.021477840840816498 0.025403261184692383 0.9186012148857117 -3.333099485303137e-08
69.11261840950833 0.1348441243171692 0.021895302459597588 0.011226072907447815 0.9186012148857117 -3.333099485303137e-08
69.28839965950833 0.1348441243171692 0.022312643006443977 0.0008320199558511376 0.9186012148857117 -3.333099485303137e-08
69.32267614898315 0.1348441243171692 0.022394046187400818 -3.3387969722298294e-08 0.9186012148857117 -3.333099485303137e-08
78.98006360471595 0.1348441243171692 0.04503783583641052 -3.3387969722298294e-08 0.9186012148857117 -3.333099485303137e-08
80.73787610471595 0.1348441243171692 0.04909944906830788 -3.3387969722298294e-08 0.9186012148857117 -3.333099485303137e-08
82.49568860471595 0.1348441243171692 0.05314259231090546 -3.3387969722298294e-08 0.9186012148857117 -3.333099485303137e-08
89.99999999999999 0.1348441243171692 0.07019533216953278 -3.3342988814411e-08 0.9186012148857117 -3.333099485303137e-08
90.0001 0.1348441243171692 0.07019579410552979 -3.335948051130799e-08 0.9186012148857117 -3.333099485303137e-08
90.0003 0.1348441243171692 0.07019614428281784 -3.3344903727083874e-08 0.9186012148857117 -3.333099485303137e-08
90.00047098558191 0.1348441243171692 0.07019604742527008 -1.4115127733305144e-08 0.9186012148857117 -3.333099485303137e-08
90.0008129567457 0.1348441243171692 0.07019864022731781 8.193695322233907e-08 0.9186012148857117 4.037334520035074e-07
90.00089269178142 0.1348441243171692 0.0702008455991745 1.0369442549063024e-07 0.9186012148857117 1.4460915735980961e-06
90.0009416841707 0.1348441243171692 0.07020274549722672 1.0880781786681837e-07 0.9186012148857117 3.421377414269955e-06
90.001 0.1348441243171692 0.0702047124505043 1.0880781786681837e-07 0.9186012148857117 8.757939212955534e-06
90.28876650571486 0.1348441243171692 0.07895728200674057 1.0880781786681837e-07 0.9186012148857117 0.04178033396601677
90.57653301142972 0.1348441243171692 0.08746778964996338 1.0880781786681837e-07 0.9186012148857117 0.0828627347946167
90.92809551142972 0.1348441243171692 0.09749503433704376 1.0880781786681837e-07 0.9186012148857117 0.13199026882648468
91.45543926142972 0.1348441243171692 0.11181922256946564 1.0880781786681837e-07 0.9186012148857117 0.2035999894142151
91.98278301142972 0.1348441243171692 0.12520703673362732 1.0880781786681837e-07 0.9186012148857117 0.2724438011646271
92.15856426142972 0.1348441243171692 0.12943218648433685 1.0880781786681837e-07 0.9186012148857117 0.29467952251434326
92.33434551142972 0.1348441243171692 0.13354122638702393 1.0880781786681837e-07 0.9186012148857117 0.3165627717971802
92.68590801142972 0.1348441243171692 0.14144708216190338 1.0880781786681837e-07 0.9186012148857117 0.3593714237213135
93.03747051142972 0.1348441243171692 0.14892765879631042 1.0880781786681837e-07 0.9186012148857117 0.4008573889732361
93.65270488642972 0.1348441243171692 0.16075967252254486 1.0880781786681837e-07 0.9186012148857117 0.469445139169693
94.26793926142972 0.1348441243171692 0.17093534767627716 1.0880781786681837e-07 0.9186012148857117 0.5325652956962585
94.79528301142972 0.1348441243171692 0.17841829359531403 1.0880781786681837e-07 0.9186012148857117 0.5823884010314941
95.3226267614297 0.1348441243171692 0.18473833799362183 1.0880781786681837e-07 0.9186012148857117 0.6279795169830322
95.6741892614297 0.1348441243171692 0.18827548623085022 1.0880781786681837e-07 0.9186012148857117 0.6557764410972595
96.0257517614297 0.1348441243171692 0.19127792119979858 1.0880781786681837e-07 0.9186012148857117 0.6814018487930298
96.2015330114297 0.1348441243171692 0.1926102340221405 1.0880781786681837e-07 0.9186012148857117 0.69349604845047
96.81676738642972 0.1348441243171692 0.1963740885257721 1.0880781786681837e-07 0.9186012148857117 0.7317186594009399
97.4320017614297 0.1348441243171692 0.1989290714263916 1.0880781786681837e-07 0.9186012148857117 0.7638651728630066
98.3109080114297 0.1348441243171692 0.20104500651359558 1.0880781786681837e-07 0.9186012148857117 0.8005005121231079
99.1898142614297 0.1348441243171692 0.20195384323596954 1.0880781786681837e-07 0.9186012148857117 0.8275555968284607
99.7171580114297 0.1348441243171692 0.20218521356582642 1.0880781786681837e-07 0.9186012148857117 0.8401980996131897
100.2445017614297 0.1348441243171692 0.20229560136795044 1.0880781786681837e-07 0.9186012148857117 0.8507249355316162
100.7718455114297 0.1348441243171692 0.2023344486951828 1.0880781786681837e-07 0.9186012148857117 0.859322190284729
101.1234080114297 0.1348441243171692 0.20234394073486328 1.0880781786681837e-07 0.9186012148857117 0.8642919063568115
101.65075176142969 0.1348441243171692 0.20234794914722443 1.0880781786681837e-07 0.9186012148857117 0.8706905841827393
102.4417673864297 0.1348441243171692 0.20234814286231995 1.0880781786681837e-07 0.9186012148857117 0.8783271312713623
103.23278301142969 0.1348441243171692 0.20234812796115875 1.0880781786681837e-07 0.9186012148857117 0.8843219876289368
103.93590801142969 0.1348441243171692 0.20234812796115875 1.0880781786681837e-07 0.9186012148857117 0.8887558579444885
104.11168926142969 0.1348441243171692 0.20234812796115875 1.0880781786681837e-07 0.9186012148857117 0.8897557258605957
104.28747051142969 0.1348441243171692 0.20234812796115875 1.0880781786681837e-07 0.9186012148857117 0.8907023072242737
104.46325176142969 0.1348441243171692 0.20234812796115875 1.0880781786681837e-07 0.9186012148857117 0.8916002511978149
105.25426738642969 0.1348441243171692 0.20234812796115875 1.0880781786681837e-07 0.9186012148857117 0.8952123522758484
106.04528301142969 0.1348441243171692 0.20234812796115875 1.0880781786681837e-07 0.9186012148857117 0.8982319235801697
106.39684551142969 0.1348441243171692 0.20234812796115875 1.0880781786681837e-07 0.9186012148857117 0.8994088768959045
107.53942363642967 0.1348441243171692 0.20234812796115875 1.0880781786681837e-07 0.9186012148857117 0.9026461839675903
108.68200176142967 0.1348441243171692 0.20234812796115875 1.0880781786681837e-07 0.9186012148857117 0.9052613973617554
109.91247051142967 0.1348441243171692 0.20234812796115875 1.0880781786681837e-07 0.9186012148857117 0.9076073169708252
111.23082988642967 0.1348441243171692 0.20234812796115875 1.0880781786681837e-07 0.9186012148857117 0.9096198678016663
112.54918926142967 0.1348441243171692 0.20234812796115875 1.0880781786681837e-07 0.9186012148857117 0.9113112688064575
113.69176738642967 0.1348441243171692 0.20234812796115875 1.0880781786681837e-07 0.9186012148857117 0.9125810265541077
114.83434551142966 0.1348441243171692 0.20234812796115875 1.0880781786681837e-07 0.9186012148857117 0.913658857345581
115.53747051142966 0.1348441243171692 0.20234812796115875 1.0880781786681837e-07 0.9186012148857117 0.9142451882362366
116.06481426142966 0.1348441243171692 0.20234812796115875 1.0880781786681837e-07 0.9186012148857117 0.914675235748291
116.59215801142966 0.1348441243171692 0.20234812796115875 1.0880781786681837e-07 0.9186012148857117 0.9150995016098022
117.11950176142966 0.1348441243171692 0.20234812796115875 1.0880781786681837e-07 0.9186012148857117 0.915496826171875
117.64684551142966 0.1348441243171692 0.20234812796115875 1.0880781786681837e-07 0.9186012148857117 0.9158696532249451
117.99840801142966 0.1348441243171692 0.20234812796115875 1.0880781786681837e-07 0.9186012148857117 0.9161075353622437
118.52575176142966 0.1348441243171692 0.20234812796115875 1.0880781786681837e-07 0.9186012148857117 0.9164767861366272
119.14098613642965 0.1348441243171692 0.20234812796115875 1.0880781786681837e-07 0.9186012148857117 0.9168891310691833
119.75622051142966 0.1348441243171692 0.20234812796115875 1.0880781786681837e-07 0.9186012148857117 0.9172736406326294
119.93200176142966 0.1348441243171692 0.20234812796115875 1.0880781786681837e-07 0.9186012148857117 0.9173787236213684
119.99999999999999 0.1348441243171692 0.20234812796115875 1.0880781786681837e-07 0.9186012148857117 0.9174184203147888
120.0001 0.1348441243171692 0.20234812796115875 1.0880781786681837e-07 0.9186012148857117 0.9174184799194336
120.0003 0.1348441243171692 0.20234812796115875 1.0880781786681837e-07 0.9186012148857117 0.9174184799194336
120.0007 0.13483931124210358 0.20234812796115875 1.0880781786681837e-07 0.9186012148857117 0.9174184799194336
120.001 0.13482727110385895 0.20234812796115875 1.0880781786681837e-07 0.9186012148857117 0.9174184799194336
120.18972638877675 0.1079697534441948 0.20234812796115875 0.00048519280971959233 0.9186012148857117 0.9174184799194336
120.37845277755349 0.0820675939321518 0.20234812796115875 0.0009696134948171675 0.9186012148857117 0.9174184799194336
120.55423402755349 0.05946667492389679 0.20234812796115875 0.0014204701874405146 0.9186012148857117 0.9174184799194336
120.73001527755349 0.03925254940986633 0.20234812796115875 0.0018710754811763763 0.9186012148857117 0.9174184799194336
120.90579652755349 0.022166382521390915 0.20234812796115875 0.0023214779794216156 0.9186012148857117 0.9174184799194336
121.08157777755349 0.008205986581742764 0.20234812796115875 0.00277172913774848 0.9186012148857117 0.9174184799194336
121.18848080041299 0.0014683938352391124 0.20234812796115875 0.0030455428641289473 0.9186012148857117 0.9174184799194336
121.22226504362226 7.16138310963288e-05 0.20234812796115875 0.0031321034766733646 0.9186012148857117 0.9174184799194336
121.22737898452901 -3.3387962616870936e-08 0.20234812796115875 0.0031452125404030085 0.9186012148857117 0.9174184799194336
125.85051230603877 -3.3387962616870936e-08 0.20234812796115875 0.014910923317074776 0.9186012148857117 0.9174184799194336
130.4736456275485 -3.3387962616870936e-08 0.20234812796115875 0.02653561532497406 0.9186012148857117 0.9174184799194336
130.6494268775485 -3.3387962616870936e-08 0.20234812796115875 0.026974843814969063 0.9186012148857117 0.9174184799194336
130.82520812754854 -3.3387962616870936e-08 0.20234812796115875 0.0274138692766428 0.9186012148857117 0.9174184799194336
131.00098937754854 -3.3387962616870936e-08 0.20234812796115875 0.02785269170999527 0.9186012148857117 0.9174184799194336
138.03223937754908 -3.3387962616870936e-08 0.20234812796115875 0.045238710939884186 0.9186012148857117 0.9174184799194336
145.0634893775496 -3.3387962616870936e-08 0.20234812796115875 0.06229812279343605 0.9186012148857117 0.9174184799194336
145.23927062754962 -3.3387962616870936e-08 0.20234812796115875 0.0627204105257988 0.9186012148857117 0.9174184799194336
145.41505187754962 -3.3387962616870936e-08 0.20234812796115875 0.06314250081777573 0.9186012148857117 0.9174184799194336
145.59083312754964 -3.3387962616870936e-08 0.20234812796115875 0.06356437504291534 0.9186012148857117 0.9174184799194336
148.57911437754987 -3.3387962616870936e-08 0.20234812796115875 0.07070495188236237 0.9186012148857117 0.9174184799194336
148.75489562754987 -3.3387962616870936e-08 0.20234812796115875 0.07112523913383484 0.9186012148857117 0.9174184799194336
148.9306768775499 -3.3387962616870936e-08 0.20234812796115875 0.07155163586139679 0.9186012148857117 0.9174184799194336
149.1064581275499 -3.3387962616870936e-08 0.20234812796115875 0.07198420912027359 0.9186012148857117 0.9174184799194336
149.80958312754996 -3.3387962616870936e-08 0.20234812796115875 0.07372115552425385 0.9186012148857117 0.9174184799194336
149.98536437754996 -3.3387962616870936e-08 0.20234812796115875 0.07415458559989929 0.9186012148857117 0.9174184799194336
150.0 -3.3379851771542235e-08 0.20234812796115875 0.07419032603502274 0.9186012148857117 0.9174184799194336
150.0001 -3.336327125680327e-08 0.20234812796115875 0.0741918683052063 0.9186012148857117 0.9174184799194336
150.0003 -3.334292486556478e-08 0.20234812796115875 0.07419510930776596 0.9186012148857117 0.9174185395240784
150.0007 -3.332669251676634e-08 0.20234812796115875 0.0741976946592331 0.9186006784439087 0.9174186587333679
150.00082296348108 -2.623768047271824e-08 0.20234812796115875 0.07419902831315994 0.9185994863510132 0.9174182415008545
150.00089395651156 6.572768995738443e-08 0.20234812796115875 0.07420128583908081 0.918597936630249 0.9174175262451172
150.00092972939464 1.8918348132501706e-07 0.20234812796115875 0.0742027685046196 0.9185968637466431 0.9174169301986694
150.0009513755283 2.904133395986719e-07 0.20234812796115875 0.07420358061790466 0.9185962080955505 0.9174164533615112
150.00096335883012 5.000701435164956e-07 0.20234812796115875 0.07420399785041809 0.9185958504676819 0.9174161553382874
150.0009727399468 9.581754056853242e-07 0.20234812796115875 0.07420431822538376 0.918595552444458 0.9174158573150635
150.00098388704393 1.904198370539234e-06 0.20234812796115875 0.07420468330383301 0.9185951352119446 0.9174155592918396
150.00099997992888 3.667917553684674e-06 0.20234812796115875 0.0742051973938942 0.9185945987701416 0.9174150228500366
150.001 3.67052643923671e-06 0.20234812796115875 0.0742051973938942 0.9185945987701416 0.9174150228500366
150.02204608523184 0.003078353125602007 0.20234812796115875 0.07485225796699524 0.9178439378738403 0.9166643023490906
150.04309217046367 0.006151616107672453 0.20234812796115875 0.07549882680177689 0.9170842170715332 0.9159046411514282
150.08518438106958 0.012290564365684986 0.20234812796115875 0.07678927481174469 0.9155329465866089 0.9143533706665039
150.1693688022814 0.02451804280281067 0.20234812796115875 0.07935239374637604 0.9123090505599976 0.9111294746398926
150.33773764470507 0.04879537224769592 0.20234812796115875 0.08441612869501114 0.9055082201957703 0.9043285846710205
150.51351889470507 0.07389704138040543 0.20234812796115875 0.0896170437335968 0.8979021906852722 0.8967225551605225
150.6893001447051 0.09873544424772263 0.20234812796115875 0.09472598135471344 0.8896744251251221 0.8884947896003723
151.04086264470513 0.14758247137069702 0.20234812796115875 0.10465610772371292 0.8713489770889282 0.8701694011688232
151.21664389470513 0.1715562790632248 0.20234812796115875 0.1094663068652153 0.861268937587738 0.8600893020629883
151.39242514470513 0.19523847103118896 0.20234812796115875 0.11417683959007263 0.8505627512931824 0.8493831157684326
151.56820639470516 0.21861976385116577 0.20234812796115875 0.11878520250320435 0.8392289876937866 0.8380494117736816
151.74398764470516 0.2416810393333435 0.20234812796115875 0.12328556180000305 0.8272694945335388 0.8260899186134338
151.9197688947052 0.26442280411720276 0.20234812796115875 0.127678781747818 0.8146990537643433 0.8135194778442383
152.0955501447052 0.28683483600616455 0.20234812796115875 0.13196226954460144 0.8015349507331848 0.8003553152084351
152.27133139470521 0.3088967800140381 0.20234812796115875 0.13613006472587585 0.7877852320671082 0.7866055965423584
152.44711264470521 0.33060845732688904 0.20234812796115875 0.1401830017566681 0.7734794020652771 0.7722997665405273
152.62289389470524 0.351958692073822 0.20234812796115875 0.14411844313144684 0.758648693561554 0.757469117641449
152.79867514470524 0.3729260563850403 0.20234812796115875 0.14793050289154053 0.7432828545570374 0.7421032786369324
152.97445639470527 0.39350980520248413 0.20234812796115875 0.15162000060081482 0.7273702621459961 0.7261906862258911
153.15023764470527 0.41370856761932373 0.20234812796115875 0.15518775582313538 0.710939884185791 0.709760308265686
153.3260188947053 0.43351036310195923 0.20234812796115875 0.15863125026226044 0.6940402388572693 0.6928606629371643
153.5018001447053 0.452903151512146 0.20234812796115875 0.1619480550289154 0.6767094135284424 0.6755298376083374
153.67758139470533 0.47187480330467224 0.20234812796115875 0.16513592004776 0.6589924097061157 0.6578128337860107
153.85336264470533 0.49041318893432617 0.20234812796115875 0.1681927591562271 0.640933096408844 0.639753520488739
154.20492514470536 0.5261420607566833 0.20234812796115875 0.17390590906143188 0.6037301421165466 0.6025505065917969
154.73226889470538 0.5762770771980286 0.20234812796115875 0.18147771060466766 0.5452964305877686 0.5441168546676636
154.9080501447054 0.592024028301239 0.20234812796115875 0.183732271194458 0.5251822471618652 0.5240026712417603
155.25961264470544 0.6220719218254089 0.20234812796115875 0.18785220384597778 0.4842151999473572 0.4830356240272522
155.43539389470544 0.6363337635993958 0.20234812796115875 0.18971280753612518 0.46340712904930115 0.4622275233268738
155.61117514470547 0.6500715613365173 0.20234812796115875 0.19144031405448914 0.4423859119415283 0.44120633602142334
155.78695639470547 0.6633017063140869 0.20234812796115875 0.19304203987121582 0.4211353063583374 0.4199557304382324
155.9627376447055 0.6760305762290955 0.20234812796115875 0.19452285766601562 0.3996533155441284 0.39847373962402344
156.3143001447055 0.6999741792678833 0.20234812796115875 0.19713279604911804 0.35604310035705566 0.3548635244369507
156.49008139470553 0.7111883163452148 0.20234812796115875 0.19826887547969818 0.3339495062828064 0.3327699899673462
156.66586264470553 0.7218999862670898 0.20234812796115875 0.1992979198694229 0.3117063343524933 0.31052684783935547
156.84164389470556 0.7321138381958008 0.20234812796115875 0.20022475719451904 0.28932297229766846 0.2881436049938202
157.01742514470556 0.7418362498283386 0.20234812796115875 0.2010546326637268 0.2667841911315918 0.26560506224632263
157.19320639470558 0.7510756254196167 0.20234812796115875 0.20179319381713867 0.24408872425556183 0.24291004240512848
157.36898764470558 0.7598421573638916 0.20234812796115875 0.2024463713169098 0.22125065326690674 0.2200728803873062
157.5447688947056 0.7681479454040527 0.20234812796115875 0.20302033424377441 0.19829006493091583 0.19711410999298096
157.7205501447056 0.7760064601898193 0.20234812796115875 0.20352131128311157 0.17523957788944244 0.17406725883483887
157.89633139470564 0.7834327220916748 0.20234812796115875 0.20395559072494507 0.15215709805488586 0.15099197626113892
158.07211264470564 0.790442705154419 0.20234812796115875 0.2043294459581375 0.12915441393852234 0.12800338864326477
158.24789389470567 0.7970535159111023 0.20234812796115875 0.2046489268541336 0.10643714666366577 0.1053127720952034
158.42367514470567 0.8032828569412231 0.20234812796115875 0.20491990447044373 0.08434496819972992 0.08326828479766846
158.59945639470567 0.8091490268707275 0.20234812796115875 0.20514793694019318 0.06339611113071442 0.0623973123729229
158.7752376447057 0.8146705031394958 0.20234812796115875 0.20533829927444458 0.044267937541007996 0.04338119551539421
158.9510188947057 0.8198658227920532 0.20234812796115875 0.20549586415290833 0.027622777968645096 0.026874421164393425
159.12680014470573 0.8247534036636353 0.20234812796115875 0.20562511682510376 0.01384805515408516 0.01324536744505167
159.30258139470573 0.8293954133987427 0.20234812796115875 0.20573340356349945 0.0027922175358980894 0.0024853902868926525
159.36160282811574 0.8308965563774109 0.20234812796115875 0.20576517283916473 0.000158905575517565 0.00012672724551521242
159.37112710076352 0.831133246421814 0.20234812796115875 0.205769881606102 -3.338362120075544e-08 -3.3383617648041763e-08
159.5033440528837 0.8342980742454529 0.20234812796115875 0.2058267742395401 -3.338362120075544e-08 -3.3383617648041763e-08
159.63556100500386 0.837297260761261 0.20234812796115875 0.2058730572462082 -3.338362120075544e-08 -3.3383617648041763e-08
159.81134225500386 0.8410918116569519 0.20234812796115875 0.20592324435710907 -3.338362120075544e-08 -3.3383617648041763e-08
159.9871235050039 0.8446758985519409 0.20234812796115875 0.20596225559711456 -3.338362120075544e-08 -3.3383617648041763e-08
160.1629047550039 0.8480491638183594 0.20234812796115875 0.205991730093956 -3.338362120075544e-08 -3.3383617648041763e-08
160.51446725500392 0.8541965484619141 0.20234812796115875 0.2060292810201645 -3.338362120075544e-08 -3.338362120075544e-08
160.69024850500395 0.8570045232772827 0.20234812796115875 0.20604047179222107 -3.338362120075544e-08 -3.338362120075544e-08
160.86602975500395 0.8596457839012146 0.20234812796115875 0.20604801177978516 -3.338362120075544e-08 -3.338362120075544e-08
161.04181100500395 0.8621327877044678 0.20234812796115875 0.20605282485485077 -3.338362120075544e-08 -3.338362120075544e-08
161.657045380004 0.8697904348373413 0.20234812796115875 0.20605874061584473 -3.338362120075544e-08 -3.338362120075544e-08
162.27227975500406 0.8760573863983154 0.20234812796115875 0.20605896413326263 -3.338362120075544e-08 -3.338362120075544e-08
162.44806100500406 0.8776403069496155 0.20234812796115875 0.20605896413326263 -3.338362120075544e-08 -3.338362120075544e-08
162.6238422550041 0.8791431188583374 0.20234812796115875 0.20605896413326263 -3.338362120075544e-08 -3.338362120075544e-08
162.7996235050041 0.8805715441703796 0.20234812796115875 0.20605896413326263 -3.338362120075544e-08 -3.338362120075544e-08
163.15118600500412 0.8832218647003174 0.20234812796115875 0.20605896413326263 -3.338362120075544e-08 -3.338362120075544e-08
163.32696725500412 0.8844460248947144 0.20234812796115875 0.20605896413326263 -3.338362120075544e-08 -3.338362120075544e-08
163.67852975500415 0.886727511882782 0.20234812796115875 0.20605896413326263 -3.338362120075544e-08 -3.338362120075544e-08
163.85431100500418 0.8877953290939331 0.20234812796115875 0.20605896413326263 -3.338362120075544e-08 -3.338362120075544e-08
164.2058735050042 0.8897870182991028 0.20234812796115875 0.20605896413326263 -3.338362120075544e-08 -3.338362120075544e-08
164.3816547550042 0.8907177448272705 0.20234812796115875 0.20605896413326263 -3.338362120075544e-08 -3.338362120075544e-08
164.55743600500423 0.8916099071502686 0.20234812796115875 0.20605896413326263 -3.338362120075544e-08 -3.338362120075544e-08
164.73321725500423 0.892459511756897 0.20234812796115875 0.20605896413326263 -3.338362120075544e-08 -3.338362120075544e-08
164.90899850500426 0.8932700157165527 0.20234812796115875 0.20605896413326263 -3.338362120075544e-08 -3.338362120075544e-08
165.08477975500426 0.894049882888794 0.20234812796115875 0.20605896413326263 -3.338362120075544e-08 -3.338362120075544e-08
165.2605610050043 0.8948005437850952 0.20234812796115875 0.20605896413326263 -3.338362120075544e-08 -3.338362120075544e-08
165.6121235050043 0.8962156176567078 0.20234812796115875 0.20605896413326263 -3.338362120075544e-08 -3.338362120075544e-08
165.78790475500432 0.8968861103057861 0.20234812796115875 0.20605896413326263 -3.338362120075544e-08 -3.338362120075544e-08
165.96368600500432 0.8975284099578857 0.20234812796115875 0.20605896413326263 -3.338362120075544e-08 -3.338362120075544e-08
166.13946725500435 0.8981420397758484 0.20234812796115875 0.20605896413326263 -3.338362120075544e-08 -3.338362120075544e-08
166.49102975500438 0.899303674697876 0.20234812796115875 0.20605896413326263 -3.338362120075544e-08 -3.338362120075544e-08
166.66681100500438 0.8998597860336304 0.20234812796115875 0.20605896413326263 -3.338362120075544e-08 -3.338362120075544e-08
166.8425922550044 0.9003958106040955 0.20234812796115875 0.20605896413326263 -3.338362120075544e-08 -3.338362120075544e-08
167.0183735050044 0.9009117484092712 0.20234812796115875 0.20605896413326263 -3.338362120075544e-08 -3.338362120075544e-08
167.36993600500443 0.9018996953964233 0.20234812796115875 0.20605896413326263 -3.338362120075544e-08 -3.338362120075544e-08
167.54571725500446 0.9023699164390564 0.20234812796115875 0.20605896413326263 -3.338362120075544e-08 -3.338362120075544e-08
167.72149850500446 0.9028218984603882 0.20234812796115875 0.20605896413326263 -3.338362120075544e-08 -3.338362120075544e-08
167.8972797550045 0.9032565355300903 0.20234812796115875 0.20605896413326263 -3.338362120075544e-08 -3.338362120075544e-08
168.0730610050045 0.9036766290664673 0.20234812796115875 0.20605896413326263 -3.338362120075544e-08 -3.338362120075544e-08
168.51251413000452 0.9046820402145386 0.20234812796115875 0.20605896413326263 -3.338362120075544e-08 -3.338362120075544e-08
168.95196725500455 0.9056086540222168 0.20234812796115875 0.20605896413326263 -3.338362120075544e-08 -3.338362120075544e-08
169.30352975500458 0.9063009023666382 0.20234812796115875 0.20605896413326263 -3.338362120075544e-08 -3.338362120075544e-08
169.83087350500463 0.9072797894477844 0.20234812796115875 0.20605896413326263 -3.338362120075544e-08 -3.338362120075544e-08
170.35821725500466 0.9081700444221497 0.20234812796115875 0.20605896413326263 -3.338362120075544e-08 -3.338362120075544e-08
170.7097797550047 0.9087325930595398 0.20234812796115875 0.20605896413326263 -3.338362120075544e-08 -3.338362120075544e-08
171.76446725500477 0.9102498292922974 0.20234812796115875 0.20605896413326263 -3.338362120075544e-08 -3.338362120075544e-08
172.2918110050048 0.9109379053115845 0.20234812796115875 0.20605896413326263 -3.338362120075544e-08 -3.338362120075544e-08
172.64337350500483 0.9113696813583374 0.20234812796115875 0.20605896413326263 -3.338362120075544e-08 -3.338362120075544e-08
172.81915475500483 0.9115768671035767 0.20234812796115875 0.20605896413326263 -3.338362120075544e-08 -3.338362120075544e-08
172.99493600500486 0.9117785096168518 0.20234812796115875 0.20605896413326263 -3.338362120075544e-08 -3.338362120075544e-08
173.17071725500486 0.9119749069213867 0.20234812796115875 0.20605896413326263 -3.338362120075544e-08 -3.338362120075544e-08
173.69806100500492 0.9125407934188843 0.20234812796115875 0.20605896413326263 -3.338362120075544e-08 -3.338362120075544e-08
174.22540475500494 0.9130834341049194 0.20234812796115875 0.20605896413326263 -3.338362120075544e-08 -3.338362120075544e-08
174.57696725500497 0.9134243726730347 0.20234812796115875 0.20605896413326263 -3.338362120075544e-08 -3.338362120075544e-08
176.68634225500514 0.915215015411377 0.20234812796115875 0.20605896413326263 -3.338362120075544e-08 -3.338362120075544e-08
177.21368600500517 0.9156026244163513 0.20234812796115875 0.20605896413326263 -3.338362120075544e-08 -3.338362120075544e-08
179.85040475500537 0.9172894954681396 0.20234812796115875 0.20605896413326263 -3.338362120075544e-08 -3.338362120075544e-08
179.99999999999997 0.9173739552497864 0.20234812796115875 0.20605896413326263 -3.338362120075544e-08 -3.338362120075544e-08
