time a b c w1
0.0 0.0 0.0 0.0 0.0
2.34374997708231e-06 2.34398437508335e-23 2.34398437508335e-23 1.0801570415496826 2.34398437508335e-23
2.3531289769906394e-06 2.35336424679079e-23 2.35336424679079e-23 1.0037916898727417 2.35336424679079e-23
2.3718869768072985e-06 2.372124147977851e-23 2.372124147977851e-23 0.9922298789024353 2.372124147977851e-23
2.449126245505041e-06 2.449371143311084e-23 2.449371143311084e-23 0.9876051545143127 2.449371143311084e-23
0.00019360463173130613 1.9362399824984054e-21 1.9362399824984054e-21 0.9876051545143127 1.9362399824984054e-21
0.00038480681743822704 3.8484529531415596e-21 3.8484529531415596e-21 0.9876051545143127 -5.559599003390758e-09
0.0007672111888520689 7.672878894427868e-21 7.672878894427868e-21 0.9876051545143127 -2.7055836682166046e-08
0.001 1.0000999731091105e-20 1.0000999731091105e-20 0.9876051545143127 -3.338813314712752e-08
29.999999999999996 3.000300019364487e-16 3.000300019364487e-16 0.9876051545143127 -3.338795906415726e-08
30.000099999999996 3.0003100778807355e-16 3.0003100778807355e-16 0.9876051545143127 -3.336597131919916e-08
30.0003 3.0003299302154367e-16 3.0003299302154367e-16 0.9876051545143127 -3.3344250027766975e-08
30.0007 7.449593025787848e-12 3.0003698995826353e-16 0.9876051545143127 -3.3332753446302377e-08
30.000822963427037 2.548510913413793e-08 3.000382340379048e-16 0.9876051545143127 -2.3448690100735803e-08
30.00089395647678 1.2384627723349695e-07 3.0003894872195405e-16 0.9876051545143127 8.276111884697457e-08
30.000929755113695 2.704640280626336e-07 3.000392928290889e-16 0.9876051545143127 2.555833304995758e-07
30.00095105733455 4.273381932762277e-07 3.000395045873257e-16 0.9876051545143127 4.314699424412538e-07
30.00096412905023 5.73047316265729e-07 3.000396369362237e-16 0.9876051545143127 7.024785872999928e-07
30.000973608241555 7.293852490874997e-07 3.000397428153421e-16 0.9876051545143127 1.190523676086741e-06
30.00098551956099 9.960713214240968e-07 3.000398486944605e-16 0.9876051545143127 2.24641462409636e-06
30.001 1.380598291689239e-06 3.000400075131381e-16 0.9876051545143127 3.904103323293384e-06
30.079060831930736 0.0024821122642606497 3.0082068072293097e-16 0.9876051545143127 0.011635187081992626
30.157121663861467 0.004940343089401722 3.016013804025034e-16 0.9876051545143127 0.023203380405902863
30.313245709986816 0.00979712512344122 3.031627797616483e-16 0.9876051545143127 0.0461718812584877
30.547620709986816 0.016961034387350082 3.055067581547174e-16 0.9876051545143127 0.08029287308454514
30.781995709986816 0.02396569214761257 3.0785073654778644e-16 0.9876051545143127 0.11396118253469467
31.016370709986813 0.03079216368496418 3.101947149408555e-16 0.9876051545143127 0.14711999893188477
31.25074570998681 0.0374351367354393 3.1253871980370417e-16 0.9876051545143127 0.17975041270256042
31.485120709986806 0.043888937681913376 3.1488269819677324e-16 0.9876051545143127 0.21183182299137115
31.953870709986802 0.05620567128062248 3.1957065498291136e-16 0.9876051545143127 0.2742604911327362
32.1882457099868 0.06205669790506363 3.2191463337598043e-16 0.9876051545143127 0.3045617640018463
32.656995709986795 0.07311403751373291 3.2660261663189816e-16 0.9876051545143127 0.3632162809371948
33.12574570998679 0.08327243477106094 3.312905734180363e-16 0.9876051545143127 0.41910141706466675
33.59449570998678 0.09248760342597961 3.35978556673954e-16 0.9876051545143127 0.4720029830932617
34.063245709986774 0.1007218062877655 3.4066651346009215e-16 0.9876051545143127 0.5217037200927734
34.531995709986774 0.10794832557439804 3.453544967160099e-16 0.9876051545143127 0.567993700504303
34.76637070998677 0.11117968708276749 3.4769847510907894e-16 0.9876051545143127 0.5897994041442871
35.23512070998676 0.11688196659088135 3.5238643189521707e-16 0.9876051545143127 0.6306310892105103
35.46949570998676 0.11935891956090927 3.5473043675806574e-16 0.9876051545143127 0.6496259570121765
35.70387070998676 0.12159334123134613 3.570744151511348e-16 0.9876051545143127 0.66765958070755
36.17262070998675 0.12536634504795074 3.6176237193727293e-16 0.9876051545143127 0.7008300423622131
36.406995709986745 0.1269252896308899 3.641063768001216e-16 0.9876051545143127 0.715973973274231
36.641370709986745 0.12828218936920166 3.6645035519319066e-16 0.9876051545143127 0.7301714420318604
36.875745709986745 0.12945112586021423 3.687943335862597e-16 0.9876051545143127 0.7434406280517578
37.69605820998673 0.1322864145040512 3.7699827119689125e-16 0.9876051545143127 0.7829617261886597
38.516370709986724 0.13368774950504303 3.852022352773024e-16 0.9876051545143127 0.8129339814186096
38.750745709986724 0.13391384482383728 3.8754621367037144e-16 0.9876051545143127 0.8200019598007202
38.98512070998672 0.13408447802066803 3.898901920634405e-16 0.9876051545143127 0.8264896273612976
39.21949570998672 0.13421013951301575 3.9223417045650957e-16 0.9876051545143127 0.8324412107467651
39.45387070998671 0.13430079817771912 3.9457814884957863e-16 0.9876051545143127 0.8378994464874268
39.92262070998671 0.13440823554992676 3.9926613210549636e-16 0.9876051545143127 0.8474997878074646
40.1569957099867 0.13443681597709656 4.0161011049856543e-16 0.9876051545143127 0.851718008518219
40.3913707099867 0.1344546377658844 4.039540888916345e-16 0.9876051545143127 0.8555945754051208
40.625745709986695 0.1344650536775589 4.0629809375448316e-16 0.9876051545143127 0.8591609001159668
41.094495709986695 0.13447317481040955 4.109860505406213e-16 0.9876051545143127 0.865475058555603
41.32887070998669 0.13447409868240356 4.1333002893369035e-16 0.9876051545143127 0.8682729601860046
41.79762070998669 0.13447417318820953 4.180180121896081e-16 0.9876051545143127 0.873258113861084
43.20387070998667 0.13447406888008118 4.3208190901780207e-16 0.9876051545143127 0.8845087885856628
43.67262070998666 0.13447406888008118 4.367698922737198e-16 0.9876051545143127 0.8873529434204102
43.90699570998666 0.13447406888008118 4.3911387066678886e-16 0.9876051545143127 0.8886464238166809
44.37574570998665 0.13447406888008118 4.43801827452927e-16 0.9876051545143127 0.8910103440284729
44.61012070998665 0.13447406888008118 4.461458058459961e-16 0.9876051545143127 0.8920924663543701
45.078870709986646 0.13447406888008118 4.508337626321342e-16 0.9876051545143127 0.894082248210907
45.313245709986646 0.13447406888008118 4.531777674949829e-16 0.9876051545143127 0.8949985504150391
45.78199570998664 0.13447406888008118 4.57865724281121e-16 0.9876051545143127 0.8966928720474243
46.01637070998663 0.13447406888008118 4.602097291439696e-16 0.9876051545143127 0.8974774479866028
46.25074570998663 0.13447406888008118 4.625537340068183e-16 0.9876051545143127 0.8982241153717041
46.48512070998663 0.13447406888008118 4.648976859301078e-16 0.9876051545143127 0.8989355564117432
46.719495709986624 0.13447406888008118 4.672416907929564e-16 0.9876051545143127 0.8996140956878662
46.953870709986624 0.13447406888008118 4.695856427162459e-16 0.9876051545143127 0.9002618789672852
47.188245709986624 0.13447406888008118 4.719296475790946e-16 0.9876051545143127 0.9008809328079224
47.65699570998662 0.13447406888008118 4.766176043652327e-16 0.9876051545143127 0.9020400047302246
47.89137070998661 0.13447406888008118 4.789616092280814e-16 0.9876051545143127 0.9025833010673523
48.36012070998661 0.13447406888008118 4.836495660142195e-16 0.9876051545143127 0.9036045670509338
48.8288707099866 0.13447406888008118 4.883375228003576e-16 0.9876051545143127 0.9045469760894775
49.531995709986596 0.13447406888008118 4.953694844493444e-16 0.9876051545143127 0.9058315753936768
50.11793320998659 0.13447406888008118 5.012294701366865e-16 0.9876051545143127 0.9067993760108948
50.70387070998658 0.13447406888008118 5.070894028844693e-16 0.9876051545143127 0.907686173915863
51.172620709986575 0.13447406888008118 5.117773596706075e-16 0.9876051545143127 0.908344030380249
51.87574570998657 0.13447406888008118 5.188093213195943e-16 0.9876051545143127 0.9092549085617065
52.57887070998656 0.13447406888008118 5.258412829685811e-16 0.9876051545143127 0.9100854396820068
53.04762070998655 0.13447406888008118 5.305292397547192e-16 0.9876051545143127 0.9105997085571289
54.68824570998653 0.13447406888008118 5.469371679155414e-16 0.9876051545143127 0.9121905565261841
55.391370709986525 0.13447406888008118 5.53969076624969e-16 0.9876051545143127 0.9127879738807678
57.7351207099865 0.13447406888008118 5.774089664347781e-16 0.9876051545143127 0.9144959449768066
58.43824570998649 0.13447406888008118 5.844408751442057e-16 0.9876051545143127 0.91493821144104
59.99999999999999 0.13447406888008118 6.000600038728974e-16 0.9876051545143127 0.9158283472061157
60.000099999999996 0.13447406888008118 6.000610097245222e-16 0.9876051545143127 0.9158281683921814
60.000299999999996 0.1344737410545349 6.00063021427772e-16 0.9876051545143127 0.9158279299736023
60.000699999999995 0.13446976244449615 6.000669918947122e-16 0.9876051545143127 0.9158278703689575
60.001000000000005 0.134462371468544 6.000700094495868e-16 0.9876051545143127 0.9158278703689575
60.16480000000147 0.1112993061542511 6.017081711695766e-16 0.9876051545143127 0.9158278703689575
60.328600000002936 0.08901568502187729 6.033463328895664e-16 0.9876051545143127 0.9158278703689575
60.562975000002936 0.059488341212272644 6.056903377524151e-16 0.9876051545143127 0.9158278703689575
60.79735000000293 0.03397528454661369 6.080342896757046e-16 0.9876051545143127 0.9158278703689575
61.03172500000293 0.0134600093588233 6.103782945385532e-16 0.9876051545143127 0.9158278703689575
61.209816529665375 0.0016873828135430813 6.121593930683922e-16 0.9876051545143127 0.9158278703689575
61.25499606796804 0.00021806602308060974 6.126112322061932e-16 0.9876051545143127 0.9158278703689575
61.30020639565938 -3.338795551144358e-08 6.130633889813494e-16 0.9876051545143127 0.9158278703689575
89.99999999999999 -3.3370607610549996e-08 9.000900322791256e-16 0.9876051545143127 0.9158278703689575
90.0001 -3.3360187501330074e-08 9.000909851911913e-16 0.9876051545143127 0.9158278703689575
90.0003 -3.333984466280526e-08 9.00092996894441e-16 0.9876051545143127 0.9158278703689575
90.0007 -3.331038911369433e-08 7.450988610824272e-12 0.9876051545143127 0.9158278703689575
90.00082296356193 -2.3424183481779437e-08 2.548521926826197e-08 0.9876051545143127 0.9158278703689575
90.00089395657822 8.278580310161487e-08 1.2384667513742897e-07 0.9876051545143127 0.9158278703689575
90.00092975520718 2.556097626893461e-07 2.704648807139165e-07 0.9876051545143127 0.9158278703689575
90.00095105741642 4.314991031151294e-07 4.2733955751828034e-07 0.9876051545143127 0.9158278703689575
90.00096412914905 7.025109312053246e-07 5.73049362628808e-07 0.9876051545143127 0.9158278703689575
90.00097360835225 1.1905590326932725e-06 7.293878638847673e-07 0.9876051545143127 0.9158278703689575
90.0009855196825 2.246453504994861e-06 9.960746183423907e-07 0.9876051545143127 0.9158278703689575
90.001 3.904130608134437e-06 1.3805988601234276e-06 0.9876051545143127 0.9158278703689575
90.07906090269981 0.011635198257863522 0.0024821145925670862 0.9876051545143127 0.9158278703689575
90.15712180539961 0.023203400894999504 0.004940347746014595 0.9876051545143127 0.9158278703689575
90.31324599306528 0.046171922236680984 0.009797134436666965 0.9876051545143127 0.9158278703689575
90.54762099306528 0.08029291778802872 0.01696104183793068 0.9876051545143127 0.9158278703689575
90.78199599306528 0.11396122723817825 0.023965701460838318 0.9876051545143127 0.9158278703689575
91.01637099306528 0.14712005853652954 0.030792172998189926 0.9876051545143127 0.9158278703689575
91.2507459930653 0.179750457406044 0.037435147911310196 0.9876051545143127 0.9158278703689575
91.4851209930653 0.21183186769485474 0.04388894885778427 0.9876051545143127 0.9158278703689575
91.95387099306531 0.274260550737381 0.05620568245649338 0.9876051545143127 0.9158278703689575
92.18824599306531 0.3045618236064911 0.062056709080934525 0.9876051545143127 0.9158278703689575
92.65699599306531 0.3632163107395172 0.0731140524148941 0.9876051545143127 0.9158278703689575
93.12574599306532 0.4191014766693115 0.08327244967222214 0.9876051545143127 0.9158278703689575
93.59449599306534 0.4720030426979065 0.09248761832714081 0.9876051545143127 0.9158278703689575
94.06324599306534 0.5217037796974182 0.1007218137383461 0.9876051545143127 0.9158278703689575
94.53199599306535 0.5679937601089478 0.10794834047555923 0.9876051545143127 0.9158278703689575
94.76637099306535 0.5897995233535767 0.11117969453334808 0.9876051545143127 0.9158278703689575
95.23512099306535 0.630631148815155 0.11688197404146194 0.9876051545143127 0.9158278703689575
95.46949599306537 0.6496260166168213 0.11935892701148987 0.9876051545143127 0.9158278703689575
95.70387099306537 0.6676596403121948 0.12159335613250732 0.9876051545143127 0.9158278703689575
96.17262099306538 0.7008301019668579 0.12536635994911194 0.9876051545143127 0.9158278703689575
96.40699599306538 0.7159740328788757 0.1269252896308899 0.9876051545143127 0.9158278703689575
96.64137099306538 0.7301715016365051 0.12828221917152405 0.9876051545143127 0.9158278703689575
96.87574599306538 0.7434406876564026 0.12945112586021423 0.9876051545143127 0.9158278703689575
97.69605849306541 0.7829617261886597 0.1322864294052124 0.9876051545143127 0.9158278703689575
98.51637099306541 0.8129339814186096 0.13368776440620422 0.9876051545143127 0.9158278703689575
98.75074599306542 0.8200019598007202 0.13391384482383728 0.9876051545143127 0.9158278703689575
98.98512099306542 0.8264896869659424 0.13408449292182922 0.9876051545143127 0.9158278703689575
99.21949599306542 0.8324413299560547 0.13421015441417694 0.9876051545143127 0.9158278703689575
99.45387099306544 0.8378995060920715 0.13430079817771912 0.9876051545143127 0.9158278703689575
99.92262099306544 0.8474997878074646 0.13440823554992676 0.9876051545143127 0.9158278703689575
100.15699599306544 0.851718008518219 0.13443681597709656 0.9876051545143127 0.9158278703689575
100.39137099306545 0.8555946350097656 0.1344546526670456 0.9876051545143127 0.9158278703689575
100.62574599306545 0.8591609001159668 0.1344650685787201 0.9876051545143127 0.9158278703689575
101.09449599306546 0.8654751181602478 0.13447317481040955 0.9876051545143127 0.9158278703689575
101.32887099306546 0.8682730197906494 0.13447409868240356 0.9876051545143127 0.9158278703689575
101.79762099306546 0.873258113861084 0.13447418808937073 0.9876051545143127 0.9158278703689575
103.2038709930655 0.8845087885856628 0.13447408378124237 0.9876051545143127 0.9158278703689575
103.67262099306551 0.8873529434204102 0.13447408378124237 0.9876051545143127 0.9158278703689575
103.90699599306551 0.8886464238166809 0.13447408378124237 0.9876051545143127 0.9158278703689575
104.37574599306551 0.8910103440284729 0.13447408378124237 0.9876051545143127 0.9158278703689575
104.61012099306552 0.8920924663543701 0.13447408378124237 0.9876051545143127 0.9158278703689575
105.07887099306552 0.894082248210907 0.13447408378124237 0.9876051545143127 0.9158278703689575
105.31324599306554 0.8949985504150391 0.13447408378124237 0.9876051545143127 0.9158278703689575
105.78199599306554 0.8966929316520691 0.13447408378124237 0.9876051545143127 0.9158278703689575
106.01637099306554 0.8974774479866028 0.13447408378124237 0.9876051545143127 0.9158278703689575
106.25074599306555 0.8982241153717041 0.13447408378124237 0.9876051545143127 0.9158278703689575
106.48512099306555 0.8989355564117432 0.13447408378124237 0.9876051545143127 0.9158278703689575
106.71949599306555 0.8996140956878662 0.13447408378124237 0.9876051545143127 0.9158278703689575
106.95387099306556 0.9002618789672852 0.13447408378124237 0.9876051545143127 0.9158278703689575
107.18824599306556 0.9008809328079224 0.13447408378124237 0.9876051545143127 0.9158278703689575
107.65699599306556 0.9020400643348694 0.13447408378124237 0.9876051545143127 0.9158278703689575
107.89137099306558 0.9025833606719971 0.13447408378124237 0.9876051545143127 0.9158278703689575
108.36012099306558 0.9036045670509338 0.13447408378124237 0.9876051545143127 0.9158278703689575
108.82887099306559 0.9045469760894775 0.13447408378124237 0.9876051545143127 0.9158278703689575
109.5319959930656 0.9058315753936768 0.13447408378124237 0.9876051545143127 0.9158278703689575
110.1179334930656 0.9067993760108948 0.13447408378124237 0.9876051545143127 0.9158278703689575
110.70387099306562 0.907686173915863 0.13447408378124237 0.9876051545143127 0.9158278703689575
111.17262099306564 0.908344030380249 0.13447408378124237 0.9876051545143127 0.9158278703689575
111.87574599306564 0.9092549085617065 0.13447408378124237 0.9876051545143127 0.9158278703689575
112.57887099306565 0.9100854396820068 0.13447408378124237 0.9876051545143127 0.9158278703689575
113.04762099306566 0.9105997085571289 0.13447408378124237 0.9876051545143127 0.9158278703689575
114.68824599306569 0.9121905565261841 0.13447408378124237 0.9876051545143127 0.9158278703689575
115.3913709930657 0.9127879738807678 0.13447408378124237 0.9876051545143127 0.9158278703689575
117.73512099306575 0.9144959449768066 0.13447408378124237 0.9876051545143127 0.9158278703689575
118.43824599306575 0.91493821144104 0.13447408378124237 0.9876051545143127 0.9158278703689575
119.99999999999999 0.9158283472061157 0.13447408378124237 0.9876051545143127 0.9158278703689575
120.0001 0.9158281087875366 0.13447408378124237 0.9876051545143127 0.9158278703689575
120.0003 0.9158279299736023 0.13447408378124237 0.9876051545143127 0.9158278703689575
120.0007 0.9158278107643127 0.13447408378124237 0.9876051545143127 0.9158278703689575
120.001 0.9158278107643127 0.13447408378124237 0.9876051545143127 0.9158278703689575
150.0 0.9158278107643127 0.13447408378124237 0.9876051545143127 0.9158278703689575
150.0001 0.9158278107643127 0.13447408378124237 0.9876051545143127 0.9158278703689575
150.0003 0.9158278107643127 0.13447408378124237 0.9876051545143127 0.9158281087875366
150.0007 0.9158278107643127 0.13447408378124237 0.9876051545143127 0.9158293008804321
150.001 0.9158278107643127 0.13447408378124237 0.9876051545143127 0.9158303737640381
179.99999999999997 0.9158278107643127 0.13447408378124237 0.9876051545143127 0.9158303737640381
180.0001 0.9158278107643127 0.13447408378124237 0.9876051545143127 0.9158303737640381
180.0003 0.9158278107643127 0.13447408378124237 0.9876051545143127 0.9158303737640381
180.0007 0.9158278107643127 0.13447408378124237 0.9876049757003784 0.9158303737640381
180.001 0.9158278107643127 0.13447408378124237 0.9876046776771545 0.9158303737640381
180.39917500000257 0.9158278107643127 0.13447408378124237 0.9837881326675415 0.9158303737640381
180.79735000000514 0.9158278107643127 0.13447408378124237 0.9782096743583679 0.9158303737640381
181.03172500000514 0.9158278107643127 0.13447408378124237 0.9736959934234619 0.9158303737640381
181.5004750000051 0.9158278107643127 0.13447408378124237 0.9606554508209229 0.9158303737640381
181.9692250000051 0.9158278107643127 0.13447408378124237 0.9404178261756897 0.9158303737640381
182.20360000000508 0.9158278107643127 0.13447408378124237 0.927102267742157 0.9158303737640381
182.43797500000508 0.9158278107643127 0.13447408378124237 0.9115790128707886 0.9158303737640381
182.67235000000508 0.9158278107643127 0.13447408378124237 0.8939170241355896 0.9158303737640381
182.90672500000505 0.9158278107643127 0.13447408378124237 0.874260663986206 0.9158303737640381
183.14110000000505 0.9158278107643127 0.13447408378124237 0.8527968525886536 0.9158303737640381
183.37547500000505 0.9158278107643127 0.13447408378124237 0.8297263383865356 0.9158303737640381
183.60985000000503 0.9158278107643127 0.13447408378124237 0.8052454590797424 0.9158303737640381
183.84422500000503 0.9158278107643127 0.13447408378124237 0.7795348167419434 0.9158303737640381
184.078600000005 0.9158278107643127 0.13447408378124237 0.7527546882629395 0.9158303737640381
184.312975000005 0.9158278107643127 0.13447408378124237 0.7250438928604126 0.9158303737640381
184.547350000005 0.9158278107643127 0.13447408378124237 0.6965216994285583 0.9158303737640381
184.78172500000497 0.9158278107643127 0.13447408378124237 0.6672896146774292 0.9158303737640381
185.01610000000497 0.9158278107643127 0.13447408378124237 0.6374338269233704 0.9158303737640381
185.25047500000497 0.9158278107643127 0.13447408378124237 0.6070276498794556 0.9158303737640381
185.48485000000494 0.9158278107643127 0.13447408378124237 0.5761337280273438 0.9158303737640381
185.71922500000494 0.9158278107643127 0.13447408378124237 0.5448052883148193 0.9158303737640381
185.95360000000494 0.9158278107643127 0.13447408378124237 0.5130882263183594 0.9158303737640381
186.1879750000049 0.9158278107643127 0.13447408378124237 0.4810221195220947 0.9158303737640381
186.4223500000049 0.9158278107643127 0.13447408378124237 0.4486410915851593 0.9158303737640381
186.6567250000049 0.9158278107643127 0.13447408378124237 0.41597500443458557 0.9158303737640381
186.89110000000488 0.9158278107643127 0.13447408378124237 0.38305002450942993 0.9158303737640381
187.12547500000488 0.9158278107643127 0.13447408378124237 0.34988948702812195 0.9158303737640381
187.35985000000488 0.9158278107643127 0.13447408378124237 0.3165149390697479 0.9158303737640381
187.59422500000485 0.9158278107643127 0.13447408378124237 0.2829480469226837 0.9158303737640381
187.82860000000485 0.9158278107643127 0.13447408378124237 0.24921473860740662 0.9158303737640381
188.06297500000485 0.9158278107643127 0.13447408378124237 0.21535558998584747 0.9158303737640381
188.29735000000483 0.9158278107643127 0.13447408378124237 0.18145164847373962 0.9158303737640381
188.53172500000483 0.9158278107643127 0.13447408378124237 0.14768700301647186 0.9158303737640381
188.76610000000483 0.9158278107643127 0.13447408378124237 0.11448279023170471 0.9158303737640381
189.0004750000048 0.9158278107643127 0.13447408378124237 0.0827060118317604 0.9158303737640381
189.2348500000048 0.9158278107643127 0.13447408378124237 0.05377763509750366 0.9158303737640381
189.4692250000048 0.9158278107643127 0.13447408378124237 0.02930743619799614 0.9158303737640381
189.70360000000477 0.9158278107643127 0.13447408378124237 0.009641449898481369 0.9158303737640381
189.82533933375424 0.9158278107643127 0.13447408378124237 0.0017675129929557443 0.9158303737640381
189.86596206419043 0.9158278107643127 0.13447408378124237 8.410160808125511e-05 0.9158303737640381
189.87195611291253 0.9158278107643127 0.13447408378124237 -3.338795551144358e-08 0.9158303737640381
202.15601297729546 0.9158278107643127 0.13447408378124237 -3.338795551144358e-08 0.9158303737640381
209.99999999999997 0.9158278107643127 0.13447408378124237 -3.3380150199491254e-08 0.9158303737640381
210.00009999999997 0.9158278107643127 0.13447408378124237 -3.336337073278628e-08 0.9158303737640381
210.0003 0.9158278107643127 0.13447408378124237 -3.334302434154779e-08 0.9158303737640381
210.00070000000002 0.9158278107643127 0.13447408378124237 -3.3328259263498694e-08 0.9158303737640381
210.00100000000003 0.9158278107643127 0.13447408378124237 -3.332596776317587e-08 0.9158303737640381
224.861462909346 0.9158278107643127 0.13447408378124237 0.0358542762696743 0.9158303737640381
239.72192581869194 0.9158278107643127 0.13447408378124237 0.07067660242319107 0.9158303737640381
239.95630081869194 0.9158278107643127 0.13447408378124237 0.07121746987104416 0.9158303737640381
239.99999999999997 0.9158278107643127 0.13447408378124237 0.07131829112768173 0.9158303737640381
