time a b c w1 w2
0.0 0.0 0.0 0.0 0.0 0.0
1.757812428601624e-06 1.757988202426422e-23 1.757988202426422e-23 1.0832566022872925 1.757988202426422e-23 1.757988202426422e-23
1.7648476783160305e-06 1.7650242106122693e-23 1.7650242106122693e-23 1.0055341720581055 1.7650242106122693e-23 1.7650242106122693e-23
1.7789181777448437e-06 1.7790960692117828e-23 1.7790960692117828e-23 0.9905999898910522 1.7790960692117828e-23 1.7790960692117828e-23
1.8070591766024704e-06 1.8072399441829907e-23 1.8072399441829907e-23 0.984626293182373 1.8072399441829907e-23 1.8072399441829907e-23
0.00013281055255599797 1.3282383013875093e-21 1.3282383013875093e-21 0.984626293182373 1.3282383013875093e-21 1.3282383013875093e-21
0.00026381985277929004 2.6384624023353322e-21 2.6384624023353322e-21 0.984626293182373 2.6384624023353322e-21 2.6384624023353322e-21
0.0005258384532258742 5.258910200334195e-21 5.258910200334195e-21 0.984626293182373 -5.9391629392280265e-09 -5.9391629392280265e-09
0.001 1.0000999731091105e-20 1.0000999731091105e-20 0.984626293182373 -3.337391873969864e-08 -3.337391873969864e-08
29.999999999999996 3.000300019364487e-16 3.000300019364487e-16 0.984626293182373 -3.337406084824579e-08 -3.337406084824579e-08
30.000099999999996 3.0003100778807355e-16 3.0003100778807355e-16 0.984626293182373 -3.335765796919077e-08 -3.335765796919077e-08
30.0003 3.0003299302154367e-16 3.0003299302154367e-16 0.984626293182373 -3.334146114752912e-08 -3.3341464700242796e-08
30.0007 3.0003698995826353e-16 3.0003698995826353e-16 0.984626293182373 -3.333289555484953e-08 -3.3332902660276886e-08
30.00082296351996 1.4330822639685437e-10 3.000382340379048e-16 0.984626293182373 -3.3331780002754385e-08 -3.333179066089542e-08
30.000893956682418 3.373294532593718e-09 3.0003894872195405e-16 0.984626293182373 -2.1102982472598342e-08 -3.33314424949549e-08
30.00092965918443 1.4205776999176578e-08 3.000392928290889e-16 0.984626293182373 3.5197352588056674e-08 -3.33314424949549e-08
30.00095122858562 3.757040900609354e-08 3.000395045873257e-16 0.984626293182373 1.914394687219101e-07 -3.33314424949549e-08
30.000976213895715 1.0019194718324798e-07 3.000397692851217e-16 0.984626293182373 6.891893917781999e-07 -3.33314424949549e-08
30.001 1.9421261754359875e-07 3.000400075131381e-16 0.984626293182373 1.5012316225693212e-06 -3.33314424949549e-08
30.33808038175258 0.002187346341088414 3.0341114570365103e-16 0.984626293182373 0.021560849621891975 -3.33314424949549e-08
30.67516076350515 0.004297770094126463 3.0678228389416395e-16 0.984626293182373 0.0427665039896965 -3.33314424949549e-08
31.026723263505147 0.006413237191736698 3.1029826471865734e-16 0.984626293182373 0.06448052078485489 -3.33314424949549e-08
31.554067013505147 0.009426246397197247 3.1557223595539744e-16 0.984626293182373 0.09628886729478836 -3.33314424949549e-08
32.08141076350515 0.012244029901921749 3.2084618072235793e-16 0.984626293182373 0.1271444410085678 -3.33314424949549e-08
32.60875451350515 0.014819768257439137 3.2612015195909803e-16 0.984626293182373 0.1567867398262024 -3.33314424949549e-08
33.13609826350515 0.017179636284708977 3.3139412319583813e-16 0.984626293182373 0.1853121817111969 -3.33314424949549e-08
33.48766076350514 0.018669992685317993 3.349101040203315e-16 0.984626293182373 0.2038882076740265 -3.33314424949549e-08
34.10289513850514 0.02104964479804039 3.4106305722830517e-16 0.984626293182373 0.23514355719089508 -3.33314424949549e-08
34.71812951350514 0.023150760680437088 3.472160104362788e-16 0.984626293182373 0.26481199264526367 -3.33314424949549e-08
35.59703576350514 0.025739986449480057 3.560059624975123e-16 0.984626293182373 0.30470994114875793 -3.33314424949549e-08
36.12437951350514 0.027051886543631554 3.612799072644728e-16 0.984626293182373 0.327104389667511 -3.33314424949549e-08
36.47594201350514 0.027858620509505272 3.647958880889662e-16 0.984626293182373 0.3415784537792206 -3.33314424949549e-08
36.82750451350513 0.028609182685613632 3.683118689134596e-16 0.984626293182373 0.35566025972366333 -3.33314424949549e-08
37.17906701350513 0.029315289109945297 3.71827849737953e-16 0.984626293182373 0.3694257140159607 -3.33314424949549e-08
37.53062951350513 0.029966427013278008 3.753438305624464e-16 0.984626293182373 0.38278383016586304 -3.33314424949549e-08
37.88219201350513 0.030553752556443214 3.788598113869398e-16 0.984626293182373 0.39565297961235046 -3.33314424949549e-08
38.23375451350513 0.031082484871149063 3.823757657416536e-16 0.984626293182373 0.4080532491207123 -3.33314424949549e-08
38.76109826350513 0.03178958594799042 3.876497369783937e-16 0.984626293182373 0.4259306490421295 -3.33314424949549e-08
39.28844201350513 0.03238658979535103 3.9292370821513377e-16 0.984626293182373 0.44282132387161255 -3.33314424949549e-08
39.815785763505126 0.032891012728214264 3.9819767945187387e-16 0.984626293182373 0.4588243067264557 -3.33314424949549e-08
40.870473263505126 0.03369131684303284 4.0874559545557446e-16 0.984626293182373 0.48860248923301697 -3.33314424949549e-08
41.222035763505126 0.033903494477272034 4.1226157628006786e-16 0.984626293182373 0.49789780378341675 -3.33314424949549e-08
41.837270138505126 0.03422335535287857 4.184145294880415e-16 0.984626293182373 0.513498842716217 -3.33314424949549e-08
42.452504513505126 0.0344817191362381 4.2456750916579475e-16 0.984626293182373 0.5282295942306519 -3.33314424949549e-08
42.97984826350512 0.03464961796998978 4.2984145393275524e-16 0.984626293182373 0.5400092601776123 -3.33314424949549e-08
43.33141076350512 0.03474557772278786 4.3335743475724864e-16 0.984626293182373 0.5475850701332092 -3.33314424949549e-08
43.85875451350512 0.03486417233943939 4.3863140599398874e-16 0.984626293182373 0.5584530830383301 -3.33314424949549e-08
44.38609826350512 0.03495163843035698 4.4390537723072883e-16 0.984626293182373 0.5686407685279846 -3.33314424949549e-08
44.73766076350512 0.034997567534446716 4.474213315854426e-16 0.984626293182373 0.5751204490661621 -3.33314424949549e-08
45.70445763850512 0.03508094325661659 4.570902656179097e-16 0.984626293182373 0.5916095972061157 -3.33314424949549e-08
46.67125451350511 0.03512408211827278 4.667591996503767e-16 0.984626293182373 0.6065128445625305 -3.33314424949549e-08
47.02281701350511 0.03513404726982117 4.702751804748701e-16 0.984626293182373 0.6116142272949219 -3.33314424949549e-08
47.19859826350511 0.035138025879859924 4.720331973568964e-16 0.984626293182373 0.6140965819358826 -3.33314424949549e-08
47.37437951350511 0.03514130413532257 4.737911612993635e-16 0.984626293182373 0.6165248155593872 -3.33314424949549e-08
47.55016076350511 0.035143956542015076 4.755491781813898e-16 0.984626293182373 0.6188991665840149 -3.33314424949549e-08
48.07750451350511 0.03514905646443367 4.808231229483503e-16 0.984626293182373 0.625713050365448 -3.33314424949549e-08
48.95641076350511 0.03515252470970154 4.896130485398042e-16 0.984626293182373 0.6363024711608887 -3.333143894224122e-08
49.835317013505104 0.0351533442735672 4.984030270708173e-16 0.984626293182373 0.6460044384002686 -3.333143894224122e-08
50.362660763505104 0.035153359174728394 5.036769718377778e-16 0.984626293182373 0.6513862013816833 -3.333143894224122e-08
50.890004513505104 0.035153355449438095 5.089509166047383e-16 0.984626293182373 0.6565859317779541 -3.333143894224122e-08
51.241567013505104 0.035153355449438095 5.124668974292317e-16 0.984626293182373 0.659925103187561 -3.333143894224122e-08
52.120473263505104 0.035153355449438095 5.212568759602448e-16 0.984626293182373 0.6679038405418396 -3.333143894224122e-08
52.9993795135051 0.035153355449438095 5.300468015516987e-16 0.984626293182373 0.6751044392585754 -3.333143894224122e-08
53.5267232635051 0.035153355449438095 5.353207463186592e-16 0.984626293182373 0.6792240738868713 -3.333143894224122e-08
54.4056295135051 0.035153355449438095 5.441107248496722e-16 0.984626293182373 0.6856182217597961 -3.333143894224122e-08
55.2845357635051 0.035153355449438095 5.529006504411261e-16 0.984626293182373 0.6914052963256836 -3.333143894224122e-08
55.6360982635051 0.035153355449438095 5.564166312656195e-16 0.984626293182373 0.6936015486717224 -3.333143894224122e-08
56.86656701350509 0.035153355449438095 5.687225376815668e-16 0.984626293182373 0.7007212042808533 -3.333143894224122e-08
58.09703576350509 0.035153355449438095 5.810284440975141e-16 0.984626293182373 0.7069773077964783 -3.333143894224122e-08
58.62437951350509 0.035153355449438095 5.863024418040338e-16 0.984626293182373 0.7095385789871216 -3.333143894224122e-08
59.15172326350508 0.035153355449438095 5.915763865709943e-16 0.984626293182373 0.7119962573051453 -3.333143894224122e-08
59.67906701350508 0.035153355449438095 5.968503313379548e-16 0.984626293182373 0.714398205280304 -3.333143894224122e-08
59.99999999999999 0.035153355449438095 6.000600038728974e-16 0.984626293182373 0.7158476114273071 -3.333143894224122e-08
60.000099999999996 0.035153355449438095 6.000610097245222e-16 0.984626293182373 0.7158479690551758 -3.333143894224122e-08
60.000299999999996 0.035153355449438095 6.00063021427772e-16 0.984626293182373 0.715848445892334 -3.333143894224122e-08
60.000699999999995 0.035153355449438095 6.000669918947122e-16 0.9846262335777283 0.715848982334137 -3.333143894224122e-08
60.000856459820824 0.035153355449438095 6.000685800814883e-16 0.9846261143684387 0.715848982334137 -3.333143894224122e-08
60.001000000000005 0.035153355449438095 6.000700094495868e-16 0.9846259355545044 0.715848982334137 -3.333143894224122e-08
60.012112643942565 0.035153355449438095 7.625925354659557e-05 0.9845914244651794 0.715848982334137 -3.333143894224122e-08
60.023225287885126 0.035153355449438095 0.0001525085244793445 0.9845566153526306 0.715848982334137 -3.333143894224122e-08
60.178840295026106 0.035153355449438095 0.0012192204594612122 0.984057605266571 0.715848982334137 -3.333143894224122e-08
60.88196529502611 0.035153355449438095 0.006020939908921719 0.9815237522125244 0.715848982334137 -3.333143894224122e-08
61.18958248252612 0.035153355449438095 0.008111131377518177 0.9802247881889343 0.715848982334137 -3.333143894224122e-08
61.80481685752611 0.035153355449438095 0.012274266220629215 0.9772273302078247 0.715848982334137 -3.333143894224122e-08
62.42005123252612 0.035153355449438095 0.0164131261408329 0.9735261797904968 0.715848982334137 -3.333143894224122e-08
63.55164302940112 0.035153355449438095 0.02396249584853649 0.9642090797424316 0.715848982334137 -3.333143894224122e-08
64.68323482627612 0.035153355449438095 0.03142959624528885 0.9491315484046936 0.715848982334137 -3.333143894224122e-08
65.21057857627612 0.035153355449438095 0.03488149493932724 0.939154326915741 0.715848982334137 -3.333143894224122e-08
65.73792232627612 0.035153355449438095 0.038315609097480774 0.9265454411506653 0.715848982334137 -3.333143894224122e-08
66.26526607627612 0.035153355449438095 0.04173196107149124 0.9106082916259766 0.715848982334137 -3.333143894224122e-08
66.86951412315112 0.035153355449438095 0.045624978840351105 0.8876041173934937 0.715848982334137 -3.333143894224122e-08
67.47376217002612 0.035153355449438095 0.049494266510009766 0.8586007952690125 0.715848982334137 -3.333143894224122e-08
67.64954342002612 0.035153355449438095 0.05061560124158859 0.8489900231361389 0.715848982334137 -3.333143894224122e-08
68.00110592002612 0.035153355449438095 0.052852414548397064 0.8281568288803101 0.715848982334137 -3.333143894224122e-08
68.35266842002612 0.035153355449438095 0.05508141964673996 0.8051906228065491 0.715848982334137 -3.333143894224122e-08
68.70423092002612 0.035153355449438095 0.05730264633893967 0.7801211476325989 0.715848982334137 -3.333143894224122e-08
69.05579342002612 0.035153355449438095 0.05951610952615738 0.7530602216720581 0.715848982334137 -3.333143894224122e-08
69.4073559200261 0.035153355449438095 0.06172183156013489 0.724045991897583 0.715848982334137 -3.333143894224122e-08
69.5831371700261 0.035153355449438095 0.06282179057598114 0.7088388204574585 0.715848982334137 -3.333143894224122e-08
69.9346996700261 0.035153355449438095 0.06501594185829163 0.6771870851516724 0.715848982334137 -3.333143894224122e-08
70.2862621700261 0.035153355449438095 0.06720238924026489 0.6439087390899658 0.715848982334137 -3.333143894224122e-08
70.6378246700261 0.035153355449438095 0.06938116252422333 0.6090991497039795 0.715848982334137 -3.333143894224122e-08
70.8136059200261 0.035153355449438095 0.07046767324209213 0.5911519527435303 0.715848982334137 -3.333143894224122e-08
71.1651684200261 0.035153355449438095 0.07263495773077011 0.5543360114097595 0.715848982334137 -3.333143894224122e-08
71.5167309200261 0.035153355449438095 0.07479462027549744 0.5163412690162659 0.715848982334137 -3.333143894224122e-08
71.8682934200261 0.035153355449438095 0.07694666087627411 0.4772246479988098 0.715848982334137 -3.333143894224122e-08
72.0440746700261 0.035153355449438095 0.07801982760429382 0.4572698771953583 0.715848982334137 -3.333143894224122e-08
72.2198559200261 0.035153355449438095 0.07909110188484192 0.43707597255706787 0.715848982334137 -3.333143894224122e-08
72.3956371700261 0.035153355449438095 0.0801604688167572 0.416658878326416 0.715848982334137 -3.333143894224122e-08
72.5714184200261 0.035153355449438095 0.08122795075178146 0.3960297703742981 0.715848982334137 -3.333143894224122e-08
73.0987621700261 0.035153355449438095 0.08441904187202454 0.33292335271835327 0.715848982334137 -3.333143894224122e-08
73.4503246700261 0.035153355449438095 0.08653699606657028 0.2898741364479065 0.715848982334137 -3.333143894224122e-08
74.06555904502609 0.035153355449438095 0.09022529423236847 0.21298351883888245 0.715848982334137 -3.333143894224122e-08
74.6807934200261 0.035153355449438095 0.09389058500528336 0.134905144572258 0.715848982334137 -3.333143894224122e-08
75.0323559200261 0.035153355449438095 0.09597474336624146 0.09111812710762024 0.715848982334137 -3.333143894224122e-08
75.2081371700261 0.035153355449438095 0.09701402485370636 0.07034003734588623 0.715848982334137 -3.333143894224122e-08
75.3839184200261 0.035153355449438095 0.09805143624544144 0.05103680491447449 0.715848982334137 -3.333143894224122e-08
75.55969967002609 0.035153355449438095 0.09908698499202728 0.033859267830848694 0.715848982334137 -3.333143894224122e-08
75.73548092002609 0.035153355449438095 0.1001206710934639 0.019295968115329742 0.715848982334137 -3.333143894224122e-08
75.91126217002609 0.035153355449438095 0.1011526808142662 0.007241149432957172 0.715848982334137 -3.333143894224122e-08
76.01725608000895 0.035153355449438095 0.1017741858959198 0.001362354843877256 0.715848982334137 -3.333143894224122e-08
76.0517231476831 0.035153355449438095 0.10197611898183823 7.722625741735101e-05 0.715848982334137 -3.333143894224122e-08
76.05769427448689 0.035153355449438095 0.10201109200716019 -3.33822711695575e-08 0.715848982334137 -3.333143894224122e-08
80.35885471423487 0.035153355449438095 0.1266462504863739 -3.33822711695575e-08 0.715848982334137 -3.333143894224122e-08
84.66001515398285 0.035153355449438095 0.15019626915454865 -3.33822711695575e-08 0.715848982334137 -3.333143894224122e-08
84.83579640398285 0.035153355449438095 0.15113601088523865 -3.33822711695575e-08 0.715848982334137 -3.333143894224122e-08
85.01157765398285 0.035153355449438095 0.15207397937774658 -3.33822711695575e-08 0.715848982334137 -3.333143894224122e-08
85.18735890398285 0.035153355449438095 0.15301017463207245 -3.33822711695575e-08 0.715848982334137 -3.333143894224122e-08
89.99999999999999 0.035153355449438095 0.17796429991722107 -3.3392524301234516e-08 0.715848982334137 -3.333143894224122e-08
90.0001 0.035153355449438095 0.177964985370636 -3.337359544275387e-08 0.715848982334137 -3.333143894224122e-08
90.0003 0.035153355449438095 0.17796668410301208 -3.335179243890707e-08 0.715848982334137 -3.333143894224122e-08
90.00048047581507 0.035153355449438095 0.17796850204467773 -2.2456738690834754e-08 0.715848982334137 -3.333143894224122e-08
90.0008414274452 0.035153355449438095 0.17797210812568665 3.197642683971935e-08 0.715848982334137 2.5373654466420703e-07
90.00093485152594 0.035153355449438095 0.17797285318374634 4.578224377382867e-08 0.715848982334137 1.0792413149829372e-06
90.00098888471639 0.035153355449438095 0.1779731810092926 4.887844085033066e-08 0.715848982334137 2.428661446174374e-06
90.001 0.035153355449438095 0.17797324061393738 4.887844085033066e-08 0.715848982334137 2.8957397262274753e-06
90.39633963116536 0.035153355449438095 0.17976917326450348 4.887844085033066e-08 0.715848982334137 0.021527430042624474
90.79167926233072 0.035153355449438095 0.1814773678779602 4.887844085033066e-08 0.715848982334137 0.04259008914232254
91.31902301233072 0.035153355449438095 0.18367037177085876 4.887844085033066e-08 0.715848982334137 0.07022411376237869
91.7584761373307 0.035153355449438095 0.1853846162557602 4.887844085033066e-08 0.715848982334137 0.09263230860233307
92.19792926233072 0.035153355449438095 0.18703359365463257 4.887844085033066e-08 0.715848982334137 0.11467580497264862
92.8131636373307 0.035153355449438095 0.18917086720466614 4.887844085033066e-08 0.715848982334137 0.1445549726486206
93.4283980123307 0.035153355449438095 0.1910974383354187 4.887844085033066e-08 0.715848982334137 0.17318643629550934
93.6041792623307 0.035153355449438095 0.19161070883274078 4.887844085033066e-08 0.715848982334137 0.18113964796066284
93.7799605123307 0.035153355449438095 0.19211065769195557 4.887844085033066e-08 0.715848982334137 0.1890099048614502
93.9557417623307 0.035153355449438095 0.19260317087173462 4.887844085033066e-08 0.715848982334137 0.19683367013931274
94.1315230123307 0.035153355449438095 0.1930888444185257 4.887844085033066e-08 0.715848982334137 0.20461377501487732
94.4830855123307 0.035153355449438095 0.19402015209197998 4.887844085033066e-08 0.715848982334137 0.21991649270057678
94.8346480123307 0.035153355449438095 0.19489020109176636 4.887844085033066e-08 0.715848982334137 0.2348177433013916
95.3619917623307 0.035153355449438095 0.19608500599861145 4.887844085033066e-08 0.715848982334137 0.25642284750938416
96.0651167623307 0.035153355449438095 0.19750654697418213 4.887844085033066e-08 0.715848982334137 0.28401994705200195
96.7682417623307 0.035153355449438095 0.19873826205730438 4.887844085033066e-08 0.715848982334137 0.31020209193229675
97.1198042623307 0.035153355449438095 0.19928139448165894 4.887844085033066e-08 0.715848982334137 0.32272204756736755
97.4713667623307 0.035153355449438095 0.1997813731431961 4.887844085033066e-08 0.715848982334137 0.3348866105079651
97.6471480123307 0.035153355449438095 0.2000216841697693 4.887844085033066e-08 0.715848982334137 0.3408878445625305
97.8229292623307 0.035153355449438095 0.20025739073753357 4.887844085033066e-08 0.715848982334137 0.3468492329120636
97.9987105123307 0.035153355449438095 0.20048493146896362 4.887844085033066e-08 0.715848982334137 0.3527391254901886
98.5260542623307 0.035153355449438095 0.20112766325473785 4.887844085033066e-08 0.715848982334137 0.3700566589832306
98.7018355123307 0.035153355449438095 0.2013295590877533 4.887844085033066e-08 0.715848982334137 0.37571626901626587
98.8776167623307 0.035153355449438095 0.2015218585729599 4.887844085033066e-08 0.715848982334137 0.3812863826751709
99.0533980123307 0.035153355449438095 0.2017047107219696 4.887844085033066e-08 0.715848982334137 0.38676631450653076
99.22917926233069 0.035153355449438095 0.2018784135580063 4.887844085033066e-08 0.715848982334137 0.39215707778930664
99.75652301233069 0.035153355449438095 0.20234765112400055 4.887844085033066e-08 0.715848982334137 0.407802551984787
100.28386676233069 0.035153355449438095 0.2027532309293747 4.887844085033066e-08 0.715848982334137 0.4227677583694458
101.51433551233069 0.035153355449438095 0.2034790962934494 4.887844085033066e-08 0.715848982334137 0.4550602436065674
101.86589801233069 0.035153355449438095 0.20363831520080566 4.887844085033066e-08 0.715848982334137 0.46365392208099365
102.21746051233069 0.035153355449438095 0.20378708839416504 4.887844085033066e-08 0.715848982334137 0.472095251083374
102.83269488733069 0.035153355449438095 0.20400360226631165 4.887844085033066e-08 0.715848982334137 0.4861840605735779
103.44792926233069 0.035153355449438095 0.20417365431785583 4.887844085033066e-08 0.715848982334137 0.49948087334632874
103.79949176233069 0.035153355449438095 0.20425954461097717 4.887844085033066e-08 0.715848982334137 0.5068670511245728
104.15105426233069 0.035153355449438095 0.20433366298675537 4.887844085033066e-08 0.715848982334137 0.5140146017074585
104.67839801233069 0.035153355449438095 0.2044326364994049 4.887844085033066e-08 0.715848982334137 0.5244729518890381
105.73308551233067 0.035153355449438095 0.20456838607788086 4.887844085033066e-08 0.715848982334137 0.5438289642333984
106.08464801233067 0.035153355449438095 0.20459938049316406 4.887844085033066e-08 0.715848982334137 0.5498635172843933
106.43621051233067 0.035153355449438095 0.20462742447853088 4.887844085033066e-08 0.715848982334137 0.555794894695282
106.96355426233067 0.035153355449438095 0.2046593278646469 4.887844085033066e-08 0.715848982334137 0.5642979145050049
107.49089801233067 0.035153355449438095 0.20468086004257202 4.887844085033066e-08 0.715848982334137 0.5723232626914978
107.93035113733067 0.035153355449438095 0.20469345152378082 4.887844085033066e-08 0.715848982334137 0.5787093043327332
108.36980426233067 0.035153355449438095 0.2047027200460434 4.887844085033066e-08 0.715848982334137 0.5848618149757385
109.60027301233067 0.035153355449438095 0.20471397042274475 4.887844085033066e-08 0.715848982334137 0.6006210446357727
109.95183551233067 0.035153355449438095 0.2047153115272522 4.887844085033066e-08 0.715848982334137 0.6048585772514343
110.47917926233067 0.035153355449438095 0.20471656322479248 4.887844085033066e-08 0.715848982334137 0.6110051870346069
110.83074176233067 0.035153355449438095 0.2047169804573059 4.887844085033066e-08 0.715848982334137 0.6149600744247437
111.35808551233067 0.035153355449438095 0.2047172337770462 4.887844085033066e-08 0.715848982334137 0.620659351348877
112.41277301233066 0.035153355449438095 0.2047172486782074 4.887844085033066e-08 0.715848982334137 0.6311359405517578
112.76433551233066 0.035153355449438095 0.2047172486782074 4.887844085033066e-08 0.715848982334137 0.6344192028045654
113.81902301233066 0.035153355449438095 0.2047172486782074 4.887844085033066e-08 0.715848982334137 0.6438494920730591
113.99480426233066 0.035153355449438095 0.2047172486782074 4.887844085033066e-08 0.715848982334137 0.6453239321708679
114.17058551233066 0.035153355449438095 0.2047172486782074 4.887844085033066e-08 0.715848982334137 0.6467716693878174
114.34636676233066 0.035153355449438095 0.2047172486782074 4.887844085033066e-08 0.715848982334137 0.648193359375
114.87371051233066 0.035153355449438095 0.2047172486782074 4.887844085033066e-08 0.715848982334137 0.6523154973983765
115.40105426233066 0.035153355449438095 0.2047172486782074 4.887844085033066e-08 0.715848982334137 0.6563640236854553
115.75261676233066 0.035153355449438095 0.2047172486782074 4.887844085033066e-08 0.715848982334137 0.658972442150116
116.10417926233066 0.035153355449438095 0.2047172486782074 4.887844085033066e-08 0.715848982334137 0.661496639251709
116.63152301233066 0.035153355449438095 0.2047172486782074 4.887844085033066e-08 0.715848982334137 0.6652506589889526
117.51042926233066 0.035153355449438095 0.2047172486782074 4.887844085033066e-08 0.715848982334137 0.6711441278457642
118.38933551233066 0.035153355449438095 0.2047172486782074 4.887844085033066e-08 0.715848982334137 0.6765447854995728
119.19466775616532 0.035153355449438095 0.2047172486782074 4.887844085033066e-08 0.715848982334137 0.681212842464447
119.99999999999999 0.035153355449438095 0.2047172486782074 4.887844085033066e-08 0.715848982334137 0.685675859451294
120.0001 0.035153355449438095 0.2047172486782074 4.887844085033066e-08 0.715848982334137 0.6856763362884521
120.0003 0.035153355449438095 0.2047172486782074 4.887844085033066e-08 0.715848982334137 0.6856770515441895
120.0007 0.03515207767486572 0.2047172486782074 4.887844085033066e-08 0.715848982334137 0.6856778264045715
120.00082827540528 0.03514840453863144 0.2047172486782074 4.887844085033066e-08 0.715848982334137 0.6856779456138611
120.001 0.035138096660375595 0.2047172486782074 4.887844085033066e-08 0.715848982334137 0.6856779456138611
120.16560924709793 0.02129770815372467 0.2047172486782074 0.0016752773663029075 0.715848982334137 0.6856779456138611
120.33021849419588 0.010147623717784882 0.2047172486782074 0.0033411988988518715 0.715848982334137 0.6856779456138611
120.50599974419588 0.0007575608906336129 0.2047172486782074 0.005115257576107979 0.715848982334137 0.6856779456138611
120.53961053339165 -3.338225695870278e-08 0.2047172486782074 0.005454390309751034 0.715848982334137 0.6856779456138611
120.58416426318212 -3.338225695870278e-08 0.2047172486782074 0.005904689431190491 0.715848982334137 0.6856779456138611
120.71659719565922 -3.338225695870278e-08 0.2047172486782074 0.007239536382257938 0.715848982334137 0.6856779456138611
120.89237844565922 -3.338225695870278e-08 0.2047172486782074 0.009003444574773312 0.715848982334137 0.6856779456138611
121.41972219565922 -3.338225695870278e-08 0.2047172486782074 0.014260794967412949 0.715848982334137 0.6856779456138611
121.94706594565922 -3.338225695870278e-08 0.2047172486782074 0.019473819062113762 0.715848982334137 0.6856779456138611
122.29862844565925 -3.338225695870278e-08 0.2047172486782074 0.022925086319446564 0.715848982334137 0.6856779456138611
122.91386282065929 -3.338225695870278e-08 0.2047172486782074 0.028918510302901268 0.715848982334137 0.6856779456138611
123.52909719565933 -3.338225695870278e-08 0.2047172486782074 0.034853219985961914 0.715848982334137 0.6856779456138611
123.88065969565936 -3.338225695870278e-08 0.2047172486782074 0.038218218833208084 0.715848982334137 0.6856779456138611
124.4958940706594 -3.338225695870278e-08 0.2047172486782074 0.04406118392944336 0.715848982334137 0.6856779456138611
125.11112844565945 -3.338225695870278e-08 0.2047172486782074 0.0498460978269577 0.715848982334137 0.6856779456138611
125.46269094565947 -3.338225695870278e-08 0.2047172486782074 0.05312580615282059 0.715848982334137 0.6856779456138611
126.07792532065953 -3.338225695870278e-08 0.2047172486782074 0.05882006511092186 0.715848982334137 0.6856779456138611
126.69315969565957 -3.338225695870278e-08 0.2047172486782074 0.0644569844007492 0.715848982334137 0.6856779456138611
127.0447221956596 -3.338225695870278e-08 0.2047172486782074 0.06765245646238327 0.715848982334137 0.6856779456138611
127.65995657065965 -3.338225695870278e-08 0.2047172486782074 0.07319886982440948 0.715848982334137 0.6856779456138611
128.2751909456597 -3.338225695870278e-08 0.2047172486782074 0.07869964838027954 0.715848982334137 0.6856779456138611
128.62675344565972 -3.338225695870278e-08 0.2047172486782074 0.0819111168384552 0.715848982334137 0.6856779456138611
129.24198782065977 -3.338225695870278e-08 0.2047172486782074 0.08756647258996964 0.715848982334137 0.6856779456138611
129.8572221956598 -3.338225695870278e-08 0.2047172486782074 0.09316229075193405 0.715848982334137 0.6856779456138611
130.20878469565983 -3.338225695870278e-08 0.2047172486782074 0.09633316099643707 0.715848982334137 0.6856779456138611
130.8240190706599 -3.338225695870278e-08 0.2047172486782074 0.10183566063642502 0.715848982334137 0.6856779456138611
131.43925344565992 -3.338225695870278e-08 0.2047172486782074 0.1072792261838913 0.715848982334137 0.6856779456138611
131.79081594565994 -3.338225695870278e-08 0.2047172486782074 0.11036352068185806 0.715848982334137 0.6856779456138611
132.31815969566 -3.338225695870278e-08 0.2047172486782074 0.11495424062013626 0.715848982334137 0.6856779456138611
132.84550344566003 -3.338225695870278e-08 0.2047172486782074 0.11950231343507767 0.715848982334137 0.6856779456138611
133.19706594566006 -3.338225695870278e-08 0.2047172486782074 0.12251077592372894 0.715848982334137 0.6856779456138611
133.8123003206601 -3.338225695870278e-08 0.2047172486782074 0.12773042917251587 0.715848982334137 0.6856779456138611
134.42753469566014 -3.338225695870278e-08 0.2047172486782074 0.132892906665802 0.715848982334137 0.6856779456138611
134.60331594566017 -3.338225695870278e-08 0.2047172486782074 0.13435746729373932 0.715848982334137 0.6856779456138611
134.77909719566017 -3.338225695870278e-08 0.2047172486782074 0.1358259618282318 0.715848982334137 0.6856779456138611
135.30644094566023 -3.338225695870278e-08 0.2047172486782074 0.14034247398376465 0.715848982334137 0.6856779456138611
135.65800344566023 -3.338225695870278e-08 0.2047172486782074 0.14335918426513672 0.715848982334137 0.6856779456138611
136.18534719566028 -3.338225695870278e-08 0.2047172486782074 0.14784745872020721 0.715848982334137 0.6856779456138611
136.7126909456603 -3.338225695870278e-08 0.2047172486782074 0.15229180455207825 0.715848982334137 0.6856779456138611
137.24003469566037 -3.338225695870278e-08 0.2047172486782074 0.1566925048828125 0.715848982334137 0.6856779456138611
137.5915971956604 -3.338225695870278e-08 0.2047172486782074 0.15960216522216797 0.715848982334137 0.6856779456138611
138.20683157066043 -3.338225695870278e-08 0.2047172486782074 0.1646479368209839 0.715848982334137 0.6856779456138611
138.82206594566048 -3.338225695870278e-08 0.2047172486782074 0.1696353405714035 0.715848982334137 0.6856779456138611
139.1736284456605 -3.338225695870278e-08 0.2047172486782074 0.17245924472808838 0.715848982334137 0.6856779456138611
139.70097219566054 -3.338225695870278e-08 0.2047172486782074 0.17665982246398926 0.715848982334137 0.6856779456138611
140.2283159456606 -3.338225695870278e-08 0.2047172486782074 0.1808183342218399 0.715848982334137 0.6856779456138611
140.5798784456606 -3.338225695870278e-08 0.2047172486782074 0.18356741964817047 0.715848982334137 0.6856779456138611
141.10722219566065 -3.338225695870278e-08 0.2047172486782074 0.187656432390213 0.715848982334137 0.6856779456138611
141.63456594566068 -3.338225695870278e-08 0.2047172486782074 0.19170410931110382 0.715848982334137 0.6856779456138611
141.9861284456607 -3.338225695870278e-08 0.2047172486782074 0.1943797618150711 0.715848982334137 0.6856779456138611
142.51347219566077 -3.338225695870278e-08 0.2047172486782074 0.19835925102233887 0.715848982334137 0.6856779456138611
143.0408159456608 -3.338225695870278e-08 0.2047172486782074 0.20229822397232056 0.715848982334137 0.6856779456138611
143.39237844566082 -3.338225695870278e-08 0.2047172486782074 0.2049018293619156 0.715848982334137 0.6856779456138611
143.91972219566085 -3.338225695870278e-08 0.2047172486782074 0.2087739109992981 0.715848982334137 0.6856779456138611
144.4470659456609 -3.338225695870278e-08 0.2047172486782074 0.212606281042099 0.715848982334137 0.6856779456138611
144.79862844566094 -3.338225695870278e-08 0.2047172486782074 0.2151392698287964 0.715848982334137 0.6856779456138611
145.41386282066097 -3.338225695870278e-08 0.2047172486782074 0.2195301204919815 0.715848982334137 0.6856779456138611
146.02909719566102 -3.338225695870278e-08 0.2047172486782074 0.22386807203292847 0.715848982334137 0.6856779456138611
146.38065969566105 -3.338225695870278e-08 0.2047172486782074 0.22632333636283875 0.715848982334137 0.6856779456138611
146.73222219566108 -3.338225695870278e-08 0.2047172486782074 0.22876158356666565 0.715848982334137 0.6856779456138611
146.90800344566108 -3.338225695870278e-08 0.2047172486782074 0.22998207807540894 0.715848982334137 0.6856779456138611
147.0837846956611 -3.338225695870278e-08 0.2047172486782074 0.23122161626815796 0.715848982334137 0.6856779456138611
147.2595659456611 -3.338225695870278e-08 0.2047172486782074 0.2324805110692978 0.715848982334137 0.6856779456138611
147.78690969566114 -3.338225695870278e-08 0.2047172486782074 0.23625537753105164 0.715848982334137 0.6856779456138611
148.4900346956612 -3.338225695870278e-08 0.2047172486782074 0.24122583866119385 0.715848982334137 0.6856779456138611
149.19315969566125 -3.338225695870278e-08 0.2047172486782074 0.24612508714199066 0.715848982334137 0.6856779456138611
150.0 -3.33373577632301e-08 0.2047172486782074 0.2516627311706543 0.715848982334137 0.6856779456138611
150.0001 -3.3347596684052405e-08 0.2047172486782074 0.251664400100708 0.715848982334137 0.6856779456138611
150.0003 -3.332937481559384e-08 0.2047172486782074 0.25166717171669006 0.715848982334137 0.6856780052185059
150.0007 -3.326097441913589e-08 0.2047172486782074 0.2516683340072632 0.7158482074737549 0.6856781840324402
150.0008229646131 -3.325093800299328e-08 0.2047172486782074 0.2516680657863617 0.7158464193344116 0.6856775879859924
150.00089395763175 -2.930722686755871e-08 0.2047172486782074 0.2516683340072632 0.7158442139625549 0.6856763958930969
150.00092966005576 -3.9292942233259964e-09 0.2047172486782074 0.25166863203048706 0.7158427238464355 0.6856754422187805
150.00095102453525 1.0547413609174328e-07 0.2047172486782074 0.251668781042099 0.7158417701721191 0.6856746673583984
150.00097997323118 5.456496410261025e-07 0.2047172486782074 0.25166893005371094 0.7158403396606445 0.6856734156608582
150.001 1.0935129921563203e-06 0.2047172486782074 0.2516690194606781 0.7158392667770386 0.6856724619865417
150.04552019590926 0.0022783437743782997 0.2047172486782074 0.25184398889541626 0.7134284973144531 0.6832617521286011
150.0900403918185 0.004548398312181234 0.2047172486782074 0.25201764702796936 0.7109935283660889 0.680826723575592
150.35486475101706 0.01792806200683117 0.2047172486782074 0.2530285716056824 0.6961662173271179 0.6659994125366211
150.7064272510171 0.03542463108897209 0.2047172486782074 0.2543235421180725 0.6756523847579956 0.6454855799674988
150.8822085010171 0.04405492916703224 0.2047172486782074 0.25495031476020813 0.6649978160858154 0.6348310708999634
151.05798975101712 0.05260731279850006 0.2047172486782074 0.2555636167526245 0.6540584564208984 0.6238916516304016
151.23377100101712 0.06108221039175987 0.2047172486782074 0.2561635375022888 0.642821192741394 0.6126543283462524
151.40955225101715 0.06947959959506989 0.2047172486782074 0.25675028562545776 0.6313049793243408 0.6011381149291992
151.76111475101715 0.08604041486978531 0.2047172486782074 0.2578843832015991 0.6074777841567993 0.5773109793663025
152.11267725101717 0.10229099541902542 0.2047172486782074 0.2589670717716217 0.5825923681259155 0.5524256229400635
152.2884585010172 0.11030062288045883 0.2047172486782074 0.2594895362854004 0.56974858045578 0.5395817756652832
152.4642397510172 0.11823337525129318 0.2047172486782074 0.2599995732307434 0.5566623210906982 0.5264955163002014
152.64002100101723 0.1260894238948822 0.2047172486782074 0.26049739122390747 0.5433614253997803 0.5131946206092834
152.81580225101723 0.1338689625263214 0.2047172486782074 0.26098310947418213 0.529831051826477 0.4996642470359802
153.25525537601726 0.15298429131507874 0.2047172486782074 0.26214540004730225 0.49489185214042664 0.4647250175476074
153.69470850101732 0.1716262847185135 0.2047172486782074 0.2632354199886322 0.4583505392074585 0.42818379402160645
153.87048975101732 0.1789509356021881 0.2047172486782074 0.26365169882774353 0.4433252811431885 0.4131585955619812
154.04627100101732 0.18620041012763977 0.2047172486782074 0.264056921005249 0.4280971884727478 0.3979305326938629
154.22205225101735 0.19337506592273712 0.2047172486782074 0.264451265335083 0.41267335414886475 0.38250675797462463
154.39783350101735 0.20047514140605927 0.2047172486782074 0.2648349106311798 0.39703911542892456 0.3668726682662964
154.57361475101737 0.20750096440315247 0.2047172486782074 0.26520800590515137 0.38118448853492737 0.3510182499885559
154.74939600101737 0.21445290744304657 0.2047172486782074 0.26557067036628723 0.365104615688324 0.3349387049674988
154.9251772510174 0.22133111953735352 0.2047172486782074 0.2659231126308441 0.34880003333091736 0.31863468885421753
155.1009585010174 0.22813577950000763 0.2047172486782074 0.26626548171043396 0.33227643370628357 0.30211204290390015
155.27673975101743 0.23486711084842682 0.2047172486782074 0.2665979266166687 0.3155452609062195 0.2853824496269226
155.45252100101743 0.2415252923965454 0.2047172486782074 0.2669205665588379 0.29862290620803833 0.26846280694007874
155.62830225101746 0.24811074137687683 0.2047172486782074 0.26723363995552063 0.28151923418045044 0.2513637840747833
155.80408350101746 0.2546238303184509 0.2047172486782074 0.26753726601600647 0.264239639043808 0.23409202694892883
156.1556460010175 0.2674342393875122 0.2047172486782074 0.26811692118644714 0.22914299368858337 0.19903163611888885
156.33142725101752 0.2737322151660919 0.2047172486782074 0.26839321851730347 0.21134307980537415 0.18127095699310303
156.50720850101752 0.27995914220809937 0.2047172486782074 0.2686607837677002 0.1934042125940323 0.16339945793151855
156.68298975101752 0.2861153781414032 0.2047172486782074 0.2689197063446045 0.1753457635641098 0.14545662701129913
156.85877100101754 0.29220128059387207 0.2047172486782074 0.26917022466659546 0.15719789266586304 0.1275063306093216
157.03455225101754 0.29821717739105225 0.2047172486782074 0.26941242814064026 0.13901780545711517 0.10965992510318756
157.21033350101757 0.30416348576545715 0.2047172486782074 0.2696465253829956 0.12089323997497559 0.0920877605676651
157.38611475101757 0.31004059314727783 0.2047172486782074 0.26987266540527344 0.1029345914721489 0.07501465082168579
157.5618960010176 0.31584882736206055 0.2047172486782074 0.2700910270214081 0.08531506359577179 0.05874527990818024
157.7376772510176 0.3215886056423187 0.2047172486782074 0.2703017592430115 0.06831510365009308 0.043661992996931076
157.91345850101763 0.3272603452205658 0.2047172486782074 0.27050504088401794 0.05230795592069626 0.030139200389385223
158.08923975101763 0.3328644335269928 0.2047172486782074 0.27070102095603943 0.0376991406083107 0.01843164674937725
158.26502100101766 0.33840131759643555 0.2047172486782074 0.27088987827301025 0.024828579276800156 0.008602381683886051
158.44080225101766 0.3438848853111267 0.2047172486782074 0.2710731625556946 0.013489275239408016 0.0007543775718659163
158.4760150752201 0.34497594833374023 0.2047172486782074 0.27110913395881653 0.011451172642409801 3.168111652485095e-05
158.5025535966438 0.3457949459552765 0.2047172486782074 0.2711358666419983 0.010025424882769585 -3.3373982688544857e-08
158.54708215547313 0.3471654951572418 0.2047172486782074 0.2711803913116455 0.007743715774267912 -3.337400045211325e-08
158.5910551576652 0.34851327538490295 0.2047172486782074 0.271223783493042 0.005639172159135342 -3.3374014662967966e-08
158.67900116204936 0.3511994481086731 0.2047172486782074 0.27130958437919617 0.0016632236074656248 -3.3374050190104754e-08
158.71713490043632 0.35236048698425293 0.2047172486782074 0.27134642004966736 0.00018143464694730937 -3.337406084824579e-08
158.72713984867033 0.35266441106796265 0.2047172486782074 0.2713560163974762 4.951064966007834e-06 -3.337406440095947e-08
158.9375327377297 0.3589937388896942 0.2047172486782074 0.2715516984462738 -2.5047929739230312e-06 -3.337406440095947e-08
159.1479256267891 0.3652254343032837 0.2047172486782074 0.27173787355422974 -3.337406084824579e-08 -3.337406440095947e-08
159.3237068767891 0.37036702036857605 0.2047172486782074 0.2718871831893921 -3.337406084824579e-08 -3.337406440095947e-08
160.02683187678915 0.39029616117477417 0.2047172486782074 0.27242597937583923 -3.337406084824579e-08 -3.337406440095947e-08
160.20261312678917 0.39512181282043457 0.2047172486782074 0.27254682779312134 -3.337406084824579e-08 -3.337406440095947e-08
160.37839437678917 0.39988574385643005 0.2047172486782074 0.2726624608039856 -3.337406084824579e-08 -3.337406440095947e-08
160.5541756267892 0.4045884907245636 0.2047172486782074 0.27277302742004395 -3.337406084824579e-08 -3.337406440095947e-08
160.9057381267892 0.413812518119812 0.2047172486782074 0.2729795277118683 -3.337406084824579e-08 -3.337406440095947e-08
161.25730062678923 0.4227979779243469 0.2047172486782074 0.2731674909591675 -3.337406084824579e-08 -3.337406440095947e-08
161.43308187678926 0.4272025227546692 0.2047172486782074 0.2732549011707306 -3.337406084824579e-08 -3.337406440095947e-08
161.60886312678926 0.4315490126609802 0.2047172486782074 0.27333807945251465 -3.337406084824579e-08 -3.337406440095947e-08
161.7846443767893 0.435837984085083 0.2047172486782074 0.273417204618454 -3.337406084824579e-08 -3.337406440095947e-08
162.48776937678934 0.4524293541908264 0.2047172486782074 0.273695707321167 -3.337406084824579e-08 -3.337406440095947e-08
162.66355062678934 0.4564388394355774 0.2047172486782074 0.2737565040588379 -3.337406084824579e-08 -3.337406440095947e-08
162.83933187678937 0.460394024848938 0.2047172486782074 0.27381402254104614 -3.337406084824579e-08 -3.337406440095947e-08
163.01511312678937 0.46429553627967834 0.2047172486782074 0.2738683819770813 -3.337406084824579e-08 -3.337406440095947e-08
163.5424568767894 0.4756834805011749 0.2047172486782074 0.2740137577056885 -3.337406440095947e-08 -3.337406440095947e-08
163.71823812678943 0.47937580943107605 0.2047172486782074 0.27405670285224915 -3.337406440095947e-08 -3.337406440095947e-08
163.89401937678943 0.4830172657966614 0.2047172486782074 0.2740970849990845 -3.337406440095947e-08 -3.337406440095947e-08
164.06980062678946 0.4866083860397339 0.2047172486782074 0.27413496375083923 -3.337406440095947e-08 -3.337406440095947e-08
164.4213631267895 0.4936419129371643 0.2047172486782074 0.2742038071155548 -3.337406440095947e-08 -3.337406440095947e-08
164.77292562678952 0.5004810094833374 0.2047172486782074 0.27426406741142273 -3.337406440095947e-08 -3.337406440095947e-08
164.94870687678952 0.5038290023803711 0.2047172486782074 0.2742912173271179 -3.337406440095947e-08 -3.337406440095947e-08
165.12448812678954 0.5071301460266113 0.2047172486782074 0.2743164896965027 -3.337406440095947e-08 -3.337406440095947e-08
165.30026937678954 0.5103848576545715 0.2047172486782074 0.27434003353118896 -3.337406440095947e-08 -3.337406440095947e-08
166.0033943767896 0.522951602935791 0.2047172486782074 0.2744181752204895 -3.337406440095947e-08 -3.337406440095947e-08
166.1791756267896 0.5259830355644226 0.2047172486782074 0.2744341492652893 -3.337406440095947e-08 -3.337406440095947e-08
166.35495687678963 0.5289714932441711 0.2047172486782074 0.27444884181022644 -3.337406440095947e-08 -3.337406440095947e-08
166.53073812678963 0.5319174528121948 0.2047172486782074 0.27446234226226807 -3.337406440095947e-08 -3.337406440095947e-08
167.2338631267897 0.5432881712913513 0.2047172486782074 0.27450570464134216 -3.337406440095947e-08 -3.337406440095947e-08
167.40964437678971 0.5460302829742432 0.2047172486782074 0.27451419830322266 -3.337406440095947e-08 -3.337406440095947e-08
167.58542562678971 0.5487331748008728 0.2047172486782074 0.27452191710472107 -3.337406440095947e-08 -3.337406440095947e-08
167.76120687678974 0.551397442817688 0.2047172486782074 0.2745288610458374 -3.337406440095947e-08 -3.337406440095947e-08
168.11276937678974 0.5566123127937317 0.2047172486782074 0.2745407223701477 -3.337406440095947e-08 -3.337406440095947e-08
168.6401131267898 0.5641580820083618 0.2047172486782074 0.2745541036128998 -3.337406440095947e-08 -3.337406440095947e-08
168.8158943767898 0.5666016340255737 0.2047172486782074 0.27455759048461914 -3.337406440095947e-08 -3.337406440095947e-08
168.99167562678983 0.5690102577209473 0.2047172486782074 0.2745606303215027 -3.337406440095947e-08 -3.337406440095947e-08
169.16745687678983 0.5713843703269958 0.2047172486782074 0.2745632827281952 -3.337406440095947e-08 -3.337406440095947e-08
169.87058187678988 0.5805460214614868 0.2047172486782074 0.2745707333087921 -3.337406440095947e-08 -3.337406440095947e-08
170.0463631267899 0.5827550888061523 0.2047172486782074 0.27457195520401 -3.337406440095947e-08 -3.337406440095947e-08
170.2221443767899 0.5849326848983765 0.2047172486782074 0.2745729684829712 -3.337406440095947e-08 -3.337406440095947e-08
170.3979256267899 0.5870791673660278 0.2047172486782074 0.27457383275032043 -3.337406440095947e-08 -3.337406440095947e-08
171.27683187679 0.5973614454269409 0.2047172486782074 0.2745760977268219 -3.337406440095947e-08 -3.337406440095947e-08
171.45261312679 0.5993310809135437 0.2047172486782074 0.2745763063430786 -3.337406440095947e-08 -3.337406440095947e-08
171.62839437679003 0.601272702217102 0.2047172486782074 0.27457642555236816 -3.337406440095947e-08 -3.337406440095947e-08
171.80417562679003 0.6031869053840637 0.2047172486782074 0.2745765447616577 -3.337406440095947e-08 -3.337406440095947e-08
172.15573812679006 0.6069344282150269 0.2047172486782074 0.2745766341686249 -3.337406440095947e-08 -3.337406440095947e-08
172.8588631267901 0.6141178607940674 0.2047172486782074 0.27457666397094727 -3.337406440095947e-08 -3.337406440095947e-08
173.0346443767901 0.6158511638641357 0.2047172486782074 0.27457666397094727 -3.337406440095947e-08 -3.337406440095947e-08
173.21042562679014 0.6175602078437805 0.2047172486782074 0.27457666397094727 -3.337406440095947e-08 -3.337406440095947e-08
173.38620687679014 0.6192454099655151 0.2047172486782074 0.27457666397094727 -3.337406440095947e-08 -3.337406440095947e-08
174.44089437679023 0.6288760900497437 0.2047172486782074 0.27457666397094727 -3.337406440095947e-08 -3.337406440095947e-08
174.61667562679025 0.6304044723510742 0.2047172486782074 0.27457666397094727 -3.337406440095947e-08 -3.337406440095947e-08
174.79245687679025 0.6319118738174438 0.2047172486782074 0.27457666397094727 -3.337406440095947e-08 -3.337406440095947e-08
174.96823812679025 0.633398711681366 0.2047172486782074 0.27457666397094727 -3.337406440095947e-08 -3.337406440095947e-08
176.02292562679034 0.6419039964675903 0.2047172486782074 0.27457666397094727 -3.337406440095947e-08 -3.337406440095947e-08
176.19870687679037 0.6432551741600037 0.2047172486782074 0.27457666397094727 -3.337406440095947e-08 -3.337406440095947e-08
176.37448812679037 0.64458829164505 0.2047172486782074 0.27457666397094727 -3.337406440095947e-08 -3.337406440095947e-08
176.5502693767904 0.6459035873413086 0.2047172486782074 0.27457666397094727 -3.337406440095947e-08 -3.337406440095947e-08
177.07761312679042 0.6497451066970825 0.2047172486782074 0.27457666397094727 -3.337406440095947e-08 -3.337406440095947e-08
177.78073812679048 0.6546343564987183 0.2047172486782074 0.27457666397094727 -3.337406440095947e-08 -3.337406440095947e-08
177.95651937679048 0.6558167934417725 0.2047172486782074 0.27457666397094727 -3.337406440095947e-08 -3.337406440095947e-08
178.1323006267905 0.6569838523864746 0.2047172486782074 0.27457666397094727 -3.337406440095947e-08 -3.337406440095947e-08
178.3080818767905 0.6581357717514038 0.2047172486782074 0.27457666397094727 -3.337406440095947e-08 -3.337406440095947e-08
179.89011312679062 0.6678603887557983 0.2047172486782074 0.27457666397094727 -3.337406440095947e-08 -3.337406440095947e-08
179.99999999999997 0.6684971451759338 0.2047172486782074 0.27457666397094727 -3.337406440095947e-08 -3.337406440095947e-08
