time a b c w1 w2
0.0 0.0 0.0 0.0 0.0 0.0
1.757812428601624e-06 1.757988202426422e-23 1.0832566022872925 1.757988202426422e-23 1.757988202426422e-23 1.757988202426422e-23
1.7648476783160305e-06 1.7650242106122693e-23 1.0055341720581055 1.7650242106122693e-23 1.7650242106122693e-23 1.7650242106122693e-23
1.7789181777448437e-06 1.7790960692117828e-23 0.9905999898910522 1.7790960692117828e-23 1.7790960692117828e-23 1.7790960692117828e-23
1.8070591766024704e-06 1.8072399441829907e-23 0.984626293182373 1.8072399441829907e-23 1.8072399441829907e-23 1.8072399441829907e-23
0.00013281055255599797 1.3282383013875093e-21 0.984626293182373 1.3282383013875093e-21 1.3282383013875093e-21 1.3282383013875093e-21
0.00026381985277929004 2.6384624023353322e-21 0.984626293182373 2.6384624023353322e-21 2.6384624023353322e-21 2.6384624023353322e-21
0.0005258384532258742 5.258910200334195e-21 0.984626293182373 5.258910200334195e-21 -5.938701974628202e-09 -5.938701974628202e-09
0.001 1.0000999731091105e-20 0.984626293182373 1.0000999731091105e-20 -3.337132881142679e-08 -3.337132881142679e-08
29.999999999999996 3.000300019364487e-16 0.984626293182373 3.000300019364487e-16 -3.3371467367260266e-08 -3.3371467367260266e-08
30.000099999999996 3.0003100778807355e-16 0.984626293182373 3.0003100778807355e-16 -3.335610898602681e-08 -3.335610898602681e-08
30.0003 3.0003299302154367e-16 0.984626293182373 3.0003299302154367e-16 -3.334094245133201e-08 -3.334094245133201e-08
30.0007 3.0003698995826353e-16 0.984626293182373 3.0003698995826353e-16 -3.333292397655896e-08 -3.333292397655896e-08
30.00082296357619 3.000382340379048e-16 0.984626293182373 3.000382340379048e-16 -3.333187947873739e-08 -3.333187947873739e-08
30.000893956808373 4.925510554976142e-10 0.984626293182373 5.358756216544691e-10 -2.8723265543817433e-08 -2.8533738927194463e-08
30.000929659334687 2.9277782420678022e-09 0.984626293182373 3.1332285654883663e-09 -1.8116437239257266e-09 -8.469393519838775e-10
30.000951060190154 1.1598299209936158e-08 0.984626293182373 1.2200954913055284e-08 1.0913037584714402e-07 1.1221107598657909e-07
30.000980619590926 4.396049746446806e-08 0.984626293182373 4.5776562984656266e-08 5.471097210829612e-07 5.569972927332856e-07
30.001 8.049942579191338e-08 0.984626293182373 8.353435987373814e-08 1.0556335610090173e-06 1.0725339052441996e-06
30.354154325045638 0.0011201408924534917 0.984626293182373 0.00114982551895082 0.016521748155355453 0.016699306666851044
30.707308650091267 0.0021771700121462345 0.984626293182373 0.0022328526247292757 0.03266036510467529 0.03299720957875252
31.058871150091267 0.0032033699098974466 0.984626293182373 0.0032834638841450214 0.04856548085808754 0.04905333369970322
31.586214900091264 0.004663758911192417 0.984626293182373 0.004777738358825445 0.07192515581846237 0.07262711971998215
31.937777400091264 0.0055701397359371185 0.984626293182373 0.005704876035451889 0.08706580102443695 0.08790276944637299
32.465121150091264 0.00683288648724556 0.984626293182373 0.006996171083301306 0.10913389176130295 0.11016223579645157
32.816683650091264 0.007612667046487331 0.984626293182373 0.007793353870511055 0.12342195212841034 0.12457069009542465
33.344027400091264 0.008707329630851746 0.984626293182373 0.008911874145269394 0.14432568848133087 0.14564409852027893
33.69558990009126 0.009390398859977722 0.984626293182373 0.009609474800527096 0.15792307257652283 0.15934772789478302
34.04715240009126 0.010029229335486889 0.984626293182373 0.010261747054755688 0.17119100689888 0.17271678149700165
34.57449615009126 0.01090812124311924 0.984626293182373 0.011158880777657032 0.19048155844211578 0.19214969873428345
34.92605865009126 0.011443756520748138 0.984626293182373 0.01170547865331173 0.20294059813022614 0.20469766855239868
35.27762115009126 0.011950790882110596 0.984626293182373 0.01222262904047966 0.2151651531457901 0.21700626611709595
35.45340240009126 0.012199394404888153 0.984626293182373 0.012476013973355293 0.22123631834983826 0.22311750054359436
35.80496490009126 0.01267373189330101 0.984626293182373 0.012959313578903675 0.23318278789520264 0.23514066636562347
36.15652740009126 0.013113406486809254 0.984626293182373 0.013414754532277584 0.24482639133930206 0.24692454934120178
36.33230865009126 0.013326259329915047 0.984626293182373 0.013637064024806023 0.2505863606929779 0.25276878476142883
36.50808990009126 0.0135364830493927 0.984626293182373 0.013852711766958237 0.25632262229919434 0.2585532069206238
36.85965240009126 0.013936351984739304 0.984626293182373 0.014259038493037224 0.267605185508728 0.26989519596099854
37.03543365009125 0.0141240069642663 0.984626293182373 0.014449674636125565 0.27313119173049927 0.2754495143890381
37.21121490009125 0.014303731732070446 0.984626293182373 0.014632226899266243 0.27858084440231323 0.28092658519744873
37.38699615009125 0.014475752599537373 0.984626293182373 0.014806927181780338 0.28395482897758484 0.286327064037323
37.73855865009125 0.014797577634453773 0.984626293182373 0.01513369008898735 0.29447871446609497 0.29690125584602356
38.09012115009125 0.015091372653841972 0.984626293182373 0.01543488074094057 0.30470967292785645 0.30721133947372437
38.44168365009125 0.015365295112133026 0.984626293182373 0.015715595334768295 0.31472569704055786 0.3173011541366577
39.84793365009125 0.016240444034337997 0.984626293182373 0.016601845622062683 0.35219842195510864 0.35490894317626953
40.02371490009125 0.016327083110809326 0.984626293182373 0.016689490526914597 0.3565932512283325 0.35931751132011414
40.19949615009124 0.016412071883678436 0.984626293182373 0.016775421798229218 0.36096590757369995 0.363703191280365
40.37527740009124 0.01649564877152443 0.984626293182373 0.01685987412929535 0.36531883478164673 0.36806824803352356
40.90262115009124 0.016723209992051125 0.984626293182373 0.01708967424929142 0.37804239988327026 0.380824476480484
41.78152740009124 0.017021987587213516 0.984626293182373 0.01739109307527542 0.3979952335357666 0.4008205533027649
41.95730865009124 0.017071105539798737 0.984626293182373 0.01744134910404682 0.4018036723136902 0.40465036034584045
42.13308990009124 0.017117610201239586 0.984626293182373 0.01749044843018055 0.4055643081665039 0.40845987200737
42.30887115009124 0.017163129523396492 0.984626293182373 0.017538512125611305 0.40930718183517456 0.41224998235702515
42.48465240009124 0.017207950353622437 0.984626293182373 0.017584314569830894 0.41303688287734985 0.4159972071647644
42.83621490009124 0.01729057915508747 0.984626293182373 0.017667891457676888 0.420357346534729 0.42333704233169556
43.36355865009124 0.017401013523340225 0.984626293182373 0.01778304949402809 0.43106430768966675 0.4341419041156769
43.715121150091235 0.017467224970459938 0.984626293182373 0.017849162220954895 0.43803998827934265 0.4411148726940155
44.242464900091235 0.017549140378832817 0.984626293182373 0.017930828034877777 0.4480937421321869 0.4511624574661255
44.769808650091235 0.01761307753622532 0.984626293182373 0.017994459718465805 0.4576739966869354 0.4607340693473816
44.945589900091235 0.017630908638238907 0.984626293182373 0.01801256090402603 0.46076494455337524 0.46383440494537354
45.121371150091235 0.01764747127890587 0.984626293182373 0.018030157312750816 0.46381616592407227 0.4669199585914612
45.297152400091235 0.017663611099123955 0.984626293182373 0.01804732345044613 0.46685466170310974 0.46999138593673706
46.000277400091235 0.017720185220241547 0.984626293182373 0.018103651702404022 0.47872841358184814 0.4818529188632965
46.70340240009123 0.017758267000317574 0.984626293182373 0.018141038715839386 0.48987242579460144 0.49296680092811584
47.05496490009123 0.017771679908037186 0.984626293182373 0.018154677003622055 0.49517351388931274 0.49828237295150757
47.58230865009123 0.017787430435419083 0.984626293182373 0.01817108690738678 0.5028749108314514 0.5060206651687622
47.75808990009123 0.017791805788874626 0.984626293182373 0.01817532256245613 0.5053849816322327 0.5085208415985107
47.93387115009123 0.0177956260740757 0.984626293182373 0.018179012462496758 0.5078552961349487 0.5109813213348389
48.10965240009123 0.017798932269215584 0.984626293182373 0.01818219944834709 0.5102856755256653 0.5134018063545227
48.46121490009123 0.017804212868213654 0.984626293182373 0.01818726770579815 0.5150297284126282 0.5181258916854858
48.81277740009123 0.017808016389608383 0.984626293182373 0.01819089613854885 0.5196226835250854 0.5226987600326538
48.98855865009123 0.017809467390179634 0.984626293182373 0.018192272633314133 0.5218641757965088 0.5249301195144653
49.34012115009123 0.01781162992119789 0.984626293182373 0.018194597214460373 0.5262372493743896 0.52933669090271
49.86746490009122 0.017814036458730698 0.984626293182373 0.018197493627667427 0.5326628088951111 0.5358419418334961
50.21902740009122 0.01781526952981949 0.984626293182373 0.018198637291789055 0.5368637442588806 0.5400212407112122
50.57058990009122 0.017816010862588882 0.984626293182373 0.018199443817138672 0.5409325361251831 0.5441145896911621
50.92215240009122 0.017816515639424324 0.984626293182373 0.01819995604455471 0.5449236035346985 0.5481018424034119
51.53738677509122 0.017816923558712006 0.984626293182373 0.01820029318332672 0.5516563057899475 0.5547837615013123
52.15262115009122 0.01781698502600193 0.984626293182373 0.018200334161520004 0.5580230951309204 0.561100959777832
52.67996490009122 0.01781698316335678 0.984626293182373 0.018200332298874855 0.5632055997848511 0.5662513971328735
53.207308650091214 0.01781698316335678 0.984626293182373 0.018200332298874855 0.5681551098823547 0.5713242888450623
53.558871150091214 0.01781698316335678 0.984626293182373 0.018200332298874855 0.5714225769042969 0.5746033787727356
53.910433650091214 0.01781698316335678 0.984626293182373 0.018200332298874855 0.5746363997459412 0.5777833461761475
54.437777400091214 0.01781698316335678 0.984626293182373 0.018200332298874855 0.5792731046676636 0.5823706388473511
54.965121150091214 0.01781698316335678 0.984626293182373 0.018200332298874855 0.5836990475654602 0.5867478847503662
55.492464900091214 0.01781698316335678 0.984626293182373 0.018200332298874855 0.5879255533218384 0.5909373760223389
55.844027400091214 0.01781698316335678 0.984626293182373 0.018200332298874855 0.5906435251235962 0.5937076807022095
56.37137115009121 0.01781698316335678 0.984626293182373 0.018200332298874855 0.5947137475013733 0.5977680683135986
57.07449615009121 0.01781698316335678 0.984626293182373 0.018200332298874855 0.5999146103858948 0.6029978394508362
57.77762115009121 0.01781698316335678 0.984626293182373 0.018200332298874855 0.6049658060073853 0.6080702543258667
59.7112149000912 0.01781698316335678 0.984626293182373 0.018200332298874855 0.617641806602478 0.6205564737319946
59.99999999999999 0.01781698316335678 0.984626293182373 0.018200332298874855 0.6193743944168091 0.6222630143165588
60.000099999999996 0.01781698316335678 0.984626293182373 0.018200332298874855 0.6193749904632568 0.6222622394561768
60.000299999999996 0.01781698316335678 0.984626293182373 0.018200160935521126 0.6193743944168091 0.6222614645957947
60.000699999999995 0.01781698316335678 0.984626293182373 0.018198121339082718 0.6193682551383972 0.6222610473632812
60.001000000000005 0.01781698316335678 0.984626293182373 0.01819438859820366 0.6193621754646301 0.6222609877586365
60.082880000000735 0.01781698316335678 0.984626293182373 0.012682409957051277 0.6193621754646301 0.6222609877586365
60.16476000000147 0.01781698316335678 0.984626293182373 0.007773226592689753 0.6193621754646301 0.6222609877586365
60.26673690646451 0.01781698316335678 0.984626293182373 0.0021939638536423445 0.6193621754646301 0.6222609877586365
60.310615709252254 0.01781698316335678 0.984626293182373 0.00021513299725484103 0.6193621754646301 0.6222609877586365
60.32193360617436 0.01781698316335678 0.984626293182373 -3.3380530339854886e-08 0.6193621754646301 0.6222609877586365
89.99999999999999 0.01781698316335678 0.984626293182373 -3.342603704936664e-08 0.6193621754646301 0.6222609877586365
90.0001 0.01781698316335678 0.984626293182373 -3.338403686825586e-08 0.6193621754646301 0.6222609877586365
90.0003 0.01781698316335678 0.984626293182373 -3.33511671612996e-08 0.6193621158599854 0.6222609877586365
90.00048383405912 0.01781698316335678 0.984626293182373 -2.463810844233194e-08 0.6193631291389465 0.6222609877586365
90.00085150217737 0.01781698316335678 0.984626293182373 1.8875438101417785e-08 0.6193681359291077 0.6222609877586365
90.001 0.01781698316335678 0.984626293182373 3.994583863686785e-08 0.6193706393241882 0.6222609877586365
119.99999999999999 0.01781698316335678 0.984626293182373 3.994583863686785e-08 0.6193706393241882 0.6222609877586365
120.0001 0.01781698316335678 0.984626293182373 3.994583863686785e-08 0.6193706393241882 0.6222609877586365
120.0003 0.01781698316335678 0.984626293182373 3.994583863686785e-08 0.6193706393241882 0.6222609877586365
120.0007 0.017815902829170227 0.984626293182373 3.994583863686785e-08 0.6193706393241882 0.6222609877586365
120.0008396586277 0.017812835052609444 0.984626293182373 3.994583863686785e-08 0.6193706393241882 0.6222609877586365
120.001 0.017805427312850952 0.984626293182373 3.994583863686785e-08 0.6193706393241882 0.6222609877586365
120.01168180308267 0.017053375020623207 0.984626293182373 9.202602814184502e-05 0.6193706393241882 0.6222609877586365
120.02236360616531 0.016313685104250908 0.984626293182373 0.00018396886298432946 0.6193706393241882 0.6222609877586365
120.04373242932849 0.014870486222207546 0.984626293182373 0.00036776968045160174 0.6193706393241882 0.6222609877586365
120.0864700756548 0.012126170098781586 0.984626293182373 0.00073485285975039 0.6193706393241882 0.6222609877586365
120.17194536830742 0.0070234606973826885 0.984626293182373 0.0014677082654088736 0.6193706393241882 0.6222609877586365
120.2461726854218 0.002944971900433302 0.984626293182373 0.0021032269578427076 0.6193706393241882 0.6222609877586365
120.28656988702936 0.0009177832980640233 0.984626293182373 0.002448917832225561 0.6193706393241882 0.6222609877586365
120.30656270041118 8.390848961425945e-05 0.984626293182373 0.0026200481224805117 0.6193706393241882 0.6222609877586365
120.31128206186138 -3.338045218015395e-08 0.984626293182373 0.0026604647282510996 0.6193706393241882 0.6222609877586365
120.57261670357684 -3.338045218015395e-08 0.984626293182373 0.004888499155640602 0.6193706393241882 0.6222609877586365
120.83395134529229 -3.338045218015395e-08 0.984626293182373 0.007100041024386883 0.6193706393241882 0.6222609877586365
121.36129509529229 -3.338045218015395e-08 0.984626293182373 0.011532166972756386 0.6193706393241882 0.6222609877586365
121.88863884529229 -3.338045218015395e-08 0.984626293182373 0.0159261804074049 0.6193706393241882 0.6222609877586365
122.24020134529229 -3.338045218015395e-08 0.984626293182373 0.018834464251995087 0.6193706393241882 0.6222609877586365
122.85543572029233 -3.338045218015395e-08 0.984626293182373 0.023883642628788948 0.6193706393241882 0.6222609877586365
123.47067009529239 -3.338045218015395e-08 0.984626293182373 0.028881806880235672 0.6193706393241882 0.6222609877586365
123.82223259529242 -3.338045218015395e-08 0.984626293182373 0.03171513229608536 0.6193706393241882 0.6222609877586365
124.52535759529246 -3.338045218015395e-08 0.984626293182373 0.03733241930603981 0.6193706393241882 0.6222609877586365
125.22848259529252 -3.338045218015395e-08 0.984626293182373 0.042884331196546555 0.6193706393241882 0.6222609877586365
125.58004509529255 -3.338045218015395e-08 0.984626293182373 0.04563594236969948 0.6193706393241882 0.6222609877586365
126.19527947029259 -3.338045218015395e-08 0.984626293182373 0.050412461161613464 0.6193706393241882 0.6222609877586365
126.81051384529263 -3.338045218015395e-08 0.984626293182373 0.05513991415500641 0.6193706393241882 0.6222609877586365
127.16207634529266 -3.338045218015395e-08 0.984626293182373 0.0578194260597229 0.6193706393241882 0.6222609877586365
127.7773107202927 -3.338045218015395e-08 0.984626293182373 0.062470514327287674 0.6193706393241882 0.6222609877586365
128.39254509529275 -3.338045218015395e-08 0.984626293182373 0.06707347929477692 0.6193706393241882 0.6222609877586365
128.74410759529277 -3.338045218015395e-08 0.984626293182373 0.0696822851896286 0.6193706393241882 0.6222609877586365
129.35934197029283 -3.338045218015395e-08 0.984626293182373 0.07420694082975388 0.6193706393241882 0.6222609877586365
129.9745763452929 -3.338045218015395e-08 0.984626293182373 0.07873121649026871 0.6193706393241882 0.6222609877586365
130.1503575952929 -3.338045218015395e-08 0.984626293182373 0.08005908876657486 0.6193706393241882 0.6222609877586365
130.50192009529292 -3.338045218015395e-08 0.984626293182373 0.08271981030702591 0.6193706393241882 0.6222609877586365
130.85348259529295 -3.338045218015395e-08 0.984626293182373 0.08536434918642044 0.6193706393241882 0.6222609877586365
131.20504509529297 -3.338045218015395e-08 0.984626293182373 0.0879926010966301 0.6193706393241882 0.6222609877586365
131.732388845293 -3.338045218015395e-08 0.984626293182373 0.09190458804368973 0.6193706393241882 0.6222609877586365
132.08395134529303 -3.338045218015395e-08 0.984626293182373 0.09449243545532227 0.6193706393241882 0.6222609877586365
132.6991857202931 -3.338045218015395e-08 0.984626293182373 0.09898266196250916 0.6193706393241882 0.6222609877586365
133.31442009529312 -3.338045218015395e-08 0.984626293182373 0.10342422127723694 0.6193706393241882 0.6222609877586365
133.66598259529314 -3.338045218015395e-08 0.984626293182373 0.1059405729174614 0.6193706393241882 0.6222609877586365
134.1933263452932 -3.338045218015395e-08 0.984626293182373 0.10968572646379471 0.6193706393241882 0.6222609877586365
134.72067009529323 -3.338045218015395e-08 0.984626293182373 0.11339586973190308 0.6193706393241882 0.6222609877586365
135.24801384529326 -3.338045218015395e-08 0.984626293182373 0.11707127094268799 0.6193706393241882 0.6222609877586365
135.86324822029331 -3.338045218015395e-08 0.984626293182373 0.12131566554307938 0.6193706393241882 0.6222609877586365
136.47848259529337 -3.338045218015395e-08 0.984626293182373 0.12551355361938477 0.6193706393241882 0.6222609877586365
136.8300450952934 -3.338045218015395e-08 0.984626293182373 0.12789161503314972 0.6193706393241882 0.6222609877586365
137.44527947029343 -3.338045218015395e-08 0.984626293182373 0.13201725482940674 0.6193706393241882 0.6222609877586365
138.06051384529349 -3.338045218015395e-08 0.984626293182373 0.13609746098518372 0.6193706393241882 0.6222609877586365
138.4120763452935 -3.338045218015395e-08 0.984626293182373 0.13840876519680023 0.6193706393241882 0.6222609877586365
139.02731072029354 -3.338045218015395e-08 0.984626293182373 0.14241841435432434 0.6193706393241882 0.6222609877586365
139.6425450952936 -3.338045218015395e-08 0.984626293182373 0.14638371765613556 0.6193706393241882 0.6222609877586365
139.99410759529363 -3.338045218015395e-08 0.984626293182373 0.14862985908985138 0.6193706393241882 0.6222609877586365
140.60934197029368 -3.338045218015395e-08 0.984626293182373 0.15252631902694702 0.6193706393241882 0.6222609877586365
141.2245763452937 -3.338045218015395e-08 0.984626293182373 0.15637950599193573 0.6193706393241882 0.6222609877586365
141.57613884529374 -3.338045218015395e-08 0.984626293182373 0.1585620641708374 0.6193706393241882 0.6222609877586365
142.2792638452938 -3.338045218015395e-08 0.984626293182373 0.16288553178310394 0.6193706393241882 0.6222609877586365
142.98238884529385 -3.338045218015395e-08 0.984626293182373 0.1671539694070816 0.6193706393241882 0.6222609877586365
143.33395134529388 -3.338045218015395e-08 0.984626293182373 0.16926774382591248 0.6193706393241882 0.6222609877586365
143.50973259529388 -3.338045218015395e-08 0.984626293182373 0.17032308876514435 0.6193706393241882 0.6222609877586365
143.6855138452939 -3.338045218015395e-08 0.984626293182373 0.17138570547103882 0.6193706393241882 0.6222609877586365
143.8612950952939 -3.338045218015395e-08 0.984626293182373 0.1724557727575302 0.6193706393241882 0.6222609877586365
144.38863884529394 -3.338045218015395e-08 0.984626293182373 0.1756567507982254 0.6193706393241882 0.6222609877586365
144.915982595294 -3.338045218015395e-08 0.984626293182373 0.17882665991783142 0.6193706393241882 0.6222609877586365
145.53121697029405 -3.338045218015395e-08 0.984626293182373 0.18248584866523743 0.6193706393241882 0.6222609877586365
146.14645134529408 -3.338045218015395e-08 0.984626293182373 0.18610340356826782 0.6193706393241882 0.6222609877586365
146.4980138452941 -3.338045218015395e-08 0.984626293182373 0.18815205991268158 0.6193706393241882 0.6222609877586365
147.11324822029417 -3.338045218015395e-08 0.984626293182373 0.19170506298542023 0.6193706393241882 0.6222609877586365
147.7284825952942 -3.338045218015395e-08 0.984626293182373 0.195217564702034 0.6193706393241882 0.6222609877586365
148.08004509529422 -3.338045218015395e-08 0.984626293182373 0.19720667600631714 0.6193706393241882 0.6222609877586365
148.69527947029428 -3.338045218015395e-08 0.984626293182373 0.20065636932849884 0.6193706393241882 0.6222609877586365
149.3105138452943 -3.338045218015395e-08 0.984626293182373 0.204066663980484 0.6193706393241882 0.6222609877586365
149.66207634529434 -3.338045218015395e-08 0.984626293182373 0.20599785447120667 0.6193706393241882 0.6222609877586365
150.0 -3.33408607389174e-08 0.984626293182373 0.20784331858158112 0.6193706393241882 0.6222609877586365
150.0001 -3.334828591050609e-08 0.984626293182373 0.20784468948841095 0.6193706393241882 0.6222609877586365
150.0003 -3.333073550493282e-08 0.984626293182373 0.20784667134284973 0.6193706393241882 0.6222610473632812
150.0007 -3.327009778786305e-08 0.984626293182373 0.20784570276737213 0.6193698048591614 0.622261106967926
150.00082296491377 -3.3261290610653305e-08 0.984626293182373 0.20784476399421692 0.6193679571151733 0.6222603917121887
150.0008939579856 -3.245983037913902e-08 0.984626293182373 0.20784471929073334 0.6193655729293823 0.6222591400146484
150.00092966042504 -1.9219161373484894e-08 0.984626293182373 0.20784488320350647 0.6193639636039734 0.6222580671310425
150.00095380965598 6.313413791758649e-08 0.984626293182373 0.20784497261047363 0.6193627119064331 0.6222571134567261
150.00098139697081 3.6486511589828297e-07 0.984626293182373 0.2078450471162796 0.6193612813949585 0.6222558617591858
150.001 7.383593469967309e-07 0.984626293182373 0.207845076918602 0.6193602681159973 0.6222549080848694
150.01363596334423 0.000464882847154513 0.984626293182373 0.207866370677948 0.6186297535896301 0.6215243935585022
150.02627192668845 0.000928675290197134 0.984626293182373 0.20788763463497162 0.617900550365448 0.6207951903343201
150.0515469387055 0.0018553133122622967 0.984626293182373 0.20793001353740692 0.6164438724517822 0.6193384528160095
150.20319701080788 0.007386806420981884 0.984626293182373 0.20818071067333221 0.6076197624206543 0.6105144023895264
150.37897826080788 0.013751605525612831 0.984626293182373 0.20846538245677948 0.5972285866737366 0.6001232266426086
150.5547595108079 0.02007114142179489 0.984626293182373 0.2087443619966507 0.5866258144378662 0.5895204544067383
150.7305407608079 0.026341751217842102 0.984626293182373 0.20901724696159363 0.5757859945297241 0.5786806344985962
150.90632201080794 0.03256404399871826 0.984626293182373 0.2092842012643814 0.5647426843643188 0.5676373243331909
151.08210326080794 0.03873803839087486 0.984626293182373 0.20954525470733643 0.5534855127334595 0.5563800930976868
151.43366576080797 0.050941914319992065 0.984626293182373 0.21005003154277802 0.5302107930183411 0.5331054329872131
151.96100951080803 0.0688900277018547 0.984626293182373 0.21076498925685883 0.4935169816017151 0.49641159176826477
152.13679076080803 0.07477795332670212 0.984626293182373 0.21099235117435455 0.4808318018913269 0.483726441860199
152.31257201080803 0.08061875402927399 0.984626293182373 0.2112143635749817 0.46795666217803955 0.47085127234458923
152.48835326080805 0.08641260862350464 0.984626293182373 0.211431086063385 0.45493924617767334 0.457833856344223
152.66413451080805 0.09215966612100601 0.984626293182373 0.21164259314537048 0.4417418837547302 0.4446364939212799
152.83991576080808 0.09786007553339005 0.984626293182373 0.21184898912906647 0.4283253848552704 0.43121999502182007
153.01569701080808 0.10351401567459106 0.984626293182373 0.21205031871795654 0.4147145748138428 0.41760918498039246
153.3672595108081 0.11468314379453659 0.984626293182373 0.21243809163570404 0.38688400387763977 0.38977861404418945
154.07038451080817 0.1364712417125702 0.984626293182373 0.21315622329711914 0.3285594880580902 0.33145394921302795
154.2461657608082 0.14180469512939453 0.984626293182373 0.21332421898841858 0.3134728670120239 0.3163672685623169
154.4219470108082 0.14709308743476868 0.984626293182373 0.21348774433135986 0.29823240637779236 0.3011266589164734
154.5977282608082 0.15233662724494934 0.984626293182373 0.21364688873291016 0.2828531265258789 0.2857471704483032
154.77350951080822 0.15753550827503204 0.984626293182373 0.21380171179771423 0.2673298120498657 0.2702234983444214
155.12507201080825 0.1677999645471573 0.984626293182373 0.21409867703914642 0.23574966192245483 0.23864175379276276
155.30085326080825 0.17286595702171326 0.984626293182373 0.21424096822738647 0.21967428922653198 0.22256480157375336
155.47663451080828 0.17788803577423096 0.984626293182373 0.21437925100326538 0.20343948900699615 0.2063274085521698
155.65241576080828 0.1828664392232895 0.984626293182373 0.21451355516910553 0.18705753982067108 0.1899411976337433
156.0039782608083 0.19269293546676636 0.984626293182373 0.2147705852985382 0.1538633108139038 0.15672829747200012
156.17975951080834 0.1975414752960205 0.984626293182373 0.21489346027374268 0.13711966574192047 0.1399654597043991
156.35554076080834 0.20234714448451996 0.984626293182373 0.21501265466213226 0.1203894093632698 0.12320394814014435
156.53132201080837 0.20711016654968262 0.984626293182373 0.21512824296951294 0.10379371047019958 0.10655814409255981
156.70710326080837 0.2118307501077652 0.984626293182373 0.21524031460285187 0.0874696895480156 0.09015584737062454
156.88288451080837 0.21650910377502441 0.984626293182373 0.21534891426563263 0.07161326706409454 0.07418209314346313
157.0586657608084 0.22114546597003937 0.984626293182373 0.2154541313648224 0.05650803819298744 0.05891122668981552
157.2344470108084 0.22574004530906677 0.984626293182373 0.21555602550506592 0.042488012462854385 0.0446750782430172
157.41022826080842 0.23029306530952454 0.984626293182373 0.215654656291008 0.029865123331546783 0.03179527446627617
157.58600951080842 0.23480474948883057 0.984626293182373 0.2157500982284546 0.018850132822990417 0.020503811538219452
157.76179076080845 0.23927533626556396 0.984626293182373 0.21584244072437286 0.00949917733669281 0.010882524773478508
157.93757201080845 0.24371208250522614 0.984626293182373 0.2159322202205658 0.0018013479420915246 0.0026238069403916597
157.9946606537834 0.24514541029930115 0.984626293182373 0.2159608155488968 0.00010263125295750797 0.0003048979851882905
158.00471052764857 0.24539701640605927 0.984626293182373 0.21596580743789673 -3.3371470919973945e-08 2.048281930910889e-05
158.00852507983467 0.24549244344234467 0.984626293182373 0.21596768498420715 -3.3371470919973945e-08 -3.3371470919973945e-08
159.44934602866522 0.28015458583831787 0.984626293182373 0.21658335626125336 -3.3371470919973945e-08 -3.3371470919973945e-08
159.62512727866522 0.28420400619506836 0.984626293182373 0.21664662659168243 -3.3371470919973945e-08 -3.3371470919973945e-08
159.80090852866522 0.28821510076522827 0.984626293182373 0.2167075276374817 -3.3371470919973945e-08 -3.3371470919973945e-08
159.97668977866525 0.2921881079673767 0.984626293182373 0.2167661190032959 -3.3371470919973945e-08 -3.3371470919973945e-08
160.50403352866527 0.30388104915618896 0.984626293182373 0.2169286012649536 -3.3371470919973945e-08 -3.3371470919973945e-08
161.03137727866533 0.31524017453193665 0.984626293182373 0.21707236766815186 -3.3371470919973945e-08 -3.3371470919973945e-08
161.20715852866533 0.31895357370376587 0.984626293182373 0.21711640059947968 -3.3371470919973945e-08 -3.3371470919973945e-08
161.38293977866536 0.3226308822631836 0.984626293182373 0.21715857088565826 -3.3371470919973945e-08 -3.3371470919973945e-08
161.55872102866536 0.3262723982334137 0.984626293182373 0.2171989381313324 -3.3371470919973945e-08 -3.3371470919973945e-08
162.78918977866545 0.3507820963859558 0.984626293182373 0.21743550896644592 -3.3371470919973945e-08 -3.3371470919973945e-08
162.96497102866547 0.35414648056030273 0.984626293182373 0.21746331453323364 -3.3371470919973945e-08 -3.3371470919973945e-08
163.14075227866547 0.35747742652893066 0.984626293182373 0.2174897938966751 -3.3371470919973945e-08 -3.3371470919973945e-08
163.3165335286655 0.3607752025127411 0.984626293182373 0.21751496195793152 -3.3371470919973945e-08 -3.3371470919973945e-08
164.5470022786656 0.38295236229896545 0.984626293182373 0.21765826642513275 -3.3371470919973945e-08 -3.3371470919973945e-08
164.7227835286656 0.3859941363334656 0.984626293182373 0.21767455339431763 -3.3371470919973945e-08 -3.3371470919973945e-08
164.89856477866562 0.3890050947666168 0.984626293182373 0.2176899015903473 -3.3371470919973945e-08 -3.3371470919973945e-08
165.07434602866562 0.3919855058193207 0.984626293182373 0.2177043855190277 -3.3371470919973945e-08 -3.3371470919973945e-08
166.30481477866573 0.41201546788215637 0.984626293182373 0.21778368949890137 -3.3371470919973945e-08 -3.3371470919973945e-08
166.48059602866573 0.4147610664367676 0.984626293182373 0.21779228746891022 -3.3371470919973945e-08 -3.3371470919973945e-08
166.65637727866576 0.4174785017967224 0.984626293182373 0.2178002893924713 -3.3371470919973945e-08 -3.3371470919973945e-08
166.83215852866576 0.4201680123806 0.984626293182373 0.21780772507190704 -3.3371470919973945e-08 -3.3371470919973945e-08
168.06262727866584 0.4382348358631134 0.984626293182373 0.2178463488817215 -3.3371470919973945e-08 -3.3371470919973945e-08
168.23840852866587 0.4407103359699249 0.984626293182373 0.2178502380847931 -3.3371470919973945e-08 -3.3371470919973945e-08
168.41418977866587 0.4431602358818054 0.984626293182373 0.21785379946231842 -3.3371470919973945e-08 -3.3371470919973945e-08
168.5899710286659 0.44558480381965637 0.984626293182373 0.21785703301429749 -3.3371470919973945e-08 -3.3371470919973945e-08
169.20520540366593 0.45387476682662964 0.984626293182373 0.2178661823272705 -3.3371470919973945e-08 -3.3371470919973945e-08
169.82043977866599 0.4618678092956543 0.984626293182373 0.21787245571613312 -3.3371470919973945e-08 -3.3371470919973945e-08
169.99622102866599 0.4640984833240509 0.984626293182373 0.21787382662296295 -3.3371470919973945e-08 -3.3371470919973945e-08
170.172002278666 0.46630600094795227 0.984626293182373 0.21787503361701965 -3.3371470919973945e-08 -3.3371470919973945e-08
170.347783528666 0.4684906303882599 0.984626293182373 0.2178761065006256 -3.3371470919973945e-08 -3.3371470919973945e-08
171.75403352866613 0.48517128825187683 0.984626293182373 0.2178807258605957 -3.3371470919973945e-08 -3.3371470919973945e-08
171.92981477866613 0.4871602952480316 0.984626293182373 0.2178809642791748 -3.3371470919973945e-08 -3.3371470919973945e-08
172.10559602866616 0.4891287088394165 0.984626293182373 0.21788114309310913 -3.3371470919973945e-08 -3.3371470919973945e-08
172.28137727866616 0.4910767674446106 0.984626293182373 0.21788129210472107 -3.3371470919973945e-08 -3.3371470919973945e-08
173.68762727866627 0.5059536695480347 0.984626293182373 0.2178816944360733 -3.3371470919973945e-08 -3.3371470919973945e-08
173.8634085286663 0.507728099822998 0.984626293182373 0.2178816944360733 -3.3371470919973945e-08 -3.3371470919973945e-08
174.0391897786663 0.5094842314720154 0.984626293182373 0.2178817093372345 -3.3371470919973945e-08 -3.3371470919973945e-08
174.2149710286663 0.5112223029136658 0.984626293182373 0.2178817093372345 -3.3371470919973945e-08 -3.3371470919973945e-08
174.74231477866635 0.516330361366272 0.984626293182373 0.2178817093372345 -3.3371470919973945e-08 -3.3371470919973945e-08
175.26965852866638 0.5212831497192383 0.984626293182373 0.2178817093372345 -3.3371470919973945e-08 -3.3371470919973945e-08
175.79700227866644 0.5260859727859497 0.984626293182373 0.2178817093372345 -3.3371470919973945e-08 -3.3371470919973945e-08
175.97278352866644 0.5276544094085693 0.984626293182373 0.2178817093372345 -3.3371470919973945e-08 -3.3371470919973945e-08
176.14856477866647 0.5292069315910339 0.984626293182373 0.2178817093372345 -3.3371470919973945e-08 -3.3371470919973945e-08
176.32434602866647 0.5307437181472778 0.984626293182373 0.2178817093372345 -3.3371470919973945e-08 -3.3371470919973945e-08
178.0821585286666 0.5452849268913269 0.984626293182373 0.2178817093372345 -3.3371470919973945e-08 -3.3371470919973945e-08
178.2579397786666 0.5466600656509399 0.984626293182373 0.2178817093372345 -3.3371470919973945e-08 -3.3371470919973945e-08
178.43372102866664 0.5480215549468994 0.984626293182373 0.2178817093372345 -3.3371470919973945e-08 -3.3371470919973945e-08
178.60950227866664 0.5493695735931396 0.984626293182373 0.2178817093372345 -3.3371470919973945e-08 -3.3371470919973945e-08
179.83997102866672 0.5584395527839661 0.984626293182373 0.2178817093372345 -3.3371470919973945e-08 -3.3371470919973945e-08
179.99999999999997 0.5595764517784119 0.984626293182373 0.2178817093372345 -3.3371470919973945e-08 -3.3371470919973945e-08
