time a b c w1
0.0 0.0 0.0 0.0 0.0
2.34374997708231e-06 2.34398437508335e-23 1.0801570415496826 2.34398437508335e-23 2.34398437508335e-23
2.3531289769906394e-06 2.35336424679079e-23 1.0037916898727417 2.35336424679079e-23 2.35336424679079e-23
2.3718869768072985e-06 2.372124147977851e-23 0.9922298789024353 2.372124147977851e-23 2.372124147977851e-23
2.449126245505041e-06 2.449371143311084e-23 0.9876051545143127 2.449371143311084e-23 2.449371143311084e-23
0.00019360463173130613 1.9362399824984054e-21 0.9876051545143127 1.9362399824984054e-21 1.9362399824984054e-21
0.00038480681743822704 3.8484529531415596e-21 0.9876051545143127 3.8484529531415596e-21 -5.5596220960296705e-09
0.0007672111888520689 7.672878894427868e-21 0.9876051545143127 7.672878894427868e-21 -2.705600010699527e-08
0.001 1.0000999731091105e-20 0.9876051545143127 1.0000999731091105e-20 -3.3388438680503896e-08
29.999999999999996 3.000300019364487e-16 0.9876051545143127 3.000300019364487e-16 -3.3388264597533635e-08
30.000099999999996 3.0003100778807355e-16 0.9876051545143127 3.0003100778807355e-16 -3.336615606031046e-08
30.0003 3.0003299302154367e-16 0.9876051545143127 3.0003299302154367e-16 -3.3344313976613194e-08
30.0007 3.946650298236598e-11 0.9876051545143127 3.0003698995826353e-16 -3.33327498935887e-08
30.00082296342571 2.9107384946769344e-08 0.9876051545143127 3.000382340379048e-16 -2.1535369043590435e-08
30.000893956471995 1.3946531396413775e-07 0.9876051545143127 3.0003894872195405e-16 9.556416102896037e-08
30.000929769402624 3.035430324871413e-07 0.9876051545143127 3.000392928290889e-16 3.0178702559169324e-07
30.000950793481667 4.780192170983355e-07 0.9876051545143127 3.000395045873257e-16 5.325084089236043e-07
30.000964238343492 6.455156267293205e-07 0.9876051545143127 3.000396369362237e-16 8.681522558617871e-07
30.000974018899523 8.22397680622089e-07 0.9876051545143127 3.000397428153421e-16 1.4192288517733687e-06
30.000986259786753 1.118751470130519e-06 0.9876051545143127 3.000398751642401e-16 2.568011723269592e-06
30.001 1.5113603240024531e-06 0.9876051545143127 3.000400075131381e-16 4.221285507810535e-06
30.2786300330207 0.0093208784237504 0.9876051545143127 3.028165815142377e-16 0.04275190457701683
30.556260066041393 0.018399221822619438 0.9876051545143127 3.055931555153373e-16 0.08483178913593292
30.79063506604139 0.02588598057627678 0.9876051545143127 3.079371339084064e-16 0.11986082792282104
31.025010066041386 0.0331881046295166 0.9876051545143127 3.1028113877125505e-16 0.15437141060829163
31.259385066041382 0.04029935970902443 0.9876051545143127 3.126251171643241e-16 0.1883423775434494
31.493760066041382 0.047213032841682434 0.9876051545143127 3.1496909555739317e-16 0.22175057232379913
31.72813506604138 0.05392216891050339 0.9876051545143127 3.1731307395046224e-16 0.2545715570449829
32.196885066041375 0.06669805198907852 0.9876051545143127 3.2200105720637997e-16 0.3183475434780121
32.43126006604137 0.07275000959634781 0.9876051545143127 3.2434503559944903e-16 0.3492470979690552
32.90001006604136 0.08414442837238312 0.9876051545143127 3.2903299238558716e-16 0.4089213013648987
33.13438506604136 0.0894719809293747 0.9876051545143127 3.3137699724843583e-16 0.43763333559036255
33.36876006604136 0.0945434495806694 0.9876051545143127 3.337209756415049e-16 0.46555206179618835
33.603135066041354 0.09935206174850464 0.9876051545143127 3.3606495403457396e-16 0.49264422059059143
33.837510066041354 0.10389156639575958 0.9876051545143127 3.38408932427643e-16 0.518876314163208
34.30626006604135 0.11214233189821243 0.9876051545143127 3.4309691568356075e-16 0.5686280727386475
34.54063506604135 0.11584581434726715 0.9876051545143127 3.454408940766298e-16 0.5920839309692383
34.77501006604134 0.1192651316523552 0.9876051545143127 3.477848724696989e-16 0.614553689956665
35.00938506604134 0.12240025401115417 0.9876051545143127 3.5012885086276794e-16 0.6360110640525818
35.24376006604134 0.1252531260251999 0.9876051545143127 3.524728557256166e-16 0.6564335823059082
35.47813506604133 0.12782791256904602 0.9876051545143127 3.5481683411868567e-16 0.675803542137146
35.71251006604133 0.13013112545013428 0.9876051545143127 3.5716081251175474e-16 0.6941086649894714
35.946885066041325 0.13217179477214813 0.9876051545143127 3.595047909048238e-16 0.7113431692123413
36.181260066041325 0.13396133482456207 0.9876051545143127 3.6184876929789287e-16 0.7275081872940063
36.415635066041325 0.1355135142803192 0.9876051545143127 3.6419277416074153e-16 0.7426126003265381
36.65001006604132 0.13684417307376862 0.9876051545143127 3.665367525538106e-16 0.7566729187965393
36.88438506604132 0.13797089457511902 0.9876051545143127 3.6888073094687966e-16 0.7697136402130127
37.11876006604131 0.13891251385211945 0.9876051545143127 3.7122470933994873e-16 0.7817665934562683
37.35313506604131 0.1396886557340622 0.9876051545143127 3.735687142027974e-16 0.7928704023361206
37.58751006604131 0.14031913876533508 0.9876051545143127 3.7591269259586646e-16 0.8030696511268616
38.5250100660413 0.1417626440525055 0.9876051545143127 3.852886326379223e-16 0.8358537554740906
39.46251006604129 0.14220088720321655 0.9876051545143127 3.9466457267997817e-16 0.858426570892334
39.69688506604128 0.1422387808561325 0.9876051545143127 3.9700855107304724e-16 0.862862765789032
39.93126006604128 0.1422623246908188 0.9876051545143127 3.993525294661163e-16 0.866906464099884
40.165635066041276 0.14227601885795593 0.9876051545143127 4.0169650785918537e-16 0.8705968856811523
40.400010066041276 0.14228329062461853 0.9876051545143127 4.0404051272203403e-16 0.8739696741104126
40.634385066041276 0.14228664338588715 0.9876051545143127 4.063844911151031e-16 0.8770570755004883
40.86876006604127 0.14228785037994385 0.9876051545143127 4.0872846950817216e-16 0.8798880577087402
41.33751006604126 0.1422879695892334 0.9876051545143127 4.134164262943103e-16 0.8848816752433777
41.57188506604126 0.14228788018226624 0.9876051545143127 4.1576043115715896e-16 0.8870883584022522
42.040635066041254 0.14228785037994385 0.9876051545143127 4.204483879432971e-16 0.8910148739814758
42.50938506604125 0.14228785037994385 0.9876051545143127 4.251363711992148e-16 0.8943917751312256
42.97813506604125 0.14228785037994385 0.9876051545143127 4.2982432798535294e-16 0.8973170518875122
43.68126006604123 0.14228785037994385 0.9876051545143127 4.3685628963433974e-16 0.9010275602340698
44.15001006604123 0.14228785037994385 0.9876051545143127 4.4154424642047787e-16 0.9031364321708679
44.384385066041226 0.14228785037994385 0.9876051545143127 4.4388822481354693e-16 0.9040992856025696
44.853135066041226 0.14228785037994385 0.9876051545143127 4.485762080694647e-16 0.9058657884597778
45.08751006604122 0.14228785037994385 0.9876051545143127 4.509202129323133e-16 0.9066777229309082
45.32188506604122 0.14228785037994385 0.9876051545143127 4.532641648556028e-16 0.9074468612670898
45.55626006604121 0.14228785037994385 0.9876051545143127 4.556081697184515e-16 0.9081764817237854
45.79063506604121 0.14228785037994385 0.9876051545143127 4.579521216417409e-16 0.9088694453239441
46.02501006604121 0.14228785037994385 0.9876051545143127 4.602961265045896e-16 0.909528374671936
46.259385066041204 0.14228785037994385 0.9876051545143127 4.626401313674383e-16 0.9101556539535522
46.493760066041204 0.14228785037994385 0.9876051545143127 4.649840832907277e-16 0.9107534885406494
46.7281350660412 0.14228785037994385 0.9876051545143127 4.673280881535764e-16 0.9113238453865051
47.1968850660412 0.14228785037994385 0.9876051545143127 4.720160449397145e-16 0.9123893976211548
47.66563506604119 0.14228785037994385 0.9876051545143127 4.767040017258526e-16 0.9133651256561279
48.36876006604118 0.14228785037994385 0.9876051545143127 4.837359633748394e-16 0.9146836400032043
49.071885066041176 0.14228785037994385 0.9876051545143127 4.907679250238262e-16 0.9158540964126587
49.77501006604116 0.14228785037994385 0.9876051545143127 4.97799886672813e-16 0.916900098323822
50.36094756604116 0.14228785037994385 0.9876051545143127 5.036598194205959e-16 0.9176906943321228
50.94688506604115 0.14228785037994385 0.9876051545143127 5.095198051079379e-16 0.9184171557426453
51.41563506604115 0.14228785037994385 0.9876051545143127 5.142077618940761e-16 0.9189573526382446
52.821885066041126 0.14228785037994385 0.9876051545143127 5.282716851920497e-16 0.9203928709030151
53.52501006604112 0.14228785037994385 0.9876051545143127 5.353036468410365e-16 0.9210224747657776
54.931260066041105 0.14228785037994385 0.9876051545143127 5.493675171994508e-16 0.9221396446228027
55.1656350660411 0.14228785037994385 0.9876051545143127 5.517115220622995e-16 0.9223097562789917
55.4000100660411 0.14228785037994385 0.9876051545143127 5.540555269251482e-16 0.9224758148193359
55.6343850660411 0.14228785037994385 0.9876051545143127 5.563994788484376e-16 0.9226378202438354
56.337510066041084 0.14228785037994385 0.9876051545143127 5.634314404974244e-16 0.9231014251708984
59.150010066041055 0.14228785037994385 0.9876051545143127 5.915592341538124e-16 0.9246759414672852
59.85313506604105 0.14228785037994385 0.9876051545143127 5.985911958027992e-16 0.925012469291687
59.99999999999999 0.14228785037994385 0.9876051545143127 6.000600038728974e-16 0.9250805974006653
60.000099999999996 0.14228785037994385 0.9876051545143127 6.000610097245222e-16 0.925080418586731
60.000299999999996 0.14228752255439758 0.9876051545143127 6.00063021427772e-16 0.9250802397727966
60.000699999999995 0.14228349924087524 0.9876051545143127 6.000669918947122e-16 0.9250801801681519
60.001000000000005 0.14227603375911713 0.9876051545143127 6.000700094495868e-16 0.9250801801681519
60.16480000000147 0.11881755292415619 0.9876051545143127 6.017081711695766e-16 0.9250801801681519
60.328600000002936 0.09609813243150711 0.9876051545143127 6.033463328895664e-16 0.9250801801681519
60.562975000002936 0.06567659974098206 0.9876051545143127 6.056903377524151e-16 0.9250801801681519
60.79735000000293 0.038990117609500885 0.9876051545143127 6.080342896757046e-16 0.9250801801681519
61.03172500000293 0.0175066739320755 0.9876051545143127 6.103782945385532e-16 0.9250801801681519
61.26610000000293 0.0015439402777701616 0.9876051545143127 6.127222464618427e-16 0.9250801801681519
61.31494126201744 6.553885759785771e-05 0.9876051545143127 6.132107197746124e-16 0.9250801801681519
61.34890838512715 -3.3388264597533635e-08 0.9876051545143127 6.135504329260206e-16 0.9250801801681519
89.99999999999999 -3.3345934014050727e-08 0.9876051545143127 9.000900322791256e-16 0.9250801801681519
90.0001 -3.3352044681578263e-08 0.9876051545143127 9.000909851911913e-16 0.9250801801681519
90.0003 -3.333158815621573e-08 0.9876051545143127 9.00092996894441e-16 0.9250801801681519
90.0007 -3.3274051958187556e-08 0.9876051545143127 9.000970203009405e-16 0.9250801801681519
90.001 -3.325697051081988e-08 0.9876051545143127 9.000999849162559e-16 0.9250801801681519
119.99999999999999 -3.325697051081988e-08 0.9876051545143127 1.2001200077457947e-15 0.9250801801681519
120.0001 -3.325697051081988e-08 0.9876051545143127 1.2001209606578604e-15 0.9250801801681519
120.0003 -3.325697051081988e-08 0.9876051545143127 1.2001229723611101e-15 0.9250801801681519
120.0007 -3.325697051081988e-08 0.9876051545143127 1.2001269957676096e-15 0.9250801801681519
120.001 -3.325697051081988e-08 0.9876051545143127 1.200129960382925e-15 0.9250801801681519
135.0005 -3.325697051081988e-08 0.9876051545143127 0.03431572765111923 0.9250801801681519
150.0 -3.325697051081988e-08 0.9876051545143127 0.06773943454027176 0.9250801801681519
150.0001 -3.325697051081988e-08 0.9876051545143127 0.06773985177278519 0.9250801801681519
150.0003 -3.325697051081988e-08 0.9876051545143127 0.06774261593818665 0.9250801801681519
150.0007 7.230215715026134e-08 0.9876051545143127 0.06775446236133575 0.9250801801681519
150.0008229635436 5.940674441262672e-07 0.9876051545143127 0.06775977462530136 0.9250801801681519
150.00089456377594 1.8316305840926361e-06 0.9876051545143127 0.06776314228773117 0.9250801801681519
150.00093211931352 3.475928906482295e-06 0.9876051545143127 0.06776469200849533 0.9250801801681519
150.00097198829783 6.611282060475787e-06 0.9876051545143127 0.06776618212461472 0.9250801801681519
150.001 9.686108569439966e-06 0.9876051545143127 0.06776715815067291 0.9250801801681519
150.06173489639545 0.009252330288290977 0.9876051545143127 0.06976649165153503 0.9250801801681519
150.1224697927909 0.018457159399986267 0.9876051545143127 0.07175221294164658 0.9250801801681519
150.24394329265883 0.03675340116024017 0.9876051545143127 0.0756828710436821 0.9250801801681519
150.4783182926588 0.07172670215368271 0.9876051545143127 0.08314954489469528 0.9250801801681519
150.7126932926588 0.10627253353595734 0.9876051545143127 0.09046410024166107 0.9250801801681519
150.9470682926588 0.14031726121902466 0.9876051545143127 0.09760130196809769 0.9250801801681519
151.18144329265877 0.17384149134159088 0.9876051545143127 0.10455550253391266 0.9250801801681519
151.41581829265877 0.20682433247566223 0.9876051545143127 0.11132076382637024 0.9250801801681519
151.65019329265877 0.2392437607049942 0.9876051545143127 0.11789092421531677 0.9250801801681519
151.88456829265874 0.27107664942741394 0.9876051545143127 0.12425965070724487 0.9250801801681519
152.35331829265874 0.33288437128067017 0.9876051545143127 0.13636675477027893 0.9250801801681519
153.0564432926587 0.42055243253707886 0.9876051545143127 0.15285195410251617 0.9250801801681519
153.75956829265868 0.5014797449111938 0.9876051545143127 0.16717097163200378 0.9250801801681519
154.22831829265866 0.5512852668762207 0.9876051545143127 0.17543725669384003 0.9250801801681519
154.69706829265863 0.5974977016448975 0.9876051545143127 0.18264201283454895 0.9250801801681519
154.93144329265863 0.6191889047622681 0.9876051545143127 0.18584173917770386 0.9250801801681519
155.16581829265863 0.6399055123329163 0.9876051545143127 0.18877354264259338 0.9250801801681519
155.4001932926586 0.6596283912658691 0.9876051545143127 0.19144009053707123 0.9250801801681519
155.6345682926586 0.678342878818512 0.9876051545143127 0.19384601712226868 0.9250801801681519
155.8689432926586 0.6960393786430359 0.9876051545143127 0.19599811732769012 0.9250801801681519
156.10331829265857 0.7127143144607544 0.9876051545143127 0.19790533185005188 0.9250801801681519
156.33769329265857 0.7283703088760376 0.9876051545143127 0.19957879185676575 0.9250801801681519
156.57206829265857 0.7430170178413391 0.9876051545143127 0.20103159546852112 0.9250801801681519
156.80644329265854 0.7566709518432617 0.9876051545143127 0.20227870345115662 0.9250801801681519
157.04081829265854 0.7693557739257812 0.9876051545143127 0.2033364623785019 0.9250801801681519
157.5095682926585 0.7919449210166931 0.9876051545143127 0.20495446026325226 0.9250801801681519
157.7439432926585 0.8019269108772278 0.9876051545143127 0.20555098354816437 0.9250801801681519
157.9783182926585 0.8110935091972351 0.9876051545143127 0.20602981746196747 0.9250801801681519
158.21269329265849 0.8194935321807861 0.9876051545143127 0.20640812814235687 0.9250801801681519
158.91581829265846 0.8406064510345459 0.9876051545143127 0.20709307491779327 0.9250801801681519
159.15019329265846 0.846452534198761 0.9876051545143127 0.2072138786315918 0.9250801801681519
159.38456829265846 0.8517845273017883 0.9876051545143127 0.2072984278202057 0.9250801801681519
159.61894329265843 0.8566484451293945 0.9876051545143127 0.20735596120357513 0.9250801801681519
159.85331829265843 0.8610878586769104 0.9876051545143127 0.20739386975765228 0.9250801801681519
160.08769329265843 0.865143358707428 0.9876051545143127 0.20741769671440125 0.9250801801681519
160.3220682926584 0.8688521981239319 0.9876051545143127 0.20743176341056824 0.9250801801681519
160.5564432926584 0.8722482919692993 0.9876051545143127 0.2074393928050995 0.9250801801681519
160.7908182926584 0.8753625154495239 0.9876051545143127 0.2074430286884308 0.9250801801681519
161.25956829265837 0.8808542490005493 0.9876051545143127 0.20744472742080688 0.9250801801681519
161.96269329265834 0.8875892758369446 0.9876051545143127 0.20744451880455017 0.9250801801681519
162.43144329265832 0.8912895917892456 0.9876051545143127 0.20744451880455017 0.9250801801681519
162.90019329265832 0.8944898247718811 0.9876051545143127 0.20744451880455017 0.9250801801681519
164.07206829265826 0.900833249092102 0.9876051545143127 0.20744451880455017 0.9250801801681519
164.54081829265823 0.902864933013916 0.9876051545143127 0.20744451880455017 0.9250801801681519
164.77519329265823 0.9037951827049255 0.9876051545143127 0.20744451880455017 0.9250801801681519
165.00956829265823 0.9046744108200073 0.9876051545143127 0.20744451880455017 0.9250801801681519
165.2439432926582 0.905506432056427 0.9876051545143127 0.20744451880455017 0.9250801801681519
165.4783182926582 0.9062948822975159 0.9876051545143127 0.20744451880455017 0.9250801801681519
165.7126932926582 0.9070429801940918 0.9876051545143127 0.20744451880455017 0.9250801801681519
165.94706829265817 0.907753586769104 0.9876051545143127 0.20744451880455017 0.9250801801681519
166.18144329265817 0.9084295034408569 0.9876051545143127 0.20744451880455017 0.9250801801681519
166.41581829265817 0.909072995185852 0.9876051545143127 0.20744451880455017 0.9250801801681519
166.65019329265814 0.9096864461898804 0.9876051545143127 0.20744451880455017 0.9250801801681519
166.88456829265814 0.9102717638015747 0.9876051545143127 0.20744451880455017 0.9250801801681519
167.11894329265814 0.9108309149742126 0.9876051545143127 0.20744451880455017 0.9250801801681519
167.35331829265812 0.9113655090332031 0.9876051545143127 0.20744451880455017 0.9250801801681519
167.82206829265812 0.9123672246932983 0.9876051545143127 0.20744451880455017 0.9250801801681519
168.2908182926581 0.9132879972457886 0.9876051545143127 0.20744451880455017 0.9250801801681519
168.99394329265806 0.9145376682281494 0.9876051545143127 0.20744451880455017 0.9250801801681519
169.57988079265803 0.9154749512672424 0.9876051545143127 0.20744451880455017 0.9250801801681519
170.165818292658 0.9163306951522827 0.9876051545143127 0.20744451880455017 0.9250801801681519
170.63456829265797 0.9169636964797974 0.9876051545143127 0.20744451880455017 0.9250801801681519
171.33769329265795 0.9178375005722046 0.9876051545143127 0.20744451880455017 0.9250801801681519
172.04081829265792 0.9186316728591919 0.9876051545143127 0.20744451880455017 0.9250801801681519
172.50956829265792 0.9191222190856934 0.9876051545143127 0.20744451880455017 0.9250801801681519
174.15019329265783 0.9206339716911316 0.9876051545143127 0.20744451880455017 0.9250801801681519
174.8533182926578 0.9211995601654053 0.9876051545143127 0.20744451880455017 0.9250801801681519
177.19706829265772 0.9228101968765259 0.9876051545143127 0.20744451880455017 0.9250801801681519
177.9001932926577 0.9232258200645447 0.9876051545143127 0.20744451880455017 0.9250801801681519
179.99999999999997 0.9243230819702148 0.9876051545143127 0.20744451880455017 0.9250801801681519
180.0001 0.9243229031562805 0.9876051545143127 0.20744451880455017 0.9250801801681519
180.0003 0.9243227243423462 0.9876051545143127 0.2074441909790039 0.9250801801681519
180.0007 0.9243226647377014 0.9876051545143127 0.20744012296199799 0.9250801801681519
180.001 0.9243226647377014 0.9876051545143127 0.2074325978755951 0.9250801801681519
180.32860000000517 0.9243226647377014 0.9876051545143127 0.15970849990844727 0.9250801801681519
180.56297500000517 0.9243226647377014 0.9876051545143127 0.12600815296173096 0.9250801801681519
180.79735000000514 0.9243226647377014 0.9876051545143127 0.09339475631713867 0.9250801801681519
181.03172500000514 0.9243226647377014 0.9876051545143127 0.06313325464725494 0.9250801801681519
181.26610000000514 0.9243226647377014 0.9876051545143127 0.03686435520648956 0.9250801801681519
181.5004750000051 0.9243226647377014 0.9876051545143127 0.016080111265182495 0.9250801801681519
181.7348500000051 0.9243226647377014 0.9876051545143127 0.0011979615082964301 0.9250801801681519
181.78150194000236 0.9243226647377014 0.9876051545143127 -3.3388264597533635e-08 0.9250801801681519
204.02898150165728 0.9243226647377014 0.9876051545143127 -3.3388264597533635e-08 0.9250801801681519
209.99999999999997 0.9243226647377014 0.9876051545143127 -3.343489041185421e-08 0.9250801801681519
210.00009999999997 0.9243226647377014 0.9876051545143127 -3.338169918265521e-08 0.9250801801681519
210.0003 0.9243226647377014 0.9876051545143127 -3.3344313976613194e-08 0.9250801801681519
210.00070000000002 0.9243226647377014 0.9876051545143127 -3.331399867079199e-08 0.9250801801681519
210.000959870054 0.9243226647377014 0.9876051545143127 -3.3271774668719445e-08 0.9250801801681519
210.00100000000003 0.9243226647377014 0.9876051545143127 -3.3267362198330375e-08 0.9250801801681519
224.80509840382817 0.9243226647377014 0.9876051545143127 0.036333441734313965 0.9250801801681519
239.60919680765636 0.9243226647377014 0.9876051545143127 0.07168278098106384 0.9250801801681519
239.84357180765636 0.9243226647377014 0.9876051545143127 0.0722343921661377 0.9250801801681519
239.99999999999997 0.9243226647377014 0.9876051545143127 0.07260244339704514 0.9250801801681519
