time a b c w1 w2
0.0 0.0 0.0 0.0 0.0 0.0
1.757812428601624e-06 1.757988202426422e-23 1.0832566022872925 1.757988202426422e-23 1.757988202426422e-23 1.757988202426422e-23
1.7648476783160305e-06 1.7650242106122693e-23 1.0055341720581055 1.7650242106122693e-23 1.7650242106122693e-23 1.7650242106122693e-23
1.7789181777448437e-06 1.7790960692117828e-23 0.9905999898910522 1.7790960692117828e-23 1.7790960692117828e-23 1.7790960692117828e-23
1.8070591766024704e-06 1.8072399441829907e-23 0.984626293182373 1.8072399441829907e-23 1.8072399441829907e-23 1.8072399441829907e-23
0.00013281055255599797 1.3282383013875093e-21 0.984626293182373 1.3282383013875093e-21 1.3282383013875093e-21 1.3282383013875093e-21
0.00026381985277929004 2.6384624023353322e-21 0.984626293182373 2.6384624023353322e-21 2.6384624023353322e-21 2.6384624023353322e-21
0.0005258384532258742 5.258910200334195e-21 0.984626293182373 5.258910200334195e-21 -5.940967273687647e-09 -5.940967273687647e-09
0.001 1.0000999731091105e-20 0.984626293182373 1.0000999731091105e-20 -3.3384058184537935e-08 -3.3384058184537935e-08
29.999999999999996 3.000300019364487e-16 0.984626293182373 3.000300019364487e-16 -3.338419674037141e-08 -3.338419674037141e-08
30.000099999999996 3.0003100778807355e-16 0.984626293182373 3.0003100778807355e-16 -3.336372245144048e-08 -3.336372245144048e-08
30.0003 3.0003299302154367e-16 0.984626293182373 3.0003299302154367e-16 -3.334349685246707e-08 -3.334349685246707e-08
30.0007 4.30655962280202e-11 0.984626293182373 4.30967622699896e-11 -3.3332792526152843e-08 -3.3332792526152843e-08
30.00082296343416 2.937321497142875e-08 0.984626293182373 2.9375458510116914e-08 -2.1394615856706878e-08 -2.139342569762448e-08
30.00089395647928 1.4059838804314495e-07 0.984626293182373 1.4060790931580414e-07 9.649011900592086e-08 9.6497871027168e-08
30.00095077596322 4.816391765416483e-07 0.984626293182373 4.816683372155239e-07 5.394633149080619e-07 5.394987283580122e-07
30.00096424656735 6.507092962237948e-07 0.984626293182373 6.507469265670807e-07 8.796895940577087e-07 8.797410373517778e-07
30.000974048024474 8.290804771604598e-07 0.984626293182373 8.291260655823862e-07 1.4352842754306039e-06 1.435353283341101e-06
30.000986311012323 1.1275600400040275e-06 0.984626293182373 1.1276179066044278e-06 2.590652002254501e-06 2.5907513645506697e-06
30.001 1.5206701391434763e-06 0.984626293182373 1.520743353466969e-06 4.2434085116838105e-06 4.243547664373182e-06
30.04118213228038 0.0013728304766118526 0.984626293182373 0.0013728818157687783 0.006253255531191826 0.00625339662656188
30.08136426456076 0.0027369095478206873 0.984626293182373 0.0027370122261345387 0.012482382357120514 0.012482664547860622
30.322464416035736 0.01080046221613884 0.984626293182373 0.01080087199807167 0.04952375963330269 0.04952488839626312
30.498245666035736 0.016571421176195145 0.984626293182373 0.016572050750255585 0.07623042911291122 0.0762321725487709
30.849808166035736 0.027795463800430298 0.984626293182373 0.027796532958745956 0.1287570744752884 0.12876003980636597
31.201370666035736 0.03857007995247841 0.984626293182373 0.03857157751917839 0.18001911044120789 0.18002329766750336
31.728714416035736 0.05391457676887512 0.984626293182373 0.05391669273376465 0.2545829117298126 0.25458890199661255
32.256058166035736 0.0681786835193634 0.984626293182373 0.06818138062953949 0.3260132074356079 0.32602089643478394
32.78340191603573 0.08127361536026001 0.984626293182373 0.08127684891223907 0.39398109912872314 0.3939903676509857
33.13496441603573 0.08937631547451019 0.984626293182373 0.08937987685203552 0.437392920255661 0.43740320205688477
33.31074566603573 0.09320739656686783 0.984626293182373 0.0932110995054245 0.45841866731643677 0.45842939615249634
33.66230816603573 0.10039526224136353 0.984626293182373 0.10039924085140228 0.4989790618419647 0.49899065494537354
33.83808941603573 0.10375235229730606 0.984626293182373 0.10375645756721497 0.5185012221336365 0.5185132026672363
34.01387066603573 0.10694759339094162 0.984626293182373 0.10695181041955948 0.5374961495399475 0.537508487701416
34.18965191603573 0.10999129712581635 0.984626293182373 0.10999560356140137 0.55599045753479 0.5560030937194824
34.71699566603573 0.11825387179851532 0.984626293182373 0.11825842410326004 0.6085267663002014 0.6085402965545654
34.89277691603573 0.12069900333881378 0.984626293182373 0.12070361524820328 0.6249602437019348 0.6249739527702332
35.42012066603573 0.12704846262931824 0.984626293182373 0.1270531713962555 0.6706482172012329 0.6706622838973999
35.77168316603573 0.13050197064876556 0.984626293182373 0.130506694316864 0.6981105208396912 0.6981246471405029
36.47480816603572 0.13565340638160706 0.984626293182373 0.13565802574157715 0.7456210255622864 0.7456346750259399
36.82637066603572 0.13745993375778198 0.984626293182373 0.1374644786119461 0.7657990455627441 0.7658122777938843
37.52949566603572 0.1398927867412567 0.984626293182373 0.13989713788032532 0.7997094392776489 0.7997215986251831
37.70527691603572 0.14029201865196228 0.984626293182373 0.1402963250875473 0.8068870306015015 0.806898832321167
37.88105816603572 0.1406274139881134 0.984626293182373 0.14063167572021484 0.8136041164398193 0.8136155605316162
38.05683941603572 0.1409032642841339 0.984626293182373 0.14090749621391296 0.8198580741882324 0.8198692202568054
38.58418316603572 0.14145582914352417 0.984626293182373 0.14145994186401367 0.8361661434173584 0.8361762166023254
39.11152691603572 0.1417398750782013 0.984626293182373 0.14174392819404602 0.8494754433631897 0.8494846224784851
39.287308166035714 0.1417940855026245 0.984626293182373 0.14179812371730804 0.8533159494400024 0.8533248901367188
39.463089416035714 0.1418333351612091 0.984626293182373 0.14183735847473145 0.8568778038024902 0.8568863868713379
39.638870666035714 0.14186109602451324 0.984626293182373 0.1418651044368744 0.8601862192153931 0.8601945638656616
39.814651916035714 0.14188118278980255 0.984626293182373 0.1418851912021637 0.8632887601852417 0.8632968664169312
40.429886291035714 0.14191414415836334 0.984626293182373 0.1419181227684021 0.8727030158042908 0.8727102279663086
41.045120666035714 0.14191798865795135 0.984626293182373 0.1419219672679901 0.8800176978111267 0.880024254322052
41.396683166035714 0.14191806316375732 0.984626293182373 0.14192204177379608 0.8835222721099854 0.8835285305976868
41.572464416035714 0.14191806316375732 0.984626293182373 0.14192204177379608 0.8851231336593628 0.8851292133331299
41.748245666035714 0.14191806316375732 0.984626293182373 0.14192204177379608 0.8866400718688965 0.886646032333374
41.924026916035714 0.14191806316375732 0.984626293182373 0.14192204177379608 0.8880875110626221 0.8880933523178101
42.80293316603571 0.14191806316375732 0.984626293182373 0.14192204177379608 0.8942809700965881 0.8942861557006836
43.68183941603571 0.14191806316375732 0.984626293182373 0.14192204177379608 0.8990172147750854 0.8990220427513123
44.20918316603571 0.14191806316375732 0.984626293182373 0.14192204177379608 0.9013281464576721 0.9013327360153198
45.08808941603571 0.14191806316375732 0.984626293182373 0.14192204177379608 0.9045124650001526 0.9045167565345764
45.9669956660357 0.14191806316375732 0.984626293182373 0.14192204177379608 0.9071124792098999 0.9071165919303894
46.1427769160357 0.14191806316375732 0.984626293182373 0.14192204177379608 0.9075825214385986 0.9075865745544434
46.3185581660357 0.14191806316375732 0.984626293182373 0.14192204177379608 0.9080379605293274 0.9080419540405273
46.4943394160357 0.14191806316375732 0.984626293182373 0.14192204177379608 0.9084799289703369 0.9084838628768921
47.5490269160357 0.14191806316375732 0.984626293182373 0.14192204177379608 0.9107900261878967 0.9107938408851624
48.6037144160357 0.14191806316375732 0.984626293182373 0.14192204177379608 0.91266930103302 0.9126728773117065
49.57051129103569 0.14191806316375732 0.984626293182373 0.14192204177379608 0.9141624569892883 0.9141659736633301
50.53730816603569 0.14191806316375732 0.984626293182373 0.14192204177379608 0.9154108762741089 0.9154142737388611
50.71308941603569 0.14191806316375732 0.984626293182373 0.14192204177379608 0.9156162738800049 0.9156196713447571
50.88887066603569 0.14191806316375732 0.984626293182373 0.14192204177379608 0.9158157706260681 0.9158191680908203
51.06465191603569 0.14191806316375732 0.984626293182373 0.14192204177379608 0.9160120487213135 0.9160153865814209
51.24043316603569 0.14191806316375732 0.984626293182373 0.14192204177379608 0.9162098169326782 0.9162131547927856
51.41621441603569 0.14191806316375732 0.984626293182373 0.14192204177379608 0.9164088368415833 0.9164121747016907
51.59199566603569 0.14191806316375732 0.984626293182373 0.14192204177379608 0.9166043400764465 0.916607677936554
51.76777691603569 0.14191806316375732 0.984626293182373 0.14192204177379608 0.9167943000793457 0.9167976379394531
52.558792541035686 0.14191806316375732 0.984626293182373 0.14192204177379608 0.917589545249939 0.9175928235054016
53.349808166035686 0.14191806316375732 0.984626293182373 0.14192204177379608 0.9183458089828491 0.9183489680290222
54.492386291035686 0.14191806316375732 0.984626293182373 0.14192204177379608 0.9193174242973328 0.9193205833435059
55.63496441603568 0.14191806316375732 0.984626293182373 0.14192204177379608 0.9201474189758301 0.9201504588127136
56.60176129103568 0.14191806316375732 0.984626293182373 0.14192204177379608 0.9207597374916077 0.9207627177238464
57.56855816603568 0.14191806316375732 0.984626293182373 0.14192204177379608 0.9213391542434692 0.921342134475708
58.18379254103568 0.14191806316375732 0.984626293182373 0.14192204177379608 0.9216963052749634 0.9216992259025574
58.79902691603567 0.14191806316375732 0.984626293182373 0.14192204177379608 0.9220290184020996 0.9220318794250488
59.32637066603567 0.14191806316375732 0.984626293182373 0.14192204177379608 0.9222965836524963 0.9222995042800903
59.99999999999999 0.14191806316375732 0.984626293182373 0.14192204177379608 0.9226183891296387 0.9226212501525879
60.000099999999996 0.14191806316375732 0.984626293182373 0.14192204177379608 0.9226183891296387 0.9226210713386536
60.000299999999996 0.14191806316375732 0.984626293182373 0.14192171394824982 0.9226183891296387 0.9226208925247192
60.000699999999995 0.14191806316375732 0.984626293182373 0.14191767573356628 0.9226183891296387 0.9226208329200745
60.001000000000005 0.14191806316375732 0.984626293182373 0.14191018044948578 0.9226183891296387 0.9226208329200745
60.082880000000735 0.14191806316375732 0.984626293182373 0.13004684448242188 0.9226183891296387 0.9226208329200745
60.16476000000147 0.14191806316375732 0.984626293182373 0.11829151958227158 0.9226183891296387 0.9226208329200745
60.328600000002936 0.14191806316375732 0.984626293182373 0.09524457156658173 0.9226183891296387 0.9226208329200745
60.504381250002936 0.14191806316375732 0.984626293182373 0.07158441841602325 0.9226183891296387 0.9226208329200745
60.680162500002936 0.14191806316375732 0.984626293182373 0.04983876645565033 0.9226183891296387 0.9226208329200745
60.855943750002936 0.14191806316375732 0.984626293182373 0.030886536464095116 0.9226183891296387 0.9226208329200745
61.031725000002936 0.14191806316375732 0.984626293182373 0.015310341492295265 0.9226183891296387 0.9226208329200745
61.207506250002936 0.14191806316375732 0.984626293182373 0.0030656293965876102 0.9226183891296387 0.9226208329200745
61.26899610628492 0.14191806316375732 0.984626293182373 0.00020628962374757975 0.9226183891296387 0.9226208329200745
61.28180651502174 0.14191806316375732 0.984626293182373 -3.3388289466529386e-08 0.9226183891296387 0.9226208329200745
89.99999999999999 0.14191806316375732 0.984626293182373 -3.336932863362563e-08 0.9226183891296387 0.9226208329200745
90.0001 0.14191806316375732 0.984626293182373 -3.3368394269928103e-08 0.9226183891296387 0.9226208329200745
90.0003 0.14191806316375732 0.984626293182373 -3.3351028605466126e-08 0.9226183891296387 0.9226208329200745
90.00047080515739 0.14191806316375732 0.984626293182373 -1.3983304292253251e-08 0.9226186871528625 0.9226208329200745
90.0008124154722 0.14191806316375732 0.984626293182373 8.279515384401748e-08 0.9226202964782715 0.9226208329200745
90.001 0.14191806316375732 0.984626293182373 1.465618169049776e-07 0.9226213693618774 0.9226208329200745
119.99999999999999 0.14191806316375732 0.984626293182373 1.465618169049776e-07 0.9226213693618774 0.9226208329200745
120.0001 0.14191806316375732 0.984626293182373 1.465618169049776e-07 0.9226213693618774 0.9226208329200745
120.0003 0.14191806316375732 0.984626293182373 1.465618169049776e-07 0.9226213693618774 0.9226208329200745
120.0007 0.14191320538520813 0.984626293182373 1.465618169049776e-07 0.9226213693618774 0.9226208329200745
120.001 0.14190106093883514 0.984626293182373 1.465618169049776e-07 0.9226213693618774 0.9226208329200745
120.29032562180625 0.10056646168231964 0.984626293182373 0.0006604272057302296 0.9226213693618774 0.9226208329200745
120.57965124361247 0.06194522976875305 0.984626293182373 0.0013197524240240455 0.9226213693618774 0.9226208329200745
120.75543249361247 0.04130756855010986 0.984626293182373 0.001720078056678176 0.9226213693618774 0.9226208329200745
120.93121374361247 0.023768987506628036 0.984626293182373 0.0021202503703534603 0.9226213693618774 0.9226208329200745
121.10699499361247 0.009501892141997814 0.984626293182373 0.002520296024158597 0.9226213693618774 0.9226208329200745
121.24025903938626 0.0011207686038687825 0.984626293182373 0.002823546063154936 0.9226213693618774 0.9226208329200745
121.27251958097264 0.00012815599620807916 0.984626293182373 0.0028969801496714354 0.9226213693618774 0.9226208329200745
121.3043350997921 -3.3388268150247313e-08 0.984626293182373 0.002969431923702359 0.9226213693618774 0.9226208329200745
127.74965256568025 -3.3388268150247313e-08 0.984626293182373 0.01752666011452675 0.9226213693618774 0.9226208329200745
127.92543381568026 -3.3388268150247313e-08 0.984626293182373 0.01792076788842678 0.9226213693618774 0.9226208329200745
128.1012150656803 -3.3388268150247313e-08 0.984626293182373 0.018314721062779427 0.9226213693618774 0.9226208329200745
128.2769963156803 -3.3388268150247313e-08 0.984626293182373 0.018708519637584686 0.9226213693618774 0.9226208329200745
136.80238694068095 -3.3388268150247313e-08 0.984626293182373 0.03762267157435417 0.9226213693618774 0.9226208329200745
145.32777756568157 -3.3388268150247313e-08 0.984626293182373 0.05617247894406319 0.9226213693618774 0.9226208329200745
145.5035588156816 -3.3388268150247313e-08 0.984626293182373 0.05655109882354736 0.9226213693618774 0.9226208329200745
145.6793400656816 -3.3388268150247313e-08 0.984626293182373 0.0569295659661293 0.9226213693618774 0.9226208329200745
145.8551213156816 -3.3388268150247313e-08 0.984626293182373 0.05730787292122841 0.9226213693618774 0.9226208329200745
150.0 -3.336449694302246e-08 0.984626293182373 0.06618321686983109 0.9226213693618774 0.9226208329200745
150.0001 -3.3358233508806734e-08 0.984626293182373 0.06618473678827286 0.9226213693618774 0.9226208329200745
150.0003 -3.333776987801684e-08 0.984626293182373 0.06618794798851013 0.9226213693618774 0.9226208925247192
150.0007 -3.329909503690942e-08 0.984626293182373 0.06619054079055786 0.9226208329200745 0.922620952129364
150.00082296361362 -2.426613043837733e-08 0.984626293182373 0.06619199365377426 0.922619640827179 0.9226205945014954
150.00089395662005 7.95215484572509e-08 0.984626293182373 0.06619440019130707 0.9226180911064148 0.9226198792457581
150.00092974487515 2.447699785079749e-07 0.984626293182373 0.06619597971439362 0.9226170778274536 0.9226192831993103
150.0009510206317 4.0647162791174196e-07 0.984626293182373 0.06619683653116226 0.9226164817810059 0.9226188063621521
150.00096393223475 6.629868494201219e-07 0.984626293182373 0.06619732081890106 0.9226160645484924 0.9226185083389282
150.00097319469742 1.1366198577889008e-06 0.984626293182373 0.06619765609502792 0.9226157665252686 0.9226182699203491
150.0009848760842 2.18180866795592e-06 0.984626293182373 0.06619806587696075 0.9226153492927551 0.9226179122924805
150.001 3.93705568058067e-06 0.984626293182373 0.06619858741760254 0.9226148724555969 0.9226174354553223
150.0063816148893 0.0008266600198112428 0.984626293182373 0.06637709587812424 0.9224273562431335 0.9224299192428589
150.0117632297786 0.001649137819185853 0.984626293182373 0.06655551493167877 0.9222391247749329 0.9222416877746582
150.0488446239713 0.007306735496968031 0.984626293182373 0.06778144091367722 0.9209371209144592 0.9209396839141846
150.08592601816395 0.012946967035531998 0.984626293182373 0.06900110840797424 0.9196208715438843 0.9196234345436096
150.1624811545617 0.024540627375245094 0.984626293182373 0.07150091230869293 0.9167914390563965 0.9167940020561218
150.31559142735728 0.047628987580537796 0.984626293182373 0.07646495848894119 0.9109034538269043 0.9109060168266296
150.38150939610728 0.05749353766441345 0.984626293182373 0.0785750150680542 0.9081935882568359 0.9081961512565613
150.64518127110728 0.09648589789867401 0.984626293182373 0.08684922754764557 0.8963834047317505 0.896385908126831
150.8209625211073 0.12217351794242859 0.984626293182373 0.09225636720657349 0.8877410292625427 0.8877435922622681
150.9967437711073 0.14761041104793549 0.984626293182373 0.09757496416568756 0.8784003853797913 0.8784029483795166
151.17252502110733 0.17278465628623962 0.984626293182373 0.10280131548643112 0.8683971166610718 0.8683996796607971
151.34830627110733 0.1976485550403595 0.984626293182373 0.10791924595832825 0.8577324151992798 0.8577349781990051
151.52408752110736 0.22218260169029236 0.984626293182373 0.1129225417971611 0.8463884592056274 0.8463910222053528
151.69986877110736 0.2463953197002411 0.984626293182373 0.11781483888626099 0.834358811378479 0.8343613743782043
151.8756500211074 0.2702751159667969 0.984626293182373 0.12259292602539062 0.8216615319252014 0.8216640949249268
152.0514312711074 0.2938006520271301 0.984626293182373 0.1272502839565277 0.8083183765411377 0.808320939540863
152.22721252110742 0.3169698417186737 0.984626293182373 0.13178704679012299 0.794342577457428 0.7943451404571533
152.40299377110742 0.3397798538208008 0.984626293182373 0.13620316982269287 0.7797685861587524 0.7797711491584778
152.57877502110745 0.3622174859046936 0.984626293182373 0.14049522578716278 0.7646428346633911 0.7646453380584717
152.75455627110745 0.3842589259147644 0.984626293182373 0.14465641975402832 0.748971164226532 0.7489737272262573
152.93033752110745 0.40588024258613586 0.984626293182373 0.14868003129959106 0.7327474355697632 0.7327499985694885
153.10611877110748 0.42707762122154236 0.984626293182373 0.15256616473197937 0.7160043716430664 0.7160069346427917
153.28190002110748 0.44784659147262573 0.984626293182373 0.15631482005119324 0.6987845301628113 0.6987870931625366
153.4576812711075 0.4681720733642578 0.984626293182373 0.15992268919944763 0.6811373233795166 0.6811398863792419
153.6334625211075 0.4880388677120209 0.984626293182373 0.16338659822940826 0.6631109714508057 0.663113534450531
153.98502502110753 0.5263769626617432 0.984626293182373 0.169883593916893 0.6258788704872131 0.6258814334869385
154.33658752110756 0.5627457499504089 0.984626293182373 0.1757865995168686 0.5871212482452393 0.5871238708496094
154.5123687711076 0.5801606774330139 0.984626293182373 0.17851173877716064 0.5672290921211243 0.5672316551208496
154.86393127110762 0.6133573651313782 0.984626293182373 0.18349546194076538 0.526590883731842 0.5265934467315674
155.03971252110762 0.629135251045227 0.984626293182373 0.18575873970985413 0.5058662295341492 0.5058687925338745
155.39127502110765 0.6590428352355957 0.984626293182373 0.1898423582315445 0.4637145698070526 0.46371713280677795
155.56705627110765 0.6731518507003784 0.984626293182373 0.19166412949562073 0.442288875579834 0.44229140877723694
155.74283752110767 0.6866870522499084 0.984626293182373 0.19334153831005096 0.420624703168869 0.420627236366272
155.91861877110767 0.6996430158615112 0.984626293182373 0.19487732648849487 0.39874809980392456 0.3987506330013275
156.0944000211077 0.7120167016983032 0.984626293182373 0.19627517461776733 0.3766966760158539 0.3766992390155792
156.2701812711077 0.7238078713417053 0.984626293182373 0.1975395232439041 0.35448136925697327 0.3544839322566986
156.44596252110773 0.7350187301635742 0.984626293182373 0.1986757069826126 0.33208680152893066 0.332089364528656
156.62174377110773 0.7456543445587158 0.984626293182373 0.19968977570533752 0.3095104694366455 0.30951303243637085
156.79752502110776 0.7557226419448853 0.984626293182373 0.20058846473693848 0.2867625653743744 0.28676512837409973
156.97330627110776 0.76524418592453 0.984626293182373 0.20138078927993774 0.26385366916656494 0.2638562321662903
157.1490875211078 0.7742503881454468 0.984626293182373 0.20207761228084564 0.2407955378293991 0.24079808592796326
157.3248687711078 0.7827534675598145 0.984626293182373 0.2026861011981964 0.21760320663452148 0.21760576963424683
157.5006500211078 0.7907494306564331 0.984626293182373 0.20321038365364075 0.19430391490459442 0.19430646300315857
157.67643127110782 0.7982487678527832 0.984626293182373 0.20365703105926514 0.1709447205066681 0.17094725370407104
157.85221252110782 0.8052736520767212 0.984626293182373 0.20403431355953217 0.14759209752082825 0.14759461581707
158.02799377110784 0.8118469715118408 0.984626293182373 0.20435018837451935 0.12436019629240036 0.12436268478631973
158.20377502110784 0.8180005550384521 0.984626293182373 0.2046131193637848 0.1014726459980011 0.1014750748872757
158.37955627110787 0.8237736821174622 0.984626293182373 0.20483173429965973 0.079321950674057 0.07932426035404205
158.55533752110787 0.8291866779327393 0.984626293182373 0.2050120234489441 0.058498792350292206 0.05850091576576233
158.7311187711079 0.8342447876930237 0.984626293182373 0.20515784621238708 0.03972344473004341 0.039725299924612045
158.9069000211079 0.8389641642570496 0.984626293182373 0.2052738517522812 0.023629460483789444 0.023631006479263306
159.08268127110793 0.8433687686920166 0.984626293182373 0.20536506175994873 0.01060392428189516 0.010604919865727425
159.25846252110793 0.8475343585014343 0.984626293182373 0.205439031124115 0.0007953954627737403 0.000795494532212615
159.29260787682557 0.8483096361160278 0.984626293182373 0.20545117557048798 -3.338420029308509e-08 -3.338420029308509e-08
159.3369274747276 0.8492797613143921 0.984626293182373 0.205464705824852 -3.338420029308509e-08 -3.338420029308509e-08
159.46858742888003 0.8520442247390747 0.984626293182373 0.20549863576889038 -3.338420029308509e-08 -3.338420029308509e-08
159.64413403441657 0.8555249571800232 0.984626293182373 0.20553380250930786 -3.338420029308509e-08 -3.338420029308509e-08
159.81991528441657 0.8588045239448547 0.984626293182373 0.2055603712797165 -3.3384203845798766e-08 -3.338420029308509e-08
159.9956965344166 0.8618611097335815 0.984626293182373 0.2055787444114685 -3.3384203845798766e-08 -3.338420029308509e-08
160.34725903441662 0.8674003481864929 0.984626293182373 0.20559921860694885 -3.3384203845798766e-08 -3.338420029308509e-08
160.52304028441662 0.8699091076850891 0.984626293182373 0.20560438930988312 -3.3384203845798766e-08 -3.338420029308509e-08
160.69882153441665 0.872261643409729 0.984626293182373 0.20560751855373383 -3.3384203845798766e-08 -3.338420029308509e-08
160.87460278441665 0.8744738101959229 0.984626293182373 0.2056092917919159 -3.3384203845798766e-08 -3.338420029308509e-08
161.22616528441668 0.8784958124160767 0.984626293182373 0.2056105136871338 -3.3384203845798766e-08 -3.338420029308509e-08
161.5777277844167 0.8820427060127258 0.984626293182373 0.20561064779758453 -3.3384203845798766e-08 -3.338420029308509e-08
161.7535090344167 0.8836619853973389 0.984626293182373 0.20561064779758453 -3.3384203845798766e-08 -3.338420029308509e-08
161.92929028441674 0.8851895928382874 0.984626293182373 0.20561064779758453 -3.3384203845798766e-08 -3.338420029308509e-08
162.10507153441674 0.8866327404975891 0.984626293182373 0.20561064779758453 -3.3384203845798766e-08 -3.338420029308509e-08
162.45663403441677 0.889291524887085 0.984626293182373 0.20561064779758453 -3.3384203845798766e-08 -3.338420029308509e-08
162.98397778441682 0.8927797079086304 0.984626293182373 0.20561064779758453 -3.3384203845798766e-08 -3.338420029308509e-08
163.33554028441682 0.8948203325271606 0.984626293182373 0.20561064779758453 -3.3384203845798766e-08 -3.338420029308509e-08
163.51132153441685 0.895772397518158 0.984626293182373 0.20561064779758453 -3.3384203845798766e-08 -3.338420029308509e-08
163.68710278441685 0.8966797590255737 0.984626293182373 0.20561064779758453 -3.3384203845798766e-08 -3.338420029308509e-08
163.86288403441688 0.8975396752357483 0.984626293182373 0.20561064779758453 -3.3384203845798766e-08 -3.338420029308509e-08
164.03866528441688 0.8983560800552368 0.984626293182373 0.20561064779758453 -3.3384203845798766e-08 -3.338420029308509e-08
164.2144465344169 0.8991381525993347 0.984626293182373 0.20561064779758453 -3.3384203845798766e-08 -3.3384203845798766e-08
164.3902277844169 0.8998876810073853 0.984626293182373 0.20561064779758453 -3.3384203845798766e-08 -3.3384203845798766e-08
164.56600903441694 0.9006038308143616 0.984626293182373 0.20561064779758453 -3.3384203845798766e-08 -3.3384203845798766e-08
164.74179028441694 0.9012924432754517 0.984626293182373 0.20561064779758453 -3.3384203845798766e-08 -3.3384203845798766e-08
164.91757153441696 0.90195631980896 0.984626293182373 0.20561064779758453 -3.3384203845798766e-08 -3.3384203845798766e-08
165.09335278441696 0.9025915265083313 0.984626293182373 0.20561064779758453 -3.3384203845798766e-08 -3.3384203845798766e-08
165.269134034417 0.9031985402107239 0.984626293182373 0.20561064779758453 -3.3384203845798766e-08 -3.3384203845798766e-08
165.444915284417 0.9037832617759705 0.984626293182373 0.20561064779758453 -3.3384203845798766e-08 -3.3384203845798766e-08
165.620696534417 0.9043476581573486 0.984626293182373 0.20561064779758453 -3.3384203845798766e-08 -3.3384203845798766e-08
165.79647778441702 0.904888927936554 0.984626293182373 0.20561064779758453 -3.3384203845798766e-08 -3.3384203845798766e-08
166.14804028441705 0.9059025049209595 0.984626293182373 0.20561064779758453 -3.3384203845798766e-08 -3.3384203845798766e-08
166.32382153441705 0.9063831567764282 0.984626293182373 0.20561064779758453 -3.3384203845798766e-08 -3.3384203845798766e-08
166.49960278441708 0.9068493843078613 0.984626293182373 0.20561064779758453 -3.3384203845798766e-08 -3.3384203845798766e-08
166.67538403441708 0.90729820728302 0.984626293182373 0.20561064779758453 -3.3384203845798766e-08 -3.3384203845798766e-08
166.8511652844171 0.9077286720275879 0.984626293182373 0.20561064779758453 -3.3384203845798766e-08 -3.3384203845798766e-08
167.37850903441714 0.9089397192001343 0.984626293182373 0.20561064779758453 -3.3384203845798766e-08 -3.3384203845798766e-08
167.55429028441716 0.909319281578064 0.984626293182373 0.20561064779758453 -3.3384203845798766e-08 -3.3384203845798766e-08
167.73007153441716 0.909684419631958 0.984626293182373 0.20561064779758453 -3.3384203845798766e-08 -3.3384203845798766e-08
167.9058527844172 0.9100357890129089 0.984626293182373 0.20561064779758453 -3.3384203845798766e-08 -3.3384203845798766e-08
168.34530590941722 0.9108718633651733 0.984626293182373 0.20561064779758453 -3.3384203845798766e-08 -3.3384203845798766e-08
168.78475903441725 0.9116525053977966 0.984626293182373 0.20561064779758453 -3.3384203845798766e-08 -3.3384203845798766e-08
169.13632153441728 0.9122312664985657 0.984626293182373 0.20561064779758453 -3.3384203845798766e-08 -3.3384203845798766e-08
170.19100903441736 0.913804292678833 0.984626293182373 0.20561064779758453 -3.3384203845798766e-08 -3.3384203845798766e-08
170.7183527844174 0.9144941568374634 0.984626293182373 0.20561064779758453 -3.3384203845798766e-08 -3.3384203845798766e-08
171.24569653441742 0.9151455760002136 0.984626293182373 0.20561064779758453 -3.3384203845798766e-08 -3.3384203845798766e-08
171.42147778441745 0.9153505563735962 0.984626293182373 0.20561064779758453 -3.3384203845798766e-08 -3.3384203845798766e-08
171.59725903441745 0.9155497550964355 0.984626293182373 0.20561064779758453 -3.3384203845798766e-08 -3.3384203845798766e-08
171.77304028441748 0.9157432317733765 0.984626293182373 0.20561064779758453 -3.3384203845798766e-08 -3.3384203845798766e-08
172.1246027844175 0.9161145091056824 0.984626293182373 0.20561064779758453 -3.3384203845798766e-08 -3.3384203845798766e-08
172.65194653441753 0.9166476130485535 0.984626293182373 0.20561064779758453 -3.3384203845798766e-08 -3.3384203845798766e-08
174.40975903441768 0.9181947112083435 0.984626293182373 0.20561064779758453 -3.3384203845798766e-08 -3.3384203845798766e-08
174.9371027844177 0.9186092615127563 0.984626293182373 0.20561064779758453 -3.3384203845798766e-08 -3.3384203845798766e-08
177.5738215344179 0.9203490018844604 0.984626293182373 0.20561064779758453 -3.3384203845798766e-08 -3.3384203845798766e-08
178.10116528441793 0.9206472635269165 0.984626293182373 0.20561064779758453 -3.3384203845798766e-08 -3.3384203845798766e-08
179.85897778441807 0.9215338230133057 0.984626293182373 0.20561064779758453 -3.3384203845798766e-08 -3.3384203845798766e-08
179.99999999999997 0.9216010570526123 0.984626293182373 0.20561064779758453 -3.3384203845798766e-08 -3.3384203845798766e-08
