time a b c w1
0.0 0.0 0.0 0.0 0.0
2.34374997708231e-06 2.34398437508335e-23 1.0801570415496826 2.34398437508335e-23 2.34398437508335e-23
2.3531289769906394e-06 2.35336424679079e-23 1.0037916898727417 2.35336424679079e-23 2.35336424679079e-23
2.3718869768072985e-06 2.372124147977851e-23 0.9922298789024353 2.372124147977851e-23 2.372124147977851e-23
2.449126245505041e-06 2.449371143311084e-23 0.9876051545143127 2.449371143311084e-23 2.449371143311084e-23
0.00019360463173130613 1.9362399824984054e-21 0.9876051545143127 1.9362399824984054e-21 1.9362399824984054e-21
0.00038480681743822704 3.8484529531415596e-21 0.9876051545143127 3.8484529531415596e-21 -5.559464444360174e-09
0.0007672111888520689 7.672878894427868e-21 0.9876051545143127 7.672878894427868e-21 -2.705487389675909e-08
0.001 1.0000999731091105e-20 0.9876051545143127 1.0000999731091105e-20 -3.338633192129237e-08
29.999999999999996 3.000300019364487e-16 0.9876051545143127 3.000300019364487e-16 -3.3386157838322106e-08
30.000099999999996 3.0003100778807355e-16 0.9876051545143127 3.0003100778807355e-16 -3.3364894846954485e-08
30.0003 3.0003299302154367e-16 0.9876051545143127 3.0003299302154367e-16 -3.3343891203685416e-08
30.0007 3.0003698995826353e-16 0.9876051545143127 3.0003698995826353e-16 -3.333277120987077e-08
30.000822963436818 1.035799890303224e-08 0.9876051545143127 3.000382340379048e-16 -3.068175047360455e-08
30.00089395651092 5.599173746873021e-08 0.9876051545143127 3.0003894872195405e-16 2.7036357153065183e-08
30.000929691631658 1.2442259844647197e-07 0.9876051545143127 3.000392928290889e-16 5.754108656219614e-08
30.00095177264962 2.0111434650971205e-07 0.9876051545143127 3.000395310571053e-16 3.765517320175604e-08
30.00096484941826 2.8296443588260445e-07 0.9876051545143127 3.000396369362237e-16 1.8382424116225593e-07
30.000975194585624 3.9251074213098036e-07 0.9876051545143127 3.000397428153421e-16 6.117741691014089e-07
30.000986697638687 5.620923957394552e-07 0.9876051545143127 3.000398751642401e-16 1.43125919294107e-06
30.00099995486296 7.944229878376063e-07 0.9876051545143127 3.000400075131381e-16 2.6319048629375175e-06
30.001 7.953127578730346e-07 0.9876051545143127 3.000400075131381e-16 2.6367065402155276e-06
30.095659197085364 0.001992011908441782 0.9876051545143127 3.009866991805928e-16 0.011101620271801949
30.190318394170728 0.0039574624970555305 0.9876051545143127 3.019333643782679e-16 0.022119486704468727
30.37963687861554 0.007826372981071472 0.9876051545143127 3.038267477131773e-16 0.04395917057991028
30.61401187861554 0.012512954883277416 0.9876051545143127 3.0617072610624634e-16 0.07066875696182251
30.848386878615536 0.01707574911415577 0.9876051545143127 3.085147044993154e-16 0.09698199480772018
31.082761878615532 0.021506765857338905 0.9876051545143127 3.1085870936216407e-16 0.12286972999572754
31.31713687861553 0.025804392993450165 0.9876051545143127 3.1320268775523314e-16 0.14832285046577454
31.785886878615525 0.03399370610713959 0.9876051545143127 3.1789064454137126e-16 0.19788965582847595
32.02026187861552 0.0378827303647995 0.9876051545143127 3.2023464940421993e-16 0.22198544442653656
32.489011878615514 0.04524372145533562 0.9876051545143127 3.2492260619035806e-16 0.2687571048736572
32.723386878615514 0.048713795840740204 0.9876051545143127 3.272665845834271e-16 0.29141533374786377
33.19213687861551 0.05522966757416725 0.9876051545143127 3.3195456783934485e-16 0.33523356914520264
33.42651187861551 0.05827471613883972 0.9876051545143127 3.342985462324139e-16 0.35637712478637695
33.8952618786155 0.06393894553184509 0.9876051545143127 3.3898650301855205e-16 0.39709460735321045
34.59838687861549 0.07137889415025711 0.9876051545143127 3.4601846466753884e-16 0.4541458785533905
35.301511878615486 0.07758212089538574 0.9876051545143127 3.5305042631652564e-16 0.5062427520751953
36.00463687861547 0.08261056989431381 0.9876051545143127 3.6008236149573283e-16 0.553311288356781
36.707761878615464 0.08655691146850586 0.9876051545143127 3.671143231447196e-16 0.5953673124313354
36.942136878615464 0.08765208721160889 0.9876051545143127 3.694583015377887e-16 0.6082895994186401
37.17651187861546 0.08864536136388779 0.9876051545143127 3.7180230640063735e-16 0.620674192905426
37.41088687861546 0.08954204618930817 0.9876051545143127 3.741462847937064e-16 0.6325294971466064
37.87963687861545 0.09106776863336563 0.9876051545143127 3.7883424157984455e-16 0.654691755771637
38.34838687861545 0.0922744870185852 0.9876051545143127 3.835222248357623e-16 0.6748666167259216
38.58276187861544 0.09277254343032837 0.9876051545143127 3.8586620322883134e-16 0.6842416524887085
38.81713687861544 0.0932079404592514 0.9876051545143127 3.882101816219004e-16 0.6931608319282532
39.051511878615436 0.09358622133731842 0.9876051545143127 3.9055416001496947e-16 0.7016395330429077
39.285886878615436 0.09391273558139801 0.9876051545143127 3.9289816487781814e-16 0.7096935510635376
39.520261878615436 0.09419263899326324 0.9876051545143127 3.952421432708872e-16 0.7173390984535217
39.75463687861543 0.0944308489561081 0.9876051545143127 3.9758612166395626e-16 0.7245926856994629
40.22338687861542 0.094801165163517 0.9876051545143127 4.02274104919874e-16 0.7379902601242065
41.62963687861541 0.09533443301916122 0.9876051545143127 4.16338001748068e-16 0.7704947590827942
43.03588687861539 0.09544737637042999 0.9876051545143127 4.3040189857626197e-16 0.7939769625663757
43.270261878615386 0.09545175731182098 0.9876051545143127 4.3274587696933103e-16 0.7972135543823242
43.504636878615386 0.0954543873667717 0.9876051545143127 4.350898818321797e-16 0.800286054611206
43.739011878615386 0.0954558327794075 0.9876051545143127 4.3743386022524876e-16 0.8032039999961853
43.97338687861538 0.09545651823282242 0.9876051545143127 4.3977783861831783e-16 0.8059767484664917
44.44213687861537 0.09545682370662689 0.9876051545143127 4.444658218742356e-16 0.8111204504966736
45.145261878615365 0.09545677155256271 0.9876051545143127 4.514977835232224e-16 0.8179462552070618
45.61401187861536 0.09545677155256271 0.9876051545143127 4.561857403093605e-16 0.8219822645187378
45.84838687861536 0.09545677155256271 0.9876051545143127 4.585296922326499e-16 0.8238635659217834
46.31713687861535 0.09545677155256271 0.9876051545143127 4.632177019583473e-16 0.8273787498474121
46.55151187861535 0.09545677155256271 0.9876051545143127 4.655616538816367e-16 0.8290219902992249
46.785886878615344 0.09545677155256271 0.9876051545143127 4.679056587444854e-16 0.8305947184562683
47.020261878615344 0.09545677155256271 0.9876051545143127 4.702496636073341e-16 0.8321009278297424
47.254636878615344 0.09545677155256271 0.9876051545143127 4.725936155306235e-16 0.8335443139076233
47.48901187861534 0.09545677155256271 0.9876051545143127 4.749376203934722e-16 0.8349283337593079
47.95776187861534 0.09545677155256271 0.9876051545143127 4.796255771796103e-16 0.8375310897827148
48.19213687861533 0.09545677155256271 0.9876051545143127 4.81969582042459e-16 0.8387556672096252
48.42651187861533 0.09545677155256271 0.9876051545143127 4.843135339657485e-16 0.8399327397346497
48.89526187861532 0.09545677155256271 0.9876051545143127 4.890014907518866e-16 0.8421540856361389
49.12963687861532 0.09545677155256271 0.9876051545143127 4.913454956147353e-16 0.8432028889656067
49.364011878615315 0.09545677155256271 0.9876051545143127 4.936895004775839e-16 0.8442132472991943
49.598386878615315 0.09545677155256271 0.9876051545143127 4.960334524008734e-16 0.8451871275901794
49.83276187861531 0.09545677155256271 0.9876051545143127 4.98377457263722e-16 0.8461263179779053
50.06713687861531 0.09545677155256271 0.9876051545143127 5.007214621265707e-16 0.8470325469970703
50.30151187861531 0.09545677155256271 0.9876051545143127 5.030654140498602e-16 0.8479073643684387
50.5358868786153 0.09545677155256271 0.9876051545143127 5.054094189127088e-16 0.8487523794174194
51.239011878615294 0.09545677155256271 0.9876051545143127 5.124413805616956e-16 0.8511221408843994
51.473386878615294 0.09545677155256271 0.9876051545143127 5.147853324849851e-16 0.8518611192703247
51.70776187861529 0.09545677155256271 0.9876051545143127 5.171293373478338e-16 0.8525766730308533
51.94213687861529 0.09545677155256271 0.9876051545143127 5.194732892711232e-16 0.8532697558403015
52.64526187861528 0.09545677155256271 0.9876051545143127 5.2650525092011e-16 0.8552240133285522
52.87963687861527 0.09545677155256271 0.9876051545143127 5.288492557829587e-16 0.8558367490768433
53.11401187861527 0.09545677155256271 0.9876051545143127 5.311932077062482e-16 0.8564314842224121
53.34838687861527 0.09545677155256271 0.9876051545143127 5.335372125690968e-16 0.8570090532302856
54.52026187861526 0.09545677155256271 0.9876051545143127 5.452571310042217e-16 0.8596625328063965
54.75463687861525 0.09545677155256271 0.9876051545143127 5.476011358670704e-16 0.8601505756378174
54.98901187861525 0.09545677155256271 0.9876051545143127 5.499450877903599e-16 0.8606258034706116
55.223386878615244 0.09545677155256271 0.9876051545143127 5.522890926532085e-16 0.8610885739326477
56.39526187861523 0.09545677155256271 0.9876051545143127 5.640090110883335e-16 0.8632321357727051
56.62963687861523 0.09545677155256271 0.9876051545143127 5.663530159511821e-16 0.8636296391487122
57.09838687861522 0.09545677155256271 0.9876051545143127 5.710409727373203e-16 0.8643963932991028
58.035886878615216 0.09545677155256271 0.9876051545143127 5.804168863095965e-16 0.8658256530761719
58.27026187861521 0.09545677155256271 0.9876051545143127 5.827608911724452e-16 0.8661629557609558
58.50463687861521 0.09545677155256271 0.9876051545143127 5.851048960352938e-16 0.8664928078651428
58.73901187861521 0.09545677155256271 0.9876051545143127 5.874488479585833e-16 0.866815447807312
59.2077618786152 0.09545677155256271 0.9876051545143127 5.921368047447214e-16 0.8674399852752686
59.676511878615194 0.09545677155256271 0.9876051545143127 5.968248144704188e-16 0.8680382370948792
59.99999999999999 0.09545677155256271 0.9876051545143127 6.000600038728974e-16 0.868438184261322
60.000099999999996 0.09545677155256271 0.9876051545143127 6.000610097245222e-16 0.8684378862380981
60.000299999999996 0.09545646607875824 0.9876051545143127 6.00063021427772e-16 0.8684375286102295
60.000699999999995 0.09545276314020157 0.9876051545143127 6.000669918947122e-16 0.8684374094009399
60.001000000000005 0.095445916056633 0.9876051545143127 6.000700094495868e-16 0.8684374094009399
60.02144000000019 0.09274785965681076 0.9876051545143127 6.002744090876711e-16 0.8684374094009399
60.04188000000037 0.09006749838590622 0.9876051545143127 6.004788616653146e-16 0.8684374094009399
60.082840000000736 0.08475621789693832 0.9876051545143127 6.008885079744305e-16 0.8684374094009399
60.16476000000147 0.07445144653320312 0.9876051545143127 6.01707747653103e-16 0.8684374094009399
60.328600000002936 0.05530831217765808 0.9876051545143127 6.033463328895664e-16 0.8684374094009399
60.562975000002936 0.031486742198467255 0.9876051545143127 6.056903377524151e-16 0.8684374094009399
60.79735000000293 0.012062427587807178 0.9876051545143127 6.080342896757046e-16 0.8684374094009399
60.957872098695226 0.0018544280901551247 0.9876051545143127 6.096396818085475e-16 0.8684374094009399
61.00394724448524 4.22989105572924e-05 0.9876051545143127 6.101004677318538e-16 0.8684374094009399
61.007373406477555 -3.3386157838322106e-08 0.9876051545143127 6.101347196266584e-16 0.8684374094009399
89.99999999999999 -3.338768905791767e-08 0.9876051545143127 9.000900322791256e-16 0.8684374094009399
90.0001 -3.336540643772423e-08 0.9876051545143127 9.000909851911913e-16 0.8684374094009399
90.0003 -3.3343891203685416e-08 0.9876051545143127 9.00092996894441e-16 0.8684374094009399
90.0007 -3.3331659210489306e-08 0.9876051545143127 9.000970203009405e-16 0.8684374094009399
90.001 -3.332505116304674e-08 0.9876051545143127 9.000999849162559e-16 0.8684374094009399
119.99999999999999 -3.332505116304674e-08 0.9876051545143127 1.2001200077457947e-15 0.8684374094009399
120.0001 -3.332505116304674e-08 0.9876051545143127 1.2001209606578604e-15 0.8684374094009399
120.0003 -3.332505116304674e-08 0.9876051545143127 1.2001229723611101e-15 0.8684374094009399
120.0007 -3.332505116304674e-08 0.9876051545143127 1.2001269957676096e-15 0.8684374094009399
120.001 -3.332505116304674e-08 0.9876051545143127 1.200129960382925e-15 0.8684374094009399
120.49851880423489 -3.332505116304674e-08 0.9876051545143127 0.0017668083310127258 0.8684374094009399
120.99603760846979 -3.332505116304674e-08 0.9876051545143127 0.0035307176876813173 0.8684374094009399
121.2304126084698 -3.332505116304674e-08 0.9876051545143127 0.004360637627542019 0.8684374094009399
131.5429126084694 -3.332505116304674e-08 0.9876051545143127 0.04021056741476059 0.8684374094009399
141.855412608469 -3.332505116304674e-08 0.9876051545143127 0.0747489184141159 0.8684374094009399
142.089787608469 -3.332505116304674e-08 0.9876051545143127 0.07551855593919754 0.8684374094009399
142.32416260846898 -3.332505116304674e-08 0.9876051545143127 0.07628751546144485 0.8684374094009399
142.55853760846898 -3.332505116304674e-08 0.9876051545143127 0.07705578207969666 0.8684374094009399
150.0 -3.332505116304674e-08 0.9876051545143127 0.10109348595142365 0.8684374094009399
150.0001 -3.332505116304674e-08 0.9876051545143127 0.10109400749206543 0.8684374094009399
150.0003 -3.332505116304674e-08 0.9876051545143127 0.10109648108482361 0.8684374094009399
150.0007 4.637113359962086e-09 0.9876051545143127 0.10110581666231155 0.8684374094009399
150.0008229635914 2.7459850571176503e-07 0.9876051545143127 0.10110963881015778 0.8684374094009399
150.00089425071823 9.313228588325728e-07 0.9876051545143127 0.10111187398433685 0.8684374094009399
150.00093030638033 1.7410035297871218e-06 0.9876051545143127 0.10111282020807266 0.8684374094009399
150.0009582942979 2.9695647754124366e-06 0.9876051545143127 0.10111347585916519 0.8684374094009399
150.00098471200508 4.832589638681384e-06 0.9876051545143127 0.10111404210329056 0.8684374094009399
150.001 6.248985755519243e-06 0.9876051545143127 0.10111435502767563 0.8684374094009399
150.16590410501803 0.018443290144205093 0.9876051545143127 0.10430097579956055 0.8684374094009399
150.33080821003603 0.03666955605149269 0.9876051545143127 0.10742232948541641 0.8684374094009399
150.565183210036 0.062285009771585464 0.9876051545143127 0.11176972836256027 0.8684374094009399
150.799558210036 0.08754029124975204 0.9876051545143127 0.11600710451602936 0.8684374094009399
151.033933210036 0.11239925026893616 0.9876051545143127 0.12012439221143723 0.8684374094009399
151.26830821003597 0.13685443997383118 0.9876051545143127 0.12412044405937195 0.8684374094009399
151.50268321003597 0.16089875996112823 0.9876051545143127 0.12799425423145294 0.8684374094009399
151.73705821003594 0.18452507257461548 0.9876051545143127 0.1317448914051056 0.8684374094009399
151.97143321003594 0.20772619545459747 0.9876051545143127 0.13537149131298065 0.8684374094009399
152.20580821003594 0.23049500584602356 0.9876051545143127 0.13887330889701843 0.8684374094009399
152.4401832100359 0.2528243958950043 0.9876051545143127 0.1422496885061264 0.8684374094009399
152.6745582100359 0.2747073769569397 0.9876051545143127 0.1455000936985016 0.8684374094009399
152.9089332100359 0.2961370348930359 0.9876051545143127 0.14862412214279175 0.8684374094009399
153.37768321003588 0.3376097083091736 0.9876051545143127 0.15449225902557373 0.8684374094009399
153.61205821003588 0.35763993859291077 0.9876051545143127 0.15723639726638794 0.8684374094009399
154.08080821003585 0.3962586224079132 0.9876051545143127 0.16234630346298218 0.8684374094009399
154.66674571003585 0.44177520275115967 0.9876051545143127 0.1680317372083664 0.8684374094009399
155.2526832100358 0.4841694235801697 0.9876051545143127 0.17295539379119873 0.8684374094009399
155.7214332100358 0.5158090591430664 0.9876051545143127 0.17636513710021973 0.8684374094009399
156.65893321003574 0.573008120059967 0.9876051545143127 0.18186375498771667 0.8684374094009399
157.12768321003574 0.5985987782478333 0.9876051545143127 0.18400707840919495 0.8684374094009399
157.3620582100357 0.6106576323509216 0.9876051545143127 0.1849411427974701 0.8684374094009399
157.5964332100357 0.6222362518310547 0.9876051545143127 0.18578913807868958 0.8684374094009399
157.8308082100357 0.6333414912223816 0.9876051545143127 0.1865556538105011 0.8684374094009399
158.06518321003568 0.6439812183380127 0.9876051545143127 0.18724539875984192 0.8684374094009399
158.76830821003566 0.6732085943222046 0.9876051545143127 0.18890193104743958 0.8684374094009399
159.23705821003566 0.6905645132064819 0.9876051545143127 0.1897101104259491 0.8684374094009399
160.4089332100356 0.7272599935531616 0.9876051545143127 0.19095832109451294 0.8684374094009399
160.87768321003557 0.7395533919334412 0.9876051545143127 0.19123364984989166 0.8684374094009399
162.04955821003554 0.7653059363365173 0.9876051545143127 0.19159039855003357 0.8684374094009399
163.22143321003549 0.7852317094802856 0.9876051545143127 0.1916927695274353 0.8684374094009399
163.69018321003546 0.7918941378593445 0.9876051545143127 0.1917041838169098 0.8684374094009399
163.92455821003546 0.7949848175048828 0.9876051545143127 0.19170698523521423 0.8684374094009399
164.15893321003546 0.7979270815849304 0.9876051545143127 0.19170857965946198 0.8684374094009399
164.39330821003543 0.8007292151451111 0.9876051545143127 0.19170939922332764 0.8684374094009399
164.62768321003543 0.8033990859985352 0.9876051545143127 0.1917097419500351 0.8684374094009399
164.86205821003543 0.8059441447257996 0.9876051545143127 0.19170984625816345 0.8684374094009399
165.3308082100354 0.8106876015663147 0.9876051545143127 0.19170981645584106 0.8684374094009399
165.5651832100354 0.8128988742828369 0.9876051545143127 0.19170980155467987 0.8684374094009399
166.03393321003537 0.8170297741889954 0.9876051545143127 0.19170980155467987 0.8684374094009399
166.26830821003537 0.8189601302146912 0.9876051545143127 0.19170980155467987 0.8684374094009399
166.73705821003534 0.8225752115249634 0.9876051545143127 0.19170980155467987 0.8684374094009399
166.97143321003534 0.8242688179016113 0.9876051545143127 0.19170980155467987 0.8684374094009399
167.20580821003531 0.8258919715881348 0.9876051545143127 0.19170980155467987 0.8684374094009399
167.44018321003531 0.8274484276771545 0.9876051545143127 0.19170980155467987 0.8684374094009399
167.67455821003531 0.8289417624473572 0.9876051545143127 0.19170980155467987 0.8684374094009399
167.9089332100353 0.8303753733634949 0.9876051545143127 0.19170980155467987 0.8684374094009399
168.1433082100353 0.8317524194717407 0.9876051545143127 0.19170980155467987 0.8684374094009399
168.3776832100353 0.8330758213996887 0.9876051545143127 0.19170980155467987 0.8684374094009399
168.61205821003526 0.8343483805656433 0.9876051545143127 0.19170980155467987 0.8684374094009399
168.84643321003526 0.8355726599693298 0.9876051545143127 0.19170980155467987 0.8684374094009399
169.08080821003526 0.8367511630058289 0.9876051545143127 0.19170980155467987 0.8684374094009399
169.31518321003523 0.8378862142562866 0.9876051545143127 0.19170980155467987 0.8684374094009399
169.54955821003523 0.838979959487915 0.9876051545143127 0.19170980155467987 0.8684374094009399
169.78393321003523 0.8400343656539917 0.9876051545143127 0.19170980155467987 0.8684374094009399
170.0183082100352 0.8410515189170837 0.9876051545143127 0.19170980155467987 0.8684374094009399
170.2526832100352 0.8420331478118896 0.9876051545143127 0.19170980155467987 0.8684374094009399
170.4870582100352 0.8429809212684631 0.9876051545143127 0.19170980155467987 0.8684374094009399
170.72143321003517 0.8438964486122131 0.9876051545143127 0.19170980155467987 0.8684374094009399
170.95580821003517 0.8447812795639038 0.9876051545143127 0.19170980155467987 0.8684374094009399
171.19018321003517 0.8456369042396545 0.9876051545143127 0.19170980155467987 0.8684374094009399
171.65893321003514 0.8472654819488525 0.9876051545143127 0.19170980155467987 0.8684374094009399
171.89330821003514 0.8480410575866699 0.9876051545143127 0.19170980155467987 0.8684374094009399
172.12768321003512 0.848792314529419 0.9876051545143127 0.19170980155467987 0.8684374094009399
172.36205821003512 0.8495202660560608 0.9876051545143127 0.19170980155467987 0.8684374094009399
173.0651832100351 0.8515745401382446 0.9876051545143127 0.19170980155467987 0.8684374094009399
173.2995582100351 0.8522191643714905 0.9876051545143127 0.19170980155467987 0.8684374094009399
173.53393321003506 0.8528450727462769 0.9876051545143127 0.19170980155467987 0.8684374094009399
173.76830821003506 0.8534530401229858 0.9876051545143127 0.19170980155467987 0.8684374094009399
174.940183210035 0.856248676776886 0.9876051545143127 0.19170980155467987 0.8684374094009399
175.174558210035 0.8567633628845215 0.9876051545143127 0.19170980155467987 0.8684374094009399
175.408933210035 0.857264518737793 0.9876051545143127 0.19170980155467987 0.8684374094009399
175.64330821003497 0.8577526807785034 0.9876051545143127 0.19170980155467987 0.8684374094009399
176.81518321003495 0.8600150942802429 0.9876051545143127 0.19170980155467987 0.8684374094009399
177.04955821003492 0.8604348301887512 0.9876051545143127 0.19170980155467987 0.8684374094009399
177.28393321003492 0.860844612121582 0.9876051545143127 0.19170980155467987 0.8684374094009399
177.51830821003492 0.8612446784973145 0.9876051545143127 0.19170980155467987 0.8684374094009399
179.39330821003483 0.864134669303894 0.9876051545143127 0.19170980155467987 0.8684374094009399
179.62768321003483 0.8644611835479736 0.9876051545143127 0.19170980155467987 0.8684374094009399
179.99999999999997 0.8649674654006958 0.9876051545143127 0.19170980155467987 0.8684374094009399
180.0001 0.8649671077728271 0.9876051545143127 0.19170980155467987 0.8684374094009399
180.0003 0.8649667501449585 0.9876051545143127 0.1917094886302948 0.8684374094009399
180.0007 0.864966630935669 0.9876051545143127 0.191705584526062 0.8684374094009399
180.001 0.864966630935669 0.9876051545143127 0.19169838726520538 0.8684374094009399
180.04192000000063 0.864966630935669 0.9876051545143127 0.18600687384605408 0.8684374094009399
180.0828400000013 0.864966630935669 0.9876051545143127 0.18031463027000427 0.8684374094009399
180.1647600000026 0.864966630935669 0.9876051545143127 0.16892366111278534 0.8684374094009399
180.32860000000517 0.864966630935669 0.9876051545143127 0.14623479545116425 0.8684374094009399
180.56297500000517 0.864966630935669 0.9876051545143127 0.11426796019077301 0.8684374094009399
180.79735000000514 0.864966630935669 0.9876051545143127 0.0835777223110199 0.8684374094009399
181.03172500000514 0.864966630935669 0.9876051545143127 0.05546075850725174 0.8684374094009399
181.26610000000514 0.864966630935669 0.9876051545143127 0.03140362352132797 0.8684374094009399
181.5004750000051 0.864966630935669 0.9876051545143127 0.01199228037148714 0.8684374094009399
181.65964926525606 0.864966630935669 0.9876051545143127 0.001869176048785448 0.8684374094009399
181.70577931730847 0.864966630935669 0.9876051545143127 3.1126746762311086e-05 0.8684374094009399
181.70931926852694 0.864966630935669 0.9876051545143127 -3.3386157838322106e-08 0.8684374094009399
199.97768503760554 0.864966630935669 0.9876051545143127 -3.3386157838322106e-08 0.8684374094009399
209.99999999999997 0.864966630935669 0.9876051545143127 -3.338560716770189e-08 0.8684374094009399
210.00009999999997 0.864966630935669 0.9876051545143127 -3.3364713658556866e-08 0.8684374094009399
210.0003 0.864966630935669 0.9876051545143127 -3.3343891203685416e-08 0.8684374094009399
210.00070000000002 0.864966630935669 0.9876051545143127 -3.333272147187927e-08 0.8684374094009399
210.0009015897142 0.864966630935669 0.9876051545143127 -3.333043352427012e-08 0.8684374094009399
210.00100000000003 0.864966630935669 0.9876051545143127 -3.332986509008151e-08 0.8684374094009399
218.73752132848455 0.864966630935669 0.9876051545143127 0.03550683706998825 0.8684374094009399
227.47404265696906 0.864966630935669 0.9876051545143127 0.06978941708803177 0.8684374094009399
227.70841765696906 0.864966630935669 0.9876051545143127 0.07069212943315506 0.8684374094009399
227.94279265696906 0.864966630935669 0.9876051545143127 0.07159394770860672 0.8684374094009399
228.17716765696903 0.864966630935669 0.9876051545143127 0.07249487936496735 0.8684374094009399
231.45841765696892 0.864966630935669 0.9876051545143127 0.08501429110765457 0.8684374094009399
231.6927926569689 0.864966630935669 0.9876051545143127 0.08590183407068253 0.8684374094009399
231.9271676569689 0.864966630935669 0.9876051545143127 0.08678849041461945 0.8684374094009399
232.1615426569689 0.864966630935669 0.9876051545143127 0.08767425268888474 0.8684374094009399
239.89591765696858 0.864966630935669 0.9876051545143127 0.11640212684869766 0.8684374094009399
239.99999999999997 0.864966630935669 0.9876051545143127 0.11678215861320496 0.8684374094009399
