time a b c w1 w2
0.0 0.0 0.0 0.0 0.0 0.0
0.00014062499775757686 1.4063906124282356e-21 1.4063906124282356e-21 1.4063906124282356e-21 1.4063906124282356e-21 1.4063906124282356e-21
0.00028124999551515373 2.8127812248564712e-21 2.8127812248564712e-21 2.8127812248564712e-21 -5.556874516088328e-09 -5.556874516088328e-09
0.0005624999910303075 5.6255624497129424e-21 5.6255624497129424e-21 5.6255624497129424e-21 -2.3201602417088907e-08 -2.3201602417088907e-08
0.001 1.0000999731091105e-20 1.0000999731091105e-20 1.0000999731091105e-20 -3.338055520885064e-08 -3.338055520885064e-08
29.999999999999996 3.000300019364487e-16 3.000300019364487e-16 3.000300019364487e-16 -3.338031717703416e-08 -3.338031717703416e-08
30.000099999999996 3.0003100778807355e-16 3.0003100778807355e-16 3.0003100778807355e-16 -3.3361402529408224e-08 -3.3361402529408224e-08
30.0003 3.0003299302154367e-16 3.0003299302154367e-16 3.0003299302154367e-16 -3.334271880817141e-08 -3.334271880817141e-08
30.0007 3.0003698995826353e-16 3.0003698995826353e-16 3.0003698995826353e-16 -3.333283515871699e-08 -3.333283515871699e-08
30.000822963453246 1.0082348289586207e-08 3.000382340379048e-16 9.905915199226456e-09 -3.079247079540437e-08 -3.0862590705282855e-08
30.000893956526333 5.4711048136368845e-08 3.0003894872195405e-16 5.389143709066957e-08 2.5980938289649202e-08 2.5309061513212328e-08
30.000929689739902 1.216687053329224e-07 3.000392928290889e-16 1.1991973281055834e-07 5.4481866129663103e-08 5.260223900904748e-08
30.00095175889563 1.967274698699839e-07 3.000395310571053e-16 1.9395844219616265e-07 3.20283035648572e-08 2.8523935213797813e-08
30.0009648639832 2.774064569166512e-07 3.000396369362237e-16 2.7374215960662696e-07 1.7591575840469886e-07 1.7054010470474168e-07
30.000975233219794 3.85794237445225e-07 3.000397428153421e-16 3.811586282154167e-07 6.016562679178605e-07 5.937693572377611e-07
30.00098675640999 5.537300467040041e-07 3.000398751642401e-16 5.477435820466781e-07 1.417640078216209e-06 1.4058686019779998e-06
30.001 7.832393293938367e-07 3.000400075131381e-16 7.754853186270338e-07 2.609939429021324e-06 2.592851160443388e-06
30.08805504463967 0.0018250608118250966 3.0091062503401753e-16 0.0018131484976038337 0.010188063606619835 0.010150549001991749
30.17511008927934 0.003640721319243312 3.0178126902467655e-16 0.003623192198574543 0.02034629136323929 0.020291093736886978
30.349221506923367 0.0071958815678954124 3.035225570059946e-16 0.007176428101956844 0.040421273559331894 0.04036001116037369
30.69744434221143 0.014017188921570778 3.0700513296863063e-16 0.013990114443004131 0.07964366674423218 0.07955711334943771
31.39389001278756 0.026770880445837975 3.1397028489390274e-16 0.026692284271121025 0.15518751740455627 0.15492898225784302
32.27279626278756 0.04137059301137924 3.2276023695513624e-16 0.041194431483745575 0.2455160915851593 0.24492627382278442
33.15170251278755 0.05412731319665909 3.3155018901636973e-16 0.053841643035411835 0.3294603228569031 0.32848188281059265
34.03060876278755 0.06490424275398254 3.403401146078236e-16 0.06450475007295609 0.4062260389328003 0.40482354164123535
34.90951501278755 0.0737304762005806 3.491300666690571e-16 0.07324668020009995 0.4754813313484192 0.4737548828125
35.78842126278755 0.08070634305477142 3.57919992260511e-16 0.0801893025636673 0.537084698677063 0.5352245569229126
36.667327512787544 0.08600164949893951 3.667099443217445e-16 0.08547793328762054 0.5910900831222534 0.5892015099525452
37.546233762787544 0.08981578052043915 3.75499896382978e-16 0.08929461240768433 0.6376117467880249 0.6357419490814209
38.425140012787544 0.09238413721323013 3.842898219744319e-16 0.09187179803848267 0.6769197583198547 0.6751104593276978
39.304046262787544 0.09399167448282242 3.930797740356654e-16 0.09348838776350021 0.7096648216247559 0.7079223990440369
40.18295251278754 0.09492865204811096 4.0186969962711927e-16 0.09443153440952301 0.7367548942565918 0.735076904296875
41.06185876278754 0.09542730450630188 4.1065965168835276e-16 0.09493661671876907 0.7589824199676514 0.7574105262756348
41.94076501278754 0.09565716236829758 4.1944960374958626e-16 0.09517329186201096 0.7770561575889587 0.7756198048591614
42.81967126278753 0.09574514627456665 4.2823952934104015e-16 0.0952652245759964 0.7917371988296509 0.7904528379440308
43.69857751278753 0.09577135741710663 4.3702948140227364e-16 0.09529346227645874 0.8037426471710205 0.802653968334198
44.57748376278753 0.09577655792236328 4.458194334635071e-16 0.09529975056648254 0.8136977553367615 0.8128080368041992
45.45639001278753 0.09577710181474686 4.54609359054961e-16 0.09530048072338104 0.8220580816268921 0.8213287591934204
46.33529626278752 0.09577710926532745 4.633992846464149e-16 0.09530049562454224 0.8290824890136719 0.8284797072410583
47.21420251278752 0.09577710926532745 4.72189263177428e-16 0.09530049562454224 0.8349860906600952 0.8344645500183105
48.09310876278752 0.09577710926532745 4.809791887688819e-16 0.09530049562454224 0.8400224447250366 0.8395228385925293
49.850921262787516 0.09577710926532745 4.985590399517897e-16 0.09530049562454224 0.8481483459472656 0.847689151763916
52.48764001278751 0.09577710926532745 5.249288696657106e-16 0.09530049562454224 0.8568029999732971 0.8564884662628174
53.36654626278751 0.09577710926532745 5.337188481967237e-16 0.09530049562454224 0.859049379825592 0.8587703108787537
54.24545251278751 0.09577710926532745 5.425087737881776e-16 0.09530049562454224 0.8610559701919556 0.8608068227767944
55.12435876278751 0.09577710926532745 5.512986993796314e-16 0.09530049562454224 0.8628596663475037 0.8626360893249512
56.8821712627875 0.09577710926532745 5.688786035020984e-16 0.09530049562454224 0.8659704327583313 0.8657878637313843
57.7610775127875 0.09577710926532745 5.776685290935523e-16 0.09530049562454224 0.8673205971717834 0.867154598236084
58.6399837627875 0.09577710926532745 5.864584546850062e-16 0.09530049562454224 0.8685569763183594 0.8684054613113403
59.518890012787494 0.09577710926532745 5.952484332160193e-16 0.09530049562454224 0.8696974515914917 0.8695589303970337
59.99999999999999 0.09577710926532745 6.000600038728974e-16 0.09530049562454224 0.8702805042266846 0.8701487183570862
60.000099999999996 0.09577710926532745 6.000610097245222e-16 0.09530049562454224 0.8702805638313293 0.8701483607292175
60.000299999999996 0.09577710926532745 6.00063021427772e-16 0.09530019015073776 0.8702806234359741 0.8701480627059937
60.000699999999995 0.09577710926532745 6.000669918947122e-16 0.09529643505811691 0.8702807426452637 0.8701479434967041
60.001000000000005 0.09577710926532745 6.000700094495868e-16 0.09528950601816177 0.8702807426452637 0.8701479434967041
60.443545024375396 0.09577710926532745 0.0015244920505210757 0.04273958131670952 0.8702807426452637 0.8701479434967041
60.88609004875077 0.09577710926532745 0.0030713840387761593 0.005768123548477888 0.8702807426452637 0.8701479434967041
60.99887569750217 0.09577710926532745 0.0034640966914594173 0.000363397499313578 0.8702807426452637 0.8701479434967041
61.02178037912938 0.09577710926532745 0.003542768070474267 -3.3386129416612675e-08 0.8702807426452637 0.8701479434967041
62.55577597594074 0.09577710926532745 0.00887635350227356 -3.3386129416612675e-08 0.8702807426452637 0.8701479434967041
64.0897715727521 0.09577710926532745 0.014185680076479912 -3.3386129416612675e-08 0.8702807426452637 0.8701479434967041
72.87883407275208 0.09577710926532745 0.04383198171854019 -3.3386129416612675e-08 0.8702807426452637 0.8701479434967041
81.66789657275207 0.09577710926532745 0.07229885458946228 -3.3386129416612675e-08 0.8702807426452637 0.8701479434967041
82.54680282275206 0.09577710926532745 0.07512760162353516 -3.3386129416612675e-08 0.8702807426452637 0.8701479434967041
83.42570907275206 0.09577710926532745 0.0779816061258316 -3.3386129416612675e-08 0.8702807426452637 0.8701479434967041
84.30461532275206 0.09577710926532745 0.08083642274141312 -3.3386129416612675e-08 0.8702807426452637 0.8701479434967041
89.99999999999999 0.09577710926532745 0.09904535859823227 -3.340291243603133e-08 0.8702807426452637 0.8701479434967041
90.0003 0.09577710926532745 0.09904748201370239 -3.335318510266916e-08 0.8702807426452637 0.8701479434967041
90.00047385423187 0.09577710926532745 0.09904725849628448 -1.7035995725223074e-08 0.8702807426452637 0.8701479434967041
90.0008215626956 0.09577710926532745 0.09904049336910248 6.450215295217276e-08 0.8702807426452637 0.8701479434967041
90.001 0.09577710926532745 0.09903524070978165 1.1470316252371049e-07 0.8702807426452637 0.8701479434967041
90.64361006939404 0.09577710926532745 0.09903524070978165 1.1470316252371049e-07 0.8702807426452637 0.8708996176719666
91.2862201387881 0.09577710926532745 0.09903524070978165 1.1470316252371049e-07 0.8702807426452637 0.8716244697570801
94.80184513878808 0.09577710926532745 0.09903524070978165 1.1470316252371049e-07 0.8702807426452637 0.8751000165939331
98.31747013878808 0.09577710926532745 0.09903524070978165 1.1470316252371049e-07 0.8702807426452637 0.8777750134468079
101.83309513878807 0.09577710926532745 0.09903524070978165 1.1470316252371049e-07 0.8702807426452637 0.8798800706863403
104.46981388878807 0.09577710926532745 0.09903524070978165 1.1470316252371049e-07 0.8702807426452637 0.881188154220581
108.86434513878805 0.09577710926532745 0.09903524070978165 1.1470316252371049e-07 0.8702807426452637 0.8829892873764038
113.25887638878804 0.09577710926532745 0.09903524070978165 1.1470316252371049e-07 0.8702807426452637 0.8844383955001831
115.01668888878804 0.09577710926532745 0.09903524070978165 1.1470316252371049e-07 0.8702807426452637 0.884942352771759
119.41122013878802 0.09577710926532745 0.09903524070978165 1.1470316252371049e-07 0.8702807426452637 0.8860553503036499
119.99999999999999 0.09577710926532745 0.09903524070978165 1.1470316252371049e-07 0.8702807426452637 0.8861962556838989
120.0001 0.09577710926532745 0.09903524070978165 1.1470316252371049e-07 0.8702807426452637 0.8861962556838989
120.0003 0.09577710926532745 0.09903524070978165 1.1470316252371049e-07 0.8702807426452637 0.8861962556838989
120.0007 0.0957726240158081 0.09903524070978165 1.1470316252371049e-07 0.8702807426452637 0.8861962556838989
120.001 0.09576141834259033 0.09903524070978165 1.1470316252371049e-07 0.8702807426452637 0.8861962556838989
120.02532155337586 0.09251158684492111 0.09903524070978165 3.252159876865335e-05 0.8702807426452637 0.8861962556838989
120.04964310675172 0.08928468078374863 0.09903524070978165 6.492050306405872e-05 0.8702807426452637 0.8861962556838989
120.0983099766235 0.08290833234786987 0.09903524070978165 0.0001297259732382372 0.8702807426452637 0.8861962556838989
120.19564371636704 0.07062286138534546 0.09903524070978165 0.0002592387027107179 0.8702807426452637 0.8861962556838989
120.39031119585414 0.048267144709825516 0.09903524070978165 0.0005179610452614725 0.8702807426452637 0.8861962556838989
120.65523495342123 0.023097192868590355 0.09903524070978165 0.0008695943979546428 0.8702807426452637 0.8861962556838989
120.94790752621229 0.002354459138587117 0.09903524070978165 0.001257718657143414 0.8702807426452637 0.8861962556838989
121.01367053378652 0.00018160334730055183 0.09903524070978165 0.001344964373856783 0.8702807426452637 0.8861962556838989
121.06381516086215 -3.3386164943749463e-08 0.09903524070978165 0.0014115581288933754 0.8702807426452637 0.8861962556838989
121.73097160624862 -3.3386164943749463e-08 0.09903524070978165 0.002304326044395566 0.8702807426452637 0.8861962556838989
122.39812805163507 -3.3386164943749463e-08 0.09903524070978165 0.003231606213375926 0.8702807426452637 0.8861962556838989
123.27703430163508 -3.3386164943749463e-08 0.09903524070978165 0.00449031637981534 0.8702807426452637 0.8861962556838989
124.15594055163508 -3.3386164943749463e-08 0.09903524070978165 0.005758516490459442 0.8702807426452637 0.8861962556838989
125.0348468016351 -3.3386164943749463e-08 0.09903524070978165 0.007024016231298447 0.8702807426452637 0.8861962556838989
125.91375305163511 -3.3386164943749463e-08 0.09903524070978165 0.0082868542522192 0.8702807426452637 0.8861962556838989
134.2633624266352 -3.3386164943749463e-08 0.09903524070978165 0.02015136182308197 0.8702807426452637 0.8861962556838989
142.61297180163533 -3.3386164943749463e-08 0.09903524070978165 0.03177785500884056 0.8702807426452637 0.8861962556838989
143.49187805163535 -3.3386164943749463e-08 0.09903524070978165 0.03298794850707054 0.8702807426452637 0.8861962556838989
144.37078430163535 -3.3386164943749463e-08 0.09903524070978165 0.0341954380273819 0.8702807426452637 0.8861962556838989
145.24969055163538 -3.3386164943749463e-08 0.09903524070978165 0.03540031984448433 0.8702807426452637 0.8861962556838989
150.0 -3.34147820524322e-08 0.09903524070978165 0.04186975955963135 0.8702807426452637 0.8861962556838989
150.0001 -3.337443743589574e-08 0.09903524070978165 0.04187098890542984 0.8702807426452637 0.8861962556838989
150.0003 -3.334388765097174e-08 0.09903524070978165 0.04187678545713425 0.8702801465988159 0.8861961960792542
150.0007 -3.33260459228768e-08 0.09903524070978165 0.04189440235495567 0.8702765703201294 0.8861957788467407
150.0008229632853 -3.185457941867753e-08 0.09903524070978165 0.04189998283982277 0.8702744245529175 0.886195182800293
150.00089395649934 1.72603709103214e-08 0.09903524070978165 0.041902657598257065 0.8702725768089294 0.8861944079399109
150.00092967724837 1.9287993779926182e-07 0.09903524070978165 0.04190373420715332 0.8702715635299683 0.8861937522888184
150.00095165878463 5.578886543844419e-07 0.09903524070978165 0.04190430790185928 0.870270848274231 0.8861932754516602
150.00097175050715 1.3003241292608436e-06 0.09903524070978165 0.041904792189598083 0.8702701926231384 0.8861926794052124
150.001 3.3637700198596576e-06 0.09903524070978165 0.04190541431307793 0.8702691793441772 0.886191725730896
150.00868549491503 0.0008930305484682322 0.09903524070978165 0.04206344112753868 0.8699861764907837 0.8859087228775024
150.0163709898301 0.0017825085669755936 0.09903524070978165 0.04222141578793526 0.8697012662887573 0.8856238126754761
150.0624895890322 0.007119636982679367 0.09903524070978165 0.04316923767328262 0.8679693937301636 0.8838919401168823
150.12398105463498 0.014201913960278034 0.09903524070978165 0.044422321021556854 0.8656215071678162 0.8815441131591797
150.2469639858406 0.02829543501138687 0.09903524070978165 0.046906132251024246 0.8608413934707642 0.8767639994621277
150.277709718642 0.03180277347564697 0.09903524070978165 0.04752204567193985 0.859618604183197 0.8755412101745605
150.46218411545038 0.0526457279920578 0.09903524070978165 0.051154691725969315 0.8518487811088562 0.867771327495575
150.7081499778616 0.07991825044155121 0.09903524070978165 0.05583813041448593 0.8405153751373291 0.8564379215240479
151.20008170268406 0.1327315866947174 0.09903524070978165 0.06467869877815247 0.8148483037948608 0.8307708501815796
152.07898795268406 0.2227296531200409 0.09903524070978165 0.0791756734251976 0.7612277865409851 0.7771503925323486
152.95789420268406 0.30709585547447205 0.09903524070978165 0.09204857051372528 0.6979527473449707 0.7138752937316895
153.8368004526841 0.384617418050766 0.09903524070978165 0.10302834212779999 0.6245948076248169 0.6405174136161804
154.7157067026841 0.4547227621078491 0.09903524070978165 0.11206935346126556 0.5423742532730103 0.5582968592643738
155.59461295268412 0.5172043442726135 0.09903524070978165 0.1192493885755539 0.4525492787361145 0.4684717357158661
156.47351920268412 0.572178304195404 0.09903524070978165 0.12474678456783295 0.3564234673976898 0.3723433315753937
157.35242545268414 0.6199153661727905 0.09903524070978165 0.12878161668777466 0.2552523612976074 0.2711109519004822
158.23133170268414 0.6607909202575684 0.09903524070978165 0.13159464299678802 0.15264654159545898 0.1675853729248047
159.11023795268414 0.6961064338684082 0.09903524070978165 0.13353244960308075 0.05555695295333862 0.06739206612110138
159.4695419390802 0.7088842988014221 0.09903524070978165 0.13409487903118134 0.022297851741313934 0.031569693237543106
159.67799795748206 0.7156967520713806 0.09903524070978165 0.13434642553329468 0.007611029781401157 0.014908947050571442
159.7957178108259 0.7194000482559204 0.09903524070978165 0.13447260856628418 0.0013098111376166344 0.007201759610325098
159.8321845814833 0.7205223441123962 0.09903524070978165 0.13450908660888672 4.331394302425906e-05 0.005092231556773186
159.8359094945473 0.7206358313560486 0.09903524070978165 0.13451270759105682 -3.3380295860752085e-08 0.004888660274446011
159.88530798606797 0.7221300005912781 0.09903524070978165 0.1345594823360443 -3.33803100716068e-08 0.0023599511478096247
159.93470647758866 0.7236037254333496 0.09903524070978165 0.13460424542427063 -3.3380320729747837e-08 0.00016227459127549082
159.94274777074352 0.7238427400588989 0.09903524070978165 0.13461145758628845 -3.3380324282461515e-08 -3.3380320729747837e-08
160.04512106069012 0.7268435955047607 0.09903524070978165 0.13469915091991425 -3.3380324282461515e-08 -3.3380324282461515e-08
160.14749435063672 0.7297611236572266 0.09903524070978165 0.1347791999578476 -3.3380324282461515e-08 -3.3380324282461515e-08
160.7615744579185 0.745625376701355 0.09903524070978165 0.13512995839118958 -3.3380324282461515e-08 -3.3380324282461515e-08
161.58034793429422 0.7637423276901245 0.09903524070978165 0.13540133833885193 -3.3380324282461515e-08 -3.3380324282461515e-08
162.45925418429425 0.7802634835243225 0.09903524070978165 0.13555249571800232 -3.3380324282461515e-08 -3.3380324282461515e-08
163.33816043429425 0.7939073443412781 0.09903524070978165 0.13561001420021057 -3.3380324282461515e-08 -3.3380324282461515e-08
164.21706668429425 0.8051609992980957 0.09903524070978165 0.13562598824501038 -3.3380324282461515e-08 -3.3380324282461515e-08
165.09597293429428 0.8145051002502441 0.09903524070978165 0.13562873005867004 -3.3380324282461515e-08 -3.3380324282461515e-08
165.97487918429428 0.8223241567611694 0.09903524070978165 0.13562893867492676 -3.3380324282461515e-08 -3.3380324282461515e-08
166.8537854342943 0.8289214968681335 0.09903524070978165 0.13562893867492676 -3.3380324282461515e-08 -3.3380324282461515e-08
167.7326916842943 0.8345325589179993 0.09903524070978165 0.13562893867492676 -3.3380324282461515e-08 -3.3380324282461515e-08
168.61159793429434 0.8393421173095703 0.09903524070978165 0.13562893867492676 -3.3380324282461515e-08 -3.3380324282461515e-08
170.36941043429434 0.847102701663971 0.09903524070978165 0.13562893867492676 -3.3380324282461515e-08 -3.3380324282461515e-08
171.24831668429437 0.8502712845802307 0.09903524070978165 0.13562893867492676 -3.3380324282461515e-08 -3.3380324282461515e-08
173.0061291842944 0.8555734157562256 0.09903524070978165 0.13562893867492676 -3.3380324282461515e-08 -3.3380324282461515e-08
173.8850354342944 0.8577935099601746 0.09903524070978165 0.13562893867492676 -3.3380324282461515e-08 -3.3380324282461515e-08
174.7639416842944 0.859783411026001 0.09903524070978165 0.13562893867492676 -3.3380324282461515e-08 -3.3380324282461515e-08
175.64284793429442 0.8615780472755432 0.09903524070978165 0.13562893867492676 -3.3380324282461515e-08 -3.3380324282461515e-08
176.52175418429442 0.863203227519989 0.09903524070978165 0.13562893867492676 -3.3380324282461515e-08 -3.3380324282461515e-08
178.27956668429445 0.866033136844635 0.09903524070978165 0.13562893867492676 -3.3380324282461515e-08 -3.3380324282461515e-08
179.99999999999997 0.8684174418449402 0.09903524070978165 0.13562893867492676 -3.338335474722953e-08 -3.34239658172919e-08
180.0001 0.8684174418449402 0.09903524070978165 0.13562893867492676 -3.3369722984843975e-08 -3.3383258823960205e-08
180.0003 0.8684174418449402 0.09903524070978165 0.13562893867492676 -3.3351092554312345e-08 -3.3351089001598666e-08
180.0004842851194 0.8684174418449402 0.09903524070978165 0.13562893867492676 -2.4910551843504436e-08 -2.4898078265778167e-08
180.00085285535818 0.8684174418449402 0.09903524070978165 0.13562893867492676 1.7251757356007147e-08 1.7315914035975766e-08
180.001 0.8684174418449402 0.09903524070978165 0.13562893867492676 3.744639798242133e-08 3.7521232343351585e-08
725.4785156250068 0.8684174418449402 0.09903524070978165 0.13562893867492676 3.744640508784869e-08 3.7521235896065264e-08
899.5019531250091 0.8684174418449402 0.09903524070978165 0.13562893867492676 3.744640508784869e-08 3.752123944877894e-08
900.0000000000001 0.8684174418449402 0.09903524070978165 0.13562893867492676 3.744640508784869e-08 3.752123944877894e-08
