time a b c w1 w2
0.0 0.0 0.0 0.0 0.0 0.0
0.00022499999086100786 2.2502248991058203e-21 2.2502248991058203e-21 2.2502248991058203e-21 2.2502248991058203e-21 2.2502248991058203e-21
0.0004499999817220157 4.5004497982116405e-21 4.5004497982116405e-21 4.5004497982116405e-21 -5.561537452791754e-09 -5.561537452791754e-09
0.0008999999634440314 9.000899596423281e-21 9.000899596423281e-21 9.000899596423281e-21 -3.034133300161557e-08 -3.034133300161557e-08
0.001 1.0000999731091105e-20 1.0000999731091105e-20 1.0000999731091105e-20 -3.338309539913098e-08 -3.338309539913098e-08
29.999999999999996 3.000300019364487e-16 3.000300019364487e-16 3.000300019364487e-16 -3.338294973787015e-08 -3.338294973787015e-08
30.000099999999996 3.0003100778807355e-16 3.0003100778807355e-16 3.0003100778807355e-16 -3.336297638156793e-08 -3.336297638156793e-08
30.0003 3.0003299302154367e-16 3.0003299302154367e-16 3.0003299302154367e-16 -3.3343244609795875e-08 -3.3343244609795875e-08
30.0007 1.0540120547728772e-14 3.0003698995826353e-16 1.0540120547728772e-14 -3.333280673700756e-08 -3.333280673700756e-08
30.000822963439337 2.1627277746461004e-08 3.000382340379048e-16 2.1627277746461004e-08 -2.545045063584439e-08 -2.545045063584439e-08
30.00089395649232 1.0688546581150149e-07 3.0003894872195405e-16 1.0688546581150149e-07 6.881087699639465e-08 6.881087699639465e-08
30.000929739314177 2.3392543369027408e-07 3.000392928290889e-16 2.3392543369027408e-07 2.0113951393341267e-07 2.0113951393341267e-07
30.000951407902683 3.707261555518926e-07 3.000395045873257e-16 3.707261555518926e-07 3.138836746074958e-07 3.138836746074958e-07
30.00096346611129 4.889913043371052e-07 3.000396369362237e-16 4.889913043371052e-07 5.221442620495509e-07 5.221442620495509e-07
30.000984229908905 8.595166036684532e-07 3.000398486944605e-16 8.595166036684532e-07 1.9117030660709133e-06 1.9117030660709133e-06
30.001 1.24129894629732e-06 3.000400075131381e-16 1.24129894629732e-06 3.605216761570773e-06 3.605216761570773e-06
30.030990958130896 0.0008864333503879607 3.0033993658580495e-16 0.0008864333503879607 0.004280239809304476 0.004280239809304476
30.06098191626179 0.001772237941622734 3.006398921282514e-16 0.001772237941622734 0.008558625355362892 0.008558625355362892
30.12096566308226 0.003534686053171754 3.0123977674336464e-16 0.003534686053171754 0.01708930730819702 0.01708930730819702
30.240933156723194 0.007020226679742336 3.0243957244337075e-16 0.007020226679742336 0.03403778746724129 0.03403778746724129
30.416714406723194 0.01204508077353239 3.0419756285561745e-16 0.01204508077353239 0.05863438546657562 0.05863438546657562
30.76827690672319 0.02180558256804943 3.0771354368011085e-16 0.02180558256804943 0.10698984563350677 0.10698984563350677
31.11983940672319 0.031221620738506317 3.1122952450460424e-16 0.031221620738506317 0.15433953702449799 0.15433953702449799
31.47140190672319 0.04024322330951691 3.1474547885931804e-16 0.04024322330951691 0.20052361488342285 0.20052361488342285
31.99874565672319 0.05294163152575493 3.2001945009605813e-16 0.05294163152575493 0.2672983705997467 0.2672983705997467
32.52608940672319 0.06470375508069992 3.2529342133279823e-16 0.06470375508069992 0.33121106028556824 0.33121106028556824
32.87765190672319 0.07201264053583145 3.2880940215729163e-16 0.07201264053583145 0.372157484292984 0.372157484292984
33.40499565672319 0.08206120133399963 3.340833733940317e-16 0.08206120133399963 0.4306495189666748 0.4306495189666748
33.75655815672319 0.08812301605939865 3.375993277487455e-16 0.08812301605939865 0.46755194664001465 0.46755194664001465
34.10812065672319 0.09366630017757416 3.411153085732389e-16 0.09366630017757416 0.5027027130126953 0.5027027130126953
34.28390190672319 0.09626185148954391 3.428732989854856e-16 0.09626185148954391 0.5196692943572998 0.5196692943572998
34.45968315672319 0.09874001145362854 3.446312893977323e-16 0.09874001145362854 0.5362223386764526 0.5362223386764526
34.81124565672318 0.10331660509109497 3.481472702222257e-16 0.10331660509109497 0.5679606199264526 0.5679606199264526
35.16280815672318 0.10738833248615265 3.516632510467191e-16 0.10738833248615265 0.5978279113769531 0.5978279113769531
35.51437065672318 0.11094209551811218 3.551792318712125e-16 0.11094209551811218 0.6256930232048035 0.6256930232048035
35.86593315672318 0.11401166766881943 3.586951862259263e-16 0.11401166766881943 0.6516013741493225 0.6516013741493225
36.21749565672318 0.11666230112314224 3.622111670504197e-16 0.11666230112314224 0.6757262349128723 0.6757262349128723
36.39327690672318 0.11781711131334305 3.639691574626664e-16 0.11781711131334305 0.6870267987251282 0.6870267987251282
37.27218315672318 0.12210355699062347 3.727591095238999e-16 0.12210355699062347 0.736269474029541 0.736269474029541
37.62374565672318 0.1232704445719719 3.762750903483933e-16 0.1232704445719719 0.7529991865158081 0.7529991865158081
38.15108940672317 0.12453452497720718 3.815490351153538e-16 0.12453452497720718 0.7750105261802673 0.7750105261802673
38.67843315672317 0.125333771109581 3.868230063520939e-16 0.125333771109581 0.79360032081604 0.79360032081604
39.02999565672317 0.1256771683692932 3.903389871765873e-16 0.1256771683692932 0.8042928576469421 0.8042928576469421
39.73312065672317 0.12607061862945557 3.9737094882557407e-16 0.12607061862945557 0.8223414421081543 0.8223414421081543
39.90890190672317 0.12612931430339813 3.9912893923782077e-16 0.12612931430339813 0.8262844085693359 0.8262844085693359
40.08468315672317 0.12617447972297668 4.0088690318028787e-16 0.12617447972297668 0.8299865126609802 0.8299865126609802
40.26046440672317 0.12620922923088074 4.0264489359253457e-16 0.12620922923088074 0.8334795236587524 0.8334795236587524
40.87569878172317 0.12627379596233368 4.087978468005082e-16 0.12627379596233368 0.8441656231880188 0.8441656231880188
41.490933156723166 0.12629090249538422 4.1495082647826146e-16 0.12629090249538422 0.8529179692268372 0.8529179692268372
42.018276906723166 0.12629425525665283 4.2022479771500155e-16 0.12629425525665283 0.8592861294746399 0.8592861294746399
42.545620656723166 0.12629438936710358 4.2549874248196205e-16 0.12629438936710358 0.8646405935287476 0.8646405935287476
42.721401906723166 0.12629438936710358 4.2725673289420874e-16 0.12629438936710358 0.866227388381958 0.866227388381958
42.897183156723166 0.12629438936710358 4.2901472330645544e-16 0.12629438936710358 0.8677323460578918 0.8677323460578918
43.072964406723166 0.12629438936710358 4.3077271371870214e-16 0.12629438936710358 0.8691776394844055 0.8691776394844055
43.248745656723166 0.12629438936710358 4.3253070413094884e-16 0.12629438936710358 0.8705659508705139 0.8705659508705139
43.424526906723166 0.12629438936710358 4.3428869454319554e-16 0.12629438936710358 0.8718842267990112 0.8718842267990112
44.127651906723166 0.12629438936710358 4.4132065619218233e-16 0.12629438936710358 0.8765752911567688 0.8765752911567688
44.83077690672316 0.12629438936710358 4.483525913713895e-16 0.12629438936710358 0.8806213140487671 0.8806213140487671
45.35812065672316 0.12629438936710358 4.536265890779092e-16 0.12629438936710358 0.8832200765609741 0.8832200765609741
45.88546440672316 0.12629438936710358 4.589005338448697e-16 0.12629438936710358 0.8855805993080139 0.8855805993080139
46.58858940672316 0.12629438936710358 4.659324954938565e-16 0.12629438936710358 0.8883033990859985 0.8883033990859985
47.29171440672316 0.12629438936710358 4.729644571428433e-16 0.12629438936710358 0.8906400799751282 0.8906400799751282
47.64327690672315 0.12629438936710358 4.764804379673367e-16 0.12629438936710358 0.891687273979187 0.891687273979187
47.81905815672315 0.12629438936710358 4.782384019098038e-16 0.12629438936710358 0.8921809792518616 0.8921809792518616
47.99483940672315 0.12629438936710358 4.799963658522709e-16 0.12629438936710358 0.8926562070846558 0.8926562070846558
48.17062065672315 0.12629438936710358 4.817543827342972e-16 0.12629438936710358 0.893113911151886 0.893113911151886
48.87374565672315 0.12629438936710358 4.88786344383284e-16 0.12629438936710358 0.8947963118553162 0.8947963118553162
49.57687065672315 0.12629438936710358 4.958183060322708e-16 0.12629438936710358 0.8963408470153809 0.8963408470153809
50.10421440672315 0.12629438936710358 5.010922507992313e-16 0.12629438936710358 0.897393524646759 0.897393524646759
50.63155815672315 0.12629438936710358 5.063661955661918e-16 0.12629438936710358 0.8983774781227112 0.8983774781227112
51.774136281723145 0.12629438936710358 5.177931464806851e-16 0.12629438936710358 0.9002255201339722 0.9002255201339722
52.916714406723145 0.12629438936710358 5.292200444556193e-16 0.12629438936710358 0.9017642736434937 0.9017642736434937
53.619839406723145 0.12629438936710358 5.362520061046061e-16 0.12629438936710358 0.9026530385017395 0.9026530385017395
53.795620656723145 0.12629438936710358 5.380100229866324e-16 0.12629438936710358 0.9028640985488892 0.9028640985488892
53.971401906723145 0.12629438936710358 5.3976798692909945e-16 0.12629438936710358 0.9030697345733643 0.9030697345733643
54.14718315672314 0.12629438936710358 5.4152600381112575e-16 0.12629438936710358 0.9032703042030334 0.9032703042030334
55.72921440672314 0.12629438936710358 5.573478910515664e-16 0.12629438936710358 0.9048731923103333 0.9048731923103333
56.69601128172314 0.12629438936710358 5.670168250840335e-16 0.12629438936710358 0.9057032465934753 0.9057032465934753
57.66280815672313 0.12629438936710358 5.766857591165005e-16 0.12629438936710358 0.9064960479736328 0.9064960479736328
58.19015190672313 0.12629438936710358 5.81959703883461e-16 0.12629438936710358 0.9069073796272278 0.9069073796272278
58.71749565672313 0.12629438936710358 5.872336486504215e-16 0.12629438936710358 0.9072943925857544 0.9072943925857544
59.24483940672313 0.12629438936710358 5.925076463569412e-16 0.12629438936710358 0.907660961151123 0.907660961151123
59.77218315672313 0.12629438936710358 5.977815911239017e-16 0.12629438936710358 0.9080386161804199 0.9080386161804199
59.94796440672313 0.12629438936710358 5.99539608005928e-16 0.12629438936710358 0.9081616997718811 0.9081616997718811
59.99999999999999 0.12629438936710358 6.000600038728974e-16 0.12629438936710358 0.9081962704658508 0.9081962704658508
60.000099999999996 0.12629438936710358 6.000610097245222e-16 0.12629438936710358 0.9081963300704956 0.9081960916519165
60.000299999999996 0.12629438936710358 6.00063021427772e-16 0.1262940764427185 0.9081963896751404 0.9081958532333374
60.000699999999995 0.12629438936710358 6.000669918947122e-16 0.12629011273384094 0.9081963896751404 0.9081957936286926
60.001000000000005 0.12629438936710358 6.000700094495868e-16 0.12628276646137238 0.9081963896751404 0.9081957936286926
60.27796953152025 0.12629438936710358 0.000714099791366607 0.08784393221139908 0.9081963896751404 0.9081957936286926
60.5549390630405 0.12629438936710358 0.001443598885089159 0.052655111998319626 0.9081963896751404 0.9081957936286926
60.7307203130405 0.12629438936710358 0.0019102320075035095 0.033493269234895706 0.9081963896751404 0.9081957936286926
60.9065015630405 0.12629438936710358 0.0023766341619193554 0.017574336379766464 0.9081963896751404 0.9081957936286926
61.08228281304051 0.12629438936710358 0.002841597655788064 0.004587637726217508 0.9081963896751404 0.9081957936286926
61.15382906120642 0.12629438936710358 0.0030286626424640417 0.0005266798543743789 0.9081963896751404 0.9081957936286926
61.1738630383829 0.12629438936710358 0.0030802064575254917 2.244609459012281e-05 0.9081963896751404 0.9081957936286926
61.18557974635103 0.12629438936710358 0.0031101342756301165 -3.3387607345503056e-08 0.9081963896751404 0.9081957936286926
62.76439079639637 0.12629438936710358 0.007272101938724518 -3.3387607345503056e-08 0.9081963896751404 0.9081957936286926
64.34320184644169 0.12629438936710358 0.011431221850216389 -3.3387607345503056e-08 0.9081963896751404 0.9081957936286926
69.26507684644169 0.12629438936710358 0.024272792041301727 -3.3387607345503056e-08 0.9081963896751404 0.9081957936286926
74.18695184644167 0.12629438936710358 0.03693342208862305 -3.3387607345503056e-08 0.9081963896751404 0.9081957936286926
74.36273309644167 0.12629438936710358 0.03738223761320114 -3.3387607345503056e-08 0.9081963896751404 0.9081957936286926
74.53851434644167 0.12629438936710358 0.03783081844449043 -3.3387607345503056e-08 0.9081963896751404 0.9081957936286926
74.71429559644167 0.12629438936710358 0.03827916830778122 -3.3387607345503056e-08 0.9081963896751404 0.9081957936286926
82.35714779822084 0.12629438936710358 0.057549286633729935 -3.339289378345711e-08 0.9081963896751404 0.9081957936286926
89.99999999999999 0.12629438936710358 0.07638118416070938 -3.334529807830222e-08 0.9081963896751404 0.9081957936286926
90.0001 0.12629438936710358 0.07638166844844818 -3.3360098683488104e-08 0.9081963896751404 0.9081957936286926
90.0003 0.12629438936710358 0.07638315856456757 -3.334536202714844e-08 0.9081963896751404 0.9081957936286926
90.00047161127577 0.12629438936710358 0.07638268917798996 -1.4790593638736027e-08 0.9081963896751404 0.9081957936286926
90.0008148338273 0.12629438936710358 0.07637488096952438 7.78900428599627e-08 0.9081963896751404 0.9081957936286926
90.001 0.12629438936710358 0.07636868953704834 1.3788172736894921e-07 0.9081963896751404 0.9081957936286926
90.15011135450074 0.12629438936710358 0.07636868953704834 1.3788172736894921e-07 0.9081963896751404 0.908297061920166
90.29922270900148 0.12629438936710358 0.07636868953704834 1.3788172736894921e-07 0.9081963896751404 0.9084045886993408
90.82656645900148 0.12629438936710358 0.07636868953704834 1.3788172736894921e-07 0.9081963896751404 0.9087781310081482
91.35391020900148 0.12629438936710358 0.07636868953704834 1.3788172736894921e-07 0.9081963896751404 0.909129798412323
91.88125395900147 0.12629438936710358 0.07636868953704834 1.3788172736894921e-07 0.9081963896751404 0.9094619750976562
92.40859770900147 0.12629438936710358 0.07636868953704834 1.3788172736894921e-07 0.9081963896751404 0.9097762107849121
93.11172270900147 0.12629438936710358 0.07636868953704834 1.3788172736894921e-07 0.9081963896751404 0.9101698994636536
93.81484770900147 0.12629438936710358 0.07636868953704834 1.3788172736894921e-07 0.9081963896751404 0.9105374217033386
94.34219145900147 0.12629438936710358 0.07636868953704834 1.3788172736894921e-07 0.9081963896751404 0.9107968211174011
94.86953520900147 0.12629438936710358 0.07636868953704834 1.3788172736894921e-07 0.9081963896751404 0.9110522866249084
95.48476958400146 0.12629438936710358 0.07636868953704834 1.3788172736894921e-07 0.9081963896751404 0.9113635420799255
96.10000395900147 0.12629438936710358 0.07636868953704834 1.3788172736894921e-07 0.9081963896751404 0.9116589426994324
96.89101958400146 0.12629438936710358 0.07636868953704834 1.3788172736894921e-07 0.9081963896751404 0.9120151400566101
97.68203520900147 0.12629438936710358 0.07636868953704834 1.3788172736894921e-07 0.9081963896751404 0.9123475551605225
98.64883208400146 0.12629438936710358 0.07636868953704834 1.3788172736894921e-07 0.9081963896751404 0.9127249121665955
99.61562895900146 0.12629438936710358 0.07636868953704834 1.3788172736894921e-07 0.9081963896751404 0.9130740761756897
100.58242583400147 0.12629438936710358 0.07636868953704834 1.3788172736894921e-07 0.9081963896751404 0.9133981466293335
101.54922270900146 0.12629438936710358 0.07636868953704834 1.3788172736894921e-07 0.9081963896751404 0.9136998653411865
103.30703520900146 0.12629438936710358 0.07636868953704834 1.3788172736894921e-07 0.9081963896751404 0.9141985177993774
103.65859770900146 0.12629438936710358 0.07636868953704834 1.3788172736894921e-07 0.9081963896751404 0.9142923951148987
104.18594145900146 0.12629438936710358 0.07636868953704834 1.3788172736894921e-07 0.9081963896751404 0.9144464731216431
104.88906645900144 0.12629438936710358 0.07636868953704834 1.3788172736894921e-07 0.9081963896751404 0.9146497845649719
105.59219145900144 0.12629438936710358 0.07636868953704834 1.3788172736894921e-07 0.9081963896751404 0.9148434400558472
106.11953520900144 0.12629438936710358 0.07636868953704834 1.3788172736894921e-07 0.9081963896751404 0.9149828553199768
107.70156645900144 0.12629438936710358 0.07636868953704834 1.3788172736894921e-07 0.9081963896751404 0.9153735041618347
108.22891020900144 0.12629438936710358 0.07636868953704834 1.3788172736894921e-07 0.9081963896751404 0.9154953360557556
110.68984770900144 0.12629438936710358 0.07636868953704834 1.3788172736894921e-07 0.9081963896751404 0.9160159826278687
111.21719145900143 0.12629438936710358 0.07636868953704834 1.3788172736894921e-07 0.9081963896751404 0.9161182641983032
114.02969145900143 0.12629438936710358 0.07636868953704834 1.3788172736894921e-07 0.9081963896751404 0.9166178107261658
114.55703520900143 0.12629438936710358 0.07636868953704834 1.3788172736894921e-07 0.9081963896751404 0.9167036414146423
118.07266020900141 0.12629438936710358 0.07636868953704834 1.3788172736894921e-07 0.9081963896751404 0.9172232747077942
118.42422270900141 0.12629438936710358 0.07636868953704834 1.3788172736894921e-07 0.9081963896751404 0.9172707796096802
119.2121113545007 0.12629438936710358 0.07636868953704834 1.3788172736894921e-07 0.9081963896751404 0.9173818230628967
119.99999999999999 0.12629438936710358 0.07636868953704834 1.3788172736894921e-07 0.9081963896751404 0.9174933433532715
120.0001 0.12629438936710358 0.07636868953704834 1.3788172736894921e-07 0.9081963896751404 0.9174933433532715
120.0003 0.12629438936710358 0.07636868953704834 1.3788172736894921e-07 0.9081963896751404 0.9174933433532715
120.0007 0.12628963589668274 0.07636868953704834 1.3788172736894921e-07 0.9081963896751404 0.9174933433532715
120.001 0.12627772986888885 0.07636868953704834 1.3788172736894921e-07 0.9081963896751404 0.9174933433532715
120.11626014631315 0.10999521613121033 0.07636868953704834 0.00012977575534023345 0.9081963896751404 0.9174933433532715
120.2315202926263 0.09405956417322159 0.07636868953704834 0.0002593164681456983 0.9081963896751404 0.9174933433532715
120.4073015426263 0.07078143954277039 0.07636868953704834 0.0004567587748169899 0.9081963896751404 0.9174933433532715
120.5830827926263 0.04936213791370392 0.07636868953704834 0.0006541020120494068 0.9081963896751404 0.9174933433532715
120.7588640426263 0.03069653920829296 0.07636868953704834 0.0008513769134879112 0.9081963896751404 0.9174933433532715
120.9346452926263 0.015328296460211277 0.07636868953704834 0.0010485979728400707 0.9081963896751404 0.9174933433532715
121.1104265426263 0.0031684653367847204 0.07636868953704834 0.0012457863194867969 0.9081963896751404 0.9174933433532715
121.17267952970022 0.0002335840108571574 0.07636868953704834 0.001315630623139441 0.9081963896751404 0.9174933433532715
121.18661567693178 -3.3387610898216735e-08 0.07636868953704834 0.0013312736991792917 0.9081963896751404 0.9174933433532715
122.27742229640837 -3.3387610898216735e-08 0.07636868953704834 0.0025538315530866385 0.9081963896751404 0.9174933433532715
122.45320354640839 -3.3387610898216735e-08 0.07636868953704834 0.0027519133873283863 0.9081963896751404 0.9174933433532715
122.6289847964084 -3.3387610898216735e-08 0.07636868953704834 0.0029538890812546015 0.9081963896751404 0.9174933433532715
122.80476604640842 -3.3387610898216735e-08 0.07636868953704834 0.003159803804010153 0.9081963896751404 0.9174933433532715
136.4023830232042 -3.33905667559975e-08 0.07636868953704834 0.019021790474653244 0.9081963896751404 0.9174933433532715
150.0 -3.336396758868432e-08 0.07636868953704834 0.034539151936769485 0.9081963896751404 0.9174933433532715
150.0001 -3.335788179015253e-08 0.07636868953704834 0.03454040363430977 0.9081963896751404 0.9174933433532715
150.0003 -3.333766684932016e-08 0.07636868953704834 0.03454243764281273 0.9081963896751404 0.9174934029579163
150.0007 -3.3299230040029215e-08 0.07636868953704834 0.03454097732901573 0.9081958532333374 0.917493462562561
150.00082296363072 -2.734952353478093e-08 0.07636868953704834 0.034541163593530655 0.9081946611404419 0.9174930453300476
150.00089395664122 5.714160167258342e-08 0.07636868953704834 0.034543100744485855 0.9081931710243225 0.9174923896789551
150.00092972010478 1.5105322859199077e-07 0.07636868953704834 0.03454452380537987 0.9081922173500061 0.9174917936325073
150.00095164958387 2.1351898737975716e-07 0.07636868953704834 0.034545306116342545 0.9081915616989136 0.9174913167953491
150.00096388949098 4.171405407760176e-07 0.07636868953704834 0.034545715898275375 0.9081911444664001 0.9174910187721252
150.00097353793464 8.917580203160469e-07 0.07636868953704834 0.03454602509737015 0.9081908464431763 0.9174907803535461
150.00098455258734 1.8006380742008332e-06 0.07636868953704834 0.034546367824077606 0.9081904888153076 0.9174904227256775
150.00099791836195 3.2167160952667473e-06 0.07636868953704834 0.03454677388072014 0.9081900715827942 0.9174900054931641
150.001 3.477381596894702e-06 0.07636868953704834 0.034546833485364914 0.9081899523735046 0.9174899458885193
150.03805276965005 0.005244961474090815 0.07636868953704834 0.03562573716044426 0.9069139361381531 0.9162139296531677
150.07510553930013 0.010477692820131779 0.07636868953704834 0.036701593548059464 0.9056127071380615 0.9149127006530762
150.2974276916169 0.041584376245737076 0.07636868953704834 0.043056026101112366 0.8973082900047302 0.9066082835197449
150.64899019161692 0.08994043618440628 0.07636868953704834 0.052816759794950485 0.8826180696487427 0.8919180035591125
150.82477144161692 0.1137564554810524 0.07636868953704834 0.0575728677213192 0.8745712041854858 0.8838711380958557
150.84674409786692 0.11671657115221024 0.07636868953704834 0.05816161260008812 0.8735226392745972 0.882822573184967
150.89068941036692 0.12261047214269638 0.07636868953704834 0.059330131858587265 0.8713568449020386 0.8806568384170532
150.97858003536692 0.13432422280311584 0.07636868953704834 0.06164206564426422 0.8668830394744873 0.876183032989502
151.15436128536695 0.1575372815132141 0.07636868953704834 0.06619346886873245 0.8575367331504822 0.8668367266654968
151.50592378536697 0.20311102271080017 0.07636868953704834 0.07501021772623062 0.8372741937637329 0.8465741872787476
151.68170503536697 0.22544299066066742 0.07636868953704834 0.07926707714796066 0.8262346982955933 0.8355346322059631
151.85748628536697 0.2474658489227295 0.07636868953704834 0.08342196047306061 0.8146027326583862 0.8239026665687561
152.033267535367 0.2691606283187866 0.07636868953704834 0.08746934682130814 0.8024278283119202 0.81172776222229
152.209048785367 0.29052871465682983 0.07636868953704834 0.09141046553850174 0.7897257208824158 0.7990257143974304
152.38483003536703 0.3115605115890503 0.07636868953704834 0.09524311870336533 0.7764685153961182 0.785768449306488
152.56061128536703 0.33223608136177063 0.07636868953704834 0.09896180778741837 0.7626373171806335 0.7719372510910034
152.73639253536706 0.3525564968585968 0.07636868953704834 0.10256782174110413 0.7482565641403198 0.7575565576553345
152.91217378536706 0.372522234916687 0.07636868953704834 0.1060623824596405 0.7333737015724182 0.7426736354827881
153.0879550353671 0.39212310314178467 0.07636868953704834 0.10944337397813797 0.7180160880088806 0.7273160219192505
153.43951753536712 0.43018925189971924 0.07636868953704834 0.11585664749145508 0.6858711838722229 0.6951711773872375
153.61529878536712 0.44863393902778625 0.07636868953704834 0.11888523399829865 0.6691237092018127 0.6784237027168274
153.96686128536714 0.484295517206192 0.07636868953704834 0.12457823753356934 0.634402334690094 0.6437022686004639
154.14264253536717 0.501492440700531 0.07636868953704834 0.12724000215530396 0.6164828538894653 0.6257827877998352
154.31842378536717 0.5182538628578186 0.07636868953704834 0.1297772228717804 0.598244309425354 0.6075442433357239
154.49420503536717 0.5345706939697266 0.07636868953704834 0.13218921422958374 0.5796805620193481 0.5889805555343628
154.6699862853672 0.5504342317581177 0.07636868953704834 0.13447560369968414 0.5607751607894897 0.5700751543045044
155.19733003536723 0.5953552722930908 0.07636868953704834 0.1406160145998001 0.5021725296974182 0.5114725232124329
155.37311128536726 0.6094135642051697 0.07636868953704834 0.1424243003129959 0.4820519685745239 0.4913519322872162
155.54889253536726 0.6229940056800842 0.07636868953704834 0.144112229347229 0.46169567108154297 0.47099563479423523
155.7246737853673 0.6361142992973328 0.07636868953704834 0.14568689465522766 0.4411250948905945 0.45042502880096436
155.9004550353673 0.6487703919410706 0.07636868953704834 0.1471502035856247 0.4203447103500366 0.4296446740627289
156.07623628536732 0.6609387397766113 0.07636868953704834 0.14849957823753357 0.39936619997024536 0.40866613388061523
156.25201753536732 0.6726201772689819 0.07636868953704834 0.14973823726177216 0.3781864047050476 0.3874862790107727
156.60358003536734 0.6946026682853699 0.07636868953704834 0.15191426873207092 0.33519434928894043 0.34449389576911926
156.77936128536734 0.7049181461334229 0.07636868953704834 0.152861088514328 0.3133961260318756 0.3226953148841858
156.95514253536737 0.7147883176803589 0.07636868953704834 0.15371906757354736 0.2914164364337921 0.300714910030365
157.13092378536737 0.724219024181366 0.07636868953704834 0.15449264645576477 0.26928433775901794 0.2785813808441162
157.3067050353674 0.7332175970077515 0.07636868953704834 0.1551864743232727 0.24702298641204834 0.25631725788116455
157.65826753536743 0.7499542236328125 0.07636868953704834 0.1563546061515808 0.20211273431777954 0.21139079332351685
157.83404878536743 0.7577041387557983 0.07636868953704834 0.15683770179748535 0.17948564887046814 0.18874239921569824
158.00983003536746 0.765037477016449 0.07636868953704834 0.15725746750831604 0.15680114924907684 0.16601596772670746
158.18561128536746 0.7719705700874329 0.07636868953704834 0.1576196402311325 0.13414958119392395 0.14328259229660034
158.3613925353675 0.7785378694534302 0.07636868953704834 0.1579323559999466 0.11169598251581192 0.1206728145480156
158.5371737853675 0.7847623825073242 0.07636868953704834 0.1582016795873642 0.08973006159067154 0.0984211266040802
158.71295503536751 0.7906582355499268 0.07636868953704834 0.15843206644058228 0.06871528178453445 0.07691989839076996
158.88873628536751 0.7962402105331421 0.07636868953704834 0.15862777829170227 0.049283020198345184 0.056743986904621124
159.06451753536751 0.8015233278274536 0.07636868953704834 0.1587928831577301 0.0321066714823246 0.03857817128300667
159.24029878536754 0.8065225481987 0.07636868953704834 0.15893112123012543 0.017665017396211624 0.02300969325006008
159.41608003536754 0.8112818002700806 0.07636868953704834 0.15904822945594788 0.005724949762225151 0.00994141399860382
159.49997412984303 0.8134642243385315 0.07636868953704834 0.15909677743911743 0.0011137777473777533 0.0046151806600391865
159.5285925377028 0.814188539981842 0.07636868953704834 0.15911175310611725 5.8523855841485783e-05 0.002986371284350753
159.53314306622167 0.8143025040626526 0.07636868953704834 0.1591140478849411 -3.338293907972911e-08 0.0027388054877519608
159.53727142482578 0.8144055604934692 0.07636868953704834 0.15911610424518585 -3.338293907972911e-08 0.002517851535230875
159.5617191081797 0.815013587474823 0.07636868953704834 0.1591280847787857 -3.338294618515647e-08 0.0012372495839372277
159.5861667915336 0.8156177401542664 0.07636868953704834 0.15913981199264526 -3.338295329058383e-08 8.363761480723042e-06
159.73704321407757 0.8192204236984253 0.07636868953704834 0.15920355916023254 -3.338295329058383e-08 -4.79072241432732e-06
159.88791963662158 0.8226407170295715 0.07636868953704834 0.15925569832324982 -3.338295329058383e-08 -3.338295329058383e-08
160.06370088662158 0.8264368772506714 0.07636868953704834 0.15930581092834473 -3.338295329058383e-08 -3.338295329058383e-08
160.2394821366216 0.8300226926803589 0.07636868953704834 0.15934494137763977 -3.338295329058383e-08 -3.338295329058383e-08
160.4152633866216 0.8334174752235413 0.07636868953704834 0.15937530994415283 -3.338295329058383e-08 -3.338295329058383e-08
160.76682588662163 0.8396674394607544 0.07636868953704834 0.15941579639911652 -3.338295329058383e-08 -3.338295329058383e-08
160.94260713662166 0.8425340056419373 0.07636868953704834 0.15942810475826263 -3.338295329058383e-08 -3.338295329058383e-08
161.11838838662166 0.8452502489089966 0.07636868953704834 0.15943685173988342 -3.338295329058383e-08 -3.338295329058383e-08
161.2941696366217 0.847819983959198 0.07636868953704834 0.15944281220436096 -3.338295329058383e-08 -3.338295329058383e-08
161.4699508866217 0.8502478003501892 0.07636868953704834 0.1594465970993042 -3.338295329058383e-08 -3.338295329058383e-08
162.34885713662175 0.8605891466140747 0.07636868953704834 0.1594512015581131 -3.338295329058383e-08 -3.338295329058383e-08
162.70041963662177 0.8640319108963013 0.07636868953704834 0.15945123136043549 -3.338295329058383e-08 -3.338295329058383e-08
162.8762008866218 0.8656306862831116 0.07636868953704834 0.15945123136043549 -3.338295329058383e-08 -3.338295329058383e-08
163.0519821366218 0.8671549558639526 0.07636868953704834 0.15945123136043549 -3.338295329058383e-08 -3.338295329058383e-08
163.22776338662183 0.8686096668243408 0.07636868953704834 0.15945123136043549 -3.338295329058383e-08 -3.338295329058383e-08
163.40354463662183 0.8699952363967896 0.07636868953704834 0.15945123136043549 -3.338295329058383e-08 -3.338295329058383e-08
163.75510713662186 0.8725703954696655 0.07636868953704834 0.15945123136043549 -3.338295329058383e-08 -3.338295329058383e-08
163.93088838662186 0.8737726807594299 0.07636868953704834 0.15945123136043549 -3.338295329058383e-08 -3.338295329058383e-08
164.2824508866219 0.8760169148445129 0.07636868953704834 0.15945123136043549 -3.338295329058383e-08 -3.338295329058383e-08
164.45823213662192 0.8770694136619568 0.07636868953704834 0.15945123136043549 -3.338295329058383e-08 -3.338295329058383e-08
164.63401338662192 0.8780756592750549 0.07636868953704834 0.15945123136043549 -3.338295329058383e-08 -3.338295329058383e-08
164.80979463662194 0.8790421485900879 0.07636868953704834 0.15945123136043549 -3.338295329058383e-08 -3.338295329058383e-08
164.98557588662194 0.8799712657928467 0.07636868953704834 0.15945123136043549 -3.338295329058383e-08 -3.338295329058383e-08
165.16135713662197 0.8808618187904358 0.07636868953704834 0.15945123136043549 -3.338295329058383e-08 -3.338295329058383e-08
165.33713838662197 0.8817195296287537 0.07636868953704834 0.15945123136043549 -3.338295329058383e-08 -3.338295329058383e-08
165.512919636622 0.8825461864471436 0.07636868953704834 0.15945123136043549 -3.338295329058383e-08 -3.338295329058383e-08
165.688700886622 0.8833373785018921 0.07636868953704834 0.15945123136043549 -3.338295329058383e-08 -3.338295329058383e-08
165.86448213662203 0.8840957880020142 0.07636868953704834 0.15945123136043549 -3.338295329058383e-08 -3.338295329058383e-08
166.04026338662203 0.8848291635513306 0.07636868953704834 0.15945123136043549 -3.338295329058383e-08 -3.338295329058383e-08
166.39182588662206 0.8862193822860718 0.07636868953704834 0.15945123136043549 -3.338295329058383e-08 -3.338295329058383e-08
166.56760713662206 0.8868738412857056 0.07636868953704834 0.15945123136043549 -3.338295329058383e-08 -3.338295329058383e-08
166.7433883866221 0.8875088691711426 0.07636868953704834 0.15945123136043549 -3.338295329058383e-08 -3.338295329058383e-08
166.9191696366221 0.8881250023841858 0.07636868953704834 0.15945123136043549 -3.338295329058383e-08 -3.338295329058383e-08
167.27073213662212 0.8892894983291626 0.07636868953704834 0.15945123136043549 -3.338295329058383e-08 -3.338295329058383e-08
167.44651338662214 0.8898460268974304 0.07636868953704834 0.15945123136043549 -3.338295329058383e-08 -3.338295329058383e-08
167.62229463662214 0.8903888463973999 0.07636868953704834 0.15945123136043549 -3.338295329058383e-08 -3.338295329058383e-08
167.79807588662217 0.890913724899292 0.07636868953704834 0.15945123136043549 -3.338295329058383e-08 -3.338295329058383e-08
167.97385713662217 0.8914186954498291 0.07636868953704834 0.15945123136043549 -3.338295329058383e-08 -3.338295329058383e-08
168.1496383866222 0.8919047117233276 0.07636868953704834 0.15945123136043549 -3.338295329058383e-08 -3.338295329058383e-08
168.3254196366222 0.8923746347427368 0.07636868953704834 0.15945123136043549 -3.338295329058383e-08 -3.338295329058383e-08
168.50120088662223 0.8928328156471252 0.07636868953704834 0.15945123136043549 -3.338295329058383e-08 -3.338295329058383e-08
168.67698213662223 0.8932798504829407 0.07636868953704834 0.15945123136043549 -3.338295329058383e-08 -3.338295329058383e-08
168.85276338662223 0.8937132358551025 0.07636868953704834 0.15945123136043549 -3.338295329058383e-08 -3.338295329058383e-08
169.02854463662226 0.894132137298584 0.07636868953704834 0.15945123136043549 -3.338295329058383e-08 -3.338295329058383e-08
169.46799776162229 0.8951326012611389 0.07636868953704834 0.15945123136043549 -3.338295329058383e-08 -3.338295329058383e-08
169.9074508866223 0.8960710167884827 0.07636868953704834 0.15945123136043549 -3.338295329058383e-08 -3.338295329058383e-08
170.25901338662234 0.8967682719230652 0.07636868953704834 0.15945123136043549 -3.338295329058383e-08 -3.338295329058383e-08
171.31370088662243 0.8986679911613464 0.07636868953704834 0.15945123136043549 -3.338295329058383e-08 -3.338295329058383e-08
171.84104463662246 0.8995060920715332 0.07636868953704834 0.15945123136043549 -3.338295329058383e-08 -3.338295329058383e-08
173.24729463662257 0.9014949798583984 0.07636868953704834 0.15945123136043549 -3.338295329058383e-08 -3.338295329058383e-08
173.7746383866226 0.9021545648574829 0.07636868953704834 0.15945123136043549 -3.338295329058383e-08 -3.338295329058383e-08
174.65354463662268 0.9031705856323242 0.07636868953704834 0.15945123136043549 -3.338295329058383e-08 -3.338295329058383e-08
175.53245088662274 0.9040768146514893 0.07636868953704834 0.15945123136043549 -3.338295329058383e-08 -3.338295329058383e-08
176.05979463662277 0.9045932292938232 0.07636868953704834 0.15945123136043549 -3.338295329058383e-08 -3.338295329058383e-08
177.29026338662288 0.9056758284568787 0.07636868953704834 0.15945123136043549 -3.338295329058383e-08 -3.338295329058383e-08
178.52073213662297 0.9066470265388489 0.07636868953704834 0.15945123136043549 -3.338295329058383e-08 -3.338295329058383e-08
179.048075886623 0.9070281982421875 0.07636868953704834 0.15945123136043549 -3.338295329058383e-08 -3.338295329058383e-08
179.92698213662308 0.907616913318634 0.07636868953704834 0.15945123136043549 -3.338295329058383e-08 -3.338295329058383e-08
179.99999999999997 0.9076637029647827 0.07636868953704834 0.15945123136043549 -3.338295329058383e-08 -3.338295329058383e-08
