time a b c w1
0.0 0.0 0.0 0.0 0.0
0.00014999999853326784 1.500150000053344e-21 1.500150000053344e-21 1.500150000053344e-21 1.500150000053344e-21
0.0002999999970665357 3.000300000106688e-21 3.000300000106688e-21 3.000300000106688e-21 -5.557289739499538e-09
0.0005999999941330714 6.000600000213376e-21 6.000600000213376e-21 6.000600000213376e-21 -2.3825545980571405e-08
0.001 1.0000999731091105e-20 1.0000999731091105e-20 1.0000999731091105e-20 -3.338382725814881e-08
29.999999999999996 3.000300019364487e-16 3.000300019364487e-16 3.000300019364487e-16 -3.338360343718705e-08
30.000099999999996 3.0003100778807355e-16 3.0003100778807355e-16 3.0003100778807355e-16 -3.33633671800726e-08
30.0003 3.0003299302154367e-16 3.0003299302154367e-16 3.0003299302154367e-16 -3.334337606020199e-08
30.0007 3.0003698995826353e-16 3.0003698995826353e-16 3.0003698995826353e-16 -3.33327996315802e-08
30.000822963459715 1.3145177168993882e-09 3.000382340379048e-16 3.000382340379048e-16 -3.330459819039788e-08
30.00089395658599 1.1245887776567542e-08 3.0003894872195405e-16 3.0003894872195405e-16 -1.1381767528462206e-08
30.000929659556963 3.6632979316664205e-08 3.000392928290889e-16 3.000392928290889e-16 7.932527523735189e-08
30.00095138410395 8.104142068532383e-08 3.000395045873257e-16 3.000395045873257e-16 2.8878517355224176e-07
30.000973762806378 1.719987778869836e-07 3.000397428153421e-16 3.000397428153421e-16 8.166318821167806e-07
30.00099274063684 2.935033478479454e-07 3.000399281037993e-16 3.000399281037993e-16 1.6297985894198064e-06
30.001 3.55972389343151e-07 3.000400075131381e-16 3.000400075131381e-16 2.0856273295066785e-06
30.06536597493395 0.0006722476682625711 3.006837260832718e-16 3.006837260832718e-16 0.0051895142532885075
30.129731949867896 0.0013375956332311034 3.0132744465340546e-16 3.0132744465340546e-16 0.010351349599659443
30.258465864059428 0.00264964671805501 3.026149082634524e-16 3.026149082634524e-16 0.020601734519004822
30.492840864059428 0.004989543929696083 3.0495891312630106e-16 3.0495891312630106e-16 0.03907056152820587
30.727215864059428 0.007268243469297886 3.073028915193701e-16 3.073028915193701e-16 0.05729566514492035
30.961590864059424 0.009478123858571053 3.096468699124392e-16 3.096468699124392e-16 0.07524403184652328
31.195965864059424 0.011619429104030132 3.1199084830550825e-16 3.1199084830550825e-16 0.09291347116231918
31.43034086405942 0.013692587614059448 3.143348266985773e-16 3.143348266985773e-16 0.1103028953075409
31.664715864059417 0.01569807156920433 3.16678831561426e-16 3.16678831561426e-16 0.12741132080554962
31.899090864059414 0.01763634756207466 3.1902280995449504e-16 3.1902280995449504e-16 0.1442374587059021
32.13346586405941 0.01950792782008648 3.213667883475641e-16 3.213667883475641e-16 0.160780131816864
32.36784086405941 0.02131337858736515 3.2371076674063317e-16 3.2371076674063317e-16 0.1770382970571518
32.6022158640594 0.02305334433913231 3.2605477160348184e-16 3.2605477160348184e-16 0.19301137328147888
32.8365908640594 0.024728551506996155 3.283987499965509e-16 3.283987499965509e-16 0.2086993306875229
33.305340864059396 0.027887478470802307 3.3308670678268903e-16 3.3308670678268903e-16 0.2392163723707199
33.539715864059396 0.029372669756412506 3.354306851757581e-16 3.354306851757581e-16 0.25404301285743713
33.77409086405939 0.030796144157648087 3.3777469003860676e-16 3.3777469003860676e-16 0.2685807943344116
34.00846586405939 0.03215888515114784 3.4011866843167583e-16 3.4011866843167583e-16 0.2828304171562195
34.24284086405939 0.03346189856529236 3.424626468247449e-16 3.424626468247449e-16 0.2967924177646637
34.47721586405938 0.034706197679042816 3.4480662521781395e-16 3.4480662521781395e-16 0.31046634912490845
34.71159086405938 0.03589288890361786 3.471506300806626e-16 3.471506300806626e-16 0.3238527178764343
34.94596586405938 0.037023141980171204 3.494946084737317e-16 3.494946084737317e-16 0.3369525969028473
35.180340864059374 0.03809814527630806 3.5183858686680075e-16 3.5183858686680075e-16 0.34976720809936523
35.64909086405937 0.04008740559220314 3.565265701227185e-16 3.565265701227185e-16 0.37454575300216675
35.88346586405937 0.04100431501865387 3.5887054851578754e-16 3.5887054851578754e-16 0.38651150465011597
36.11784086405937 0.041871294379234314 3.612145269088566e-16 3.612145269088566e-16 0.39819636940956116
36.58659086405936 0.04346118122339249 3.6590248369499474e-16 3.6590248369499474e-16 0.42073237895965576
36.82096586405935 0.04418695718050003 3.682464885578434e-16 3.682464885578434e-16 0.4315895438194275
37.28971586405935 0.045507896691560745 3.7293444534398153e-16 3.7293444534398153e-16 0.45249325037002563
37.524090864059346 0.046106189489364624 3.752784237370506e-16 3.752784237370506e-16 0.4625452756881714
37.758465864059346 0.04666506126523018 3.7762242859989926e-16 3.7762242859989926e-16 0.47233545780181885
37.99284086405934 0.047186024487018585 3.7996640699296833e-16 3.7996640699296833e-16 0.48186758160591125
38.22721586405934 0.04767065495252609 3.823103853860374e-16 3.823103853860374e-16 0.4911450743675232
38.46159086405934 0.0481206551194191 3.8465436377910645e-16 3.8465436377910645e-16 0.5001710057258606
38.69596586405933 0.048537712544202805 3.869983421721755e-16 3.869983421721755e-16 0.508948802947998
38.93034086405933 0.048923324793577194 3.893423470350242e-16 3.893423470350242e-16 0.5174828171730042
39.16471586405933 0.049278974533081055 3.9168632542809325e-16 3.9168632542809325e-16 0.5257775783538818
39.399090864059325 0.04960624873638153 3.940303038211623e-16 3.940303038211623e-16 0.5338371992111206
39.633465864059325 0.04990678280591965 3.963742822142314e-16 3.963742822142314e-16 0.5416657328605652
40.33659086405932 0.05066301301121712 4.0340624386321817e-16 4.0340624386321817e-16 0.5638105273246765
40.57096586405931 0.050871286541223526 4.0575022225628724e-16 4.0575022225628724e-16 0.5707612037658691
40.80534086405931 0.05105988681316376 4.080942271191359e-16 4.080942271191359e-16 0.5775045156478882
41.0397158640593 0.051230233162641525 4.1043820551220497e-16 4.1043820551220497e-16 0.5840451717376709
41.2740908640593 0.051383715122938156 4.1278218390527403e-16 4.1278218390527403e-16 0.5903878808021545
41.5084658640593 0.05152147635817528 4.151261622983431e-16 4.151261622983431e-16 0.5965377688407898
41.742840864059296 0.05164460465312004 4.1747014069141216e-16 4.1747014069141216e-16 0.602499783039093
41.977215864059296 0.05175432190299034 4.1981414555426083e-16 4.1981414555426083e-16 0.6082788705825806
42.21159086405929 0.05185180902481079 4.221581239473299e-16 4.221581239473299e-16 0.6138797402381897
42.44596586405929 0.0519380159676075 4.2450210234039895e-16 4.2450210234039895e-16 0.6193073987960815
42.68034086405929 0.05201387777924538 4.26846080733468e-16 4.26846080733468e-16 0.6245667934417725
42.91471586405928 0.05208040028810501 4.291900855963167e-16 4.291900855963167e-16 0.6296626329421997
43.14909086405928 0.05213845893740654 4.3153406398938575e-16 4.3153406398938575e-16 0.6345998048782349
43.383465864059275 0.05218884348869324 4.338780423824548e-16 4.338780423824548e-16 0.6393829584121704
43.617840864059275 0.05223231762647629 4.362220207755239e-16 4.362220207755239e-16 0.644016683101654
43.852215864059275 0.05226960778236389 4.3856599916859294e-16 4.3856599916859294e-16 0.6485056281089783
44.08659086405927 0.052301350980997086 4.409100040314416e-16 4.409100040314416e-16 0.652854323387146
44.32096586405927 0.05232815071940422 4.4325398242451067e-16 4.4325398242451067e-16 0.657067060470581
44.55534086405927 0.05235060676932335 4.455979872873593e-16 4.455979872873593e-16 0.6611483097076416
44.78971586405926 0.05236930772662163 4.479419392106488e-16 4.479419392106488e-16 0.6651023030281067
45.02409086405926 0.052384763956069946 4.502859440734975e-16 4.502859440734975e-16 0.6689331531524658
45.258465864059254 0.05239737033843994 4.526298959967869e-16 4.526298959967869e-16 0.6726449131965637
45.96159086405925 0.052421778440475464 4.596618576457737e-16 4.596618576457737e-16 0.6831046342849731
46.19596586405925 0.052426598966121674 4.620058625086224e-16 4.620058625086224e-16 0.686378538608551
46.43034086405924 0.052430249750614166 4.643498144319119e-16 4.643498144319119e-16 0.6895521879196167
46.66471586405924 0.052432939410209656 4.666938192947605e-16 4.666938192947605e-16 0.6926289796829224
46.89909086405924 0.05243486911058426 4.690378241576092e-16 4.690378241576092e-16 0.6956122517585754
47.13346586405923 0.05243620276451111 4.713817760808986e-16 4.713817760808986e-16 0.6985052227973938
47.36784086405923 0.05243706703186035 4.737257809437473e-16 4.737257809437473e-16 0.7013109922409058
48.070965864059225 0.05243799462914467 4.807577425927341e-16 4.807577425927341e-16 0.7092348337173462
48.30534086405922 0.05243804678320885 4.831016945160236e-16 4.831016945160236e-16 0.7117212414741516
48.53971586405922 0.05243805795907974 4.854456993788722e-16 4.854456993788722e-16 0.7141347527503967
48.77409086405921 0.05243806168437004 4.877897042417209e-16 4.877897042417209e-16 0.7164778709411621
49.477215864059204 0.05243805795907974 4.948216129511485e-16 4.948216129511485e-16 0.7231088280677795
49.711590864059204 0.05243805795907974 4.971656178139972e-16 4.971656178139972e-16 0.7251942157745361
49.945965864059204 0.05243805795907974 4.995096226768458e-16 4.995096226768458e-16 0.7272207140922546
50.1803408640592 0.05243805795907974 5.018535746001353e-16 5.018535746001353e-16 0.7291903495788574
50.4147158640592 0.05243805795907974 5.04197579462984e-16 5.04197579462984e-16 0.7311052083969116
50.64909086405919 0.05243805795907974 5.065415313862734e-16 5.065415313862734e-16 0.7329670786857605
50.88346586405919 0.05243805795907974 5.088855362491221e-16 5.088855362491221e-16 0.7347778677940369
51.35221586405918 0.05243805795907974 5.135734930352602e-16 5.135734930352602e-16 0.7382529973983765
51.58659086405918 0.05243805795907974 5.159174978981089e-16 5.159174978981089e-16 0.7399207949638367
51.820965864059175 0.05243805795907974 5.182615027609575e-16 5.182615027609575e-16 0.741544246673584
52.055340864059175 0.05243805795907974 5.20605454684247e-16 5.20605454684247e-16 0.743124783039093
52.289715864059175 0.05243805795907974 5.229494595470957e-16 5.229494595470957e-16 0.7446638345718384
52.52409086405917 0.05243805795907974 5.252934114703851e-16 5.252934114703851e-16 0.7461628317832947
52.75846586405917 0.05243805795907974 5.276374163332338e-16 5.276374163332338e-16 0.7476232051849365
52.99284086405916 0.05243805795907974 5.299814211960825e-16 5.299814211960825e-16 0.7490462064743042
53.22721586405916 0.05243805795907974 5.323253731193719e-16 5.323253731193719e-16 0.750433087348938
53.46159086405916 0.05243805795907974 5.346693779822206e-16 5.346693779822206e-16 0.7517850399017334
54.39909086405915 0.05243805795907974 5.440452915544969e-16 5.440452915544969e-16 0.7568662762641907
54.63346586405915 0.05243805795907974 5.463892964173455e-16 5.463892964173455e-16 0.7580601572990417
54.86784086405914 0.05243805795907974 5.487333012801942e-16 5.487333012801942e-16 0.7592254281044006
55.10221586405914 0.05243805795907974 5.510772532034836e-16 5.510772532034836e-16 0.760362982749939
55.33659086405914 0.05243805795907974 5.534212580663323e-16 5.534212580663323e-16 0.7614737153053284
55.57096586405913 0.05243805795907974 5.557652099896218e-16 5.557652099896218e-16 0.7625584006309509
55.80534086405913 0.05243805795907974 5.581092148524704e-16 5.581092148524704e-16 0.763617992401123
56.039715864059126 0.05243805795907974 5.604532197153191e-16 5.604532197153191e-16 0.764653205871582
57.21159086405911 0.05243805795907974 5.72173138150444e-16 5.72173138150444e-16 0.7694896459579468
57.44596586405911 0.05243805795907974 5.745170900737335e-16 5.745170900737335e-16 0.7703937888145447
57.68034086405911 0.05243805795907974 5.768610949365822e-16 5.768610949365822e-16 0.7712783217430115
57.914715864059104 0.05243805795907974 5.792050997994308e-16 5.792050997994308e-16 0.7721439003944397
58.500653364059104 0.05243805795907974 5.850650325472137e-16 5.850650325472137e-16 0.7742282152175903
59.08659086405909 0.05243805795907974 5.9092501823455575e-16 5.9092501823455575e-16 0.7762055993080139
59.32096586405909 0.05243805795907974 5.932689701578452e-16 5.932689701578452e-16 0.7769683003425598
59.55534086405909 0.05243805795907974 5.956129750206939e-16 5.956129750206939e-16 0.7777155041694641
59.99999999999999 0.05243805795907974 6.000600038728974e-16 6.000600038728974e-16 0.7790958285331726
60.000099999999996 0.05243805795907974 6.000610097245222e-16 6.000610097245222e-16 0.7790952920913696
60.000299999999996 0.05243780463933945 6.00063021427772e-16 6.00063021427772e-16 0.7790947556495667
60.000699999999995 0.0524347648024559 6.000669918947122e-16 6.000669918947122e-16 0.7790945172309875
60.001000000000005 0.05242917686700821 6.000700094495868e-16 6.000700094495868e-16 0.7790945172309875
60.082880000000735 0.04394072666764259 6.008888785513449e-16 6.008888785513449e-16 0.7790945172309875
60.16476000000147 0.03614572808146477 6.01707747653103e-16 6.01707747653103e-16 0.7790945172309875
60.328600000002936 0.022497935220599174 6.033463328895664e-16 6.033463328895664e-16 0.7790945172309875
60.562975000002936 0.006037295795977116 6.056903377524151e-16 6.056903377524151e-16 0.7790945172309875
60.657479311865075 0.0008579045534133911 6.066354677028733e-16 6.066354677028733e-16 0.7790945172309875
60.68617502549087 9.681343362899497e-05 6.069224530533149e-16 6.069224530533149e-16 0.7790945172309875
60.7107713044425 -3.338360698990073e-08 6.071684102453739e-16 6.071684102453739e-16 0.7790945172309875
89.99999999999999 -3.3361995832592584e-08 9.000900322791256e-16 9.000900322791256e-16 0.7790945172309875
90.0001 -3.335616582944567e-08 9.000909851911913e-16 9.000909851911913e-16 0.7790945172309875
90.0003 -3.3337443028358393e-08 9.00092996894441e-16 9.00092996894441e-16 0.7790945172309875
90.0007 -3.330226761022459e-08 9.000970203009405e-16 9.000970203009405e-16 0.7790945172309875
90.00082296378227 -3.3270886490299745e-08 1.3145515787016393e-09 9.00098184971243e-16 0.7790945172309875
90.00089395683737 -1.134810734271241e-08 1.1246055642288866e-08 9.000989261250718e-16 0.7790945172309875
90.0009296597836 7.93600634096947e-08 3.663337722059623e-08 9.000993496415454e-16 0.7790945172309875
90.00095138429334 2.8882161018373154e-07 8.104205306835865e-08 9.000995613997823e-16 0.7790945172309875
90.00097376295103 8.166713882928889e-07 1.719997300142495e-07 9.00099773158019e-16 0.7790945172309875
90.00099274080094 1.6298423588523292e-06 2.935048541985452e-07 9.000998790371375e-16 0.7790945172309875
90.001 2.0856621176790213e-06 3.5597261671682645e-07 9.000999849162559e-16 0.7790945172309875
90.03318240812673 0.0025989520363509655 0.0003371143830008805 9.004218574362125e-16 0.7790945172309875
90.06536481625346 0.005189421586692333 0.000672234920784831 9.007437299561692e-16 0.7790945172309875
90.12973159682515 0.010351321659982204 0.0013375920243561268 9.013874749960824e-16 0.7790945172309875
90.25846515796856 0.020601946860551834 0.002649677451699972 9.026748591967905e-16 0.7790945172309875
90.49284015796856 0.039072006940841675 0.004989746026694775 9.050189169991984e-16 0.7790945172309875
90.72721515796856 0.0572982020676136 0.0072685908526182175 9.073628689224879e-16 0.7790945172309875
90.96159015796857 0.07524728029966354 0.009478555992245674 9.097068208457773e-16 0.7790945172309875
91.19596515796857 0.09291819483041763 0.011620037257671356 9.120508786481852e-16 0.7790945172309875
91.66471515796857 0.12742158770561218 0.01569930464029312 9.167387824947641e-16 0.7790945172309875
92.13346515796859 0.16079610586166382 0.019509704783558846 9.214267922204615e-16 0.7790945172309875
92.36784015796859 0.1770566701889038 0.021315349265933037 9.23770744143751e-16 0.7790945172309875
92.6022151579686 0.1930309534072876 0.023055383935570717 9.261148019461588e-16 0.7790945172309875
92.8365901579686 0.20871855318546295 0.024730520322918892 9.284587538694483e-16 0.7790945172309875
93.0709651579686 0.22411879897117615 0.026341484859585762 9.308027057927377e-16 0.7790945172309875
93.3053401579686 0.23923078179359436 0.02788902074098587 9.331466577160272e-16 0.7790945172309875
93.53971515796862 0.25405454635620117 0.02937399223446846 9.35490715518435e-16 0.7790945172309875
94.24284015796863 0.29679930210113525 0.03346288949251175 9.425226771674219e-16 0.7790945172309875
94.47721515796863 0.31047379970550537 0.03470717370510101 9.448666290907113e-16 0.7790945172309875
94.71159015796863 0.3238610327243805 0.035893846303224564 9.472105810140008e-16 0.7790945172309875
94.94596515796863 0.3369610607624054 0.037024058401584625 9.495546388164086e-16 0.7790945172309875
95.18034015796864 0.349775493144989 0.0380990207195282 9.518985907396981e-16 0.7790945172309875
95.64909015796864 0.3745536506175995 0.040088213980197906 9.565866004653954e-16 0.7790945172309875
95.88346515796866 0.38651925325393677 0.04100508987903595 9.58930552388685e-16 0.7790945172309875
96.11784015796866 0.3982042074203491 0.041872020810842514 9.612745043119744e-16 0.7790945172309875
96.35221515796866 0.40961113572120667 0.042690400034189224 9.636184562352638e-16 0.7790945172309875
96.58659015796866 0.4207426905632019 0.043461643159389496 9.659625140376717e-16 0.7790945172309875
96.82096515796867 0.4316006898880005 0.044187281280756 9.683064659609612e-16 0.7790945172309875
97.05534015796867 0.4421868622303009 0.04486891254782677 9.706504178842506e-16 0.7790945172309875
97.28971515796867 0.45250430703163147 0.045508064329624176 9.729944756866585e-16 0.7790945172309875
97.52409015796869 0.46255677938461304 0.04610621929168701 9.75338427609948e-16 0.7790945172309875
97.75846515796869 0.4723471701145172 0.04666499048471451 9.776823795332374e-16 0.7790945172309875
97.99284015796869 0.4818785786628723 0.0471859872341156 9.800264373356453e-16 0.7790945172309875
98.22721515796869 0.4911549687385559 0.04767073690891266 9.823703892589348e-16 0.7790945172309875
98.4615901579687 0.5001800060272217 0.04812084138393402 9.847143411822242e-16 0.7790945172309875
98.9303401579687 0.5174916982650757 0.04892335832118988 9.894023509079215e-16 0.7790945172309875
99.16471515796871 0.525786280632019 0.049278974533081055 9.91746302831211e-16 0.7790945172309875
99.39909015796871 0.5338451862335205 0.04960636422038078 9.940902547545005e-16 0.7790945172309875
99.63346515796871 0.5416732430458069 0.04990697652101517 9.964343125569083e-16 0.7790945172309875
100.33659015796873 0.5638184547424316 0.05066263675689697 1.0034662742058951e-15 0.7790945172309875
100.57096515796873 0.5707690715789795 0.05087077617645264 1.0058102261291846e-15 0.7790945172309875
100.80534015796873 0.5775120258331299 0.05105944722890854 1.008154178052474e-15 0.7790945172309875
101.03971515796874 0.5840522646903992 0.05122987926006317 1.010498235854882e-15 0.7790945172309875
101.50846515796874 0.5965447425842285 0.051520854234695435 1.0151861397014609e-15 0.7790945172309875
101.74284015796876 0.6025065779685974 0.05164395645260811 1.0175300916247503e-15 0.7790945172309875
101.97721515796876 0.6082853078842163 0.05175374820828438 1.0198741494271582e-15 0.7790945172309875
102.44596515796876 0.6193135380744934 0.05193738266825676 1.0245620532737371e-15 0.7790945172309875
102.68034015796877 0.6245726943016052 0.05201327055692673 1.026906111076145e-15 0.7790945172309875
102.91471515796877 0.6296683549880981 0.052079785615205765 1.0292500629994344e-15 0.7790945172309875
103.38346515796879 0.6393883228302002 0.0521879568696022 1.0339380727251318e-15 0.7790945172309875
103.61784015796879 0.6440219283103943 0.0522313192486763 1.0362820246484212e-15 0.7790945172309875
103.85221515796879 0.6485106945037842 0.05226859077811241 1.0386259765717107e-15 0.7790945172309875
104.08659015796879 0.6528592109680176 0.05230044201016426 1.0409700343741186e-15 0.7790945172309875
104.3209651579688 0.6570719480514526 0.05232743173837662 1.043313986297408e-15 0.7790945172309875
104.5553401579688 0.6611530780792236 0.05235009640455246 1.0456579382206975e-15 0.7790945172309875
105.02409015796881 0.6689378023147583 0.05238454043865204 1.0503459479463948e-15 0.7790945172309875
105.25846515796881 0.6726495027542114 0.05239724740386009 1.0526898998696843e-15 0.7790945172309875
105.49284015796881 0.6762460470199585 0.05240749567747116 1.0550338517929738e-15 0.7790945172309875
105.72721515796881 0.6797313690185547 0.0524156391620636 1.0573779095953816e-15 0.7790945172309875
105.96159015796883 0.6831091046333313 0.052421990782022476 1.059721861518671e-15 0.7790945172309875
106.19596515796883 0.6863830089569092 0.05242687091231346 1.0620658134419605e-15 0.7790945172309875
107.36784015796884 0.70131516456604 0.05243751406669617 1.0737857848166447e-15 0.7790945172309875
107.60221515796886 0.7040368318557739 0.052438072860240936 1.0761297367399341e-15 0.7790945172309875
107.83659015796886 0.7066771984100342 0.052438393235206604 1.0784736886632236e-15 0.7790945172309875
108.07096515796886 0.7092393040657043 0.052438560873270035 1.0808177464656315e-15 0.7790945172309875
108.30534015796886 0.7117257714271545 0.052438635379076004 1.083161698388921e-15 0.7790945172309875
108.53971515796887 0.7141392230987549 0.05243866145610809 1.0855056503122104e-15 0.7790945172309875
108.77409015796887 0.7164822816848755 0.05243866890668869 1.0878497081146183e-15 0.7790945172309875
109.00846515796887 0.7187573909759521 0.05243866518139839 1.0901936600379077e-15 0.7790945172309875
109.24284015796889 0.7209668755531311 0.05243866518139839 1.0925376119611972e-15 0.7790945172309875
110.88346515796891 0.7347810864448547 0.05243866518139839 1.1089454871824602e-15 0.7790945172309875
111.11784015796891 0.7365424036979675 0.05243866518139839 1.1112895449848681e-15 0.7790945172309875
111.35221515796891 0.7382561564445496 0.05243866518139839 1.1136334969081576e-15 0.7790945172309875
111.58659015796891 0.7399239540100098 0.05243866518139839 1.115977448831447e-15 0.7790945172309875
113.93034015796896 0.7543906569480896 0.05243866518139839 1.1394172857016969e-15 0.7790945172309875
114.16471515796897 0.7556445002555847 0.05243866518139839 1.1417613435041048e-15 0.7790945172309875
114.39909015796897 0.7568678259849548 0.05243866518139839 1.1441052954273942e-15 0.7790945172309875
114.63346515796897 0.7580615878105164 0.05243866518139839 1.1464492473506837e-15 0.7790945172309875
115.80534015796898 0.7636188864707947 0.05243866518139839 1.1581692187253678e-15 0.7790945172309875
116.039715157969 0.7646540999412537 0.05243866518139839 1.1605131706486573e-15 0.7790945172309875
116.274090157969 0.7656657099723816 0.05243866518139839 1.1628572284510651e-15 0.7790945172309875
116.508465157969 0.7666544914245605 0.05243866518139839 1.1652011803743546e-15 0.7790945172309875
119.99999999999999 0.7790964245796204 0.05243866518139839 1.2001200077457947e-15 0.7790945172309875
120.0001 0.7790958285331726 0.05243866518139839 1.2001209606578604e-15 0.7790945172309875
120.0003 0.7790951728820801 0.05243866518139839 1.2001229723611101e-15 0.7790945172309875
120.0007 0.779094934463501 0.05243866518139839 1.2001269957676096e-15 0.7790945172309875
120.001 0.779094934463501 0.05243866518139839 1.200129960382925e-15 0.7790945172309875
128.61703263008 0.779094934463501 0.05243866518139839 0.048564597964286804 0.7790945172309875
137.23306526015998 0.779094934463501 0.05243866518139839 0.0941297858953476 0.7790945172309875
137.46744026015995 0.779094934463501 0.05243866518139839 0.09532774984836578 0.7790945172309875
137.70181526015995 0.779094934463501 0.05243866518139839 0.09652353078126907 0.7790945172309875
137.93619026015995 0.779094934463501 0.05243866518139839 0.09771712869405746 0.7790945172309875
143.96809513007997 0.779094934463501 0.05243866518139839 0.12768878042697906 0.7790945172309875
150.0 0.779094934463501 0.05243866518139839 0.1562398225069046 0.7790945172309875
150.0001 0.779094934463501 0.05243866518139839 0.15624047815799713 0.7790945172309875
150.0003 0.779094934463501 0.05243866518139839 0.15624111890792847 0.7790945172309875
150.0007 0.779094934463501 0.05243866518139839 0.15623940527439117 0.7790945172309875
150.001 0.779094934463501 0.05243866518139839 0.1562364399433136 0.7790945172309875
150.00608000000008 0.7791079878807068 0.05243866518139839 0.1562364399433136 0.7790945172309875
150.01116000000016 0.7791210412979126 0.05243866518139839 0.1562364399433136 0.7790945172309875
150.02140000000034 0.7791472673416138 0.05243866518139839 0.1562364399433136 0.7790945172309875
150.04188000000067 0.7791996598243713 0.05243866518139839 0.1562364399433136 0.7790945172309875
150.0828400000013 0.7793041467666626 0.05243866518139839 0.1562364399433136 0.7790945172309875
150.32860000000517 0.7799234986305237 0.05243866518139839 0.1562364399433136 0.7790945172309875
150.56297500000517 0.7805044651031494 0.05243866518139839 0.1562364399433136 0.7790945172309875
151.03172500000514 0.7816380858421326 0.05243866518139839 0.1562364399433136 0.7790945172309875
151.26610000000514 0.7821905612945557 0.05243866518139839 0.1562364399433136 0.7790945172309875
151.5004750000051 0.7827337384223938 0.05243866518139839 0.1562364399433136 0.7790945172309875
151.7348500000051 0.7832677960395813 0.05243866518139839 0.1562364399433136 0.7790945172309875
159.2348500000048 0.7966179251670837 0.05243866518139839 0.1562364399433136 0.7790945172309875
159.4692250000048 0.7969439029693604 0.05243866518139839 0.1562364399433136 0.7790945172309875
159.7036000000048 0.7972655892372131 0.05243866518139839 0.1562364399433136 0.7790945172309875
159.93797500000477 0.7975831031799316 0.05243866518139839 0.1562364399433136 0.7790945172309875
166.0317250000045 0.8045889139175415 0.05243866518139839 0.1562364399433136 0.7790945172309875
172.1254750000043 0.8098064661026001 0.05243866518139839 0.1562364399433136 0.7790945172309875
172.35985000000426 0.8099809288978577 0.05243866518139839 0.1562364399433136 0.7790945172309875
172.59422500000426 0.8101536631584167 0.05243866518139839 0.1562364399433136 0.7790945172309875
172.82860000000426 0.8103247284889221 0.05243866518139839 0.1562364399433136 0.7790945172309875
178.45360000000403 0.8139898180961609 0.05243866518139839 0.1562364399433136 0.7790945172309875
178.687975000004 0.8141262531280518 0.05243866518139839 0.1562364399433136 0.7790945172309875
178.922350000004 0.8142614960670471 0.05243866518139839 0.1562364399433136 0.7790945172309875
179.156725000004 0.8143956661224365 0.05243866518139839 0.1562364399433136 0.7790945172309875
179.99999999999997 0.8148692846298218 0.05243866518139839 0.1562364399433136 0.7790945172309875
180.0001 0.8148691058158875 0.05243866518139839 0.1562364399433136 0.7790945172309875
180.0003 0.8148688673973083 0.05243866518139839 0.15623614192008972 0.7790945172309875
180.0007 0.8148688077926636 0.05243866518139839 0.15623249113559723 0.7790945172309875
180.001 0.8148688077926636 0.05243866518139839 0.15622574090957642 0.7790945172309875
180.16480000000257 0.8148688077926636 0.05243866518139839 0.13484980165958405 0.7790945172309875
180.32860000000517 0.8148688077926636 0.05243866518139839 0.11375663429498672 0.7790945172309875
180.56297500000517 0.8148688077926636 0.05243866518139839 0.08463406562805176 0.7790945172309875
180.79735000000514 0.8148688077926636 0.05243866518139839 0.05770101770758629 0.7790945172309875
181.03172500000514 0.8148688077926636 0.05243866518139839 0.03431997075676918 0.7790945172309875
181.26610000000514 0.8148688077926636 0.05243866518139839 0.015434406697750092 0.7790945172309875
181.5004750000051 0.8148688077926636 0.05243866518139839 0.0012708137510344386 0.7790945172309875
181.547859799145 0.8148688077926636 0.05243866518139839 2.99222010653466e-05 0.7790945172309875
181.57995331331426 0.8148688077926636 0.05243866518139839 -3.338360343718705e-08 0.7790945172309875
204.85191804598506 0.8148688077926636 0.05243866518139839 -3.338360343718705e-08 0.7790945172309875
209.99999999999997 0.8148688077926636 0.05243866518139839 -3.33393863627407e-08 0.7790945172309875
210.00009999999997 0.8148688077926636 0.05243866518139839 -3.334862697101926e-08 0.7790945172309875
210.0003 0.8148688077926636 0.05243866518139839 -3.332990416993198e-08 0.7790945172309875
210.00070000000002 0.8148688077926636 0.05243866518139839 -3.327048148094036e-08 0.7790945172309875
210.00100000000003 0.8148688077926636 0.05243866518139839 -3.325250474972563e-08 0.7790945172309875
224.76633345487656 0.8148688077926636 0.05243866518139839 0.03189491853117943 0.7790945172309875
239.5316669097531 0.8148688077926636 0.05243866518139839 0.062158264219760895 0.7790945172309875
239.7660419097531 0.8148688077926636 0.05243866518139839 0.06262573599815369 0.7790945172309875
239.99999999999997 0.8148688077926636 0.05243866518139839 0.06309206783771515 0.7790945172309875
