time a b c w1
0.0 0.0 0.0 0.0 0.0
2.34374997708231e-06 2.34398437508335e-23 1.0801570415496826 2.34398437508335e-23 2.34398437508335e-23
2.3531289769906394e-06 2.35336424679079e-23 1.0037916898727417 2.35336424679079e-23 2.35336424679079e-23
2.3718869768072985e-06 2.372124147977851e-23 0.9922298789024353 2.372124147977851e-23 2.372124147977851e-23
2.449126245505041e-06 2.449371143311084e-23 0.9876051545143127 2.449371143311084e-23 2.449371143311084e-23
0.00019360463173130613 1.9362399824984054e-21 0.9876051545143127 1.9362399824984054e-21 1.9362399824984054e-21
0.00038480681743822704 3.8484529531415596e-21 0.9876051545143127 3.8484529531415596e-21 -5.559572802127377e-09
0.0007672111888520689 7.672878894427868e-21 0.9876051545143127 7.672878894427868e-21 -2.705564838834107e-08
0.001 1.0000999731091105e-20 0.9876051545143127 1.0000999731091105e-20 -3.338777787575964e-08
29.999999999999996 3.000300019364487e-16 0.9876051545143127 3.000300019364487e-16 -3.338760379278938e-08
30.000099999999996 3.0003100778807355e-16 0.9876051545143127 3.0003100778807355e-16 -3.336576170909211e-08
30.0003 3.0003299302154367e-16 0.9876051545143127 3.0003299302154367e-16 -3.33441789734934e-08
30.0007 2.5433111224145398e-14 0.9876051545143127 3.0003698995826353e-16 -3.3332760551729734e-08
30.000822963428664 2.1786211945595824e-08 0.9876051545143127 3.000382340379048e-16 -2.5369139677877683e-08
30.000893956482596 1.0758940760524638e-07 0.9876051545143127 3.0003894872195405e-16 6.939018248885986e-08
30.000929739965674 2.354558148454089e-07 0.9876051545143127 3.000392928290889e-16 2.0350587703887868e-07
30.00095139174261 3.731090600922471e-07 0.9876051545143127 3.000395045873257e-16 3.1887014984022244e-07
30.000963519204525 4.926710062136408e-07 0.9876051545143127 3.000396369362237e-16 5.293828735375428e-07
30.000972904469066 6.325485628622118e-07 0.9876051545143127 3.000397428153421e-16 9.76227170212951e-07
30.000984305231267 8.652990004520689e-07 0.9876051545143127 3.000398486944605e-16 1.924729303937056e-06
30.001 1.2468728982639732e-06 0.9876051545143127 3.000400075131381e-16 3.6152594020677498e-06
30.35872165880179 0.010373431257903576 0.9876051545143127 3.0361755704498507e-16 0.05047960579395294
30.716443317603577 0.020385203883051872 0.9876051545143127 3.071951595163912e-16 0.09991520643234253
30.950818317603574 0.02674126625061035 0.9876051545143127 3.095391379094603e-16 0.1317116767168045
31.18519331760357 0.032925114035606384 0.9876051545143127 3.1188311630252934e-16 0.16300234198570251
31.653943317603566 0.044757962226867676 0.9876051545143127 3.1657109955844707e-16 0.22399590909481049
31.888318317603563 0.05039774253964424 0.9876051545143127 3.1891507795151614e-16 0.2536619007587433
32.357068317603556 0.06110089644789696 0.9876051545143127 3.2360303473765427e-16 0.311235249042511
32.82581831760355 0.07100536674261093 0.9876051545143127 3.28291017993572e-16 0.3663278818130493
33.06019331760355 0.07564730942249298 0.9876051545143127 3.3063499638664106e-16 0.3928913176059723
33.52894331760354 0.08429121971130371 0.9876051545143127 3.353229531727792e-16 0.4439452290534973
33.997693317603535 0.09206056594848633 0.9876051545143127 3.400109364286969e-16 0.4920933246612549
34.466443317603535 0.09893789887428284 0.9876051545143127 3.4469889321483505e-16 0.5371725559234619
35.16956831760352 0.10757452249526978 0.9876051545143127 3.5173085486382184e-16 0.5987260341644287
35.40394331760352 0.11001212894916534 0.9876051545143127 3.540748332568909e-16 0.6175703406333923
35.63831831760352 0.11223530024290085 0.9876051545143127 3.5641881164995997e-16 0.6355621218681335
35.87269331760351 0.11424966156482697 0.9876051545143127 3.5876281651280864e-16 0.6526967883110046
36.10706831760351 0.11606219410896301 0.9876051545143127 3.611067949058777e-16 0.668973445892334
36.341443317603506 0.1176811084151268 0.9876051545143127 3.6345077329894677e-16 0.6843952536582947
36.575818317603506 0.11911585181951523 0.9876051545143127 3.6579475169201583e-16 0.6989694833755493
36.810193317603506 0.12037694454193115 0.9876051545143127 3.681387565548645e-16 0.7127076387405396
37.0445683176035 0.12147583067417145 0.9876051545143127 3.7048273494793356e-16 0.7256255149841309
37.2789433176035 0.12242467701435089 0.9876051545143127 3.7282671334100263e-16 0.7377429008483887
37.5133183176035 0.12323617190122604 0.9876051545143127 3.751706917340717e-16 0.7490835189819336
37.74769331760349 0.12392324954271317 0.9876051545143127 3.7751467012714075e-16 0.7596745491027832
38.91956831760348 0.1259295642375946 0.9876051545143127 3.892346150320453e-16 0.8025193810462952
39.15394331760348 0.12612475454807281 0.9876051545143127 3.9157859342511434e-16 0.8093135952949524
39.38831831760347 0.12627531588077545 0.9876051545143127 3.939225718181834e-16 0.8156000375747681
39.62269331760347 0.12638941407203674 0.9876051545143127 3.9626655021125247e-16 0.8214146494865417
40.09144331760346 0.126535564661026 0.9876051545143127 4.009545334671702e-16 0.8317661881446838
40.32581831760346 0.1265789270401001 0.9876051545143127 4.0329851186023927e-16 0.8363680839538574
40.560193317603456 0.12660855054855347 0.9876051545143127 4.0564249025330833e-16 0.8406277298927307
40.794568317603456 0.12662798166275024 0.9876051545143127 4.079864686463774e-16 0.8445730805397034
41.028943317603456 0.12664006650447845 0.9876051545143127 4.1033047350922606e-16 0.8482301831245422
41.26331831760345 0.12664709985256195 0.9876051545143127 4.1267445190229513e-16 0.8516231179237366
41.73206831760344 0.12665250897407532 0.9876051545143127 4.1736240868843325e-16 0.8577035069465637
42.903943317603435 0.1266530305147171 0.9876051545143127 4.290823271235582e-16 0.8696286082267761
43.13831831760343 0.1266530305147171 0.9876051545143127 4.3142633198640684e-16 0.8715692758560181
43.37269331760343 0.1266530305147171 0.9876051545143127 4.337703103794759e-16 0.873389482498169
43.60706831760342 0.1266530305147171 0.9876051545143127 4.3611428877254497e-16 0.8750988841056824
44.07581831760342 0.1266530305147171 0.9876051545143127 4.408022720284627e-16 0.8782197833061218
44.77894331760341 0.1266530305147171 0.9876051545143127 4.478342072076699e-16 0.8822662234306335
45.24769331760341 0.1266530305147171 0.9876051545143127 4.52522163993808e-16 0.8846114277839661
45.4820683176034 0.1266530305147171 0.9876051545143127 4.548661688566567e-16 0.8856934309005737
45.7164433176034 0.1266530305147171 0.9876051545143127 4.572101737195054e-16 0.8867206573486328
45.95081831760339 0.1266530305147171 0.9876051545143127 4.595541256427948e-16 0.8876970410346985
46.18519331760339 0.1266530305147171 0.9876051545143127 4.618981305056435e-16 0.8886260390281677
46.41956831760339 0.1266530305147171 0.9876051545143127 4.642420824289329e-16 0.8895108699798584
46.653943317603385 0.1266530305147171 0.9876051545143127 4.665860872917816e-16 0.8903545141220093
46.888318317603385 0.1266530305147171 0.9876051545143127 4.689300921546303e-16 0.8911595344543457
47.122693317603385 0.1266530305147171 0.9876051545143127 4.712740440779197e-16 0.8919285535812378
47.35706831760338 0.1266530305147171 0.9876051545143127 4.736180489407684e-16 0.8926637172698975
47.59144331760338 0.1266530305147171 0.9876051545143127 4.759620008640579e-16 0.8933672904968262
47.82581831760337 0.1266530305147171 0.9876051545143127 4.783060057269065e-16 0.8940411806106567
48.06019331760337 0.1266530305147171 0.9876051545143127 4.806500105897552e-16 0.8946871161460876
48.29456831760337 0.1266530305147171 0.9876051545143127 4.829939625130447e-16 0.8953068256378174
48.528943317603364 0.1266530305147171 0.9876051545143127 4.853379673758933e-16 0.8959017395973206
49.23206831760336 0.1266530305147171 0.9876051545143127 4.923699290248801e-16 0.8975520133972168
49.46644331760336 0.1266530305147171 0.9876051545143127 4.947138809481696e-16 0.8980612754821777
49.93519331760335 0.1266530305147171 0.9876051545143127 4.994018906738669e-16 0.8990251421928406
50.63831831760334 0.1266530305147171 0.9876051545143127 5.064337993832945e-16 0.9003480672836304
51.34144331760333 0.1266530305147171 0.9876051545143127 5.134657610322813e-16 0.9015425443649292
52.04456831760332 0.1266530305147171 0.9876051545143127 5.204977226812681e-16 0.9026264548301697
52.747693317603314 0.1266530305147171 0.9876051545143127 5.275296843302549e-16 0.9036144614219666
53.21644331760331 0.1266530305147171 0.9876051545143127 5.32217641116393e-16 0.9042260646820068
54.62269331760329 0.1266530305147171 0.9876051545143127 5.462815644143666e-16 0.9058679342269897
55.325818317603286 0.1266530305147171 0.9876051545143127 5.533135260633534e-16 0.9065957069396973
57.43519331760326 0.1266530305147171 0.9876051545143127 5.744093580707546e-16 0.9084834456443787
58.13831831760325 0.1266530305147171 0.9876051545143127 5.814413197197414e-16 0.9090306758880615
59.99999999999999 0.1266530305147171 0.9876051545143127 6.000600038728974e-16 0.9103228449821472
60.000099999999996 0.1266530305147171 0.9876051545143127 6.000610097245222e-16 0.9103226661682129
60.000299999999996 0.12665271759033203 0.9876051545143127 6.00063021427772e-16 0.9103224277496338
60.000699999999995 0.12664876878261566 0.9876051545143127 6.000669918947122e-16 0.9103223085403442
60.001000000000005 0.12664146721363068 0.9876051545143127 6.000700094495868e-16 0.9103223085403442
60.082880000000735 0.11512701213359833 0.9876051545143127 6.008888785513449e-16 0.9103223085403442
60.16476000000147 0.1038028672337532 0.9876051545143127 6.01707747653103e-16 0.9103223085403442
60.328600000002936 0.08204278349876404 0.9876051545143127 6.033463328895664e-16 0.9103223085403442
60.562975000002936 0.05350596085190773 0.9876051545143127 6.056903377524151e-16 0.9103223085403442
60.79735000000293 0.029226593673229218 0.9876051545143127 6.080342896757046e-16 0.9103223085403442
61.03172500000293 0.00969969853758812 0.9876051545143127 6.103782945385532e-16 0.9103223085403442
61.15473088935619 0.0017887209542095661 0.9876051545143127 6.116084510757625e-16 0.9103223085403442
61.195866262071526 8.856363274389878e-05 0.9876051545143127 6.120198443903321e-16 0.9103223085403442
61.20217671005866 -3.3387607345503056e-08 0.9876051545143127 6.120829483449025e-16 0.9103223085403442
89.99999999999999 -3.339608767305435e-08 0.9876051545143127 9.000900322791256e-16 0.9103223085403442
90.0001 -3.336858966918044e-08 0.9876051545143127 9.000909851911913e-16 0.9103223085403442
90.0003 -3.33441789734934e-08 0.9876051545143127 9.00092996894441e-16 0.9103223085403442
90.0007 -3.332865361471704e-08 0.9876051545143127 9.000970203009405e-16 0.9103223085403442
90.001 -3.331446407628391e-08 0.9876051545143127 9.000999849162559e-16 0.9103223085403442
119.99999999999999 -3.331446407628391e-08 0.9876051545143127 1.2001200077457947e-15 0.9103223085403442
120.0001 -3.331446407628391e-08 0.9876051545143127 1.2001209606578604e-15 0.9103223085403442
120.0003 -3.331446407628391e-08 0.9876051545143127 1.2001229723611101e-15 0.9103223085403442
120.0007 -3.331446407628391e-08 0.9876051545143127 1.2001269957676096e-15 0.9103223085403442
120.001 -3.331446407628391e-08 0.9876051545143127 1.200129960382925e-15 0.9103223085403442
126.9933398946539 -3.331446407628391e-08 0.9876051545143127 0.018420908600091934 0.9103223085403442
133.9856797893078 -3.331446407628391e-08 0.9876051545143127 0.03656318411231041 0.9103223085403442
134.22005478930777 -3.331446407628391e-08 0.9876051545143127 0.03716643154621124 0.9103223085403442
134.45442978930777 -3.331446407628391e-08 0.9876051545143127 0.03776935860514641 0.9103223085403442
134.68880478930777 -3.331446407628391e-08 0.9876051545143127 0.038371969014406204 0.9103223085403442
142.34440239465388 -3.331446407628391e-08 0.9876051545143127 0.05788082629442215 0.9103223085403442
150.0 -3.331446407628391e-08 0.9876051545143127 0.07704821974039078 0.9103223085403442
150.0001 -3.331446407628391e-08 0.9876051545143127 0.07704866677522659 0.9103223085403442
150.0003 -3.331446407628391e-08 0.9876051545143127 0.07705134153366089 0.9103223085403442
150.0007 4.651823104495634e-08 0.9876051545143127 0.07706237584352493 0.9103223085403442
150.00082296355635 4.773727937390504e-07 0.9876051545143127 0.07706720381975174 0.9103223085403442
150.00089445822874 1.519420607110078e-06 0.9876051545143127 0.0770701915025711 0.9103223085403442
150.00093178201772 2.907708221755456e-06 0.9876051545143127 0.07707154005765915 0.9103223085403442
150.00096603586613 5.309989319357555e-06 0.9876051545143127 0.07707265019416809 0.9103223085403442
150.00099847627905 8.543253898096737e-06 0.9876051545143127 0.07707364112138748 0.9103223085403442
150.001 8.73046155902557e-06 0.9876051545143127 0.07707368582487106 0.9103223085403442
150.31790312931673 0.04368291050195694 0.9876051545143127 0.08590126782655716 0.9103223085403442
150.63480625863343 0.08655424416065216 0.9876051545143127 0.09445355087518692 0.9103223085403442
150.86918125863343 0.11774119734764099 0.9876051545143127 0.10060212761163712 0.9103223085403442
151.10355625863343 0.14844316244125366 0.9876051545143127 0.10658711940050125 0.9103223085403442
151.3379312586334 0.1786457598209381 0.9876051545143127 0.11240492761135101 0.9103223085403442
151.5723062586334 0.2083330750465393 0.9876051545143127 0.11805165559053421 0.9103223085403442
151.8066812586334 0.23748862743377686 0.9876051545143127 0.12352334707975388 0.9103223085403442
152.04105625863338 0.26609542965888977 0.9876051545143127 0.12881606817245483 0.9103223085403442
152.50980625863338 0.32159215211868286 0.9876051545143127 0.13884904980659485 0.9103223085403442
153.21293125863335 0.4002698063850403 0.9876051545143127 0.15246164798736572 0.9103223085403442
153.68168125863332 0.4494570791721344 0.9876051545143127 0.16053998470306396 0.9103223085403442
154.1504312586333 0.4958578646183014 0.9876051545143127 0.16779673099517822 0.9103223085403442
154.6191812586333 0.5393306016921997 0.9876051545143127 0.17422011494636536 0.9103223085403442
155.32230625863326 0.598783016204834 0.9876051545143127 0.18229514360427856 0.9103223085403442
155.79105625863323 0.6344491839408875 0.9876051545143127 0.1866639256477356 0.9103223085403442
156.02543125863323 0.6510727405548096 0.9876051545143127 0.18855679035186768 0.9103223085403442
156.2598062586332 0.6668884754180908 0.9876051545143127 0.190263569355011 0.9103223085403442
156.4941812586332 0.6818996667861938 0.9876051545143127 0.1917918473482132 0.9103223085403442
156.7285562586332 0.6961132287979126 0.9876051545143127 0.19315022230148315 0.9103223085403442
156.96293125863318 0.7095396518707275 0.9876051545143127 0.19434821605682373 0.9103223085403442
157.19730625863318 0.7221931219100952 0.9876051545143127 0.19539612531661987 0.9103223085403442
157.43168125863318 0.7340914607048035 0.9876051545143127 0.19630487263202667 0.9103223085403442
158.36918125863312 0.7745996713638306 0.9876051545143127 0.19877803325653076 0.9103223085403442
158.60355625863312 0.783095121383667 0.9876051545143127 0.19916296005249023 0.9103223085403442
158.83793125863312 0.7910013198852539 0.9876051545143127 0.19947558641433716 0.9103223085403442
159.0723062586331 0.7983505725860596 0.9876051545143127 0.19972585141658783 0.9103223085403442
159.5410562586331 0.8115071654319763 0.9876051545143127 0.2000778317451477 0.9103223085403442
159.77543125863306 0.8173805475234985 0.9876051545143127 0.2001960277557373 0.9103223085403442
160.00980625863306 0.8228270411491394 0.9876051545143127 0.2002849578857422 0.9103223085403442
160.24418125863306 0.8278775811195374 0.9876051545143127 0.20035040378570557 0.9103223085403442
160.47855625863303 0.8325618505477905 0.9876051545143127 0.20039737224578857 0.9103223085403442
160.71293125863303 0.8369077444076538 0.9876051545143127 0.20043009519577026 0.9103223085403442
160.94730625863303 0.8409416675567627 0.9876051545143127 0.20045208930969238 0.9103223085403442
161.181681258633 0.8446885347366333 0.9876051545143127 0.20046621561050415 0.9103223085403442
161.416056258633 0.8481713533401489 0.9876051545143127 0.20047476887702942 0.9103223085403442
161.650431258633 0.8514114618301392 0.9876051545143127 0.20047953724861145 0.9103223085403442
162.11918125863298 0.8572412133216858 0.9876051545143127 0.20048287510871887 0.9103223085403442
162.58793125863295 0.8623176217079163 0.9876051545143127 0.20048311352729797 0.9103223085403442
163.05668125863295 0.8667583465576172 0.9876051545143127 0.2004830241203308 0.9103223085403442
163.52543125863292 0.8706616759300232 0.9876051545143127 0.2004830241203308 0.9103223085403442
164.2285562586329 0.8756841421127319 0.9876051545143127 0.2004830241203308 0.9103223085403442
164.69730625863286 0.8785722851753235 0.9876051545143127 0.2004830241203308 0.9103223085403442
164.93168125863286 0.8798985481262207 0.9876051545143127 0.2004830241203308 0.9103223085403442
165.40043125863284 0.8823436498641968 0.9876051545143127 0.2004830241203308 0.9103223085403442
165.63480625863284 0.883472204208374 0.9876051545143127 0.2004830241203308 0.9103223085403442
166.1035562586328 0.8855630159378052 0.9876051545143127 0.2004830241203308 0.9103223085403442
166.3379312586328 0.8865326642990112 0.9876051545143127 0.2004830241203308 0.9103223085403442
166.5723062586328 0.8874564170837402 0.9876051545143127 0.2004830241203308 0.9103223085403442
166.80668125863278 0.8883371949195862 0.9876051545143127 0.2004830241203308 0.9103223085403442
167.04105625863278 0.8891778588294983 0.9876051545143127 0.2004830241203308 0.9103223085403442
167.27543125863278 0.8899809122085571 0.9876051545143127 0.2004830241203308 0.9103223085403442
167.50980625863275 0.8907487988471985 0.9876051545143127 0.2004830241203308 0.9103223085403442
167.74418125863275 0.8914836645126343 0.9876051545143127 0.2004830241203308 0.9103223085403442
167.97855625863275 0.8921874761581421 0.9876051545143127 0.2004830241203308 0.9103223085403442
168.21293125863272 0.8928621411323547 0.9876051545143127 0.2004830241203308 0.9103223085403442
168.44730625863272 0.8935094475746155 0.9876051545143127 0.2004830241203308 0.9103223085403442
168.9160562586327 0.8947279453277588 0.9876051545143127 0.2004830241203308 0.9103223085403442
169.1504312586327 0.8953020572662354 0.9876051545143127 0.2004830241203308 0.9103223085403442
169.3848062586327 0.8958544731140137 0.9876051545143127 0.2004830241203308 0.9103223085403442
169.61918125863266 0.8963863849639893 0.9876051545143127 0.2004830241203308 0.9103223085403442
170.32230625863264 0.8978697061538696 0.9876051545143127 0.2004830241203308 0.9103223085403442
170.55668125863264 0.8983298540115356 0.9876051545143127 0.2004830241203308 0.9103223085403442
171.0254312586326 0.899203896522522 0.9876051545143127 0.2004830241203308 0.9103223085403442
171.61136875863258 0.9002174139022827 0.9876051545143127 0.2004830241203308 0.9103223085403442
172.19730625863258 0.901152491569519 0.9876051545143127 0.2004830241203308 0.9103223085403442
172.66605625863255 0.9018500447273254 0.9876051545143127 0.2004830241203308 0.9103223085403442
173.36918125863252 0.9028213620185852 0.9876051545143127 0.2004830241203308 0.9103223085403442
174.0723062586325 0.9037125706672668 0.9876051545143127 0.2004830241203308 0.9103223085403442
174.54105625863247 0.9042670726776123 0.9876051545143127 0.2004830241203308 0.9103223085403442
176.4160562586324 0.9062180519104004 0.9876051545143127 0.2004830241203308 0.9103223085403442
177.11918125863238 0.9068564772605896 0.9876051545143127 0.2004830241203308 0.9103223085403442
179.69730625863227 0.9088626503944397 0.9876051545143127 0.2004830241203308 0.9103223085403442
179.93168125863224 0.9090235829353333 0.9876051545143127 0.2004830241203308 0.9103223085403442
179.99999999999997 0.9090699553489685 0.9876051545143127 0.2004830241203308 0.9103223085403442
180.0001 0.9090697169303894 0.9876051545143127 0.2004830241203308 0.9103223085403442
180.0003 0.9090694785118103 0.9876051545143127 0.20048269629478455 0.9103223085403442
180.0007 0.9090694189071655 0.9876051545143127 0.2004786878824234 0.9103223085403442
180.001 0.9090694189071655 0.9876051545143127 0.20047126710414886 0.9103223085403442
180.32860000000517 0.9090694189071655 0.9876051545143127 0.15346872806549072 0.9103223085403442
180.56297500000517 0.9090694189071655 0.9876051545143127 0.12035171687602997 0.9103223085403442
180.79735000000514 0.9090694189071655 0.9876051545143127 0.08843787014484406 0.9103223085403442
181.03172500000514 0.9090694189071655 0.9876051545143127 0.05903857573866844 0.9103223085403442
181.26610000000514 0.9090694189071655 0.9876051545143127 0.03375130891799927 0.9103223085403442
181.5004750000051 0.9090694189071655 0.9876051545143127 0.013415176421403885 0.9103223085403442
181.68038080131046 0.9090694189071655 0.9876051545143127 0.0016333056846633554 0.9103223085403442
181.72528109902294 0.9090694189071655 0.9876051545143127 0.00020043132826685905 0.9103223085403442
181.76989196097173 0.9090694189071655 0.9876051545143127 -3.3387607345503056e-08 0.9103223085403442
202.04036836011926 0.9090694189071655 0.9876051545143127 -3.3387607345503056e-08 0.9103223085403442
209.99999999999997 0.9090694189071655 0.9876051545143127 -3.340726451028786e-08 0.9103223085403442
210.00009999999997 0.9090694189071655 0.9876051545143127 -3.33723164658295e-08 0.9103223085403442
210.0003 0.9090694189071655 0.9876051545143127 -3.33441789734934e-08 0.9103223085403442
210.00070000000002 0.9090694189071655 0.9876051545143127 -3.332503695219202e-08 0.9103223085403442
210.00094037870264 0.9090694189071655 0.9876051545143127 -3.330761799702486e-08 0.9103223085403442
210.00100000000003 0.9090694189071655 0.9876051545143127 -3.33047793787955e-08 0.9103223085403442
215.9115265307912 0.9090694189071655 0.9876051545143127 0.01706608757376671 0.9103223085403442
221.8220530615824 0.9090694189071655 0.9876051545143127 0.03389931470155716 0.9103223085403442
222.0564280615824 0.9090694189071655 0.9876051545143127 0.03456197679042816 0.9103223085403442
222.29080306158238 0.9090694189071655 0.9876051545143127 0.035224270075559616 0.9103223085403442
222.52517806158238 0.9090694189071655 0.9876051545143127 0.03588619455695152 0.9103223085403442
231.079865561582 0.9090694189071655 0.9876051545143127 0.05979158356785774 0.9103223085403442
239.63455306158167 0.9090694189071655 0.9876051545143127 0.08319631218910217 0.9103223085403442
239.86892806158167 0.9090694189071655 0.9876051545143127 0.08383046835660934 0.9103223085403442
239.99999999999997 0.9090694189071655 0.9876051545143127 0.08418498188257217 0.9103223085403442
