time a b c w1 w2
0.0 0.0 0.0 0.0 0.0 0.0
1.757812428601624e-06 1.757988202426422e-23 1.0832566022872925 1.757988202426422e-23 1.757988202426422e-23 1.757988202426422e-23
1.7648476783160305e-06 1.7650242106122693e-23 1.0055341720581055 1.7650242106122693e-23 1.7650242106122693e-23 1.7650242106122693e-23
1.7789181777448437e-06 1.7790960692117828e-23 0.9905999898910522 1.7790960692117828e-23 1.7790960692117828e-23 1.7790960692117828e-23
1.8070591766024704e-06 1.8072399441829907e-23 0.984626293182373 1.8072399441829907e-23 1.8072399441829907e-23 1.8072399441829907e-23
0.00013281055255599797 1.3282383013875093e-21 0.984626293182373 1.3282383013875093e-21 1.3282383013875093e-21 1.3282383013875093e-21
0.00026381985277929004 2.6384624023353322e-21 0.984626293182373 2.6384624023353322e-21 2.6384624023353322e-21 2.6384624023353322e-21
0.0005258384532258742 5.258910200334195e-21 0.984626293182373 5.258910200334195e-21 -5.93956661631978e-09 -5.93956661631978e-09
0.001 1.0000999731091105e-20 0.984626293182373 1.0000999731091105e-20 -3.337618892373939e-08 -3.337618892373939e-08
29.999999999999996 3.000300019364487e-16 0.984626293182373 3.000300019364487e-16 -3.3376331032286544e-08 -3.3376331032286544e-08
30.000099999999996 3.0003100778807355e-16 0.984626293182373 3.0003100778807355e-16 -3.335901510581607e-08 -3.335901510581607e-08
30.0003 3.0003299302154367e-16 0.984626293182373 3.0003299302154367e-16 -3.334191589488e-08 -3.334191589488e-08
30.0007 3.0003698995826353e-16 0.984626293182373 3.0003698995826353e-16 -3.3332874238567456e-08 -3.3332874238567456e-08
30.000822963487913 1.3901599871246617e-09 0.984626293182373 1.4542093085267993e-09 -3.3298935164793875e-08 -3.329347109115588e-08
30.000893956608735 1.1683055411992882e-08 0.984626293182373 1.205035893292461e-08 -1.0944162909254374e-08 -1.0579922715692192e-08
30.000929659679382 3.7775357952796185e-08 0.984626293182373 3.87274887714284e-08 8.123053163444638e-08 8.279037899683317e-08
30.00095139019433 8.309161358965866e-08 0.984626293182373 8.488176206356002e-08 2.925071100889909e-07 2.9634071552209207e-07
30.00097362325437 1.747224160908445e-07 0.984626293182373 1.7796736528907786e-07 8.179980000022624e-07 8.264913162747689e-07
30.00099243181859 2.9672779078282474e-07 0.984626293182373 3.016938876498898e-07 1.6264955320366425e-06 1.6410702983193914e-06
30.001 3.626712441473501e-07 0.984626293182373 3.684956197957945e-07 2.1034302335465327e-06 2.1212135834502988e-06
30.481266159760054 0.004923813510686159 0.984626293182373 0.00497424928471446 0.038354601711034775 0.03855229541659355
30.9615323195201 0.009543796069920063 0.984626293182373 0.009632520377635956 0.0755014568567276 0.07585261762142181
31.3130948195201 0.012725716456770897 0.984626293182373 0.01283939741551876 0.10188265144824982 0.10233588516712189
31.840438569520096 0.01718296855688095 0.984626293182373 0.01733442023396492 0.14014530181884766 0.14075712859630585
32.192001069520096 0.019971925765275955 0.984626293182373 0.020171860232949257 0.16488195955753326 0.1657009869813919
32.719344819520096 0.023927822709083557 0.984626293182373 0.02415519580245018 0.20100055634975433 0.20193855464458466
33.070907319520096 0.026412801817059517 0.984626293182373 0.0266526248306036 0.2244088053703308 0.22540223598480225
33.422469819520096 0.02875889465212822 0.984626293182373 0.029009288176894188 0.2471897006034851 0.2482311874628067
33.774032319520096 0.030945662409067154 0.984626293182373 0.03120500221848488 0.26923614740371704 0.2703193426132202
34.30137606952009 0.03398692235350609 0.984626293182373 0.034256916493177414 0.3011772334575653 0.30231139063835144
34.65293856952009 0.035858429968357086 0.984626293182373 0.036133792251348495 0.321711003780365 0.3228716552257538
35.00450106952009 0.03758254647254944 0.984626293182373 0.0378621369600296 0.3415057957172394 0.3426879346370697
35.35606356952009 0.03917429596185684 0.984626293182373 0.03945712000131607 0.3606176972389221 0.3618167042732239
35.70762606952009 0.04064777493476868 0.984626293182373 0.04093290492892265 0.37909963726997375 0.38031110167503357
36.05918856952009 0.04199111834168434 0.984626293182373 0.042277783155441284 0.3968661427497864 0.39808616042137146
36.23496981952009 0.04261532798409462 0.984626293182373 0.04290251433849335 0.40548059344291687 0.40670356154441833
36.41075106952009 0.043212249875068665 0.984626293182373 0.04349980503320694 0.41393715143203735 0.4151622951030731
36.58653231952009 0.043789032846689224 0.984626293182373 0.04407680407166481 0.4222756028175354 0.4235020577907562
36.93809481952009 0.04488024488091469 0.984626293182373 0.04516800120472908 0.43857690691947937 0.43980321288108826
37.28965731952008 0.04589102044701576 0.984626293182373 0.04617823660373688 0.4543834328651428 0.4556063711643219
37.64121981952008 0.04680712893605232 0.984626293182373 0.047093406319618225 0.4695836305618286 0.47080036997795105
37.99278231952008 0.04762156307697296 0.984626293182373 0.04790664464235306 0.4841066300868988 0.485315203666687
38.34434481952008 0.048352960497140884 0.984626293182373 0.04863663762807846 0.4980509877204895 0.49924954771995544
38.87168856952008 0.04929342120885849 0.984626293182373 0.04957474768161774 0.5178083777427673 0.5189889669418335
39.04746981952008 0.04956832155585289 0.984626293182373 0.04984883591532707 0.5240943431854248 0.5252683162689209
39.22325106952008 0.04983052611351013 0.984626293182373 0.05011020228266716 0.5302777290344238 0.531444787979126
39.39903231952008 0.050080496817827225 0.984626293182373 0.05035930126905441 0.5363589525222778 0.5375186800956726
39.75059481952008 0.05053149163722992 0.984626293182373 0.05080854520201683 0.5480977296829224 0.5492420196533203
39.92637606952008 0.050732165575027466 0.984626293182373 0.05100835859775543 0.5537438988685608 0.5548802614212036
40.27793856952008 0.0510963574051857 0.984626293182373 0.05137086287140846 0.5646871328353882 0.5658071041107178
40.629501069520074 0.05142170190811157 0.984626293182373 0.051694512367248535 0.5752444267272949 0.5763471126556396
40.805282319520074 0.051570355892181396 0.984626293182373 0.051842328161001205 0.5803786516189575 0.5814724564552307
40.981063569520074 0.05171075835824013 0.984626293182373 0.05198189616203308 0.5854235291481018 0.5865082144737244
41.156844819520074 0.0518404059112072 0.984626293182373 0.05211073160171509 0.5903478860855103 0.5914233922958374
41.684188569520074 0.052164360880851746 0.984626293182373 0.05243244767189026 0.604350209236145 0.6053980588912964
42.035751069520074 0.05234333500266075 0.984626293182373 0.05261004716157913 0.6132144331932068 0.6142436265945435
42.563094819520074 0.052556898444890976 0.984626293182373 0.05282176285982132 0.6257179975509644 0.6267191767692566
42.914657319520074 0.052665889263153076 0.984626293182373 0.05292969197034836 0.6335210800170898 0.634503960609436
43.266219819520074 0.052755072712898254 0.984626293182373 0.053017932921648026 0.6409634351730347 0.6419281959533691
43.61778231952007 0.052824437618255615 0.984626293182373 0.05308648571372032 0.6480014324188232 0.6489484310150146
43.96934481952007 0.05287963151931763 0.984626293182373 0.053140975534915924 0.6547178030014038 0.655647337436676
44.49668856952007 0.052944157272577286 0.984626293182373 0.053205374628305435 0.6643054485321045 0.6652342677116394
45.02403231952007 0.05298721790313721 0.984626293182373 0.05324842035770416 0.6732223033905029 0.6741471290588379
45.37559481952007 0.053006015717983246 0.984626293182373 0.05326680466532707 0.6787782907485962 0.6796843409538269
45.55137606952007 0.05301300063729286 0.984626293182373 0.053273800760507584 0.681440532207489 0.6823493242263794
45.72715731952007 0.05301882326602936 0.984626293182373 0.05328003317117691 0.6840406656265259 0.684975266456604
45.90293856952007 0.053023990243673325 0.984626293182373 0.053285613656044006 0.6866034865379333 0.6875622272491455
46.07871981952007 0.05302860215306282 0.984626293182373 0.05329026281833649 0.689129114151001 0.6900874376296997
46.43028231952007 0.053035371005535126 0.984626293182373 0.0532967671751976 0.6939920783042908 0.6949278712272644
46.95762606952006 0.05304059758782387 0.984626293182373 0.05330173671245575 0.7008048295974731 0.7017092704772949
47.48496981952006 0.05304327607154846 0.984626293182373 0.0533042810857296 0.7072734832763672 0.7081582546234131
47.92442294452006 0.05304427072405815 0.984626293182373 0.05330540984869003 0.7123904824256897 0.7133135795593262
48.36387606952006 0.053044695407152176 0.984626293182373 0.053305815905332565 0.7172839641571045 0.7181843519210815
48.89121981952006 0.053044747561216354 0.984626293182373 0.05330585315823555 0.7227356433868408 0.7236042022705078
49.50645419452006 0.053044743835926056 0.984626293182373 0.05330584943294525 0.7286950349807739 0.7295287251472473
50.12168856952005 0.053044743835926056 0.984626293182373 0.05330584943294525 0.7342361211776733 0.7350374460220337
50.47325106952005 0.053044743835926056 0.984626293182373 0.05330584943294525 0.7371779680252075 0.7379620671272278
50.82481356952005 0.053044743835926056 0.984626293182373 0.05330584943294525 0.7399891018867493 0.7407566905021667
51.44004794452005 0.053044743835926056 0.984626293182373 0.05330584943294525 0.7446484565734863 0.7453887462615967
52.05528231952005 0.053044743835926056 0.984626293182373 0.05330584943294525 0.74892258644104 0.7496379017829895
52.58262606952005 0.053044743835926056 0.984626293182373 0.05330584943294525 0.7523119449615479 0.7530074715614319
53.10996981952005 0.053044743835926056 0.984626293182373 0.05330584943294525 0.7555899024009705 0.7562664747238159
53.461532319520046 0.053044743835926056 0.984626293182373 0.05330584943294525 0.757672131061554 0.7583437561988831
53.813094819520046 0.053044743835926056 0.984626293182373 0.05330584943294525 0.7596881985664368 0.7603886723518372
54.164657319520046 0.053044743835926056 0.984626293182373 0.05330584943294525 0.761681079864502 0.7623741030693054
54.867782319520046 0.053044743835926056 0.984626293182373 0.05330584943294525 0.765414834022522 0.766082227230072
55.570907319520046 0.053044743835926056 0.984626293182373 0.05330584943294525 0.7688243985176086 0.7694686651229858
55.922469819520046 0.053044743835926056 0.984626293182373 0.05330584943294525 0.7704206705093384 0.7710662484169006
56.449813569520046 0.053044743835926056 0.984626293182373 0.05330584943294525 0.7727391719818115 0.7733794450759888
56.97715731952004 0.053044743835926056 0.984626293182373 0.05330584943294525 0.7749311327934265 0.7755556106567383
58.38340731952004 0.053044743835926056 0.984626293182373 0.05330584943294525 0.780155599117279 0.7807430624961853
58.73496981952004 0.053044743835926056 0.984626293182373 0.05330584943294525 0.7813408970832825 0.7819404602050781
59.08653231952004 0.053044743835926056 0.984626293182373 0.05330584943294525 0.7825300097465515 0.7831401228904724
59.43809481952004 0.053044743835926056 0.984626293182373 0.05330584943294525 0.7836999893188477 0.7843005657196045
59.61387606952004 0.053044743835926056 0.984626293182373 0.05330584943294525 0.7842680215835571 0.784864068031311
59.78965731952003 0.053044743835926056 0.984626293182373 0.05330584943294525 0.7848247289657593 0.7854163646697998
59.96543856952003 0.053044743835926056 0.984626293182373 0.05330584943294525 0.7853724956512451 0.785959780216217
59.99999999999999 0.053044743835926056 0.984626293182373 0.05330584943294525 0.7854787707328796 0.7860651612281799
60.000099999999996 0.053044743835926056 0.984626293182373 0.05330584943294525 0.7854790091514587 0.786064624786377
60.000299999999996 0.053044743835926056 0.984626293182373 0.05330559238791466 0.7854788899421692 0.786064088344574
60.000699999999995 0.053044743835926056 0.984626293182373 0.05330246314406395 0.7854770421981812 0.7860638499259949
60.001000000000005 0.053044743835926056 0.984626293182373 0.053296711295843124 0.7854750752449036 0.7860638499259949
60.25269062500148 0.053044743835926056 0.984626293182373 0.02856515534222126 0.7854750752449036 0.7860638499259949
60.504381250002936 0.053044743835926056 0.984626293182373 0.009849307127296925 0.7854750752449036 0.7860638499259949
60.680162500002936 0.053044743835926056 0.984626293182373 0.0007202717242762446 0.7854750752449036 0.7860638499259949
60.71409090677511 0.053044743835926056 0.984626293182373 -3.338366383331959e-08 0.7854750752449036 0.7860638499259949
89.99999999999999 0.053044743835926056 0.984626293182373 -3.3421436285152595e-08 0.7854750752449036 0.7860638499259949
90.0001 0.053044743835926056 0.984626293182373 -3.3383820152721455e-08 0.7854750752449036 0.7860638499259949
90.0003 0.053044743835926056 0.984626293182373 -3.335229337153578e-08 0.7854750752449036 0.7860638499259949
90.00047808290903 0.053044743835926056 0.984626293182373 -2.0687485502435266e-08 0.7854756116867065 0.7860638499259949
90.0008342487271 0.053044743835926056 0.984626293182373 4.258440355897619e-08 0.7854784727096558 0.7860638499259949
90.001 0.053044743835926056 0.984626293182373 7.790002598540013e-08 0.7854800820350647 0.7860638499259949
119.99999999999999 0.053044743835926056 0.984626293182373 7.790002598540013e-08 0.7854800820350647 0.7860638499259949
120.0001 0.053044743835926056 0.984626293182373 7.790002598540013e-08 0.7854800820350647 0.7860638499259949
120.0003 0.053044743835926056 0.984626293182373 7.790002598540013e-08 0.7854800820350647 0.7860638499259949
120.0007 0.05304105207324028 0.984626293182373 7.790002598540013e-08 0.7854800820350647 0.7860638499259949
120.001 0.05303181707859039 0.984626293182373 7.790002598540013e-08 0.7854800820350647 0.7860637903213501
120.02286833716293 0.05063802748918533 0.984626293182373 0.00012973140110261738 0.7854800820350647 0.7860637903213501
120.04473667432583 0.04828941822052002 0.984626293182373 0.0002593090175651014 0.7854800820350647 0.7860637903213501
120.08847868825296 0.04373549669981003 0.984626293182373 0.0005182683817110956 0.7854800820350647 0.7860637903213501
120.17596271610725 0.03527423366904259 0.984626293182373 0.0010352495592087507 0.7854800820350647 0.7860637903213501
120.35093077181583 0.0203982125967741 0.984626293182373 0.0020666958298534155 0.7854800820350647 0.7860637903213501
120.52671202181583 0.007837295532226562 0.984626293182373 0.003100841771811247 0.7854800820350647 0.7860637903213501
120.64241287821721 0.0012457863194867969 0.984626293182373 0.0037809608038514853 0.7854800820350647 0.7860637903213501
120.67561174919113 2.6148829419980757e-05 0.984626293182373 0.0039762104861438274 0.7854800820350647 0.7860637903213501
120.67874637559328 -3.338360698990073e-08 0.984626293182373 0.003994673490524292 0.7854800820350647 0.7860637903213501
122.62151419291679 -3.338360698990073e-08 0.984626293182373 0.01530095748603344 0.7854800820350647 0.7860637903213501
123.14885794291683 -3.338360698990073e-08 0.984626293182373 0.018334556370973587 0.7854800820350647 0.7860637903213501
124.29143606791692 -3.338360698990073e-08 0.984626293182373 0.024857407435774803 0.7854800820350647 0.7860637903213501
125.434014192917 -3.338360698990073e-08 0.984626293182373 0.031312160193920135 0.7854800820350647 0.7860637903213501
125.96135794291705 -3.338360698990073e-08 0.984626293182373 0.034268394112586975 0.7854800820350647 0.7860637903213501
126.48870169291708 -3.338360698990073e-08 0.984626293182373 0.037210218608379364 0.7854800820350647 0.7860637903213501
129.3012016929173 -3.338360698990073e-08 0.984626293182373 0.052657902240753174 0.7854800820350647 0.7860637903213501
129.82854544291735 -3.338360698990073e-08 0.984626293182373 0.055509209632873535 0.7854800820350647 0.7860637903213501
132.46526419291752 -3.338360698990073e-08 0.984626293182373 0.0695539116859436 0.7854800820350647 0.7860637903213501
132.99260794291757 -3.338360698990073e-08 0.984626293182373 0.07232072204351425 0.7854800820350647 0.7860637903213501
135.80510794291777 -3.338360698990073e-08 0.984626293182373 0.08684223890304565 0.7854800820350647 0.7860637903213501
136.33245169291783 -3.338360698990073e-08 0.984626293182373 0.08952128142118454 0.7854800820350647 0.7860637903213501
138.617607942918 -3.338360698990073e-08 0.984626293182373 0.10097242891788483 0.7854800820350647 0.7860637903213501
138.96917044291803 -3.338360698990073e-08 0.984626293182373 0.10272759944200516 0.7854800820350647 0.7860637903213501
139.14495169291803 -3.338360698990073e-08 0.984626293182373 0.10361756384372711 0.7854800820350647 0.7860637903213501
139.49651419291806 -3.338360698990073e-08 0.984626293182373 0.10539965331554413 0.7854800820350647 0.7860637903213501
142.13323294291826 -3.338360698990073e-08 0.984626293182373 0.11856669932603836 0.7854800820350647 0.7860637903213501
142.66057669291828 -3.338360698990073e-08 0.984626293182373 0.12115822732448578 0.7854800820350647 0.7860637903213501
143.9789360679184 -3.338360698990073e-08 0.984626293182373 0.12757651507854462 0.7854800820350647 0.7860637903213501
145.29729544291848 -3.338360698990073e-08 0.984626293182373 0.13390889763832092 0.7854800820350647 0.7860637903213501
145.82463919291854 -3.338360698990073e-08 0.984626293182373 0.136417955160141 0.7854800820350647 0.7860637903213501
148.2855766929187 -3.338360698990073e-08 0.984626293182373 0.1479479819536209 0.7854800820350647 0.7860637903213501
148.81292044291877 -3.338360698990073e-08 0.984626293182373 0.1503806710243225 0.7854800820350647 0.7860637903213501
150.0 -3.3383141584408804e-08 0.984626293182373 0.15580888092517853 0.7854800820350647 0.7860637903213501
150.0001 -3.336321441338441e-08 0.984626293182373 0.1558104306459427 0.7854800820350647 0.7860637903213501
150.0003 -3.334337606020199e-08 0.984626293182373 0.1558157056570053 0.7854793667793274 0.7860637307167053
150.0007 -3.3332909765704244e-08 0.984626293182373 0.15582920610904694 0.7854751348495483 0.7860630750656128
150.00082296346952 -3.3331659210489306e-08 0.984626293182373 0.15583285689353943 0.7854725122451782 0.7860623598098755
150.0008939566118 -2.001410415175542e-08 0.984626293182373 0.15583433210849762 0.7854703068733215 0.7860612869262695
150.00092965910963 4.176315471227099e-08 0.984626293182373 0.1558348685503006 0.7854689955711365 0.7860604524612427
150.00095122017532 2.0548942814002658e-07 0.984626293182373 0.1558351367712021 0.7854681015014648 0.7860597968101501
150.00097488476376 6.926380820004852e-07 0.984626293182373 0.1558353751897812 0.7854670882225037 0.7860589623451233
150.0009948952648 1.461360625398811e-06 0.984626293182373 0.1558355689048767 0.785466194152832 0.7860581278800964
150.001 1.7535725191919482e-06 0.984626293182373 0.1558356136083603 0.7854659557342529 0.7860578894615173
150.00899763262044 0.0005805152468383312 0.984626293182373 0.15590283274650574 0.7850882411003113 0.7856801748275757
150.01699526524084 0.0011589097557589412 0.984626293182373 0.15596997737884521 0.7847091555595398 0.7853010892868042
150.06498691931958 0.004621950909495354 0.984626293182373 0.15637098252773285 0.7824128270149231 0.7830047607421875
150.1289757914246 0.009218716993927956 0.984626293182373 0.1569007933139801 0.779302716255188 0.7798946499824524
150.25695353563464 0.018354039639234543 0.984626293182373 0.1579466611146927 0.7729640007019043 0.7735558748245239
150.43273478563464 0.030795641243457794 0.984626293182373 0.15935829281806946 0.7640212774276733 0.7646132111549377
150.60851603563466 0.043113239109516144 0.984626293182373 0.16074097156524658 0.7547827959060669 0.7553746700286865
151.1358597856347 0.07928559184074402 0.984626293182373 0.16470903158187866 0.7253769636154175 0.7259688973426819
151.3116410356347 0.09108302742242813 0.984626293182373 0.1659725457429886 0.7149673104286194 0.7155592441558838
151.48742228563472 0.10275010764598846 0.984626293182373 0.1672067642211914 0.7042080760002136 0.704800009727478
151.66320353563472 0.11428666859865189 0.984626293182373 0.16841194033622742 0.6931350231170654 0.6937269568443298
151.83898478563475 0.12569256126880646 0.984626293182373 0.16958823800086975 0.6817545890808105 0.682346522808075
152.36632853563478 0.1591249704360962 0.984626293182373 0.17294622957706451 0.6456438302993774 0.6462357640266418
152.5421097856348 0.17000705003738403 0.984626293182373 0.17400936782360077 0.6330068111419678 0.6335987448692322
152.7178910356348 0.1807580143213272 0.984626293182373 0.17504483461380005 0.6201165914535522 0.6207084655761719
152.89367228563484 0.19137781858444214 0.984626293182373 0.17605286836624146 0.6069602966308594 0.6075522303581238
153.42101603563486 0.2224503606557846 0.984626293182373 0.17891518771648407 0.5657451748847961 0.5663370490074158
153.59679728563486 0.23254570364952087 0.984626293182373 0.17981627583503723 0.5513840913772583 0.5519760251045227
153.7725785356349 0.242510125041008 0.984626293182373 0.18069137632846832 0.5367394685745239 0.5373314023017883
153.9483597856349 0.2523437440395355 0.984626293182373 0.18154075741767883 0.52183997631073 0.5224319100379944
154.29992228563492 0.2716192901134491 0.984626293182373 0.18316373229026794 0.49133962392807007 0.4919315576553345
154.47570353563495 0.281061589717865 0.984626293182373 0.18393798172473907 0.4757341146469116 0.476326048374176
154.65148478563495 0.29037392139434814 0.984626293182373 0.18468782305717468 0.45986422896385193 0.46045616269111633
154.82726603563498 0.2995564937591553 0.984626293182373 0.1854136437177658 0.4437369704246521 0.4443289041519165
155.00304728563498 0.3086097240447998 0.984626293182373 0.18611577153205872 0.42736005783081055 0.42795199155807495
155.354609785635 0.3263293206691742 0.984626293182373 0.18745046854019165 0.3938370645046234 0.39442896842956543
155.53039103563503 0.3349965214729309 0.984626293182373 0.18808378279209137 0.3767528533935547 0.3773447871208191
155.70617228563503 0.3435359001159668 0.984626293182373 0.18869489431381226 0.3594760000705719 0.3600679039955139
155.88195353563503 0.35194796323776245 0.984626293182373 0.18928423523902893 0.3419755697250366 0.34256747364997864
156.05773478563506 0.36023321747779846 0.984626293182373 0.18985217809677124 0.32425785064697266 0.3248497247695923
156.23351603563506 0.3683921992778778 0.984626293182373 0.19039912521839142 0.30636629462242126 0.3069581389427185
156.4092972856351 0.37642550468444824 0.984626293182373 0.1909254938364029 0.28830787539482117 0.288899689912796
156.5850785356351 0.3843337297439575 0.984626293182373 0.1914317011833191 0.2700710892677307 0.2706628143787384
156.76085978563512 0.39211761951446533 0.984626293182373 0.19191816449165344 0.25168097019195557 0.2522725462913513
157.11242228563515 0.4073149561882019 0.984626293182373 0.1928335428237915 0.21444150805473328 0.21503238379955292
157.28820353563515 0.4147299528121948 0.984626293182373 0.19326335191726685 0.1955638825893402 0.19615395367145538
157.46398478563518 0.4220235049724579 0.984626293182373 0.19367511570453644 0.17653486132621765 0.1771235167980194
157.63976603563518 0.4291965067386627 0.984626293182373 0.1940692961215973 0.1573968529701233 0.1579829752445221
157.9913285356352 0.4431842863559723 0.984626293182373 0.19480669498443604 0.11910486966371536 0.1196788027882576
158.1671097856352 0.45000094175338745 0.984626293182373 0.19515079259872437 0.10018324851989746 0.10074399411678314
158.34289103563523 0.4567006826400757 0.984626293182373 0.19547906517982483 0.08169405162334442 0.08223328739404678
158.51867228563523 0.4632844924926758 0.984626293182373 0.19579200446605682 0.06399139761924744 0.06449776887893677
158.69445353563526 0.4697535037994385 0.984626293182373 0.19609001278877258 0.04752075672149658 0.047981277108192444
158.87023478563526 0.4761086702346802 0.984626293182373 0.1963735669851303 0.03273686394095421 0.03314019739627838
159.0460160356353 0.482351154088974 0.984626293182373 0.19664308428764343 0.019972974434494972 0.020313195884227753
159.2217972856353 0.4884820580482483 0.984626293182373 0.19689904153347015 0.009334311820566654 0.009612711146473885
159.39757853563532 0.49452441930770874 0.984626293182373 0.19714438915252686 0.0008854972547851503 0.0010196922812610865
159.43389540022463 0.49575966596603394 0.984626293182373 0.19719353318214417 5.868069638381712e-05 0.00010864865907933563
159.46385744389266 0.49677255749702454 0.984626293182373 0.19723334908485413 -3.337633458500022e-08 -3.3376331032286544e-08
159.6046749612771 0.501480221748352 0.984626293182373 0.19741444289684296 -3.337633458500022e-08 -3.3376331032286544e-08
159.74549247866153 0.5061100125312805 0.984626293182373 0.19758673012256622 -3.337633458500022e-08 -3.3376331032286544e-08
159.92127372866156 0.5118042826652527 0.984626293182373 0.1977924108505249 -3.337633458500022e-08 -3.3376331032286544e-08
160.09705497866156 0.5173976421356201 0.984626293182373 0.19798718392848969 -3.337633458500022e-08 -3.3376331032286544e-08
160.2728362286616 0.5228865146636963 0.984626293182373 0.19817094504833221 -3.337633458500022e-08 -3.3376331032286544e-08
160.4486174786616 0.528272271156311 0.984626293182373 0.1983441412448883 -3.337633458500022e-08 -3.3376331032286544e-08
160.62439872866162 0.533556342124939 0.984626293182373 0.1985071748495102 -3.337633458500022e-08 -3.3376331032286544e-08
160.80017997866162 0.5387399196624756 0.984626293182373 0.1986604630947113 -3.337633458500022e-08 -3.3376331032286544e-08
161.15174247866165 0.548811137676239 0.984626293182373 0.19893942773342133 -3.337633458500022e-08 -3.3376331032286544e-08
161.32752372866165 0.5537015199661255 0.984626293182373 0.19906587898731232 -3.337633458500022e-08 -3.3376331032286544e-08
161.50330497866167 0.55849689245224 0.984626293182373 0.19918414950370789 -3.337633458500022e-08 -3.3376331032286544e-08
161.67908622866167 0.5631986856460571 0.984626293182373 0.19929461181163788 -3.337633458500022e-08 -3.3376331032286544e-08
161.8548674786617 0.5678082704544067 0.984626293182373 0.19939763844013214 -3.337633458500022e-08 -3.3376331032286544e-08
162.0306487286617 0.5723271369934082 0.984626293182373 0.19949358701705933 -3.337633458500022e-08 -3.3376331032286544e-08
162.20642997866173 0.5767565965652466 0.984626293182373 0.1995828002691269 -3.337633458500022e-08 -3.3376331032286544e-08
162.38221122866173 0.5810980796813965 0.984626293182373 0.1996656060218811 -3.337633458500022e-08 -3.3376331032286544e-08
162.73377372866176 0.5895230174064636 0.984626293182373 0.1998133659362793 -3.337633458500022e-08 -3.3376331032286544e-08
162.9095549786618 0.5936092734336853 0.984626293182373 0.19987894594669342 -3.337633458500022e-08 -3.3376331032286544e-08
163.0853362286618 0.5976133346557617 0.984626293182373 0.19993939995765686 -3.337633458500022e-08 -3.3376331032286544e-08
163.26111747866182 0.6015365123748779 0.984626293182373 0.1999950110912323 -3.337633458500022e-08 -3.3376331032286544e-08
163.61267997866182 0.609146237373352 0.984626293182373 0.2000928521156311 -3.337633458500022e-08 -3.3376331032286544e-08
163.78846122866184 0.6128355264663696 0.984626293182373 0.20013561844825745 -3.337633458500022e-08 -3.3376331032286544e-08
163.96424247866184 0.6164497137069702 0.984626293182373 0.20017462968826294 -3.337633458500022e-08 -3.3376331032286544e-08
164.14002372866187 0.6199901103973389 0.984626293182373 0.20021012425422668 -3.337633458500022e-08 -3.3376331032286544e-08
164.31580497866187 0.623458206653595 0.984626293182373 0.20024234056472778 -3.337633458500022e-08 -3.3376331032286544e-08
164.4915862286619 0.6268553137779236 0.984626293182373 0.20027148723602295 -3.337633458500022e-08 -3.3376331032286544e-08
164.6673674786619 0.6301828026771545 0.984626293182373 0.20029780268669128 -3.337633458500022e-08 -3.3376331032286544e-08
164.84314872866193 0.6334420442581177 0.984626293182373 0.2003214806318283 -3.337633458500022e-08 -3.3376331032286544e-08
165.19471122866196 0.639761209487915 0.984626293182373 0.2003617137670517 -3.337633458500022e-08 -3.3376331032286544e-08
165.37049247866196 0.6428237557411194 0.984626293182373 0.2003786265850067 -3.337633458500022e-08 -3.3376331032286544e-08
165.546273728662 0.6458233594894409 0.984626293182373 0.2003936469554901 -3.337633458500022e-08 -3.3376331032286544e-08
165.722054978662 0.6487613320350647 0.984626293182373 0.20040690898895264 -3.337633458500022e-08 -3.3376331032286544e-08
166.07361747866202 0.6544573903083801 0.984626293182373 0.2004287987947464 -3.337633458500022e-08 -3.3376331032286544e-08
166.24939872866202 0.6572179794311523 0.984626293182373 0.20043770968914032 -3.337633458500022e-08 -3.3376331032286544e-08
166.42517997866204 0.6599220037460327 0.984626293182373 0.20044542849063873 -3.337633458500022e-08 -3.3376331032286544e-08
166.60096122866204 0.6625704765319824 0.984626293182373 0.20045208930969238 -3.337633458500022e-08 -3.3376331032286544e-08
167.1283049786621 0.6701952815055847 0.984626293182373 0.20046669244766235 -3.337633458500022e-08 -3.3376331032286544e-08
167.3040862286621 0.6726337671279907 0.984626293182373 0.20047008991241455 -3.337633458500022e-08 -3.3376331032286544e-08
167.47986747866213 0.6750226020812988 0.984626293182373 0.2004729062318802 -3.337633458500022e-08 -3.3376331032286544e-08
167.65564872866213 0.677362859249115 0.984626293182373 0.20047521591186523 -3.337633458500022e-08 -3.3376331032286544e-08
168.00721122866216 0.6819019317626953 0.984626293182373 0.20047855377197266 -3.337633458500022e-08 -3.3376331032286544e-08
168.18299247866216 0.6841028332710266 0.984626293182373 0.20047971606254578 -3.337633458500022e-08 -3.3376331032286544e-08
168.3587737286622 0.6862593293190002 0.984626293182373 0.2004806101322174 -3.337633458500022e-08 -3.3376331032286544e-08
168.5345549786622 0.6883724331855774 0.984626293182373 0.20048128068447113 -3.337633458500022e-08 -3.337633458500022e-08
169.06189872866224 0.6944612860679626 0.984626293182373 0.20048236846923828 -3.337633458500022e-08 -3.337633458500022e-08
169.23767997866224 0.6964104771614075 0.984626293182373 0.20048251748085022 -3.337633458500022e-08 -3.337633458500022e-08
169.41346122866227 0.6983209848403931 0.984626293182373 0.20048260688781738 -3.337633458500022e-08 -3.337633458500022e-08
169.58924247866227 0.7001937627792358 0.984626293182373 0.20048266649246216 -3.337633458500022e-08 -3.337633458500022e-08
170.11658622866233 0.7055938243865967 0.984626293182373 0.20048268139362335 -3.337633458500022e-08 -3.337633458500022e-08
170.29236747866233 0.7073238492012024 0.984626293182373 0.20048268139362335 -3.337633458500022e-08 -3.337633458500022e-08
170.46814872866236 0.7090202569961548 0.984626293182373 0.20048268139362335 -3.337633458500022e-08 -3.337633458500022e-08
170.64392997866236 0.7106838226318359 0.984626293182373 0.20048268139362335 -3.337633458500022e-08 -3.337633458500022e-08
171.3470549786624 0.7170243263244629 0.984626293182373 0.20048268139362335 -3.337633458500022e-08 -3.337633458500022e-08
171.5228362286624 0.7185345888137817 0.984626293182373 0.20048268139362335 -3.337633458500022e-08 -3.337633458500022e-08
171.69861747866244 0.720016360282898 0.984626293182373 0.20048268139362335 -3.337633458500022e-08 -3.337633458500022e-08
171.87439872866244 0.7214701771736145 0.984626293182373 0.20048268139362335 -3.337633458500022e-08 -3.337633458500022e-08
172.4017424786625 0.725670576095581 0.984626293182373 0.20048268139362335 -3.337633458500022e-08 -3.337633458500022e-08
172.5775237286625 0.7270190715789795 0.984626293182373 0.20048268139362335 -3.337633458500022e-08 -3.337633458500022e-08
172.75330497866253 0.7283427119255066 0.984626293182373 0.20048268139362335 -3.337633458500022e-08 -3.337633458500022e-08
172.92908622866253 0.7296421527862549 0.984626293182373 0.20048268139362335 -3.337633458500022e-08 -3.337633458500022e-08
173.10486747866253 0.7309178113937378 0.984626293182373 0.20048268139362335 -3.337633458500022e-08 -3.337633458500022e-08
173.9837737286626 0.7369592189788818 0.984626293182373 0.20048268139362335 -3.337633458500022e-08 -3.337633458500022e-08
174.1595549786626 0.7381036281585693 0.984626293182373 0.20048268139362335 -3.337633458500022e-08 -3.337633458500022e-08
174.33533622866264 0.7392278909683228 0.984626293182373 0.20048268139362335 -3.337633458500022e-08 -3.337633458500022e-08
174.51111747866264 0.7403323650360107 0.984626293182373 0.20048268139362335 -3.337633458500022e-08 -3.337633458500022e-08
175.3900237286627 0.7455743551254272 0.984626293182373 0.20048268139362335 -3.337633458500022e-08 -3.337633458500022e-08
175.56580497866273 0.7465695142745972 0.984626293182373 0.20048268139362335 -3.337633458500022e-08 -3.337633458500022e-08
175.74158622866273 0.7475478053092957 0.984626293182373 0.20048268139362335 -3.337633458500022e-08 -3.337633458500022e-08
175.91736747866275 0.7485096454620361 0.984626293182373 0.20048268139362335 -3.337633458500022e-08 -3.337633458500022e-08
177.14783622866284 0.7548111081123352 0.984626293182373 0.20048268139362335 -3.337633458500022e-08 -3.33763381377139e-08
177.32361747866287 0.7556536197662354 0.984626293182373 0.20048268139362335 -3.337633458500022e-08 -3.33763381377139e-08
177.49939872866287 0.7564826011657715 0.984626293182373 0.20048268139362335 -3.337633458500022e-08 -3.33763381377139e-08
177.67517997866287 0.7572983503341675 0.984626293182373 0.20048268139362335 -3.337633458500022e-08 -3.33763381377139e-08
178.29041435366292 0.7600534558296204 0.984626293182373 0.20048268139362335 -3.337633458500022e-08 -3.33763381377139e-08
178.90564872866298 0.7626614570617676 0.984626293182373 0.20048268139362335 -3.337633458500022e-08 -3.33763381377139e-08
179.08142997866298 0.7633811235427856 0.984626293182373 0.20048268139362335 -3.337633458500022e-08 -3.33763381377139e-08
179.257211228663 0.764089822769165 0.984626293182373 0.20048268139362335 -3.337633458500022e-08 -3.33763381377139e-08
179.432992478663 0.7647878527641296 0.984626293182373 0.20048268139362335 -3.337633458500022e-08 -3.33763381377139e-08
179.96033622866307 0.7668218016624451 0.984626293182373 0.20048268139362335 -3.337633458500022e-08 -3.33763381377139e-08
179.99999999999997 0.7669715285301208 0.984626293182373 0.20048268139362335 -3.337633458500022e-08 -3.33763381377139e-08
