time a b c w1
0.0 0.0 0.0 0.0 0.0
2.34374997708231e-06 2.34398437508335e-23 1.0801570415496826 1.0801570415496826 2.34398437508335e-23
2.3531289769906394e-06 2.35336424679079e-23 1.0037916898727417 1.0037916898727417 2.35336424679079e-23
2.3718869768072985e-06 2.372124147977851e-23 0.9922298789024353 0.9922298789024353 2.372124147977851e-23
2.449126245505041e-06 2.449371143311084e-23 0.9876051545143127 0.9876051545143127 2.449371143311084e-23
0.00019360463173130613 1.9362399824984054e-21 0.9876051545143127 0.9876051545143127 1.9362399824984054e-21
0.00038480681743822704 3.8484529531415596e-21 0.9876051545143127 0.9876051545143127 -5.5595066328351095e-09
0.0007672111888520689 7.672878894427868e-21 0.9876051545143127 0.9876051545143127 -2.705517587742179e-08
0.001 1.0000999731091105e-20 0.9876051545143127 0.9876051545143127 -3.3386896802767296e-08
29.999999999999996 3.000300019364487e-16 0.9876051545143127 0.9876051545143127 -3.3386722719797035e-08
30.000099999999996 3.0003100778807355e-16 0.9876051545143127 0.9876051545143127 -3.336523235475397e-08
30.0003 3.0003299302154367e-16 0.9876051545143127 0.9876051545143127 -3.334400133780946e-08
30.0007 3.0003698995826353e-16 0.9876051545143127 0.9876051545143127 -3.333276765715709e-08
30.000822963433333 1.4152182536975033e-08 0.9876051545143127 0.9876051545143127 -2.9058062622766556e-08
30.000893956498953 7.339334473499548e-08 0.9876051545143127 0.9876051545143127 4.131561581743881e-08
30.00092970775923 1.6141736125518946e-07 0.9876051545143127 0.9876051545143127 9.772169562438648e-08
30.000951879270314 2.5941670855900156e-07 0.9876051545143127 0.9876051545143127 1.1047734460589709e-07
30.00096462471379 3.562262804734928e-07 0.9876051545143127 0.9876051545143127 2.8466612889133103e-07
30.00097468451969 4.804132913704962e-07 0.9876051545143127 0.9876051545143127 7.397128456432256e-07
30.000985938911914 6.700974495288392e-07 0.9876051545143127 0.9876051545143127 1.5978131386873429e-06
30.000998842968144 9.279268624595716e-07 0.9876051545143127 0.9876051545143127 2.8494105208665133e-06
30.001 9.5389486887143e-07 0.9876051545143127 0.9876051545143127 2.981276111313491e-06
30.261407283948035 0.006208894774317741 0.9876051545143127 0.9876051545143127 0.03278947249054909
30.521814567896072 0.012241468764841557 0.9876051545143127 0.9876051545143127 0.06504262983798981
30.75618956789607 0.017537228763103485 0.9876051545143127 0.9876051545143127 0.09366107732057571
30.99056456789607 0.02268735133111477 0.9876051545143127 0.9876051545143127 0.12182939797639847
31.45931456789606 0.03253994882106781 0.9876051545143127 0.9876051545143127 0.1767662763595581
31.693689567896058 0.03723696619272232 0.9876051545143127 0.9876051545143127 0.20350858569145203
31.928064567896058 0.04177858307957649 0.9876051545143127 0.9876051545143127 0.22975298762321472
32.16243956789605 0.04616285115480423 0.9876051545143127 0.9876051545143127 0.2554882764816284
32.39681456789605 0.05038667470216751 0.9876051545143127 0.9876051545143127 0.280697762966156
32.865564567896044 0.05834521725773811 0.9876051545143127 0.9876051545143127 0.32948848605155945
33.099939567896044 0.06207767874002457 0.9876051545143127 0.9876051545143127 0.3530493676662445
33.56868956789604 0.06904297322034836 0.9876051545143127 0.9876051545143127 0.3984434902667999
34.27181456789603 0.07823241502046585 0.9876051545143127 0.9876051545143127 0.462046355009079
34.97493956789602 0.08591866493225098 0.9876051545143127 0.9876051545143127 0.5200281143188477
35.443689567896016 0.09022808074951172 0.9876051545143127 0.9876051545143127 0.5554619431495667
35.91243956789601 0.09391316771507263 0.9876051545143127 0.9876051545143127 0.58828204870224
36.615564567896 0.09834776073694229 0.9876051545143127 0.9876051545143127 0.6326162815093994
36.849939567896 0.09955675899982452 0.9876051545143127 0.9876051545143127 0.6461052894592285
37.084314567895994 0.10064180195331573 0.9876051545143127 0.9876051545143127 0.658963680267334
37.318689567895994 0.10160966217517853 0.9876051545143127 0.9876051545143127 0.6712040901184082
37.78743956789599 0.10322306305170059 0.9876051545143127 0.9876051545143127 0.6938785314559937
38.02181456789599 0.10388416796922684 0.9876051545143127 0.9876051545143127 0.7043392062187195
38.25618956789598 0.10445864498615265 0.9876051545143127 0.9876051545143127 0.7142382264137268
38.49056456789598 0.10495421290397644 0.9876051545143127 0.9876051545143127 0.7235945463180542
38.72493956789597 0.10537845641374588 0.9876051545143127 0.9876051545143127 0.732428252696991
38.95931456789597 0.10573872178792953 0.9876051545143127 0.9876051545143127 0.740760326385498
39.428064567895966 0.10629517585039139 0.9876051545143127 0.9876051545143127 0.75600665807724
39.662439567895966 0.10650435835123062 0.9876051545143127 0.9876051545143127 0.762965202331543
40.13118956789596 0.10681380331516266 0.9876051545143127 0.9876051545143127 0.7756646275520325
40.36556456789596 0.10692433267831802 0.9876051545143127 0.9876051545143127 0.7814494371414185
40.83431456789595 0.10707905143499374 0.9876051545143127 0.9876051545143127 0.7919957637786865
41.537439567895944 0.10719745606184006 0.9876051545143127 0.9876051545143127 0.805556058883667
42.00618956789594 0.10723135620355606 0.9876051545143127 0.9876051545143127 0.8133038878440857
42.24056456789594 0.10724049806594849 0.9876051545143127 0.9876051545143127 0.8168396949768066
42.47493956789593 0.10724622011184692 0.9876051545143127 0.9876051545143127 0.8201699256896973
42.70931456789593 0.10724957287311554 0.9876051545143127 0.9876051545143127 0.8233084678649902
42.94368956789592 0.10725133866071701 0.9876051545143127 0.9876051545143127 0.8262682557106018
43.17806456789592 0.10725213587284088 0.9876051545143127 0.9876051545143127 0.8290613293647766
43.41243956789592 0.10725239664316177 0.9876051545143127 0.9876051545143127 0.8316989541053772
43.881189567895916 0.10725238919258118 0.9876051545143127 0.9876051545143127 0.8365491032600403
44.58431456789591 0.10725235939025879 0.9876051545143127 0.9876051545143127 0.8428982496261597
45.0530645678959 0.10725235939025879 0.9876051545143127 0.9876051545143127 0.8466051816940308
45.2874395678959 0.10725235939025879 0.9876051545143127 0.9876051545143127 0.8483210802078247
45.756189567895895 0.10725235939025879 0.9876051545143127 0.9876051545143127 0.8515068292617798
45.99056456789589 0.10725235939025879 0.9876051545143127 0.9876051545143127 0.8529869318008423
46.45931456789589 0.10725235939025879 0.9876051545143127 0.9876051545143127 0.8557447791099548
46.69368956789588 0.10725235939025879 0.9876051545143127 0.9876051545143127 0.8570307493209839
47.16243956789587 0.10725235939025879 0.9876051545143127 0.9876051545143127 0.8594350814819336
47.39681456789587 0.10725235939025879 0.9876051545143127 0.9876051545143127 0.8605601191520691
47.63118956789587 0.10725235939025879 0.9876051545143127 0.9876051545143127 0.8616377115249634
47.865564567895866 0.10725235939025879 0.9876051545143127 0.9876051545143127 0.8626705408096313
48.099939567895866 0.10725235939025879 0.9876051545143127 0.9876051545143127 0.8636612892150879
48.33431456789586 0.10725235939025879 0.9876051545143127 0.9876051545143127 0.8646122217178345
48.56868956789586 0.10725235939025879 0.9876051545143127 0.9876051545143127 0.8655256032943726
49.03743956789585 0.10725235939025879 0.9876051545143127 0.9876051545143127 0.8672477602958679
49.27181456789585 0.10725235939025879 0.9876051545143127 0.9876051545143127 0.8680603504180908
49.50618956789585 0.10725235939025879 0.9876051545143127 0.9876051545143127 0.8688427805900574
49.740564567895845 0.10725235939025879 0.9876051545143127 0.9876051545143127 0.8695967197418213
50.20931456789584 0.10725235939025879 0.9876051545143127 0.9876051545143127 0.8710248470306396
50.44368956789584 0.10725235939025879 0.9876051545143127 0.9876051545143127 0.8717016577720642
50.67806456789584 0.10725235939025879 0.9876051545143127 0.9876051545143127 0.8723553419113159
50.91243956789583 0.10725235939025879 0.9876051545143127 0.9876051545143127 0.872986912727356
51.615564567895824 0.10725235939025879 0.9876051545143127 0.9876051545143127 0.8747598528862
51.849939567895824 0.10725235939025879 0.9876051545143127 0.9876051545143127 0.8753133416175842
52.08431456789582 0.10725235939025879 0.9876051545143127 0.9876051545143127 0.8758495450019836
52.31868956789582 0.10725235939025879 0.9876051545143127 0.9876051545143127 0.8763691782951355
53.4905645678958 0.10725235939025879 0.9876051545143127 0.9876051545143127 0.8787438273429871
53.724939567895795 0.10725235939025879 0.9876051545143127 0.9876051545143127 0.8791784048080444
54.193689567895795 0.10725235939025879 0.9876051545143127 0.9876051545143127 0.8800116777420044
54.89681456789579 0.10725235939025879 0.9876051545143127 0.9876051545143127 0.8811788558959961
55.599939567895774 0.10725235939025879 0.9876051545143127 0.9876051545143127 0.8822568655014038
56.068689567895774 0.10725235939025879 0.9876051545143127 0.9876051545143127 0.8829309344291687
57.943689567895746 0.10725235939025879 0.9876051545143127 0.9876051545143127 0.8853228688240051
58.64681456789574 0.10725235939025879 0.9876051545143127 0.9876051545143127 0.8861122727394104
59.99999999999999 0.10725235939025879 0.9876051545143127 0.9876051545143127 0.887496292591095
60.000099999999996 0.10725235939025879 0.9876051545143127 0.9876051545143127 0.8874959945678711
60.000299999999996 0.10725204646587372 0.9876051545143127 0.9876051545143127 0.8874956965446472
60.000699999999995 0.10724823921918869 0.9876051545143127 0.9876051545143127 0.8874955773353577
60.001000000000005 0.107241190969944 0.9876051545143127 0.9876051545143127 0.8874955773353577
60.16480000000147 0.08546362817287445 0.9876051545143127 0.9876051545143127 0.8874955773353577
60.328600000002936 0.0651804581284523 0.9876051545143127 0.9876051545143127 0.8874955773353577
60.562975000002936 0.03943641483783722 0.9876051545143127 0.9876051545143127 0.8874955773353577
60.79735000000293 0.018375370651483536 0.9876051545143127 0.9876051545143127 0.8874955773353577
61.03172500000293 0.002382829086855054 0.9876051545143127 0.9876051545143127 0.8874955773353577
61.090130785542215 0.00012861138384323567 0.9876051545143127 0.9876051545143127 0.8874955773353577
61.103571713598946 -3.3386719167083356e-08 0.9876051545143127 0.9876051545143127 0.8874955773353577
89.99999999999999 -3.339506449151486e-08 0.9876051545143127 0.9876051545143127 0.8874955773353577
90.0001 -3.336801412956447e-08 0.9876051545143127 0.9876051545143127 0.8874955773353577
90.0003 -3.334400133780946e-08 0.9876051545143127 0.9876051545143127 0.8874955773353577
90.0007 -3.332872466899062e-08 0.9876051545143127 0.9876051545143127 0.8874955773353577
90.001 -3.331476605694661e-08 0.9876051545143127 0.9876051545143127 0.8874955773353577
119.99999999999999 -3.331476605694661e-08 0.9876051545143127 0.9876051545143127 0.8874955773353577
120.0001 -3.331476605694661e-08 0.9876051545143127 0.9876051545143127 0.8874955773353577
120.0003 -3.331476605694661e-08 0.9876051545143127 0.9876051545143127 0.8874955773353577
120.0007 -3.331476605694661e-08 0.9876051545143127 0.9876051545143127 0.8874955773353577
120.001 -3.331476605694661e-08 0.9876051545143127 0.9876051545143127 0.8874955773353577
150.0 -3.331476605694661e-08 0.9876051545143127 0.9876051545143127 0.8874955773353577
150.0001 -3.331476605694661e-08 0.9876051545143127 0.9876051545143127 0.8874955773353577
150.0003 -3.331476605694661e-08 0.9876051545143127 0.9876051545143127 0.8874958753585815
150.0007 -3.331476605694661e-08 0.9876051545143127 0.9876051545143127 0.8874971866607666
150.001 -3.331476605694661e-08 0.9876051545143127 0.9876051545143127 0.8874983787536621
179.99999999999997 -3.331476605694661e-08 0.9876051545143127 0.9876051545143127 0.8874983787536621
180.0001 -3.331476605694661e-08 0.9876051545143127 0.9876051545143127 0.8874983787536621
180.0003 -3.331476605694661e-08 0.9876051545143127 0.9876051545143127 0.8874983787536621
180.0007 -3.331476605694661e-08 0.9876051545143127 0.9876049160957336 0.8874983787536621
180.001 -3.331476605694661e-08 0.9876051545143127 0.987604558467865 0.8874983787536621
180.39917500000257 -3.331476605694661e-08 0.9876051545143127 0.9842283129692078 0.8874983787536621
180.79735000000514 -3.331476605694661e-08 0.9876051545143127 0.9797326326370239 0.8874983787536621
181.03172500000514 -3.331476605694661e-08 0.9876051545143127 0.9763604998588562 0.8874983787536621
181.5004750000051 -3.331476605694661e-08 0.9876051545143127 0.967350959777832 0.8874983787536621
182.20360000000508 -3.331476605694661e-08 0.9876051545143127 0.9456284046173096 0.8874983787536621
182.67235000000508 -3.331476605694661e-08 0.9876051545143127 0.9237196445465088 0.8874983787536621
182.90672500000505 -3.331476605694661e-08 0.9876051545143127 0.9102031588554382 0.8874983787536621
183.14110000000505 -3.331476605694661e-08 0.9876051545143127 0.8949447870254517 0.8874983787536621
183.37547500000505 -3.331476605694661e-08 0.9876051545143127 0.8779832720756531 0.8874983787536621
183.60985000000503 -3.331476605694661e-08 0.9876051545143127 0.859397292137146 0.8874983787536621
183.84422500000503 -3.331476605694661e-08 0.9876051545143127 0.8392923474311829 0.8874983787536621
184.078600000005 -3.331476605694661e-08 0.9876051545143127 0.8177887201309204 0.8874983787536621
184.312975000005 -3.331476605694661e-08 0.9876051545143127 0.7950117588043213 0.8874983787536621
184.547350000005 -3.331476605694661e-08 0.9876051545143127 0.7710844278335571 0.8874983787536621
184.78172500000497 -3.331476605694661e-08 0.9876051545143127 0.7461229562759399 0.8874983787536621
185.01610000000497 -3.331476605694661e-08 0.9876051545143127 0.7202338576316833 0.8874983787536621
185.25047500000497 -3.331476605694661e-08 0.9876051545143127 0.6935135722160339 0.8874983787536621
185.48485000000494 -3.331476605694661e-08 0.9876051545143127 0.6660481691360474 0.8874983787536621
185.71922500000494 -3.331476605694661e-08 0.9876051545143127 0.6379139423370361 0.8874983787536621
185.95360000000494 -3.331476605694661e-08 0.9876051545143127 0.6091781258583069 0.8874983787536621
186.1879750000049 -3.331476605694661e-08 0.9876051545143127 0.5799000263214111 0.8874983787536621
186.4223500000049 -3.331476605694661e-08 0.9876051545143127 0.5501317977905273 0.8874983787536621
186.6567250000049 -3.331476605694661e-08 0.9876051545143127 0.5199193954467773 0.8874983787536621
186.89110000000488 -3.331476605694661e-08 0.9876051545143127 0.4893032908439636 0.8874983787536621
187.12547500000488 -3.331476605694661e-08 0.9876051545143127 0.4583192765712738 0.8874983787536621
187.59422500000485 -3.331476605694661e-08 0.9876051545143127 0.3953709304332733 0.8874983787536621
187.82860000000485 -3.331476605694661e-08 0.9876051545143127 0.3634602129459381 0.8874983787536621
188.06297500000485 -3.331476605694661e-08 0.9876051545143127 0.3312901258468628 0.8874983787536621
188.53172500000483 -3.331476605694661e-08 0.9876051545143127 0.2662624716758728 0.8874983787536621
188.76610000000483 -3.331476605694661e-08 0.9876051545143127 0.2334597259759903 0.8874983787536621
189.0004750000048 -3.331476605694661e-08 0.9876051545143127 0.20052695274353027 0.8874983787536621
189.2348500000048 -3.331476605694661e-08 0.9876051545143127 0.16757188737392426 0.8874983787536621
189.4692250000048 -3.331476605694661e-08 0.9876051545143127 0.1348361223936081 0.8874983787536621
189.70360000000477 -3.331476605694661e-08 0.9876051545143127 0.10284695029258728 0.8874983787536621
189.93797500000477 -3.331476605694661e-08 0.9876051545143127 0.07260733842849731 0.8874983787536621
190.17235000000477 -3.331476605694661e-08 0.9876051545143127 0.04558703675866127 0.8874983787536621
190.40672500000474 -3.331476605694661e-08 0.9876051545143127 0.023209990933537483 0.8874983787536621
190.64110000000474 -3.331476605694661e-08 0.9876051545143127 0.005517127458006144 0.8874983787536621
190.73384657723145 -3.331476605694661e-08 0.9876051545143127 0.0004655607626773417 0.8874983787536621
190.75588735025025 -3.331476605694661e-08 0.9876051545143127 -3.3386722719797035e-08 0.8874983787536621
205.44190675759157 -3.331476605694661e-08 0.9876051545143127 -3.3386722719797035e-08 0.8874983787536621
209.99999999999997 -3.331476605694661e-08 0.9876051545143127 -3.3342740124453485e-08 0.8874983787536621
210.00009999999997 -3.331476605694661e-08 0.9876051545143127 -3.335057385811524e-08 0.8874983787536621
210.0003 -3.331476605694661e-08 0.9876051545143127 -3.3330689319654994e-08 0.8874983787536621
210.00070000000002 -3.331476605694661e-08 0.9876051545143127 -3.3263216181467214e-08 0.8874983787536621
210.0008229638716 -1.916233571819248e-08 0.9876051545143127 -2.8979936672612894e-08 0.8874983787536621
210.0008939568555 4.007953791074215e-08 0.9876051545143127 4.13948519906171e-08 0.8874983787536621
210.00092970807944 1.281047303791638e-07 0.9876051545143127 9.780633547507023e-08 0.8874983787536621
210.00095187954324 2.2610531402733614e-07 0.9876051545143127 1.1057010596005057e-07 0.8874983787536621
210.00096462494722 3.2291544016516127e-07 0.9876051545143127 2.847634164027113e-07 0.8874983787536621
210.00097468474056 4.4710293423122494e-07 0.9876051545143127 7.398128900604206e-07 0.8874983787536621
210.00098593914518 6.367882292579452e-07 0.9876051545143127 1.5979202316884766e-06 0.8874983787536621
210.00099884336163 8.946217917582544e-07 0.9876051545143127 2.8495394417404896e-06 0.8874983787536621
210.00100000000003 9.205810442836082e-07 0.9876051545143127 2.9813604669470806e-06 0.8874983787536621
210.07260064243994 0.0017277223523706198 0.9876051545143127 0.009078140370547771 0.8874983787536621
210.1442012848798 0.0034383845049887896 0.9876051545143127 0.018104463815689087 0.8874983787536621
210.28740437035196 0.006815487518906593 0.9876051545143127 0.036022771149873734 0.8874983787536621
210.52177937035194 0.01223916094750166 0.9876051545143127 0.06503277271986008 0.8874983787536621
210.75615437035194 0.017532898113131523 0.9876051545143127 0.09364348649978638 0.8874983787536621
210.99052937035194 0.022681035101413727 0.9876051545143127 0.12180408090353012 0.8874983787536621
211.2249043703519 0.027681516483426094 0.9876051545143127 0.14950472116470337 0.8874983787536621
211.4592793703519 0.032531581819057465 0.9876051545143127 0.17673248052597046 0.8874983787536621
211.6936543703519 0.03722884878516197 0.9876051545143127 0.20347562432289124 0.8874983787536621
211.92802937035188 0.04177097976207733 0.9876051545143127 0.22972193360328674 0.8874983787536621
212.16240437035188 0.04615476354956627 0.9876051545143127 0.2554548978805542 0.8874983787536621
212.39677937035188 0.05037781968712807 0.9876051545143127 0.28066086769104004 0.8874983787536621
212.63115437035185 0.054438889026641846 0.9876051545143127 0.30533018708229065 0.8874983787536621
212.86552937035185 0.05833655223250389 0.9876051545143127 0.32945185899734497 0.8874983787536621
213.09990437035185 0.06206927448511124 0.9876051545143127 0.35301363468170166 0.8874983787536621
213.33427937035182 0.0656357854604721 0.9876051545143127 0.3760035037994385 0.8874983787536621
213.80302937035182 0.07226657122373581 0.9876051545143127 0.4202207326889038 0.8874983787536621
214.0374043703518 0.07532992959022522 0.9876051545143127 0.44142600893974304 0.8874983787536621
214.2717793703518 0.07822532951831818 0.9876051545143127 0.4620153605937958 0.8874983787536621
214.5061543703518 0.08095337450504303 0.9876051545143127 0.48197948932647705 0.8874983787536621
214.74052937035177 0.08351517468690872 0.9876051545143127 0.5013101696968079 0.8874983787536621
214.97490437035177 0.08591235429048538 0.9876051545143127 0.5200001001358032 0.8874983787536621
215.20927937035177 0.0881471261382103 0.9876051545143127 0.5380435585975647 0.8874983787536621
215.44365437035174 0.09022226929664612 0.9876051545143127 0.5554360151290894 0.8874983787536621
216.1467793703517 0.09552682191133499 0.9876051545143127 0.6036873459815979 0.8874983787536621
216.3811543703517 0.09700333327054977 0.9876051545143127 0.6184648871421814 0.8874983787536621
216.84990437035168 0.09955226629972458 0.9876051545143127 0.6460853815078735 0.8874983787536621
217.08427937035168 0.10063759237527847 0.9876051545143127 0.6589435338973999 0.8874983787536621
217.31865437035168 0.1016060933470726 0.9876051545143127 0.6711805462837219 0.8874983787536621
217.55302937035165 0.10246513038873672 0.9876051545143127 0.6828089952468872 0.8874983787536621
217.78740437035165 0.10322227329015732 0.9876051545143127 0.6938432455062866 0.8874983787536621
218.02177937035165 0.103885218501091 0.9876051545143127 0.7042993307113647 0.8874983787536621
218.49052937035162 0.1049593836069107 0.9876051545143127 0.7235486507415771 0.8874983787536621
218.9592793703516 0.10574807226657867 0.9876051545143127 0.7407124042510986 0.8874983787536621
219.1936543703516 0.10605296492576599 0.9876051545143127 0.7485655546188354 0.8874983787536621
219.4280293703516 0.10630737990140915 0.9876051545143127 0.7559615969657898 0.8874983787536621
219.89677937035157 0.10669021308422089 0.9876051545143127 0.7694694995880127 0.8874983787536621
220.13115437035157 0.10683020949363708 0.9876051545143127 0.7756255865097046 0.8874983787536621
220.36552937035154 0.10694243758916855 0.9876051545143127 0.7814123034477234 0.8874983787536621
220.83427937035154 0.10710012912750244 0.9876051545143127 0.7919629812240601 0.8874983787536621
221.5374043703515 0.10722192376852036 0.9876051545143127 0.8055304288864136 0.8874983787536621
221.77177937035148 0.10724286735057831 0.9876051545143127 0.8095245957374573 0.8874983787536621
222.00615437035148 0.1072574183344841 0.9876051545143127 0.81328284740448 0.8874983787536621
222.24052937035148 0.10726717114448547 0.9876051545143127 0.8168208599090576 0.8874983787536621
222.47490437035145 0.10727337002754211 0.9876051545143127 0.8201530575752258 0.8874983787536621
222.70927937035145 0.10727696865797043 0.9876051545143127 0.8232930898666382 0.8874983787536621
222.94365437035145 0.10727880150079727 0.9876051545143127 0.8262538313865662 0.8874983787536621
223.17802937035142 0.10727959871292114 0.9876051545143127 0.829047679901123 0.8874983787536621
223.41240437035142 0.10727988183498383 0.9876051545143127 0.8316861391067505 0.8874983787536621
223.64677937035142 0.1072799414396286 0.9876051545143127 0.8341798186302185 0.8874983787536621
224.1155293703514 0.10727992653846741 0.9876051545143127 0.8387705087661743 0.8874983787536621
224.3499043703514 0.10727991908788681 0.9876051545143127 0.8408851027488708 0.8874983787536621
224.58427937035137 0.10727991908788681 0.9876051545143127 0.8428897857666016 0.8874983787536621
225.75615437035134 0.10727991908788681 0.9876051545143127 0.8515024781227112 0.8874983787536621
225.9905293703513 0.10727991908788681 0.9876051545143127 0.8529833555221558 0.8874983787536621
226.2249043703513 0.10727991908788681 0.9876051545143127 0.8543952703475952 0.8874983787536621
226.45927937035128 0.10727991908788681 0.9876051545143127 0.8557422757148743 0.8874983787536621
228.09990437035123 0.10727991908788681 0.9876051545143127 0.8636592626571655 0.8874983787536621
228.33427937035123 0.10727991908788681 0.9876051545143127 0.8646103143692017 0.8874983787536621
228.5686543703512 0.10727991908788681 0.9876051545143127 0.8655238151550293 0.8874983787536621
228.8030293703512 0.10727991908788681 0.9876051545143127 0.8664019107818604 0.8874983787536621
230.20927937035114 0.10727991908788681 0.9876051545143127 0.8710240125656128 0.8874983787536621
230.44365437035114 0.10727991908788681 0.9876051545143127 0.8717010021209717 0.8874983787536621
230.6780293703511 0.10727991908788681 0.9876051545143127 0.8723547458648682 0.8874983787536621
230.9124043703511 0.10727991908788681 0.9876051545143127 0.8729864358901978 0.8874983787536621
231.4983418703511 0.10727991908788681 0.9876051545143127 0.8744758367538452 0.8874983787536621
232.08427937035106 0.10727991908788681 0.9876051545143127 0.8758490085601807 0.8874983787536621
232.31865437035106 0.10727991908788681 0.9876051545143127 0.8763687014579773 0.8874983787536621
232.55302937035106 0.10727991908788681 0.9876051545143127 0.8768725395202637 0.8874983787536621
234.42802937035097 0.10727991908788681 0.9876051545143127 0.88041090965271 0.8874983787536621
234.66240437035097 0.10727991908788681 0.9876051545143127 0.8807998299598694 0.8874983787536621
234.89677937035094 0.10727991908788681 0.9876051545143127 0.8811784982681274 0.8874983787536621
235.13115437035094 0.10727991908788681 0.9876051545143127 0.881547212600708 0.8874983787536621
238.4124043703508 0.10727991908788681 0.9876051545143127 0.8858545422554016 0.8874983787536621
239.11552937035077 0.10727991908788681 0.9876051545143127 0.8866100907325745 0.8874983787536621
239.81865437035074 0.10727991908788681 0.9876051545143127 0.8873192667961121 0.8874983787536621
239.99999999999997 0.10727991908788681 0.9876051545143127 0.8874959349632263 0.8874983787536621
