time a b c w1 w2
0.0 0.0 0.0 0.0 0.0 0.0
1.757812428601624e-06 1.0832566022872925 1.0832566022872925 1.757988202426422e-23 1.757988202426422e-23 1.757988202426422e-23
1.7648476783160305e-06 1.0055341720581055 1.0055341720581055 1.7650242106122693e-23 1.7650242106122693e-23 1.7650242106122693e-23
1.7789181777448437e-06 0.9905999898910522 0.9905999898910522 1.7790960692117828e-23 1.7790960692117828e-23 1.7790960692117828e-23
1.8070591766024704e-06 0.984626293182373 0.984626293182373 1.8072399441829907e-23 1.8072399441829907e-23 1.8072399441829907e-23
0.00013281055255599797 0.984626293182373 0.984626293182373 1.3282383013875093e-21 1.3282383013875093e-21 1.3282383013875093e-21
0.00026381985277929004 0.984626293182373 0.984626293182373 2.6384624023353322e-21 2.6384624023353322e-21 2.6384624023353322e-21
0.0005258384532258742 0.984626293182373 0.984626293182373 5.258910200334195e-21 -5.93956661631978e-09 -5.93956661631978e-09
0.001 0.984626293182373 0.984626293182373 1.0000999731091105e-20 -3.337618892373939e-08 -3.337618892373939e-08
29.999999999999996 0.984626293182373 0.984626293182373 3.000300019364487e-16 -3.3376331032286544e-08 -3.3376331032286544e-08
30.000099999999996 0.984626293182373 0.984626293182373 3.0003100778807355e-16 -3.335901510581607e-08 -3.335901510581607e-08
30.0003 0.984626293182373 0.984626293182373 3.0003299302154367e-16 -3.334191589488e-08 -3.334191589488e-08
30.0007 0.984626293182373 0.984626293182373 3.0003698995826353e-16 -3.3332874238567456e-08 -3.3332874238567456e-08
30.00082296348802 0.984626293182373 0.984626293182373 1.4392964597931268e-09 -3.3331694737626094e-08 -3.329477848978968e-08
30.00089395660906 0.984626293182373 0.984626293182373 1.1965987312123616e-08 -3.333132880811718e-08 -1.066220800538531e-08
30.000929659750124 0.984626293182373 0.984626293182373 3.851327434745144e-08 -3.333132880811718e-08 8.24543491262375e-08
30.00095139404025 0.984626293182373 0.984626293182373 8.450066246723509e-08 -3.333132880811718e-08 2.9563145176325634e-07
30.000973638882094 0.984626293182373 0.984626293182373 1.7735879964675405e-07 -3.333132880811718e-08 8.254279464381398e-07
30.000992460234052 0.984626293182373 0.984626293182373 3.008373994362046e-07 -3.333132880811718e-08 1.6396453474953887e-06
30.001 0.984626293182373 0.984626293182373 3.6722278196066327e-07 -3.333132880811718e-08 2.1174896573938895e-06
30.48125847873837 0.984626293182373 0.984626293182373 0.004960230085998774 -3.333132880811718e-08 0.03849704563617706
30.96151695747673 0.984626293182373 0.984626293182373 0.009604057297110558 -3.333132880811718e-08 0.07573921233415604
31.31307945747673 0.984626293182373 0.984626293182373 0.01280023343861103 -3.333132880811718e-08 0.10217872262001038
31.840423207476725 0.984626293182373 0.984626293182373 0.017278946936130524 -3.333132880811718e-08 0.1405317187309265
32.191985707476725 0.984626293182373 0.984626293182373 0.02010529488325119 -3.333132880811718e-08 0.1654283106327057
32.719329457476725 0.984626293182373 0.984626293182373 0.02407175302505493 -3.333132880811718e-08 0.20159222185611725
33.070891957476725 0.984626293182373 0.984626293182373 0.02655775472521782 -3.333132880811718e-08 0.22500498592853546
33.422454457476725 0.984626293182373 0.984626293182373 0.02890290692448616 -3.333132880811718e-08 0.24778154492378235
33.774016957476725 0.984626293182373 0.984626293182373 0.031087106093764305 -3.333132880811718e-08 0.26981595158576965
34.12557945747672 0.984626293182373 0.984626293182373 0.03313598409295082 -3.333132880811718e-08 0.291212797164917
34.47714195747672 0.984626293182373 0.984626293182373 0.03507324308156967 -3.333132880811718e-08 0.31206995248794556
35.00448570747672 0.984626293182373 0.984626293182373 0.03770389407873154 -3.333132880811718e-08 0.3419859707355499
35.53182945747672 0.984626293182373 0.984626293182373 0.04003588855266571 -3.333132880811718e-08 0.3703592121601105
36.05917320747672 0.984626293182373 0.984626293182373 0.04208609461784363 -3.333132880811718e-08 0.39720308780670166
36.41073570747672 0.984626293182373 0.984626293182373 0.04329744726419449 -3.333132880811718e-08 0.41421717405319214
36.58651695747672 0.984626293182373 0.984626293182373 0.04386918246746063 -3.333132880811718e-08 0.4225255846977234
36.93807945747672 0.984626293182373 0.984626293182373 0.044949986040592194 -3.333132880811718e-08 0.4387635588645935
37.28964195747671 0.984626293182373 0.984626293182373 0.04595004394650459 -3.333132880811718e-08 0.4545029103755951
37.64120445747671 0.984626293182373 0.984626293182373 0.046855367720127106 -3.333132880811718e-08 0.46963268518447876
37.81698570747671 0.984626293182373 0.984626293182373 0.04726901277899742 -3.333132880811718e-08 0.4769382178783417
38.16854820747671 0.984626293182373 0.984626293182373 0.04802938923239708 -3.333132880811718e-08 0.49108773469924927
38.87167320747671 0.984626293182373 0.984626293182373 0.049305740743875504 -3.333132880811718e-08 0.5175961256027222
39.22323570747671 0.984626293182373 0.984626293182373 0.04983339458703995 -3.333132880811718e-08 0.5299882292747498
39.57479820747671 0.984626293182373 0.984626293182373 0.05030827596783638 -3.333132880811718e-08 0.5419358611106873
39.92636070747671 0.984626293182373 0.984626293182373 0.050717271864414215 -3.333132880811718e-08 0.5532974600791931
40.27792320747671 0.984626293182373 0.984626293182373 0.05107339471578598 -3.333132880811718e-08 0.5641622543334961
40.805266957476704 0.984626293182373 0.984626293182373 0.05153602361679077 -3.333132880811718e-08 0.5797357559204102
41.332610707476704 0.984626293182373 0.984626293182373 0.05191388726234436 -3.333132880811718e-08 0.594378650188446
41.772063832476704 0.984626293182373 0.984626293182373 0.05216561257839203 -3.333132880811718e-08 0.6058250069618225
42.211516957476704 0.984626293182373 0.984626293182373 0.0523720420897007 -3.333132880811718e-08 0.6166610717773438
42.563079457476704 0.984626293182373 0.984626293182373 0.0525018647313118 -3.333132880811718e-08 0.6248061060905457
42.914641957476704 0.984626293182373 0.984626293182373 0.052608758211135864 -3.333132880811718e-08 0.6325728297233582
43.266204457476704 0.984626293182373 0.984626293182373 0.05269423872232437 -3.333132880811718e-08 0.6399427056312561
43.7935482074767 0.984626293182373 0.984626293182373 0.05278736725449562 -3.333132880811718e-08 0.6502527594566345
44.6724544574767 0.984626293182373 0.984626293182373 0.05288952961564064 -3.333132880811718e-08 0.6660701036453247
45.5513607074767 0.984626293182373 0.984626293182373 0.05293865129351616 -3.333132880811718e-08 0.6800171732902527
45.9029232074767 0.984626293182373 0.984626293182373 0.052949681878089905 -3.333132880811718e-08 0.6851838231086731
46.4302669574767 0.984626293182373 0.984626293182373 0.05295998975634575 -3.333132880811718e-08 0.6924834847450256
46.7818294574767 0.984626293182373 0.984626293182373 0.052963461726903915 -3.333132880811718e-08 0.6970290541648865
47.13339195747669 0.984626293182373 0.984626293182373 0.05296580120921135 -3.333132880811718e-08 0.7014331817626953
47.48495445747669 0.984626293182373 0.984626293182373 0.05296719819307327 -3.333132880811718e-08 0.7056627869606018
48.01229820747669 0.984626293182373 0.984626293182373 0.05296827480196953 -3.333132880811718e-08 0.7117666006088257
48.53964195747669 0.984626293182373 0.984626293182373 0.05296849459409714 -3.333132880811718e-08 0.717431902885437
49.06698570747669 0.984626293182373 0.984626293182373 0.05296848714351654 -3.333132880811718e-08 0.7226983904838562
49.41854820747669 0.984626293182373 0.984626293182373 0.05296848714351654 -3.333132880811718e-08 0.7260804176330566
49.94589195747669 0.984626293182373 0.984626293182373 0.05296848714351654 -3.333132880811718e-08 0.7308399677276611
50.29745445747668 0.984626293182373 0.984626293182373 0.05296848714351654 -3.333132880811718e-08 0.733808696269989
50.64901695747668 0.984626293182373 0.984626293182373 0.05296848714351654 -3.333132880811718e-08 0.7366441488265991
51.44003258247668 0.984626293182373 0.984626293182373 0.05296848714351654 -3.333132880811718e-08 0.7426096200942993
52.23104820747668 0.984626293182373 0.984626293182373 0.05296848714351654 -3.333132880811718e-08 0.7479442954063416
53.19784508247668 0.984626293182373 0.984626293182373 0.05296848714351654 -3.333132880811718e-08 0.7539278864860535
54.164641957476675 0.984626293182373 0.984626293182373 0.05296848714351654 -3.333132880811718e-08 0.7594534158706665
54.955657582476675 0.984626293182373 0.984626293182373 0.05296848714351654 -3.333132880811718e-08 0.7635501623153687
55.746673207476675 0.984626293182373 0.984626293182373 0.05296848714351654 -3.333132880811718e-08 0.7672675251960754
56.274016957476675 0.984626293182373 0.984626293182373 0.05296848714351654 -3.333132880811718e-08 0.7696051597595215
58.38339195747667 0.984626293182373 0.984626293182373 0.05296848714351654 -3.333132880811718e-08 0.777631402015686
58.73495445747667 0.984626293182373 0.984626293182373 0.05296848714351654 -3.333132880811718e-08 0.7788443565368652
59.96542320747666 0.984626293182373 0.984626293182373 0.05296848714351654 -3.333132880811718e-08 0.7828214168548584
59.99999999999999 0.984626293182373 0.984626293182373 0.05296848714351654 -3.333132880811718e-08 0.7829256057739258
60.000099999999996 0.984626293182373 0.984626293182373 0.05296848714351654 -3.333132880811718e-08 0.7829250693321228
60.000299999999996 0.984626293182373 0.984626293182373 0.052968207746744156 -3.333132880811718e-08 0.7829245328903198
60.000699999999995 0.984626293182373 0.984626293182373 0.05296497046947479 -3.333132880811718e-08 0.7829242944717407
60.001000000000005 0.984626293182373 0.984626293182373 0.052959129214286804 -3.333132880811718e-08 0.7829242944717407
60.25269062500148 0.984626293182373 0.984626293182373 0.028293415904045105 -3.333132880811718e-08 0.7829242944717407
60.504381250002936 0.984626293182373 0.984626293182373 0.009688287042081356 -3.333132880811718e-08 0.7829242944717407
60.680162500002936 0.984626293182373 0.984626293182373 0.0007012818241491914 -3.333132880811718e-08 0.7829242944717407
60.713918163738576 0.984626293182373 0.984626293182373 -3.3383670938746945e-08 -3.333132880811718e-08 0.7829242944717407
89.99999999999999 0.984626293182373 0.984626293182373 -3.34194751872019e-08 -3.333132880811718e-08 0.7829242944717407
90.0001 0.984626293182373 0.984626293182373 -3.3383166453404556e-08 -3.333132880811718e-08 0.7829242944717407
90.0003 0.984626293182373 0.984626293182373 -3.335188480946272e-08 -3.333194698029729e-08 0.7829242944717407
90.00043750433859 0.984626293182373 0.984626293182373 -3.3335187055172355e-08 -3.333270726102455e-08 0.7829242944717407
90.00071251301577 0.984626293182373 0.984626293182373 -3.329897779735802e-08 -3.333226672452838e-08 0.7829242944717407
90.001 0.984626293182373 0.984626293182373 -3.3284184297599495e-08 -3.3328877435678805e-08 0.7829242944717407
119.99999999999999 0.984626293182373 0.984626293182373 -3.3284184297599495e-08 -3.3328877435678805e-08 0.7829242944717407
120.0001 0.984626293182373 0.984626293182373 -3.3284184297599495e-08 -3.3328877435678805e-08 0.7829242944717407
120.0003 0.984626293182373 0.984626293182373 -3.3284184297599495e-08 -3.3328877435678805e-08 0.7829242944717407
120.0007 0.9846261143684387 0.984626293182373 -3.3284184297599495e-08 -3.3328877435678805e-08 0.7829242944717407
120.001 0.9846256375312805 0.984626293182373 -3.3284184297599495e-08 -3.3328877435678805e-08 0.782924234867096
120.02298390607953 0.9844930768013 0.984626293182373 0.00012961949687451124 -3.3328877435678805e-08 0.782924234867096
120.04496781215906 0.984359085559845 0.984626293182373 0.00025919373729266226 -3.3328877435678805e-08 0.782924234867096
120.08894099213794 0.9840863943099976 0.984626293182373 0.0005181298474781215 -3.3328877435678805e-08 0.782924234867096
120.52844985209569 0.9810616970062256 0.984626293182373 0.003094407729804516 -3.3328877435678805e-08 0.782924234867096
121.05579360209569 0.976590633392334 0.984626293182373 0.006168843246996403 -3.3328877435678805e-08 0.782924234867096
121.40735610209569 0.9729364514350891 0.984626293182373 0.008209838531911373 -3.3328877435678805e-08 0.782924234867096
121.58313735209569 0.9708627462387085 0.984626293182373 0.00922786071896553 -3.3328877435678805e-08 0.782924234867096
121.93469985209569 0.9661310315132141 0.984626293182373 0.011259080842137337 -3.3328877435678805e-08 0.782924234867096
122.2862623520957 0.9604745507240295 0.984626293182373 0.01328340731561184 -3.3328877435678805e-08 0.782924234867096
122.63782485209573 0.9536944627761841 0.984626293182373 0.015301011502742767 -3.3328877435678805e-08 0.782924234867096
123.16516860209578 0.9409151077270508 0.984626293182373 0.018314886838197708 -3.3328877435678805e-08 0.782924234867096
123.5167311020958 0.9302929043769836 0.984626293182373 0.020315783098340034 -3.3328877435678805e-08 0.782924234867096
123.69251235209582 0.924257218837738 0.984626293182373 0.021313726902008057 -3.3328877435678805e-08 0.782924234867096
124.04407485209585 0.9105924963951111 0.984626293182373 0.023304611444473267 -3.3328877435678805e-08 0.782924234867096
124.39563735209587 0.8946425318717957 0.984626293182373 0.025288838893175125 -3.3328877435678805e-08 0.782924234867096
124.57141860209587 0.8857641220092773 0.984626293182373 0.026278462260961533 -3.3328877435678805e-08 0.782924234867096
124.74719985209589 0.8762671947479248 0.984626293182373 0.027266427874565125 -3.3328877435678805e-08 0.782924234867096
124.9229811020959 0.8661453127861023 0.984626293182373 0.028252743184566498 -3.3328877435678805e-08 0.782924234867096
125.09876235209592 0.8553967475891113 0.984626293182373 0.029237406328320503 -3.3328877435678805e-08 0.782924234867096
125.27454360209593 0.8440240025520325 0.984626293182373 0.03022042289376259 -3.3328877435678805e-08 0.782924234867096
125.45032485209595 0.8320338129997253 0.984626293182373 0.0312017984688282 -3.3328877435678805e-08 0.782924234867096
125.62610610209596 0.8194363117218018 0.984626293182373 0.03218153491616249 -3.3328877435678805e-08 0.782924234867096
125.80188735209597 0.8062450289726257 0.984626293182373 0.033159635961055756 -3.3328877435678805e-08 0.782924234867096
125.97766860209599 0.7924758195877075 0.984626293182373 0.034136105328798294 -3.3328877435678805e-08 0.782924234867096
126.153449852096 0.7781467437744141 0.984626293182373 0.035110946744680405 -3.3328877435678805e-08 0.782924234867096
126.32923110209602 0.7632774114608765 0.984626293182373 0.036084167659282684 -3.3328877435678805e-08 0.782924234867096
126.50501235209603 0.7478882670402527 0.984626293182373 0.03705576807260513 -3.3328877435678805e-08 0.782924234867096
126.68079360209605 0.7320007085800171 0.984626293182373 0.03802574798464775 -3.3328877435678805e-08 0.782924234867096
126.85657485209606 0.7156363129615784 0.984626293182373 0.038994114845991135 -3.3328877435678805e-08 0.782924234867096
127.03235610209606 0.6988166570663452 0.984626293182373 0.03996087238192558 -3.3328877435678805e-08 0.782924234867096
127.20813735209607 0.6815629601478577 0.984626293182373 0.040926024317741394 -3.3328877435678805e-08 0.782924234867096
127.38391860209609 0.6638962030410767 0.984626293182373 0.04188956692814827 -3.3328877435678805e-08 0.782924234867096
127.5596998520961 0.645836591720581 0.984626293182373 0.042851511389017105 -3.3328877435678805e-08 0.782924234867096
127.73548110209612 0.627403736114502 0.984626293182373 0.0438118577003479 -3.3328877435678805e-08 0.782924234867096
127.91126235209613 0.6086164712905884 0.984626293182373 0.044770605862140656 -3.3328877435678805e-08 0.782924234867096
128.08704360209614 0.589492678642273 0.984626293182373 0.04572776332497597 -3.3328877435678805e-08 0.782924234867096
128.26282485209614 0.570049524307251 0.984626293182373 0.04668332636356354 -3.3328877435678805e-08 0.782924234867096
128.43860610209617 0.5503032207489014 0.984626293182373 0.04763730615377426 -3.3328877435678805e-08 0.782924234867096
128.7901686020962 0.5099623203277588 0.984626293182373 0.04954049736261368 -3.3328877435678805e-08 0.782924234867096
128.9659498520962 0.48939600586891174 0.984626293182373 0.050489723682403564 -3.3328877435678805e-08 0.782924234867096
129.14173110209623 0.468583345413208 0.984626293182373 0.051437363028526306 -3.3328877435678805e-08 0.782924234867096
129.31751235209623 0.4475365877151489 0.984626293182373 0.0523834303021431 -3.3328877435678805e-08 0.782924234867096
129.49329360209626 0.42626726627349854 0.984626293182373 0.05332791805267334 -3.3328877435678805e-08 0.782924234867096
129.66907485209626 0.40478622913360596 0.984626293182373 0.05427083373069763 -3.3328877435678805e-08 0.782924234867096
129.8448561020963 0.38310378789901733 0.984626293182373 0.05521217733621597 -3.3328877435678805e-08 0.782924234867096
130.37219985209632 0.3169425129890442 0.984626293182373 0.05802679434418678 -3.3328877435678805e-08 0.782924234867096
130.54798110209632 0.2945471405982971 0.984626293182373 0.05896186828613281 -3.3328877435678805e-08 0.782924234867096
130.89954360209634 0.24929794669151306 0.984626293182373 0.06082732602953911 -3.3328877435678805e-08 0.782924234867096
131.07532485209637 0.2264646589756012 0.984626293182373 0.061757758259773254 -3.3328877435678805e-08 0.782924234867096
131.25110610209637 0.20351168513298035 0.984626293182373 0.06268671900033951 -3.3328877435678805e-08 0.782924234867096
131.6026686020964 0.1573832929134369 0.984626293182373 0.06453992426395416 -3.3328877435678805e-08 0.782924234867096
131.77844985209643 0.1343190222978592 0.984626293182373 0.06546425819396973 -3.3328877435678805e-08 0.782924234867096
131.95423110209643 0.11144781857728958 0.984626293182373 0.0663871318101883 -3.3328877435678805e-08 0.782924234867096
132.13001235209646 0.0891207605600357 0.984626293182373 0.06730835884809494 -3.3328877435678805e-08 0.782924234867096
132.30579360209646 0.06784618645906448 0.984626293182373 0.06822791695594788 -3.3328877435678805e-08 0.782924234867096
132.4815748520965 0.04825705662369728 0.984626293182373 0.06914588809013367 -3.3328877435678805e-08 0.782924234867096
132.6573561020965 0.03102388232946396 0.984626293182373 0.0700623095035553 -3.3328877435678805e-08 0.782924234867096
132.83313735209651 0.016611889004707336 0.984626293182373 0.07097719609737396 -3.3328877435678805e-08 0.782924234867096
133.00891860209651 0.00472008204087615 0.984626293182373 0.07189096510410309 -3.3328877435678805e-08 0.782924234867096
133.08329113439137 0.0007286339532583952 0.984626293182373 0.07227756083011627 -3.3328877435678805e-08 0.782924234867096
133.10605039232757 0.00010500716598471627 0.984626293182373 0.07239600270986557 -3.3328877435678805e-08 0.782924234867096
133.12885977515242 -3.338360698990073e-08 0.984626293182373 0.07251482456922531 -3.3328877435678805e-08 0.782924234867096
133.20195762628208 -3.338360698990073e-08 0.984626293182373 0.07289547473192215 -3.3328877435678805e-08 0.782924234867096
133.27505547741174 -3.338360698990073e-08 0.984626293182373 0.07327531278133392 -3.3328877435678805e-08 0.782924234867096
133.42121839313748 -3.338360698990073e-08 0.984626293182373 0.07403303682804108 -3.3328877435678805e-08 0.782924234867096
135.70637464313765 -3.338360698990073e-08 0.984626293182373 0.08572535216808319 -3.3328877435678805e-08 0.782924234867096
136.23371839313768 -3.338360698990073e-08 0.984626293182373 0.08838693052530289 -3.3328877435678805e-08 0.782924234867096
138.51887464313785 -3.338360698990073e-08 0.984626293182373 0.09976369887590408 -3.3328877435678805e-08 0.782924234867096
139.0462183931379 -3.338360698990073e-08 0.984626293182373 0.10239182412624359 -3.3328877435678805e-08 0.782924234867096
139.57356214313793 -3.338360698990073e-08 0.984626293182373 0.1050456091761589 -3.3328877435678805e-08 0.782924234867096
142.21028089313813 -3.338360698990073e-08 0.984626293182373 0.11810581386089325 -3.3328877435678805e-08 0.782924234867096
142.73762464313816 -3.338360698990073e-08 0.984626293182373 0.12067635357379913 -3.3328877435678805e-08 0.782924234867096
143.70442151813825 -3.338360698990073e-08 0.984626293182373 0.1253533661365509 -3.3328877435678805e-08 0.782924234867096
144.6712183931383 -3.338360698990073e-08 0.984626293182373 0.12998449802398682 -3.3328877435678805e-08 0.782924234867096
145.28645276813836 -3.338360698990073e-08 0.984626293182373 0.13290782272815704 -3.3328877435678805e-08 0.782924234867096
145.90168714313842 -3.338360698990073e-08 0.984626293182373 0.13581274449825287 -3.3328877435678805e-08 0.782924234867096
148.3626246431386 -3.338360698990073e-08 0.984626293182373 0.14724993705749512 -3.3328877435678805e-08 0.782924234867096
148.88996839313864 -3.338360698990073e-08 0.984626293182373 0.1496630609035492 -3.3328877435678805e-08 0.782924234867096
150.0 -3.33695844290105e-08 0.984626293182373 0.154700368642807 -3.3328877435678805e-08 0.782924234867096
150.0001 -3.335869536158498e-08 0.984626293182373 0.15470191836357117 -3.3328877435678805e-08 0.782924234867096
150.0003 -3.33399725604977e-08 0.984626293182373 0.1547071933746338 -3.333158815621573e-08 0.7829240560531616
150.0007 -3.331565778807999e-08 0.984626293182373 0.15472067892551422 -3.334516307518243e-08 0.7829228043556213
150.00082296368583 -3.331289377683788e-08 0.984626293182373 0.1547243297100067 -3.3350385564290264e-08 0.7829214334487915
150.00092965925708 4.185188728911271e-08 0.984626293182373 0.15472634136676788 -3.335564713324857e-08 0.7829182744026184
150.00095122055995 1.9075217494446406e-07 0.984626293182373 0.15472660958766937 -3.335685860861304e-08 0.7829172611236572
150.00096722289857 4.625462963758764e-07 0.984626293182373 0.1547267735004425 -3.3357789419596884e-08 0.7829163670539856
150.00098298539143 9.725140444061253e-07 0.984626293182373 0.15472693741321564 -3.335872733600809e-08 0.7829154133796692
150.001 1.7685462125882623e-06 0.984626293182373 0.15472708642482758 -3.335976117568862e-08 0.7829142808914185
150.00986496535725 0.0006435033865272999 0.984626293182373 0.1548016369342804 -3.335984288810323e-08 0.7822761535644531
150.01872993071453 0.0012847849866375327 0.984626293182373 0.15487609803676605 -3.33598819679537e-08 0.7816365361213684
150.03646202599148 0.002566136419773102 0.984626293182373 0.1550246924161911 -3.335997078579567e-08 0.7803530693054199
150.07192621654536 0.005123372655361891 0.984626293182373 0.15532059967517853 -3.336016973776168e-08 0.7777684926986694
150.14285459765316 0.010216016322374344 0.984626293182373 0.15590722858905792 -3.336053211455692e-08 0.7725335955619812
150.28471135986874 0.02033264935016632 0.984626293182373 0.1570643186569214 -3.336117870844646e-08 0.7618734240531921
150.46049260986874 0.03275856748223305 0.984626293182373 0.15847226977348328 -3.336191412017797e-08 0.7483742833137512
150.63627385986877 0.045057766139507294 0.984626293182373 0.15985068678855896 -3.336263176834109e-08 0.7345461249351501
150.9878363598688 0.06926404684782028 0.984626293182373 0.16251693665981293 -3.336405285381261e-08 0.7058638334274292
151.1636176098688 0.08117130398750305 0.984626293182373 0.1638053059577942 -3.3364713658556866e-08 0.6910271644592285
151.3393988598688 0.09294771403074265 0.984626293182373 0.16506406664848328 -3.3365338936164335e-08 0.6758835315704346
151.51518010986882 0.10459309816360474 0.984626293182373 0.1662934422492981 -3.336594289748973e-08 0.6604458689689636
151.69096135986882 0.1161072701215744 0.984626293182373 0.16749364137649536 -3.336653975338777e-08 0.6447211503982544
151.86674260986885 0.1274901032447815 0.984626293182373 0.1686648726463318 -3.3367058449584874e-08 0.6287303566932678
152.21830510986888 0.14986130595207214 0.984626293182373 0.17092137038707733 -3.336796083885929e-08 0.5960712432861328
152.5698676098689 0.17170587182044983 0.984626293182373 0.17306479811668396 -3.336893783512096e-08 0.5625103116035461
152.7456488598689 0.18243049085140228 0.984626293182373 0.17409473657608032 -3.33694174514676e-08 0.5453829765319824
152.92143010986894 0.19302330911159515 0.984626293182373 0.17509718239307404 -3.336985443525009e-08 0.528036892414093
153.09721135986894 0.20348432660102844 0.984626293182373 0.1760723888874054 -3.3370191943049576e-08 0.510506272315979
153.27299260986896 0.21381357312202454 0.984626293182373 0.17702063918113708 -3.337050458185331e-08 0.4928201735019684
153.44877385986896 0.2240111231803894 0.984626293182373 0.17794223129749298 -3.3370877616789585e-08 0.47497010231018066
153.624555109869 0.23407702147960663 0.984626293182373 0.17883744835853577 -3.337125065172586e-08 0.4569421708583832
153.976117609869 0.25381436944007874 0.984626293182373 0.18055003881454468 -3.337192211461115e-08 0.4203866720199585
154.15189885986902 0.2634861171245575 0.984626293182373 0.18136802315711975 -3.337222764798753e-08 0.40187519788742065
154.32768010986902 0.27302682399749756 0.984626293182373 0.18216091394424438 -3.3372479890658724e-08 0.3832308351993561
154.50346135986905 0.282436728477478 0.984626293182373 0.18292903900146484 -3.337275344961199e-08 0.3644605875015259
154.67924260986905 0.291716068983078 0.984626293182373 0.18367275595664978 -3.337305187756101e-08 0.34555381536483765
154.85502385986908 0.30086517333984375 0.984626293182373 0.18439242243766785 -3.337330056751853e-08 0.32651665806770325
155.03080510986908 0.30988430976867676 0.984626293182373 0.1850883662700653 -3.337350307219822e-08 0.3073720633983612
155.3823676098691 0.3275343179702759 0.984626293182373 0.18641066551208496 -3.337395071412175e-08 0.26877668499946594
155.55814885986914 0.3361659646034241 0.984626293182373 0.18703778088092804 -3.337412124437833e-08 0.24933843314647675
155.73393010986914 0.34466931223869324 0.984626293182373 0.18764269351959229 -3.3374316643630664e-08 0.22981949150562286
155.90971135986916 0.3530448377132416 0.984626293182373 0.18822583556175232 -3.337454046459243e-08 0.21021394431591034
156.08549260986916 0.36129310727119446 0.984626293182373 0.18878759443759918 -3.3374753627413156e-08 0.1905289739370346
156.26127385986916 0.36941465735435486 0.984626293182373 0.1893283873796463 -3.337495613209285e-08 0.1707889437675476
156.4370551098692 0.3774101138114929 0.984626293182373 0.1898486167192459 -3.3375137320490467e-08 0.15103814005851746
156.78861760986922 0.393025279045105 0.984626293182373 0.1908291131258011 -3.337545351200788e-08 0.11184915900230408
156.96439885986922 0.4006463885307312 0.984626293182373 0.1912902295589447 -3.3375620489550784e-08 0.09270944446325302
157.14018010986925 0.4081442058086395 0.984626293182373 0.1917324960231781 -3.337577680895265e-08 0.07422137260437012
157.31596135986925 0.41551944613456726 0.984626293182373 0.1921563595533371 -3.33759189174998e-08 0.05678390711545944
157.49174260986928 0.42277297377586365 0.984626293182373 0.1925622522830963 -3.337604326247856e-08 0.04085668921470642
157.66752385986928 0.42990562319755554 0.984626293182373 0.19295063614845276 -3.3376146291175246e-08 0.026848305016756058
157.8433051098693 0.43691831827163696 0.984626293182373 0.19332192838191986 -3.3376235109017216e-08 0.014984989538788795
158.0190863598693 0.44382771849632263 0.984626293182373 0.19367876648902893 -3.337630261057711e-08 0.005004764534533024
158.10294249596015 0.4470871686935425 0.984626293182373 0.19384390115737915 -3.3376327479572865e-08 0.0010603968985378742
158.1331965288286 0.4482550323009491 0.984626293182373 0.1939023733139038 -3.337633458500022e-08 6.84554543113336e-05
158.13894851581745 0.4484764635562897 0.984626293182373 0.19391341507434845 -3.337633458500022e-08 -3.3376331032286544e-08
158.18264883987186 0.4501529932022095 0.984626293182373 0.19399647414684296 -3.337633458500022e-08 -3.3376331032286544e-08
158.2263491639263 0.45182010531425476 0.984626293182373 0.194078266620636 -3.337633458500022e-08 -3.3376331032286544e-08
158.3136614807608 0.45512303709983826 0.984626293182373 0.19423794746398926 -3.337633458500022e-08 -3.3376331032286544e-08
158.48828611442985 0.4616478383541107 0.984626293182373 0.1945466250181198 -3.337633458500022e-08 -3.3376331032286544e-08
158.66406736442985 0.46811383962631226 0.984626293182373 0.1948441118001938 -3.337633458500022e-08 -3.3376331032286544e-08
158.83984861442985 0.47446519136428833 0.984626293182373 0.19512702524662018 -3.337633458500022e-08 -3.3376331032286544e-08
159.01562986442988 0.4807032644748688 0.984626293182373 0.19539587199687958 -3.337633458500022e-08 -3.3376331032286544e-08
159.19141111442988 0.48682910203933716 0.984626293182373 0.195651113986969 -3.337633458500022e-08 -3.3376331032286544e-08
159.3671923644299 0.49284398555755615 0.984626293182373 0.19589316844940186 -3.337633458500022e-08 -3.3376331032286544e-08
159.5429736144299 0.4987492561340332 0.984626293182373 0.19612248241901398 -3.337633458500022e-08 -3.3376331032286544e-08
159.71875486442994 0.5045459866523743 0.984626293182373 0.19633948802947998 -3.337633458500022e-08 -3.3376331032286544e-08
159.89453611442994 0.5102353096008301 0.984626293182373 0.19654466211795807 -3.337633458500022e-08 -3.3376331032286544e-08
160.07031736442997 0.5158186554908752 0.984626293182373 0.19673842191696167 -3.337633458500022e-08 -3.3376331032286544e-08
160.59766111443 0.5319457054138184 0.984626293182373 0.1972552388906479 -3.337633458500022e-08 -3.3376331032286544e-08
161.12500486443003 0.5471658110618591 0.984626293182373 0.19768428802490234 -3.337633458500022e-08 -3.3376331032286544e-08
161.30078611443005 0.5520439743995667 0.984626293182373 0.19780968129634857 -3.337633458500022e-08 -3.3376331032286544e-08
161.47656736443005 0.5568268299102783 0.984626293182373 0.19792693853378296 -3.337633458500022e-08 -3.3376331032286544e-08
161.65234861443008 0.5615158081054688 0.984626293182373 0.19803640246391296 -3.337633458500022e-08 -3.337633458500022e-08
162.35547361443014 0.5793618559837341 0.984626293182373 0.19840340316295624 -3.337633458500022e-08 -3.337633458500022e-08
162.53125486443014 0.583603024482727 0.984626293182373 0.19847922027111053 -3.337633458500022e-08 -3.337633458500022e-08
162.70703611443017 0.5877588391304016 0.984626293182373 0.19854934513568878 -3.337633458500022e-08 -3.337633458500022e-08
162.88281736443017 0.591830849647522 0.984626293182373 0.19861412048339844 -3.337633458500022e-08 -3.337633458500022e-08
163.0585986144302 0.595820426940918 0.984626293182373 0.1986737847328186 -3.337633458500022e-08 -3.337633458500022e-08
163.2343798644302 0.599729061126709 0.984626293182373 0.19872865080833435 -3.337633458500022e-08 -3.337633458500022e-08
164.28906736443028 0.621561586856842 0.984626293182373 0.19897209107875824 -3.337633458500022e-08 -3.337633458500022e-08
164.46484861443028 0.6249436140060425 0.984626293182373 0.19900070130825043 -3.337633458500022e-08 -3.337633458500022e-08
164.6406298644303 0.6282559633255005 0.984626293182373 0.19902649521827698 -3.337633458500022e-08 -3.337633458500022e-08
164.8164111144303 0.6315001249313354 0.984626293182373 0.1990496814250946 -3.337633458500022e-08 -3.337633458500022e-08
165.16797361443034 0.6377889513969421 0.984626293182373 0.19908897578716278 -3.337633458500022e-08 -3.337633458500022e-08
165.34375486443037 0.6408362984657288 0.984626293182373 0.19910544157028198 -3.337633458500022e-08 -3.337633458500022e-08
165.51953611443037 0.6438207626342773 0.984626293182373 0.19912004470825195 -3.337633458500022e-08 -3.337633458500022e-08
165.6953173644304 0.646743655204773 0.984626293182373 0.19913291931152344 -3.337633458500022e-08 -3.337633458500022e-08
166.92578611443048 0.665583610534668 0.984626293182373 0.1991865336894989 -3.337633458500022e-08 -3.33763381377139e-08
167.10156736443048 0.6680581569671631 0.984626293182373 0.1991904079914093 -3.337633458500022e-08 -3.33763381377139e-08
167.2773486144305 0.6704820990562439 0.984626293182373 0.19919364154338837 -3.337633458500022e-08 -3.33763381377139e-08
167.4531298644305 0.6728564500808716 0.984626293182373 0.19919630885124207 -3.337633458500022e-08 -3.33763381377139e-08
167.80469236443054 0.6774606704711914 0.984626293182373 0.19920022785663605 -3.337633458500022e-08 -3.33763381377139e-08
168.33203611443057 0.6840220093727112 0.984626293182373 0.1992034912109375 -3.337633458500022e-08 -3.33763381377139e-08
169.03516111443062 0.6921690702438354 0.984626293182373 0.19920505583286285 -3.337633458500022e-08 -3.33763381377139e-08
169.21094236443065 0.6941048502922058 0.984626293182373 0.1992051750421524 -3.337633458500022e-08 -3.33763381377139e-08
169.38672361443065 0.6960021257400513 0.984626293182373 0.19920524954795837 -3.337633458500022e-08 -3.33763381377139e-08
169.56250486443068 0.6978617310523987 0.984626293182373 0.19920530915260315 -3.337633458500022e-08 -3.33763381377139e-08
171.49609861443082 0.7160667777061462 0.984626293182373 0.19920532405376434 -3.337633458500022e-08 -3.33763381377139e-08
171.67187986443082 0.717536985874176 0.984626293182373 0.19920532405376434 -3.337633458500022e-08 -3.33763381377139e-08
171.84766111443085 0.7189794182777405 0.984626293182373 0.19920532405376434 -3.337633458500022e-08 -3.33763381377139e-08
172.02344236443085 0.7203947305679321 0.984626293182373 0.19920532405376434 -3.337633458500022e-08 -3.33763381377139e-08
172.37500486443088 0.7231464982032776 0.984626293182373 0.19920532405376434 -3.337633458500022e-08 -3.33763381377139e-08
172.90234861443093 0.7270859479904175 0.984626293182373 0.19920532405376434 -3.337633458500022e-08 -3.33763381377139e-08
173.07812986443093 0.7283512353897095 0.984626293182373 0.19920532405376434 -3.337633458500022e-08 -3.33763381377139e-08
173.25391111443093 0.7295935153961182 0.984626293182373 0.19920532405376434 -3.337633458500022e-08 -3.33763381377139e-08
173.42969236443096 0.7308132648468018 0.984626293182373 0.19920532405376434 -3.337633458500022e-08 -3.33763381377139e-08
176.06641111443116 0.7467308640480042 0.984626293182373 0.19920532405376434 -3.337633458500022e-08 -3.33763381377139e-08
176.24219236443116 0.7476526498794556 0.984626293182373 0.19920532405376434 -3.337633458500022e-08 -3.33763381377139e-08
176.4179736144312 0.7485591769218445 0.984626293182373 0.19920532405376434 -3.337633458500022e-08 -3.33763381377139e-08
176.5937548644312 0.7494507431983948 0.984626293182373 0.19920532405376434 -3.337633458500022e-08 -3.33763381377139e-08
178.52734861443133 0.7583584189414978 0.984626293182373 0.19920532405376434 -3.337633458500022e-08 -3.33763381377139e-08
179.0546923644314 0.7605308294296265 0.984626293182373 0.19920532405376434 -3.337633458500022e-08 -3.33763381377139e-08
179.75781736443145 0.7632766366004944 0.984626293182373 0.19920532405376434 -3.337633458500022e-08 -3.33763381377139e-08
179.93359861443145 0.7639391422271729 0.984626293182373 0.19920532405376434 -3.337633458500022e-08 -3.33763381377139e-08
179.99999999999997 0.764187216758728 0.984626293182373 0.19920532405376434 -3.337633458500022e-08 -3.33763381377139e-08
