time a b c w1 w2
0.0 0.0 0.0 0.0 0.0 0.0
1.757812428601624e-06 1.0832566022872925 1.0832566022872925 1.757988202426422e-23 1.757988202426422e-23 1.757988202426422e-23
1.7648476783160305e-06 1.0055341720581055 1.0055341720581055 1.7650242106122693e-23 1.7650242106122693e-23 1.7650242106122693e-23
1.7789181777448437e-06 0.9905999898910522 0.9905999898910522 1.7790960692117828e-23 1.7790960692117828e-23 1.7790960692117828e-23
1.8070591766024704e-06 0.984626293182373 0.984626293182373 1.8072399441829907e-23 1.8072399441829907e-23 1.8072399441829907e-23
0.00013281055255599797 0.984626293182373 0.984626293182373 1.3282383013875093e-21 1.3282383013875093e-21 1.3282383013875093e-21
0.00026381985277929004 0.984626293182373 0.984626293182373 2.6384624023353322e-21 2.6384624023353322e-21 2.6384624023353322e-21
0.0005258384532258742 0.984626293182373 0.984626293182373 5.258910200334195e-21 -5.9407447849935124e-09 -5.9407447849935124e-09
0.001 0.984626293182373 0.984626293182373 1.0000999731091105e-20 -3.3382807629323e-08 -3.3382807629323e-08
29.999999999999996 0.984626293182373 0.984626293182373 3.000300019364487e-16 -3.338294973787015e-08 -3.338294973787015e-08
30.000099999999996 0.984626293182373 0.984626293182373 3.0003100778807355e-16 -3.336297638156793e-08 -3.336297638156793e-08
30.0003 0.984626293182373 0.984626293182373 3.0003299302154367e-16 -3.3343244609795875e-08 -3.3343244609795875e-08
30.0007 0.984626293182373 0.984626293182373 7.553703451309342e-15 -3.333280673700756e-08 -3.333280673700756e-08
30.00082296343935 0.984626293182373 0.984626293182373 2.158120260276064e-08 -3.333144960038226e-08 -2.5473948284115977e-08
30.000893956492387 0.984626293182373 0.984626293182373 1.0668300376437401e-07 -3.333102682745448e-08 6.864559054520214e-08
30.000929739118853 0.984626293182373 0.984626293182373 2.3348735567196854e-07 -3.333102682745448e-08 2.0046324777922564e-07
30.000951412417972 0.984626293182373 0.984626293182373 3.700606896472891e-07 -3.333102682745448e-08 3.1253316024049127e-07
30.000963461167345 0.984626293182373 0.984626293182373 4.880866413259355e-07 -3.333102682745448e-08 5.204851163398416e-07
30.000972856263104 0.984626293182373 0.984626293182373 6.273735380091239e-07 -3.333102682745448e-08 9.667641052146791e-07
30.000984223202618 0.984626293182373 0.984626293182373 8.581956763009657e-07 -3.333102682745448e-08 1.9092781258223113e-06
30.001 0.984626293182373 0.984626293182373 1.2397516684359289e-06 -3.333102682745448e-08 3.6024546261614887e-06
30.030768256922872 0.984626293182373 0.984626293182373 0.0008790502906776965 -3.333102682745448e-08 0.004246169701218605
30.060536513845744 0.984626293182373 0.984626293182373 0.0017575111705809832 -3.333102682745448e-08 0.008490596897900105
30.120074844657147 0.984626293182373 0.984626293182373 0.003505469998344779 -3.333102682745448e-08 0.01695392094552517
30.239151506279953 0.984626293182373 0.984626293182373 0.006962628569453955 -3.333102682745448e-08 0.03376937285065651
30.414932756279953 0.984626293182373 0.984626293182373 0.01198427565395832 -3.333102682745448e-08 0.05835672840476036
30.766495256279953 0.984626293182373 0.984626293182373 0.021739760413765907 -3.333102682745448e-08 0.10669761151075363
31.118057756279953 0.984626293182373 0.984626293182373 0.031152501702308655 -3.333102682745448e-08 0.15403765439987183
31.469620256279953 0.984626293182373 0.984626293182373 0.04017267003655434 -3.333102682745448e-08 0.20021747052669525
31.99696400627995 0.984626293182373 0.984626293182373 0.0528726652264595 -3.333102682745448e-08 0.2669970691204071
32.524307756279946 0.984626293182373 0.984626293182373 0.06464116275310516 -3.333102682745448e-08 0.33092957735061646
32.875870256279946 0.984626293182373 0.984626293182373 0.07195713371038437 -3.333102682745448e-08 0.3718983232975006
33.227432756279946 0.984626293182373 0.984626293182373 0.0787913054227829 -3.333102682745448e-08 0.4113309681415558
33.578995256279946 0.984626293182373 0.984626293182373 0.08512482792139053 -3.333102682745448e-08 0.4491344690322876
34.106339006279946 0.984626293182373 0.984626293182373 0.09365411847829819 -3.333102682745448e-08 0.502588152885437
34.282120256279946 0.984626293182373 0.984626293182373 0.09625813364982605 -3.333102682745448e-08 0.5195844173431396
34.633682756279946 0.984626293182373 0.984626293182373 0.10110854357481003 -3.333102682745448e-08 0.5523109436035156
35.161026506279946 0.984626293182373 0.984626293182373 0.10743425786495209 -3.333102682745448e-08 0.5979257822036743
35.512589006279946 0.984626293182373 0.984626293182373 0.11101040989160538 -3.333102682745448e-08 0.6258794069290161
35.68837025627994 0.984626293182373 0.984626293182373 0.11261164397001266 -3.333102682745448e-08 0.6391081213951111
35.86415150627994 0.984626293182373 0.984626293182373 0.11410313099622726 -3.333102682745448e-08 0.6518837213516235
36.21571400627994 0.984626293182373 0.984626293182373 0.1167772188782692 -3.333102682745448e-08 0.6761108636856079
36.56727650627994 0.984626293182373 0.984626293182373 0.11899863183498383 -3.333102682745448e-08 0.6983007788658142
37.09462025627994 0.984626293182373 0.984626293182373 0.12158697098493576 -3.333102682745448e-08 0.7279657125473022
37.44618275627994 0.984626293182373 0.984626293182373 0.12291094660758972 -3.333102682745448e-08 0.7456045150756836
37.62196400627994 0.984626293182373 0.984626293182373 0.12346937507390976 -3.333102682745448e-08 0.7538213729858398
37.79774525627994 0.984626293182373 0.984626293182373 0.12396075576543808 -3.333102682745448e-08 0.7616239190101624
37.97352650627994 0.984626293182373 0.984626293182373 0.12438927590847015 -3.333102682745448e-08 0.7690171599388123
38.14930775627994 0.984626293182373 0.984626293182373 0.12475790083408356 -3.333102682745448e-08 0.7759982943534851
38.32508900627994 0.984626293182373 0.984626293182373 0.1250728815793991 -3.333102682745448e-08 0.7825851440429688
38.85243275627993 0.984626293182373 0.984626293182373 0.12576819956302643 -3.333102682745448e-08 0.8002906441688538
39.37977650627993 0.984626293182373 0.984626293182373 0.1261676698923111 -3.333102682745448e-08 0.8150910139083862
39.90712025627993 0.984626293182373 0.984626293182373 0.1263941526412964 -3.333102682745448e-08 0.8276950716972351
40.08290150627993 0.984626293182373 0.984626293182373 0.1264411360025406 -3.333102682745448e-08 0.8314303755760193
40.25868275627993 0.984626293182373 0.984626293182373 0.1264774054288864 -3.333102682745448e-08 0.8349547982215881
40.43446400627993 0.984626293182373 0.984626293182373 0.12650519609451294 -3.333102682745448e-08 0.8382821679115295
40.96180775627993 0.984626293182373 0.984626293182373 0.126549631357193 -3.333102682745448e-08 0.8471043109893799
41.75282338127993 0.984626293182373 0.984626293182373 0.1265658736228943 -3.333102682745448e-08 0.8578509092330933
42.543839006279924 0.984626293182373 0.984626293182373 0.12656690180301666 -3.333102682745448e-08 0.8663367033004761
42.719620256279924 0.984626293182373 0.984626293182373 0.12656690180301666 -3.333102682745448e-08 0.8679403066635132
42.895401506279924 0.984626293182373 0.984626293182373 0.12656690180301666 -3.333102682745448e-08 0.8694611191749573
43.071182756279924 0.984626293182373 0.984626293182373 0.12656690180301666 -3.333102682745448e-08 0.8709213733673096
43.598526506279924 0.984626293182373 0.984626293182373 0.12656690180301666 -3.333102682745448e-08 0.8749144077301025
43.950089006279924 0.984626293182373 0.984626293182373 0.12656690180301666 -3.333102682745448e-08 0.8772731423377991
44.301651506279924 0.984626293182373 0.984626293182373 0.12656690180301666 -3.333102682745448e-08 0.8794671893119812
44.828995256279924 0.984626293182373 0.984626293182373 0.12656690180301666 -3.333102682745448e-08 0.8824762105941772
45.44422963127992 0.984626293182373 0.984626293182373 0.12656690180301666 -3.333102682745448e-08 0.8854974508285522
46.05946400627992 0.984626293182373 0.984626293182373 0.12656690180301666 -3.333102682745448e-08 0.8881677389144897
46.93837025627992 0.984626293182373 0.984626293182373 0.12656690180301666 -3.333102682745448e-08 0.8913999199867249
47.81727650627992 0.984626293182373 0.984626293182373 0.12656690180301666 -3.333102682745448e-08 0.8940885066986084
47.99305775627992 0.984626293182373 0.984626293182373 0.12656690180301666 -3.333102682745448e-08 0.8945690393447876
48.16883900627992 0.984626293182373 0.984626293182373 0.12656690180301666 -3.333102682745448e-08 0.8950318694114685
48.34462025627992 0.984626293182373 0.984626293182373 0.12656690180301666 -3.333102682745448e-08 0.8954778909683228
48.87196400627991 0.984626293182373 0.984626293182373 0.12656690180301666 -3.333102682745448e-08 0.8967276811599731
49.39930775627991 0.984626293182373 0.984626293182373 0.12656690180301666 -3.333102682745448e-08 0.8979171514511108
49.92665150627991 0.984626293182373 0.984626293182373 0.12656690180301666 -3.333102682745448e-08 0.8990094661712646
50.62977650627991 0.984626293182373 0.984626293182373 0.12656690180301666 -3.333102682745448e-08 0.9003486633300781
51.33290150627991 0.984626293182373 0.984626293182373 0.12656690180301666 -3.333102682745448e-08 0.9015395641326904
52.4754796312799 0.984626293182373 0.984626293182373 0.12656690180301666 -3.333102682745448e-08 0.9031982421875
53.6180577562799 0.984626293182373 0.984626293182373 0.12656690180301666 -3.333102682745448e-08 0.9046632051467896
53.7938390062799 0.984626293182373 0.984626293182373 0.12656690180301666 -3.333102682745448e-08 0.9048759937286377
53.9696202562799 0.984626293182373 0.984626293182373 0.12656690180301666 -3.333102682745448e-08 0.9050833582878113
54.1454015062799 0.984626293182373 0.984626293182373 0.12656690180301666 -3.333102682745448e-08 0.9052855372428894
54.3211827562799 0.984626293182373 0.984626293182373 0.12656690180301666 -3.333102682745448e-08 0.9054827690124512
54.8485265062799 0.984626293182373 0.984626293182373 0.12656690180301666 -3.333102682745448e-08 0.9060462117195129
55.375870256279896 0.984626293182373 0.984626293182373 0.12656690180301666 -3.333102682745448e-08 0.9065709710121155
55.903214006279896 0.984626293182373 0.984626293182373 0.12656690180301666 -3.333102682745448e-08 0.9070608615875244
56.782120256279896 0.984626293182373 0.984626293182373 0.12656690180301666 -3.333102682745448e-08 0.9078091382980347
57.133682756279896 0.984626293182373 0.984626293182373 0.12656690180301666 -3.333102682745448e-08 0.908096969127655
57.748917131279896 0.984626293182373 0.984626293182373 0.12656690180301666 -3.333102682745448e-08 0.9086069464683533
58.36415150627989 0.984626293182373 0.984626293182373 0.12656690180301666 -3.333102682745448e-08 0.9090831279754639
58.89149525627989 0.984626293182373 0.984626293182373 0.12656690180301666 -3.333102682745448e-08 0.9094651937484741
59.41883900627989 0.984626293182373 0.984626293182373 0.12656690180301666 -3.333102682745448e-08 0.9098345637321472
59.77040150627989 0.984626293182373 0.984626293182373 0.12656690180301666 -3.333102682745448e-08 0.9100896716117859
59.94618275627989 0.984626293182373 0.984626293182373 0.12656690180301666 -3.333102682745448e-08 0.9102135300636292
59.99999999999999 0.984626293182373 0.984626293182373 0.12656690180301666 -3.333102682745448e-08 0.9102495312690735
60.000099999999996 0.984626293182373 0.984626293182373 0.12656690180301666 -3.333102682745448e-08 0.9102492928504944
60.000299999999996 0.984626293182373 0.984626293182373 0.126566544175148 -3.333102682745448e-08 0.9102490544319153
60.000699999999995 0.984626293182373 0.984626293182373 0.12656237185001373 -3.333102682745448e-08 0.9102489948272705
60.001000000000005 0.984626293182373 0.984626293182373 0.12655483186244965 -3.333102682745448e-08 0.9102489948272705
60.25269062500148 0.984626293182373 0.984626293182373 0.09151597321033478 -3.333102682745448e-08 0.9102489948272705
60.504381250002936 0.984626293182373 0.984626293182373 0.058946043252944946 -3.333102682745448e-08 0.9102489948272705
60.680162500002936 0.984626293182373 0.984626293182373 0.03891667351126671 -3.333102682745448e-08 0.9102489948272705
60.855943750002936 0.984626293182373 0.984626293182373 0.021987101063132286 -3.333102682745448e-08 0.9102489948272705
61.031725000002936 0.984626293182373 0.984626293182373 0.008147494867444038 -3.333102682745448e-08 0.9102489948272705
61.13871743880971 0.984626293182373 0.984626293182373 0.0014567492762580514 -3.333102682745448e-08 0.9102489948272705
61.17248513004982 0.984626293182373 0.984626293182373 7.078025373630226e-05 -3.333102682745448e-08 0.9102489948272705
61.17757678633491 0.984626293182373 0.984626293182373 -3.3387607345503056e-08 -3.333102682745448e-08 0.9102489948272705
89.99999999999999 0.984626293182373 0.984626293182373 -3.337962084515311e-08 -3.333102682745448e-08 0.9102489948272705
90.0001 0.984626293182373 0.984626293182373 -3.337153842153384e-08 -3.333102682745448e-08 0.9102489948272705
90.0003 0.984626293182373 0.984626293182373 -3.335372156243466e-08 -3.333165210506195e-08 0.9102489948272705
90.00047176044681 0.984626293182373 0.984626293182373 -3.334334763849256e-08 -3.333257225790476e-08 0.9102489948272705
90.00081528134041 0.984626293182373 0.984626293182373 -3.333277120987077e-08 -3.3332522519913255e-08 0.9102489948272705
90.001 0.984626293182373 0.984626293182373 -3.33274208230705e-08 -3.3330831428202146e-08 0.9102489948272705
119.99999999999999 0.984626293182373 0.984626293182373 -3.33274208230705e-08 -3.3330831428202146e-08 0.9102489948272705
120.0001 0.984626293182373 0.984626293182373 -3.33274208230705e-08 -3.3330831428202146e-08 0.9102489948272705
120.0003 0.984626293182373 0.984626293182373 -3.33274208230705e-08 -3.3330831428202146e-08 0.9102489948272705
120.0007 0.9846258759498596 0.984626293182373 -3.33274208230705e-08 -3.3330831428202146e-08 0.9102489948272705
120.001 0.9846249222755432 0.984626293182373 -3.33274208230705e-08 -3.3330831428202146e-08 0.9102489948272705
120.10136495351196 0.9833346009254456 0.984626293182373 0.0002593619574327022 -3.3330831428202146e-08 0.9102489948272705
120.20172990702392 0.9818874597549438 0.984626293182373 0.0005198409780859947 -3.3330831428202146e-08 0.9102489948272705
120.3775111570239 0.9790183305740356 0.984626293182373 0.0009825385641306639 -3.3330831428202146e-08 0.9102489948272705
120.5532924070239 0.9756718277931213 0.984626293182373 0.0014509117463603616 -3.3330831428202146e-08 0.9102489948272705
121.0806361570239 0.9614931344985962 0.984626293182373 0.0028609447181224823 -3.3330831428202146e-08 0.9102489948272705
121.4321986570239 0.9475405216217041 0.984626293182373 0.003799609374254942 -3.3330831428202146e-08 0.9102489948272705
121.6079799070239 0.9389477968215942 0.984626293182373 0.004268535878509283 -3.3330831428202146e-08 0.9102489948272705
121.7837611570239 0.9292082786560059 0.984626293182373 0.00473719323053956 -3.3330831428202146e-08 0.9102489948272705
121.9595424070239 0.918305516242981 0.984626293182373 0.00520558375865221 -3.3330831428202146e-08 0.9102489948272705
122.13532365702392 0.906251072883606 0.984626293182373 0.005673711188137531 -3.3330831428202146e-08 0.9102489948272705
122.31110490702393 0.8930802345275879 0.984626293182373 0.00614157784730196 -3.3330831428202146e-08 0.9102489948272705
122.48688615702395 0.8788468837738037 0.984626293182373 0.006609186064451933 -3.3330831428202146e-08 0.9102489948272705
122.66266740702396 0.8636166453361511 0.984626293182373 0.007076539099216461 -3.3330831428202146e-08 0.9102489948272705
122.83844865702397 0.8474619388580322 0.984626293182373 0.007543640211224556 -3.3330831428202146e-08 0.9102489948272705
123.01422990702399 0.8304570913314819 0.984626293182373 0.008010489866137505 -3.3330831428202146e-08 0.9102489948272705
123.190011157024 0.8126751780509949 0.984626293182373 0.008477091789245605 -3.3330831428202146e-08 0.9102489948272705
123.36579240702402 0.7941859364509583 0.984626293182373 0.008943447843194008 -3.3330831428202146e-08 0.9102489948272705
123.54157365702403 0.7750542163848877 0.984626293182373 0.009409558027982712 -3.3330831428202146e-08 0.9102489948272705
123.71735490702405 0.7553395628929138 0.984626293182373 0.009875426068902016 -3.3330831428202146e-08 0.9102489948272705
123.89313615702405 0.7350960373878479 0.984626293182373 0.010341051034629345 -3.3330831428202146e-08 0.9102489948272705
124.06891740702406 0.714372456073761 0.984626293182373 0.010806435719132423 -3.3330831428202146e-08 0.9102489948272705
124.24469865702407 0.6932124495506287 0.984626293182373 0.011271579191088676 -3.3330831428202146e-08 0.9102489948272705
124.42047990702409 0.6716551780700684 0.984626293182373 0.011736483313143253 -3.3330831428202146e-08 0.9102489948272705
124.5962611570241 0.6497355103492737 0.984626293182373 0.012201149016618729 -3.3330831428202146e-08 0.9102489948272705
124.94782365702413 0.6049304008483887 0.984626293182373 0.013129767030477524 -3.3330831428202146e-08 0.9102489948272705
125.12360490702414 0.5820976495742798 0.984626293182373 0.013593720272183418 -3.3330831428202146e-08 0.9102489948272705
125.29938615702416 0.5590085983276367 0.984626293182373 0.01405743695795536 -3.3330831428202146e-08 0.9102489948272705
125.47516740702417 0.5356833934783936 0.984626293182373 0.01452091708779335 -3.3330831428202146e-08 0.9102489948272705
125.8267299070242 0.4883941411972046 0.984626293182373 0.015447169542312622 -3.3330831428202146e-08 0.9102489948272705
126.17829240702422 0.440353125333786 0.984626293182373 0.016372479498386383 -3.3330831428202146e-08 0.9102489948272705
126.52985490702424 0.3916610777378082 0.984626293182373 0.017296848818659782 -3.3330831428202146e-08 0.9102489948272705
126.88141740702427 0.34240156412124634 0.984626293182373 0.01822027936577797 -3.3330831428202146e-08 0.9102489948272705
127.05719865702429 0.3175817131996155 0.984626293182373 0.018681641668081284 -3.3330831428202146e-08 0.9102489948272705
127.40876115702432 0.26760444045066833 0.984626293182373 0.0196036659181118 -3.3330831428202146e-08 0.9102489948272705
127.58454240702433 0.24246640503406525 0.984626293182373 0.020064326003193855 -3.3330831428202146e-08 0.9102489948272705
127.76032365702434 0.2172449827194214 0.984626293182373 0.020524758845567703 -3.3330831428202146e-08 0.9102489948272705
127.93610490702436 0.19195862114429474 0.984626293182373 0.02098497748374939 -3.3330831428202146e-08 0.9102489948272705
128.11188615702437 0.16664516925811768 0.984626293182373 0.021444983780384064 -3.3330831428202146e-08 0.9102489948272705
128.28766740702437 0.1413830816745758 0.984626293182373 0.02190476283431053 -3.3330831428202146e-08 0.9102489948272705
128.4634486570244 0.11635912954807281 0.984626293182373 0.02236430160701275 -3.3330831428202146e-08 0.9102489948272705
128.6392299070244 0.0919579416513443 0.984626293182373 0.02282358519732952 -3.3330831428202146e-08 0.9102489948272705
128.81501115702443 0.06877412647008896 0.984626293182373 0.02328261360526085 -3.3330831428202146e-08 0.9102489948272705
128.99079240702443 0.04758170619606972 0.984626293182373 0.023741403594613075 -3.3330831428202146e-08 0.9102489948272705
129.16657365702446 0.02919379621744156 0.984626293182373 0.0241999588906765 -3.3330831428202146e-08 0.9102489948272705
129.34235490702446 0.014128540642559528 0.984626293182373 0.02465827949345112 -3.3330831428202146e-08 0.9102489948272705
129.5181361570245 0.002324901055544615 0.984626293182373 0.02511644922196865 -3.3330831428202146e-08 0.9102489948272705
129.56949580160654 0.00010746269981609657 0.984626293182373 0.025250334292650223 -3.3330831428202146e-08 0.9102489948272705
129.57719581216253 -3.3387607345503056e-08 0.984626293182373 0.02527042105793953 -3.3330831428202146e-08 0.9102489948272705
129.76628552614903 -3.3387607345503056e-08 0.984626293182373 0.025763558223843575 -3.3330831428202146e-08 0.9102489948272705
129.95537524013554 -3.3387607345503056e-08 0.984626293182373 0.026255959644913673 -3.3330831428202146e-08 0.9102489948272705
130.13115649013554 -3.3387607345503056e-08 0.984626293182373 0.026713337749242783 -3.3330831428202146e-08 0.9102489948272705
136.371390865136 -3.3387607345503056e-08 0.984626293182373 0.04279754310846329 -3.3330831428202146e-08 0.9102489948272705
142.61162524013648 -3.3387607345503056e-08 0.984626293182373 0.05858748033642769 -3.3330831428202146e-08 0.9102489948272705
142.78740649013648 -3.3387607345503056e-08 0.984626293182373 0.05902799963951111 -3.3330831428202146e-08 0.9102489948272705
142.9631877401365 -3.3387607345503056e-08 0.984626293182373 0.059468287974596024 -3.3330831428202146e-08 0.9102489948272705
143.1389689901365 -3.3387607345503056e-08 0.984626293182373 0.05990833789110184 -3.3330831428202146e-08 0.9102489948272705
150.0 -3.338034559874359e-08 0.984626293182373 0.07690146565437317 -3.3330831428202146e-08 0.9102489948272705
150.0001 -3.336334231107685e-08 0.984626293182373 0.07690300792455673 -3.3330831428202146e-08 0.9102489948272705
150.0003 -3.3343127370244474e-08 0.984626293182373 0.07690984010696411 -3.333316556108912e-08 0.910248875617981
150.0007 -3.3328142023947294e-08 0.984626293182373 0.0769304558634758 -3.334485043637869e-08 0.9102476835250854
150.00082296347742 -2.791567688120722e-08 0.984626293182373 0.07693712413311005 -3.334933751375502e-08 0.9102463722229004
150.0008939565126 5.310287320980933e-08 0.984626293182373 0.07694045454263687 -3.335220455369381e-08 0.9102447628974915
150.00092971529676 3.0944690365686256e-07 0.984626293182373 0.0769418403506279 -3.335380327484927e-08 0.9102435111999512
150.00095178538615 7.708480325163691e-07 0.984626293182373 0.07694261521100998 -3.335484066724348e-08 0.9102425575256348
150.00096711970517 1.3947914112577564e-06 0.984626293182373 0.07694310694932938 -3.335557963168867e-08 0.9102417826652527
150.0009808262781 2.345094344491372e-06 0.984626293182373 0.0769435316324234 -3.335626530542868e-08 0.9102410078048706
150.0009978270362 4.010016255051596e-06 0.984626293182373 0.07694403827190399 -3.3357135720279985e-08 0.9102399945259094
150.001 4.275852461432805e-06 0.984626293182373 0.07694410532712936 -3.3357249407117706e-08 0.9102398753166199
150.10140488979104 0.013954700902104378 0.984626293182373 0.07977992296218872 -3.335847509333689e-08 0.9035052061080933
150.20180977958208 0.027802031487226486 0.984626293182373 0.08258019387722015 -3.3359537354726854e-08 0.8964043259620667
150.37759102958208 0.0518561527132988 0.984626293182373 0.0874178558588028 -3.336138831855351e-08 0.8833456039428711
150.5533722795821 0.07567408680915833 0.984626293182373 0.09217467904090881 -3.3363118490115085e-08 0.8695269823074341
150.7291535295821 0.09922614693641663 0.984626293182373 0.09684090316295624 -3.336470655312951e-08 0.8549162745475769
150.90493477958213 0.12250770628452301 0.984626293182373 0.10141546279191971 -3.3366255536293465e-08 0.8395557403564453
151.08071602958213 0.14551259577274323 0.984626293182373 0.10589680075645447 -3.336765530548291e-08 0.8234903812408447
151.25649727958216 0.1682344675064087 0.984626293182373 0.11028333008289337 -3.336884901727899e-08 0.8068056106567383
151.43227852958216 0.1906667947769165 0.984626293182373 0.11457345634698868 -3.336996812208781e-08 0.7895681858062744
151.6080597795822 0.21280282735824585 0.984626293182373 0.11876557767391205 -3.337103038347777e-08 0.7718092799186707
151.7838410295822 0.23463569581508636 0.984626293182373 0.12285807728767395 -3.3371968299888977e-08 0.7535725235939026
151.95962227958222 0.25615835189819336 0.984626293182373 0.12684935331344604 -3.337281029303085e-08 0.7349106073379517
152.13540352958222 0.27736353874206543 0.984626293182373 0.1307377964258194 -3.337362031174962e-08 0.7158540487289429
152.31118477958222 0.2982439398765564 0.984626293182373 0.13452184200286865 -3.3374373487049525e-08 0.6964240670204163
152.48696602958225 0.31879204511642456 0.984626293182373 0.13819994032382965 -3.337503784450746e-08 0.6766549944877625
152.66274727958225 0.33900022506713867 0.984626293182373 0.14177057147026062 -3.3375645358546535e-08 0.6565818786621094
152.83852852958228 0.3588608205318451 0.984626293182373 0.14523226022720337 -3.337616760745732e-08 0.6362396478652954
153.1900910295823 0.3975081145763397 0.984626293182373 0.15182337164878845 -3.3377130392864274e-08 0.594851016998291
153.3658722795823 0.416279137134552 0.984626293182373 0.15495021641254425 -3.3377595798356197e-08 0.5738124847412109
153.71743477958233 0.4526771306991577 0.984626293182373 0.16086089611053467 -3.337841292250232e-08 0.5311177968978882
153.89321602958236 0.4702887535095215 0.984626293182373 0.16364289820194244 -3.337879661557963e-08 0.5094860196113586
154.2447785295824 0.5043002367019653 0.984626293182373 0.16885685920715332 -3.3379404129618706e-08 0.46573567390441895
154.4205597795824 0.5206859707832336 0.984626293182373 0.17128802835941315 -3.337966347771726e-08 0.44365936517715454
154.94790352958242 0.5672863125801086 0.984626293182373 0.17787858843803406 -3.3380409547589807e-08 0.3767203092575073
155.12368477958245 0.5819488763809204 0.984626293182373 0.17984271049499512 -3.3380651132119965e-08 0.3541688323020935
155.47524727958248 0.609940767288208 0.984626293182373 0.1834278702735901 -3.3381095221329815e-08 0.30873724818229675
155.8268097795825 0.6361362934112549 0.984626293182373 0.18656669557094574 -3.3381418518274586e-08 0.262942373752594
156.0025910295825 0.6485586166381836 0.984626293182373 0.18797433376312256 -3.338157483767645e-08 0.2399430274963379
156.17837227958253 0.6605294942855835 0.984626293182373 0.1892775595188141 -3.3381745367933036e-08 0.21687810122966766
156.35415352958253 0.6720499396324158 0.984626293182373 0.1904793679714203 -3.338190879276226e-08 0.19375759363174438
156.70571602958256 0.6937506794929504 0.984626293182373 0.1925925612449646 -3.338221077342496e-08 0.14748866856098175
157.0572785295826 0.7136866450309753 0.984626293182373 0.1943446546792984 -3.3382484332378226e-08 0.10185517370700836
157.2330597795826 0.7230055332183838 0.984626293182373 0.19509640336036682 -3.3382605124643305e-08 0.07998478412628174
157.40884102958262 0.7319017648696899 0.984626293182373 0.19577154517173767 -3.338271170605367e-08 0.059456877410411835
157.58462227958262 0.740385890007019 0.984626293182373 0.196374773979187 -3.338279341846828e-08 0.040913473814725876
157.76040352958265 0.7484685778617859 0.984626293182373 0.19691085815429688 -3.338285026188714e-08 0.02493787556886673
157.93618477958265 0.75616055727005 0.984626293182373 0.19738468527793884 -3.3382899999878646e-08 0.011821244843304157
158.11196602958267 0.7635430097579956 0.984626293182373 0.19781100749969482 -3.338294618515647e-08 0.0015045346226543188
158.1541311125203 0.7652621865272522 0.984626293182373 0.19790561497211456 -3.338295329058383e-08 9.732172475196421e-05
158.1665015151993 0.7657580375671387 0.984626293182373 0.19793212413787842 -3.338295329058383e-08 -3.338295329058383e-08
158.1711639002892 0.7659440636634827 0.984626293182373 0.19794200360774994 -3.338295329058383e-08 -3.338295329058383e-08
158.20197333701537 0.7671645283699036 0.984626293182373 0.19800598919391632 -3.338295329058383e-08 -3.338295329058383e-08
158.23718412184533 0.7685422897338867 0.984626293182373 0.1980767697095871 -3.338295329058383e-08 -3.338295329058383e-08
158.3076056915052 0.7712443470954895 0.984626293182373 0.19821104407310486 -3.338295329058383e-08 -3.338295329058383e-08
158.44844883082493 0.7764807939529419 0.984626293182373 0.19845736026763916 -3.338295329058383e-08 -3.338295329058383e-08
158.975792580825 0.7943336963653564 0.984626293182373 0.19916604459285736 -3.338295329058383e-08 -3.338295329058383e-08
159.327355080825 0.8047174215316772 0.984626293182373 0.19947659969329834 -3.338295329058383e-08 -3.338295329058383e-08
159.85469883082504 0.8182756900787354 0.984626293182373 0.1997693032026291 -3.338295329058383e-08 -3.338295329058383e-08
160.03048008082504 0.8223111033439636 0.984626293182373 0.19983258843421936 -3.338295329058383e-08 -3.338295329058383e-08
160.20626133082507 0.826125979423523 0.984626293182373 0.19988292455673218 -3.338295329058383e-08 -3.338295329058383e-08
160.38204258082507 0.8297327756881714 0.984626293182373 0.1999223828315735 -3.338295329058383e-08 -3.338295329058383e-08
160.5578238308251 0.8331432938575745 0.984626293182373 0.1999528557062149 -3.338295329058383e-08 -3.338295329058383e-08
161.61251133082519 0.8500857353210449 0.984626293182373 0.20002417266368866 -3.338295329058383e-08 -3.338295329058383e-08
161.78829258082519 0.8524121642112732 0.984626293182373 0.20002654194831848 -3.338295329058383e-08 -3.338295329058383e-08
161.96407383082519 0.8546189069747925 0.984626293182373 0.20002786815166473 -3.338295329058383e-08 -3.338295329058383e-08
162.1398550808252 0.8567134141921997 0.984626293182373 0.20002853870391846 -3.338295329058383e-08 -3.338295329058383e-08
162.3156363308252 0.8587026000022888 0.984626293182373 0.20002880692481995 -3.338295329058383e-08 -3.338295329058383e-08
162.84298008082527 0.8641005158424377 0.984626293182373 0.20002883672714233 -3.338295329058383e-08 -3.338295329058383e-08
163.01876133082527 0.8657288551330566 0.984626293182373 0.20002883672714233 -3.338295329058383e-08 -3.338295329058383e-08
163.1945425808253 0.8672802448272705 0.984626293182373 0.20002883672714233 -3.338295329058383e-08 -3.338295329058383e-08
163.3703238308253 0.8687593936920166 0.984626293182373 0.20002883672714233 -3.338295329058383e-08 -3.338295329058383e-08
163.72188633082533 0.8715177178382874 0.984626293182373 0.20002883672714233 -3.338295329058383e-08 -3.338295329058383e-08
163.89766758082536 0.8728047609329224 0.984626293182373 0.20002883672714233 -3.338295329058383e-08 -3.338295329058383e-08
164.24923008082536 0.8752120137214661 0.984626293182373 0.20002883672714233 -3.338295329058383e-08 -3.338295329058383e-08
164.42501133082538 0.8763386607170105 0.984626293182373 0.20002883672714233 -3.338295329058383e-08 -3.338295329058383e-08
164.60079258082538 0.877417802810669 0.984626293182373 0.20002883672714233 -3.338295329058383e-08 -3.338295329058383e-08
164.7765738308254 0.8784522414207458 0.984626293182373 0.20002883672714233 -3.338295329058383e-08 -3.338295329058383e-08
164.9523550808254 0.8794443607330322 0.984626293182373 0.20002883672714233 -3.338295329058383e-08 -3.338295329058383e-08
165.12813633082544 0.8803964853286743 0.984626293182373 0.20002883672714233 -3.338295329058383e-08 -3.338295329058383e-08
165.30391758082544 0.8813108801841736 0.984626293182373 0.20002883672714233 -3.338295329058383e-08 -3.338295329058383e-08
165.47969883082547 0.8821895122528076 0.984626293182373 0.20002883672714233 -3.338295329058383e-08 -3.338295329058383e-08
165.65548008082547 0.8830342888832092 0.984626293182373 0.20002883672714233 -3.338295329058383e-08 -3.338295329058383e-08
165.8312613308255 0.8838470578193665 0.984626293182373 0.20002883672714233 -3.338295329058383e-08 -3.338295329058383e-08
166.0070425808255 0.8846294283866882 0.984626293182373 0.20002883672714233 -3.338295329058383e-08 -3.338295329058383e-08
166.35860508082553 0.8861092925071716 0.984626293182373 0.20002883672714233 -3.338295329058383e-08 -3.338295329058383e-08
166.53438633082553 0.8868096470832825 0.984626293182373 0.20002883672714233 -3.338295329058383e-08 -3.338295329058383e-08
166.71016758082555 0.8874852657318115 0.984626293182373 0.20002883672714233 -3.338295329058383e-08 -3.338295329058383e-08
166.88594883082555 0.8881375193595886 0.984626293182373 0.20002883672714233 -3.338295329058383e-08 -3.338295329058383e-08
167.23751133082558 0.8893761038780212 0.984626293182373 0.20002883672714233 -3.338295329058383e-08 -3.338295329058383e-08
167.4132925808256 0.8899645805358887 0.984626293182373 0.20002883672714233 -3.338295329058383e-08 -3.338295329058383e-08
167.5890738308256 0.8905338048934937 0.984626293182373 0.20002883672714233 -3.338295329058383e-08 -3.338295329058383e-08
167.76485508082564 0.8910846710205078 0.984626293182373 0.20002883672714233 -3.338295329058383e-08 -3.338295329058383e-08
168.29219883082567 0.8926352262496948 0.984626293182373 0.20002883672714233 -3.338295329058383e-08 -3.338295329058383e-08
168.4679800808257 0.8931205868721008 0.984626293182373 0.20002883672714233 -3.338295329058383e-08 -3.338295329058383e-08
168.6437613308257 0.8935912847518921 0.984626293182373 0.20002883672714233 -3.338295329058383e-08 -3.338295329058383e-08
168.81954258082573 0.8940480947494507 0.984626293182373 0.20002883672714233 -3.338295329058383e-08 -3.338295329058383e-08
168.99532383082573 0.89449143409729 0.984626293182373 0.20002883672714233 -3.338295329058383e-08 -3.338295329058383e-08
169.43477695582575 0.8955451250076294 0.984626293182373 0.20002883672714233 -3.338295329058383e-08 -3.338295329058383e-08
169.87423008082578 0.8965266942977905 0.984626293182373 0.20002883672714233 -3.338295329058383e-08 -3.338295329058383e-08
170.0500113308258 0.8969007730484009 0.984626293182373 0.20002883672714233 -3.338295329058383e-08 -3.338295329058383e-08
170.2257925808258 0.897264838218689 0.984626293182373 0.20002883672714233 -3.338295329058383e-08 -3.338295329058383e-08
171.1046988308259 0.8989484906196594 0.984626293182373 0.20002883672714233 -3.338295329058383e-08 -3.338295329058383e-08
171.2804800808259 0.8992602229118347 0.984626293182373 0.20002883672714233 -3.338295329058383e-08 -3.338295329058383e-08
171.4562613308259 0.8995643258094788 0.984626293182373 0.20002883672714233 -3.338295329058383e-08 -3.338295329058383e-08
171.63204258082592 0.8998610973358154 0.984626293182373 0.20002883672714233 -3.338295329058383e-08 -3.338295329058383e-08
172.862511330826 0.901753306388855 0.984626293182373 0.20002883672714233 -3.338295329058383e-08 -3.338295329058383e-08
173.03829258082604 0.901999831199646 0.984626293182373 0.20002883672714233 -3.338295329058383e-08 -3.338295329058383e-08
173.38985508082607 0.9024769067764282 0.984626293182373 0.20002883672714233 -3.338295329058383e-08 -3.338295329058383e-08
174.26876133082612 0.903584361076355 0.984626293182373 0.20002883672714233 -3.338295329058383e-08 -3.338295329058383e-08
174.44454258082612 0.9037924408912659 0.984626293182373 0.20002883672714233 -3.338295329058383e-08 -3.338295329058383e-08
174.62032383082615 0.9039963483810425 0.984626293182373 0.20002883672714233 -3.338295329058383e-08 -3.338295329058383e-08
174.79610508082615 0.9041962623596191 0.984626293182373 0.20002883672714233 -3.338295329058383e-08 -3.338295329058383e-08
175.14766758082618 0.9045844078063965 0.984626293182373 0.20002883672714233 -3.338295329058383e-08 -3.338295329058383e-08
175.67501133082624 0.9051392674446106 0.984626293182373 0.20002883672714233 -3.338295329058383e-08 -3.338295329058383e-08
177.9601675808264 0.9072223901748657 0.984626293182373 0.20002883672714233 -3.338295329058383e-08 -3.338295329058383e-08
178.48751133082644 0.9076406955718994 0.984626293182373 0.20002883672714233 -3.338295329058383e-08 -3.338295329058383e-08
179.89376133082655 0.9086633324623108 0.984626293182373 0.20002883672714233 -3.338295329058383e-08 -3.338295329058383e-08
179.99999999999997 0.9087358117103577 0.984626293182373 0.20002883672714233 -3.338295329058383e-08 -3.338295329058383e-08
