time a b c w1
0.0 0.0 0.0 0.0 0.0
2.34374997708231e-06 1.0801570415496826 1.0801570415496826 2.34398437508335e-23 2.34398437508335e-23
2.3531289769906394e-06 1.0037916898727417 1.0037916898727417 2.35336424679079e-23 2.35336424679079e-23
2.3718869768072985e-06 0.9922298789024353 0.9922298789024353 2.372124147977851e-23 2.372124147977851e-23
2.449126245505041e-06 0.9876051545143127 0.9876051545143127 2.449371143311084e-23 2.449371143311084e-23
0.00019360463173130613 0.9876051545143127 0.9876051545143127 1.9362399824984054e-21 1.9362399824984054e-21
0.00038480681743822704 0.9876051545143127 0.9876051545143127 3.8484529531415596e-21 -5.559273485999938e-09
0.0007672111888520689 0.9876051545143127 0.9876051545143127 7.672878894427868e-21 -2.7053506101992753e-08
0.001 0.9876051545143127 0.9876051545143127 1.0000999731091105e-20 -3.338377752015731e-08
29.999999999999996 0.9876051545143127 0.9876051545143127 3.000300019364487e-16 -3.338360343718705e-08
30.000099999999996 0.9876051545143127 0.9876051545143127 3.0003100778807355e-16 -3.33633671800726e-08
30.0003 0.9876051545143127 0.9876051545143127 3.0003299302154367e-16 -3.334337606020199e-08
30.0007 0.9876051545143127 0.9876051545143127 3.0003698995826353e-16 -3.333235909508403e-08
30.001 0.9876051545143127 0.9876051545143127 3.000400075131381e-16 -3.3327630433177546e-08
59.99999999999999 0.9876051545143127 0.9876051545143127 6.000600038728974e-16 -3.3327630433177546e-08
60.000099999999996 0.9876051545143127 0.9876051545143127 6.000610097245222e-16 -3.3327630433177546e-08
60.000299999999996 0.9876051545143127 0.9876051545143127 6.00063021427772e-16 -3.3327630433177546e-08
60.000699999999995 0.9876049160957336 0.9876051545143127 6.000669918947122e-16 -3.3327630433177546e-08
60.001000000000005 0.9876046180725098 0.9876051545143127 6.000700094495868e-16 -3.3327630433177546e-08
60.082880000000735 0.9870573282241821 0.9876051545143127 6.008888785513449e-16 -3.3327630433177546e-08
60.16476000000147 0.986485481262207 0.9876051545143127 6.01707747653103e-16 -3.3327630433177546e-08
60.328600000002936 0.9852734208106995 0.9876051545143127 6.033463328895664e-16 -3.3327630433177546e-08
60.79735000000293 0.9813207387924194 0.9876051545143127 6.080342896757046e-16 -3.3327630433177546e-08
61.26610000000293 0.9764190912246704 0.9876051545143127 6.127222464618427e-16 -3.3327630433177546e-08
61.969225000002936 0.9665912389755249 0.9876051545143127 6.197542081108295e-16 -3.3327630433177546e-08
62.43797500000295 0.9577877521514893 0.9876051545143127 6.244421648969676e-16 -3.3327630433177546e-08
62.90672500000296 0.9465873837471008 0.9876051545143127 6.2913017462266495e-16 -3.3327630433177546e-08
63.14110000000296 0.9399081468582153 0.9876051545143127 6.314741265459544e-16 -3.3327630433177546e-08
63.609850000002965 0.9240251779556274 0.9876051545143127 6.361621362716517e-16 -3.3327630433177546e-08
64.07860000000298 0.9043367505073547 0.9876051545143127 6.408500930577899e-16 -3.3327630433177546e-08
64.31297500000298 0.8929334282875061 0.9876051545143127 6.431940449810793e-16 -3.3327630433177546e-08
64.781725000003 0.8668522238731384 0.9876051545143127 6.478820547067767e-16 -3.3327630433177546e-08
65.250475000003 0.8363593220710754 0.9876051545143127 6.525700114929148e-16 -3.3327630433177546e-08
65.484850000003 0.8194906711578369 0.9876051545143127 6.549139634162043e-16 -3.3327630433177546e-08
65.71922500000301 0.8015795350074768 0.9876051545143127 6.572579682790529e-16 -3.3327630433177546e-08
65.95360000000301 0.7826651334762573 0.9876051545143127 6.596019731419016e-16 -3.3327630433177546e-08
66.18797500000301 0.7627922296524048 0.9876051545143127 6.619459250651911e-16 -3.3327630433177546e-08
66.42235000000302 0.7420090436935425 0.9876051545143127 6.642899299280397e-16 -3.3327630433177546e-08
66.65672500000302 0.7203656435012817 0.9876051545143127 6.666338818513292e-16 -3.3327630433177546e-08
66.89110000000302 0.6979125738143921 0.9876051545143127 6.689778867141778e-16 -3.3327630433177546e-08
67.12547500000302 0.6746996641159058 0.9876051545143127 6.713218915770265e-16 -3.3327630433177546e-08
67.35985000000304 0.6507753729820251 0.9876051545143127 6.73665843500316e-16 -3.3327630433177546e-08
67.59422500000304 0.6261860728263855 0.9876051545143127 6.760098483631646e-16 -3.3327630433177546e-08
67.82860000000304 0.600975751876831 0.9876051545143127 6.783538532260133e-16 -3.3327630433177546e-08
68.06297500000305 0.5751859545707703 0.9876051545143127 6.806978051493028e-16 -3.3327630433177546e-08
68.29735000000305 0.5488554239273071 0.9876051545143127 6.830418100121514e-16 -3.3327630433177546e-08
68.53172500000305 0.5220203399658203 0.9876051545143127 6.853857619354409e-16 -3.3327630433177546e-08
68.76610000000305 0.4947143793106079 0.9876051545143127 6.877297667982896e-16 -3.3327630433177546e-08
69.00047500000306 0.4669685363769531 0.9876051545143127 6.900737716611382e-16 -3.3327630433177546e-08
69.23485000000306 0.438811719417572 0.9876051545143127 6.924177235844277e-16 -3.3327630433177546e-08
69.46922500000306 0.41027045249938965 0.9876051545143127 6.947617284472764e-16 -3.3327630433177546e-08
69.93797500000308 0.3521318733692169 0.9876051545143127 6.994496852334145e-16 -3.3327630433177546e-08
70.17235000000308 0.32257941365242004 0.9876051545143127 7.017936900962632e-16 -3.3327630433177546e-08
70.40672500000308 0.29273363947868347 0.9876051545143127 7.041376420195526e-16 -3.3327630433177546e-08
70.64110000000309 0.2626177966594696 0.9876051545143127 7.064816468824013e-16 -3.3327630433177546e-08
70.87547500000309 0.2322613000869751 0.9876051545143127 7.0882565174524995e-16 -3.3327630433177546e-08
71.10985000000309 0.20171020925045013 0.9876051545143127 7.111696036685394e-16 -3.3327630433177546e-08
71.34422500000309 0.17105171084403992 0.9876051545143127 7.135136085313881e-16 -3.3327630433177546e-08
71.8129750000031 0.11034286022186279 0.9876051545143127 7.182015653175262e-16 -3.3327630433177546e-08
72.0473500000031 0.08141078054904938 0.9876051545143127 7.205455701803749e-16 -3.3327630433177546e-08
72.28172500000312 0.05483054369688034 0.9876051545143127 7.228895221036643e-16 -3.3327630433177546e-08
72.51610000000312 0.031926024705171585 0.9876051545143127 7.25233526966513e-16 -3.3327630433177546e-08
72.75047500000312 0.013874114491045475 0.9876051545143127 7.275774788898025e-16 -3.3327630433177546e-08
72.98485000000312 0.001020618132315576 0.9876051545143127 7.299214837526511e-16 -3.3327630433177546e-08
73.03107948918507 -3.338360698990073e-08 0.9876051545143127 7.303838049231744e-16 -3.3327630433177546e-08
89.99999999999999 -3.3422054457332706e-08 0.9876051545143127 9.000900322791256e-16 -3.3327630433177546e-08
90.0001 -3.337618537102571e-08 0.9876051545143127 9.000909851911913e-16 -3.3327630433177546e-08
90.0003 -3.334337606020199e-08 0.9876051545143127 9.00092996894441e-16 -3.3327630433177546e-08
90.0007 -3.331588160904175e-08 0.9876051545143127 9.000970203009405e-16 -3.3327630433177546e-08
90.001 -3.326995923202958e-08 0.9876051545143127 9.000999849162559e-16 -3.3327630433177546e-08
119.99999999999999 -3.326995923202958e-08 0.9876051545143127 1.2001200077457947e-15 -3.3327630433177546e-08
120.0001 -3.326995923202958e-08 0.9876051545143127 1.2001209606578604e-15 -3.3327630433177546e-08
120.0003 -3.326995923202958e-08 0.9876051545143127 1.2001229723611101e-15 -3.3327630433177546e-08
120.0007 -3.326995923202958e-08 0.9876051545143127 1.7886859993154758e-08 -3.3327630433177546e-08
120.00082296366287 -3.326995923202958e-08 0.9876051545143127 1.810813188285465e-07 -3.2728632248790746e-08
120.0008941492817 -3.326995923202958e-08 0.9876051545143127 6.665247838100186e-07 -2.4481659366415442e-08
120.00093269348199 -3.326995923202958e-08 0.9876051545143127 1.4215390820027096e-06 6.8125891594661425e-09
120.00096579207698 -3.326995923202958e-08 0.9876051545143127 2.713234607654158e-06 1.0064182731639448e-07
120.001 -3.326995923202958e-08 0.9876051545143127 4.623781933332793e-06 2.7828087922898703e-07
120.06130582249078 -3.326995923202958e-08 0.9876051545143127 0.004865678958594799 0.0006300038658082485
120.12161164498156 -3.326995923202958e-08 0.9876051545143127 0.009704463183879852 0.0012540339957922697
120.24222697085072 -3.326995923202958e-08 0.9876051545143127 0.019316479563713074 0.0024853632785379887
120.47660197085074 -3.326995923202958e-08 0.9876051545143127 0.037807006388902664 0.004830596968531609
120.71097697085074 -3.326995923202958e-08 0.9876051545143127 0.05605864152312279 0.007115761749446392
120.94535197085074 -3.326995923202958e-08 0.9876051545143127 0.07403608411550522 0.009332661516964436
121.17972697085075 -3.326995923202958e-08 0.9876051545143127 0.09173678606748581 0.01148148998618126
121.41410197085075 -3.326995923202958e-08 0.9876051545143127 0.10915930569171906 0.013562622480094433
121.64847697085075 -3.326995923202958e-08 0.9876051545143127 0.1263030469417572 0.015576563775539398
121.88285197085075 -3.326995923202958e-08 0.9876051545143127 0.14316710829734802 0.017523815855383873
122.35160197085075 -3.326995923202958e-08 0.9876051545143127 0.17605160176753998 0.021220296621322632
122.58597697085074 -3.326995923202958e-08 0.9876051545143127 0.19207042455673218 0.022970696911215782
122.82035197085074 -3.326995923202958e-08 0.9876051545143127 0.2078063189983368 0.024656761437654495
123.05472697085072 -3.326995923202958e-08 0.9876051545143127 0.22325821220874786 0.02627914771437645
123.28910197085071 -3.326995923202958e-08 0.9876051545143127 0.23842555284500122 0.027838582172989845
123.52347697085071 -3.326995923202958e-08 0.9876051545143127 0.25330790877342224 0.029335867613554
123.7578519708507 -3.326995923202958e-08 0.9876051545143127 0.26790428161621094 0.030771814286708832
123.99222697085068 -3.326995923202958e-08 0.9876051545143127 0.28221502900123596 0.032147347927093506
124.22660197085068 -3.326995923202958e-08 0.9876051545143127 0.29624053835868835 0.033463459461927414
124.46097697085067 -3.326995923202958e-08 0.9876051545143127 0.3099803924560547 0.03472112491726875
124.69535197085065 -3.326995923202958e-08 0.9876051545143127 0.3234354257583618 0.03592142462730408
124.92972697085065 -3.326995923202958e-08 0.9876051545143127 0.33660656213760376 0.03706548735499382
125.16410197085064 -3.326995923202958e-08 0.9876051545143127 0.34949398040771484 0.0381544753909111
125.39847697085062 -3.326995923202958e-08 0.9876051545143127 0.3620990514755249 0.039189599454402924
125.86722697085061 -3.326995923202958e-08 0.9876051545143127 0.3864687383174896 0.04110332578420639
126.1016019708506 -3.326995923202958e-08 0.9876051545143127 0.3982354402542114 0.04198460280895233
126.3359769708506 -3.326995923202958e-08 0.9876051545143127 0.4097250699996948 0.042817372828722
126.80472697085057 -3.326995923202958e-08 0.9876051545143127 0.43188318610191345 0.04434306174516678
127.03910197085057 -3.326995923202958e-08 0.9876051545143127 0.4425570070743561 0.04503890126943588
127.27347697085055 -3.326995923202958e-08 0.9876051545143127 0.45296353101730347 0.045692119747400284
127.50785197085054 -3.326995923202958e-08 0.9876051545143127 0.46310582756996155 0.04630422592163086
127.74222697085054 -3.326995923202958e-08 0.9876051545143127 0.47298747301101685 0.04687671363353729
127.97660197085052 -3.326995923202958e-08 0.9876051545143127 0.48261213302612305 0.04741106554865837
128.4453519708505 -3.326995923202958e-08 0.9876051545143127 0.5011033415794373 0.048371631652116776
128.67972697085048 -3.326995923202958e-08 0.9876051545143127 0.5099763870239258 0.04880112409591675
128.91410197085048 -3.326995923202958e-08 0.9876051545143127 0.5186058878898621 0.04919892176985741
129.14847697085048 -3.326995923202958e-08 0.9876051545143127 0.5269960165023804 0.04956653714179993
129.38285197085045 -3.326995923202958e-08 0.9876051545143127 0.5351512432098389 0.049905456602573395
129.61722697085045 -3.326995923202958e-08 0.9876051545143127 0.5430757999420166 0.05021720007061958
130.32035197085042 -3.326995923202958e-08 0.9876051545143127 0.5655093789100647 0.051004134118556976
130.55472697085042 -3.326995923202958e-08 0.9876051545143127 0.5725558996200562 0.05122175067663193
130.7891019708504 -3.326995923202958e-08 0.9876051545143127 0.5793946981430054 0.05141924321651459
131.0234769708504 -3.326995923202958e-08 0.9876051545143127 0.5860303640365601 0.05159803852438927
131.2578519708504 -3.326995923202958e-08 0.9876051545143127 0.5924673676490784 0.05175955221056938
131.49222697085037 -3.326995923202958e-08 0.9876051545143127 0.5987107157707214 0.051904983818531036
131.72660197085037 -3.326995923202958e-08 0.9876051545143127 0.6047654747962952 0.052035339176654816
131.96097697085037 -3.326995923202958e-08 0.9876051545143127 0.6106365919113159 0.052151717245578766
132.19535197085034 -3.326995923202958e-08 0.9876051545143127 0.6163285970687866 0.05225532874464989
132.42972697085034 -3.326995923202958e-08 0.9876051545143127 0.6218463182449341 0.05234731361269951
132.66410197085034 -3.326995923202958e-08 0.9876051545143127 0.6271947026252747 0.052428584545850754
132.8984769708503 -3.326995923202958e-08 0.9876051545143127 0.6323784589767456 0.05249999463558197
133.1328519708503 -3.326995923202958e-08 0.9876051545143127 0.6374022960662842 0.052562467753887177
133.3672269708503 -3.326995923202958e-08 0.9876051545143127 0.6422708034515381 0.05261692404747009
133.60160197085028 -3.326995923202958e-08 0.9876051545143127 0.6469886302947998 0.05266418308019638
133.83597697085028 -3.326995923202958e-08 0.9876051545143127 0.651560366153717 0.05270494520664215
134.07035197085028 -3.326995923202958e-08 0.9876051545143127 0.6559904217720032 0.052739862352609634
134.30472697085025 -3.326995923202958e-08 0.9876051545143127 0.6602832078933716 0.05276954546570778
134.53910197085025 -3.326995923202958e-08 0.9876051545143127 0.6644430756568909 0.05279458686709404
134.77347697085025 -3.326995923202958e-08 0.9876051545143127 0.6684741973876953 0.05281558632850647
135.00785197085023 -3.326995923202958e-08 0.9876051545143127 0.672380805015564 0.05283305421471596
135.24222697085023 -3.326995923202958e-08 0.9876051545143127 0.6761667728424072 0.052847422659397125
135.47660197085023 -3.326995923202958e-08 0.9876051545143127 0.6798361539840698 0.052859097719192505
135.7109769708502 -3.326995923202958e-08 0.9876051545143127 0.6833927631378174 0.05286843702197075
135.9453519708502 -3.326995923202958e-08 0.9876051545143127 0.686840295791626 0.052875813096761703
136.1797269708502 -3.326995923202958e-08 0.9876051545143127 0.6901825666427612 0.052881572395563126
136.41410197085017 -3.326995923202958e-08 0.9876051545143127 0.6934230327606201 0.05288601294159889
136.64847697085017 -3.326995923202958e-08 0.9876051545143127 0.6965652704238892 0.052889369428157806
136.88285197085017 -3.326995923202958e-08 0.9876051545143127 0.6996124982833862 0.0528918132185936
137.11722697085014 -3.326995923202958e-08 0.9876051545143127 0.7025679349899292 0.05289353057742119
137.35160197085014 -3.326995923202958e-08 0.9876051545143127 0.7054347395896912 0.05289469286799431
138.0547269708501 -3.326995923202958e-08 0.9876051545143127 0.7135335206985474 0.05289609730243683
138.2891019708501 -3.326995923202958e-08 0.9876051545143127 0.7160755395889282 0.052896205335855484
138.52347697085008 -3.326995923202958e-08 0.9876051545143127 0.718543291091919 0.052896250039339066
138.75785197085008 -3.326995923202958e-08 0.9876051545143127 0.7209393978118896 0.05289626121520996
138.99222697085008 -3.326995923202958e-08 0.9876051545143127 0.7232662439346313 0.05289625748991966
139.69535197085006 -3.326995923202958e-08 0.9876051545143127 0.7298551797866821 0.052896253764629364
139.92972697085003 -3.326995923202958e-08 0.9876051545143127 0.7319285273551941 0.052896253764629364
140.16410197085003 -3.326995923202958e-08 0.9876051545143127 0.7339439392089844 0.052896253764629364
140.39847697085003 -3.326995923202958e-08 0.9876051545143127 0.7359033226966858 0.052896253764629364
140.63285197085 -3.326995923202958e-08 0.9876051545143127 0.7378087043762207 0.052896253764629364
140.86722697085 -3.326995923202958e-08 0.9876051545143127 0.7396619319915771 0.052896253764629364
141.10160197085 -3.326995923202958e-08 0.9876051545143127 0.7414647936820984 0.052896253764629364
141.57035197084997 -3.326995923202958e-08 0.9876051545143127 0.7449260950088501 0.052896253764629364
141.80472697084997 -3.326995923202958e-08 0.9876051545143127 0.746587872505188 0.052896253764629364
142.03910197084994 -3.326995923202958e-08 0.9876051545143127 0.7482059001922607 0.052896253764629364
142.27347697084994 -3.326995923202958e-08 0.9876051545143127 0.7497815489768982 0.052896253764629364
142.50785197084994 -3.326995923202958e-08 0.9876051545143127 0.751316249370575 0.052896253764629364
142.7422269708499 -3.326995923202958e-08 0.9876051545143127 0.7528113722801208 0.052896253764629364
142.9766019708499 -3.326995923202958e-08 0.9876051545143127 0.7542682886123657 0.052896253764629364
143.2109769708499 -3.326995923202958e-08 0.9876051545143127 0.7556883096694946 0.052896253764629364
143.44535197084988 -3.326995923202958e-08 0.9876051545143127 0.7570725679397583 0.052896253764629364
143.67972697084988 -3.326995923202958e-08 0.9876051545143127 0.7584223747253418 0.052896253764629364
144.85160197084983 -3.326995923202958e-08 0.9876051545143127 0.7646912932395935 0.052896253764629364
145.08597697084983 -3.326995923202958e-08 0.9876051545143127 0.765856146812439 0.052896253764629364
145.32035197084983 -3.326995923202958e-08 0.9876051545143127 0.766993522644043 0.052896253764629364
145.5547269708498 -3.326995923202958e-08 0.9876051545143127 0.7681043148040771 0.052896253764629364
145.7891019708498 -3.326995923202958e-08 0.9876051545143127 0.7691892981529236 0.052896253764629364
146.0234769708498 -3.326995923202958e-08 0.9876051545143127 0.7702493667602539 0.052896253764629364
146.25785197084977 -3.326995923202958e-08 0.9876051545143127 0.7712852358818054 0.052896253764629364
146.49222697084977 -3.326995923202958e-08 0.9876051545143127 0.7722976803779602 0.052896253764629364
147.42972697084974 -3.326995923202958e-08 0.9876051545143127 0.7761274576187134 0.052896253764629364
147.6641019708497 -3.326995923202958e-08 0.9876051545143127 0.7770331501960754 0.052896253764629364
147.8984769708497 -3.326995923202958e-08 0.9876051545143127 0.7779194116592407 0.052896253764629364
148.1328519708497 -3.326995923202958e-08 0.9876051545143127 0.7787867784500122 0.052896253764629364
148.71878947084969 -3.326995923202958e-08 0.9876051545143127 0.7808760404586792 0.052896253764629364
149.30472697084966 -3.326995923202958e-08 0.9876051545143127 0.7828588485717773 0.052896253764629364
149.53910197084966 -3.326995923202958e-08 0.9876051545143127 0.7836238145828247 0.052896253764629364
149.77347697084963 -3.326995923202958e-08 0.9876051545143127 0.7843735814094543 0.052896253764629364
150.0 -3.326995923202958e-08 0.9876051545143127 0.7850873470306396 0.052896253764629364
150.0001 -3.326995923202958e-08 0.9876051545143127 0.7850875854492188 0.052896253764629364
150.0003 -3.326995923202958e-08 0.9876051545143127 0.7850879430770874 0.052896253764629364
150.0007 -3.326995923202958e-08 0.9876051545143127 0.7850882411003113 0.052896253764629364
150.001 -3.326995923202958e-08 0.9876051545143127 0.7850882411003113 0.052896253764629364
150.04491777842838 0.0002593141980469227 0.9876051545143127 0.7850882411003113 0.052896253764629364
150.08883555685682 0.000518561340868473 0.9876051545143127 0.7850882411003113 0.052896253764629364
150.1766764750978 0.0010367862414568663 0.9876051545143127 0.7850882411003113 0.052896253764629364
159.05357989333842 0.051766715943813324 0.9876051545143127 0.7850882411003113 0.052896253764629364
167.93048331157908 0.09925142675638199 0.9876051545143127 0.7850882411003113 0.052896253764629364
168.16485831157905 0.10046161711215973 0.9876051545143127 0.7850882411003113 0.052896253764629364
168.39923331157905 0.10166958719491959 0.9876051545143127 0.7850882411003113 0.052896253764629364
168.63360831157905 0.10287533700466156 0.9876051545143127 0.7850882411003113 0.052896253764629364
172.61798331157888 0.12303414195775986 0.9876051545143127 0.7850882411003113 0.052896253764629364
176.6023583115787 0.14255762100219727 0.9876051545143127 0.7850882411003113 0.052896253764629364
176.8367333115787 0.143686443567276 0.9876051545143127 0.7850882411003113 0.052896253764629364
177.0711083115787 0.14481309056282043 0.9876051545143127 0.7850882411003113 0.052896253764629364
177.30548331157868 0.14593756198883057 0.9876051545143127 0.7850882411003113 0.052896253764629364
179.99999999999997 0.15871044993400574 0.9876051545143127 0.7850882411003113 0.052896253764629364
180.0001 0.15870994329452515 0.9876051545143127 0.7850882411003113 0.052896253764629364
180.0003 0.1587093472480774 0.9876051545143127 0.785088062286377 0.052896253764629364
180.0007 0.15870895981788635 0.9876051545143127 0.7850856184959412 0.052896253764629364
180.001 0.15870890021324158 0.9876051545143127 0.7850813269615173 0.052896253764629364
180.04192000000063 0.15870890021324158 0.9876051545143127 0.7816917300224304 0.052896253764629364
180.0828400000013 0.15870890021324158 0.9876051545143127 0.7782658934593201 0.052896253764629364
180.32860000000517 0.15870890021324158 0.9876051545143127 0.7570168375968933 0.052896253764629364
180.79735000000514 0.15870890021324158 0.9876051545143127 0.7140343189239502 0.052896253764629364
181.03172500000514 0.15870890021324158 0.9876051545143127 0.691359281539917 0.052896253764629364
181.26610000000514 0.15870890021324158 0.9876051545143127 0.6679384112358093 0.052896253764629364
181.5004750000051 0.15870890021324158 0.9876051545143127 0.6438195705413818 0.052896253764629364
181.7348500000051 0.15870890021324158 0.9876051545143127 0.619048535823822 0.052896253764629364
181.9692250000051 0.15870890021324158 0.9876051545143127 0.5936686396598816 0.052896253764629364
182.20360000000508 0.15870890021324158 0.9876051545143127 0.5677205324172974 0.052896253764629364
182.43797500000508 0.15870890021324158 0.9876051545143127 0.5412423610687256 0.052896253764629364
182.67235000000508 0.15870890021324158 0.9876051545143127 0.5142695307731628 0.052896253764629364
182.90672500000505 0.15870890021324158 0.9876051545143127 0.486834853887558 0.052896253764629364
183.14110000000505 0.15870890021324158 0.9876051545143127 0.4589688181877136 0.052896253764629364
183.37547500000505 0.15870890021324158 0.9876051545143127 0.43069958686828613 0.052896253764629364
183.60985000000503 0.15870890021324158 0.9876051545143127 0.40205317735671997 0.052896253764629364
183.84422500000503 0.15870890021324158 0.9876051545143127 0.37305378913879395 0.052896253764629364
184.078600000005 0.15870890021324158 0.9876051545143127 0.3437240719795227 0.052896253764629364
184.312975000005 0.15870890021324158 0.9876051545143127 0.31408563256263733 0.052896253764629364
184.78172500000497 0.15870890021324158 0.9876051545143127 0.25397223234176636 0.052896253764629364
185.01610000000497 0.15870890021324158 0.9876051545143127 0.22355428338050842 0.052896253764629364
185.25047500000497 0.15870890021324158 0.9876051545143127 0.19296082854270935 0.052896253764629364
185.48485000000494 0.15870890021324158 0.9876051545143127 0.16229888796806335 0.052896253764629364
185.71922500000494 0.15870890021324158 0.9876051545143127 0.13179470598697662 0.052896253764629364
185.95360000000494 0.15870890021324158 0.9876051545143127 0.1019161269068718 0.052896253764629364
186.1879750000049 0.15870890021324158 0.9876051545143127 0.07352152466773987 0.052896253764629364
186.4223500000049 0.15870890021324158 0.9876051545143127 0.047862403094768524 0.052896253764629364
186.6567250000049 0.15870890021324158 0.9876051545143127 0.026204438880085945 0.052896253764629364
186.89110000000488 0.15870890021324158 0.9876051545143127 0.008675338700413704 0.052896253764629364
187.01178918917614 0.15870890021324158 0.9876051545143127 0.0016190798487514257 0.052896253764629364
187.0522188781249 0.15870890021324158 0.9876051545143127 8.16373503766954e-05 0.052896253764629364
187.05849523899954 0.15870890021324158 0.9876051545143127 -3.338360698990073e-08 0.052896253764629364
205.69108796144542 0.15870890021324158 0.9876051545143127 -3.338360698990073e-08 0.052896253764629364
209.99999999999997 0.15870890021324158 0.9876051545143127 -3.33754499592942e-08 0.052896253764629364
210.00009999999997 0.15870890021324158 0.9876051545143127 -3.336064935410832e-08 0.052896253764629364
210.0003 0.15870890021324158 0.9876051545143127 -3.334192655302104e-08 0.052896253764629364
210.00070000000002 0.15870890021324158 0.9876051545143127 -3.3326010395740013e-08 0.052896253764629364
210.00082296357863 0.15870890021324158 0.9876051545143127 -3.332462839011896e-08 0.052896253764629364
210.00089395668348 0.15870890021324158 0.9876051545143127 -1.723154419153161e-08 0.052896253764629364
210.00092965917815 0.15870891511440277 0.9876051545143127 5.318527129816175e-08 0.052896253764629364
210.00095129351334 0.15870895981788635 0.9876051545143127 2.3117159742014337e-07 0.052896253764629364
210.0009749580435 0.15870903432369232 0.9876051545143127 7.434577469211945e-07 0.052896253764629364
210.00099543298214 0.15870913863182068 0.9876051545143127 1.5489152929148986e-06 0.052896253764629364
210.00100000000003 0.15870916843414307 0.9876051545143127 1.8128882857126882e-06 0.052896253764629364
210.065501444497 0.15924504399299622 0.9876051545143127 0.004643207881599665 0.052896253764629364
210.13000288899397 0.15977591276168823 0.9876051545143127 0.009263369254767895 0.052896253764629364
210.25900774644583 0.16082337498664856 0.9876051545143127 0.018443262204527855 0.052896253764629364
210.49338274644583 0.16268914937973022 0.9876051545143127 0.03496255725622177 0.052896253764629364
210.72775774644583 0.16450834274291992 0.9876051545143127 0.051281627267599106 0.052896253764629364
211.1965077464458 0.1679903268814087 0.9876051545143127 0.08323906362056732 0.052896253764629364
211.66525774644577 0.1712663322687149 0.9876051545143127 0.11428404599428177 0.052896253764629364
211.89963274644577 0.17282815277576447 0.9876051545143127 0.12946265935897827 0.052896253764629364
212.13400774644577 0.17433975636959076 0.9876051545143127 0.14441075921058655 0.052896253764629364
212.36838274644575 0.17580164968967438 0.9876051545143127 0.15912793576717377 0.052896253764629364
212.60275774644575 0.17721439898014069 0.9876051545143127 0.17361439764499664 0.052896253764629364
212.83713274644575 0.17857858538627625 0.9876051545143127 0.1878701150417328 0.052896253764629364
213.07150774644572 0.17989476025104523 0.9876051545143127 0.20189489424228668 0.052896253764629364
213.30588274644572 0.18116354942321777 0.9876051545143127 0.21568861603736877 0.052896253764629364
214.0090077464457 0.18469205498695374 0.9876051545143127 0.2556837797164917 0.052896253764629364
214.2433827464457 0.18577790260314941 0.9876051545143127 0.26855456829071045 0.052896253764629364
214.47775774644566 0.18681979179382324 0.9876051545143127 0.2811950147151947 0.052896253764629364
214.71213274644566 0.1878184676170349 0.9876051545143127 0.2936052680015564 0.052896253764629364
214.94650774644566 0.18877474963665009 0.9876051545143127 0.3057866096496582 0.052896253764629364
215.41525774644563 0.1905633807182312 0.9876051545143127 0.32946541905403137 0.052896253764629364
215.64963274644563 0.19139744341373444 0.9876051545143127 0.34096354246139526 0.052896253764629364
215.8840077464456 0.19219255447387695 0.9876051545143127 0.35223501920700073 0.052896253764629364
216.1183827464456 0.1929495930671692 0.9876051545143127 0.3632814288139343 0.052896253764629364
216.82150774644558 0.1950017213821411 0.9876051545143127 0.3950844407081604 0.052896253764629364
217.05588274644558 0.19561606645584106 0.9876051545143127 0.4052441716194153 0.052896253764629364
217.29025774644555 0.1961972415447235 0.9876051545143127 0.4151856303215027 0.052896253764629364
217.52463274644555 0.19674624502658844 0.9876051545143127 0.4249110221862793 0.052896253764629364
218.46213274644552 0.19864106178283691 0.9876051545143127 0.46169373393058777 0.052896253764629364
218.6965077464455 0.19904477894306183 0.9876051545143127 0.47037002444267273 0.052896253764629364
218.9308827464455 0.1994226723909378 0.9876051545143127 0.478843092918396 0.052896253764629364
219.1652577464455 0.19977572560310364 0.9876051545143127 0.4871157705783844 0.052896253764629364
219.39963274644546 0.20010493695735931 0.9876051545143127 0.49519097805023193 0.052896253764629364
219.63400774644546 0.2004113644361496 0.9876051545143127 0.5030713081359863 0.052896253764629364
219.86838274644546 0.20069609582424164 0.9876051545143127 0.5107594728469849 0.052896253764629364
220.10275774644543 0.20096012949943542 0.9876051545143127 0.5182583332061768 0.052896253764629364
220.33713274644543 0.20120452344417572 0.9876051545143127 0.525570809841156 0.052896253764629364
220.5715077464454 0.2014303207397461 0.9876051545143127 0.5326997637748718 0.052896253764629364
221.0402577464454 0.20183004438877106 0.9876051545143127 0.5464198589324951 0.052896253764629364
221.27463274644538 0.2020057588815689 0.9876051545143127 0.5530176758766174 0.052896253764629364
221.97775774644535 0.20244714617729187 0.9876051545143127 0.5718019604682922 0.052896253764629364
222.21213274644535 0.20256859064102173 0.9876051545143127 0.5777380466461182 0.052896253764629364
222.44650774644535 0.20267854630947113 0.9876051545143127 0.5835171341896057 0.052896253764629364
222.68088274644532 0.20277772843837738 0.9876051545143127 0.5891426801681519 0.052896253764629364
222.91525774644532 0.20286692678928375 0.9876051545143127 0.5946180820465088 0.052896253764629364
223.14963274644532 0.2029469609260559 0.9876051545143127 0.5999464988708496 0.052896253764629364
223.3840077464453 0.20301850140094757 0.9876051545143127 0.6051314473152161 0.052896253764629364
224.08713274644526 0.2031884640455246 0.9876051545143127 0.6198592185974121 0.052896253764629364
224.32150774644526 0.2032323181629181 0.9876051545143127 0.6245039105415344 0.052896253764629364
224.55588274644526 0.20327076315879822 0.9876051545143127 0.6290218234062195 0.052896253764629364
224.79025774644523 0.2033042460680008 0.9876051545143127 0.6334162950515747 0.052896253764629364
225.25900774644523 0.20335811376571655 0.9876051545143127 0.6418476104736328 0.052896253764629364
225.4933827464452 0.20337942242622375 0.9876051545143127 0.6458908915519714 0.052896253764629364
225.7277577464452 0.20339757204055786 0.9876051545143127 0.6498233079910278 0.052896253764629364
225.9621327464452 0.20341287553310394 0.9876051545143127 0.6536480188369751 0.052896253764629364
226.19650774644518 0.20342564582824707 0.9876051545143127 0.6573679447174072 0.052896253764629364
226.43088274644518 0.2034362405538559 0.9876051545143127 0.6609861254692078 0.052896253764629364
226.66525774644518 0.2034449577331543 0.9876051545143127 0.6645053625106812 0.052896253764629364
226.89963274644515 0.2034519910812378 0.9876051545143127 0.6679285764694214 0.052896253764629364
227.36838274644515 0.20346195995807648 0.9876051545143127 0.6744976043701172 0.052896253764629364
227.60275774644512 0.20346535742282867 0.9876051545143127 0.6776489615440369 0.052896253764629364
227.83713274644512 0.2034679353237152 0.9876051545143127 0.680715024471283 0.052896253764629364
228.07150774644512 0.20346984267234802 0.9876051545143127 0.6836982369422913 0.052896253764629364
228.3058827464451 0.20347118377685547 0.9876051545143127 0.6866011023521423 0.052896253764629364
228.5402577464451 0.20347212255001068 0.9876051545143127 0.689426064491272 0.052896253764629364
228.7746327464451 0.20347273349761963 0.9876051545143127 0.692175567150116 0.052896253764629364
229.00900774644506 0.20347312092781067 0.9876051545143127 0.6948517560958862 0.052896253764629364
229.24338274644506 0.20347335934638977 0.9876051545143127 0.6974568367004395 0.052896253764629364
229.47775774644506 0.20347347855567932 0.9876051545143127 0.6999930739402771 0.052896253764629364
229.71213274644504 0.2034735083580017 0.9876051545143127 0.7024624347686768 0.052896253764629364
229.94650774644504 0.2034735232591629 0.9876051545143127 0.7048671245574951 0.052896253764629364
230.18088274644504 0.2034735232591629 0.9876051545143127 0.707209050655365 0.052896253764629364
230.415257746445 0.2034735232591629 0.9876051545143127 0.7094901204109192 0.052896253764629364
230.649632746445 0.2034735232591629 0.9876051545143127 0.7117122411727905 0.052896253764629364
230.884007746445 0.2034735232591629 0.9876051545143127 0.7138771414756775 0.052896253764629364
231.11838274644498 0.2034735232591629 0.9876051545143127 0.7159867882728577 0.052896253764629364
231.35275774644498 0.2034735232591629 0.9876051545143127 0.71804279088974 0.052896253764629364
231.58713274644498 0.2034735232591629 0.9876051545143127 0.7200467586517334 0.052896253764629364
231.82150774644495 0.2034735232591629 0.9876051545143127 0.7220003008842468 0.052896253764629364
232.05588274644495 0.2034735232591629 0.9876051545143127 0.7239049673080444 0.052896253764629364
232.29025774644495 0.2034735232591629 0.9876051545143127 0.725762128829956 0.052896253764629364
233.2277577464449 0.2034735232591629 0.9876051545143127 0.7327454090118408 0.052896253764629364
233.4621327464449 0.2034735232591629 0.9876051545143127 0.7343865633010864 0.052896253764629364
233.6965077464449 0.2034735232591629 0.9876051545143127 0.7359884977340698 0.052896253764629364
233.93088274644487 0.2034735232591629 0.9876051545143127 0.737552285194397 0.052896253764629364
234.16525774644487 0.2034735232591629 0.9876051545143127 0.7390791177749634 0.052896253764629364
234.39963274644487 0.2034735232591629 0.9876051545143127 0.7405700087547302 0.052896253764629364
234.63400774644484 0.2034735232591629 0.9876051545143127 0.7420260906219482 0.052896253764629364
235.10275774644484 0.2034735232591629 0.9876051545143127 0.7448380589485168 0.052896253764629364
235.3371327464448 0.2034735232591629 0.9876051545143127 0.746195912361145 0.052896253764629364
235.5715077464448 0.2034735232591629 0.9876051545143127 0.7475229501724243 0.052896253764629364
235.8058827464448 0.2034735232591629 0.9876051545143127 0.7488200068473816 0.052896253764629364
236.04025774644478 0.2034735232591629 0.9876051545143127 0.750088095664978 0.052896253764629364
236.27463274644478 0.2034735232591629 0.9876051545143127 0.7513280510902405 0.052896253764629364
236.50900774644478 0.2034735232591629 0.9876051545143127 0.752540647983551 0.052896253764629364
236.74338274644475 0.2034735232591629 0.9876051545143127 0.7537266612052917 0.052896253764629364
236.97775774644475 0.2034735232591629 0.9876051545143127 0.7548868656158447 0.052896253764629364
237.21213274644475 0.2034735232591629 0.9876051545143127 0.7560219764709473 0.052896253764629364
237.44650774644472 0.2034735232591629 0.9876051545143127 0.7571328282356262 0.052896253764629364
237.68088274644472 0.2034735232591629 0.9876051545143127 0.7582200169563293 0.052896253764629364
239.79025774644464 0.2034735232591629 0.9876051545143127 0.7670450806617737 0.052896253764629364
239.99999999999997 0.2034735232591629 0.9876051545143127 0.7678411602973938 0.052896253764629364
