time a b c w1 w2
0.0 0.0 0.0 0.0 0.0 0.0
1.757812428601624e-06 1.757988202426422e-23 1.757988202426422e-23 1.0832566022872925 1.757988202426422e-23 1.757988202426422e-23
1.7648476783160305e-06 1.7650242106122693e-23 1.7650242106122693e-23 1.0055341720581055 1.7650242106122693e-23 1.7650242106122693e-23
1.7789181777448437e-06 1.7790960692117828e-23 1.7790960692117828e-23 0.9905999898910522 1.7790960692117828e-23 1.7790960692117828e-23
1.8070591766024704e-06 1.8072399441829907e-23 1.8072399441829907e-23 0.984626293182373 1.8072399441829907e-23 1.8072399441829907e-23
0.00013281055255599797 1.3282383013875093e-21 1.3282383013875093e-21 0.984626293182373 1.3282383013875093e-21 1.3282383013875093e-21
0.00026381985277929004 2.6384624023353322e-21 2.6384624023353322e-21 0.984626293182373 2.6384624023353322e-21 2.6384624023353322e-21
0.0005258384532258742 5.258910200334195e-21 5.258910200334195e-21 0.984626293182373 -5.940966385509228e-09 -5.940966385509228e-09
0.001 1.0000999731091105e-20 1.0000999731091105e-20 0.984626293182373 -3.3384054631824256e-08 -3.3384054631824256e-08
29.999999999999996 3.000300019364487e-16 3.000300019364487e-16 0.984626293182373 -3.338419674037141e-08 -3.338419674037141e-08
30.000099999999996 3.0003100778807355e-16 3.0003100778807355e-16 0.984626293182373 -3.336372245144048e-08 -3.336372245144048e-08
30.0003 3.0003299302154367e-16 3.0003299302154367e-16 0.984626293182373 -3.334349685246707e-08 -3.334349685246707e-08
30.0007 4.15758746874495e-11 3.0003698995826353e-16 0.984626293182373 -3.3332792526152843e-08 -3.3332792526152843e-08
30.000822963434185 2.927044207012841e-08 3.000382340379048e-16 0.984626293182373 -2.1448981257776722e-08 -3.333140341510443e-08
30.000893956479395 1.4016390537108236e-07 3.0003894872195405e-16 0.984626293182373 9.613728479962447e-08 -3.333096998403562e-08
30.00092977003242 3.0501558967444e-07 3.000392928290889e-16 0.984626293182373 3.037922340354271e-07 -3.333096998403562e-08
30.00095078255498 4.802623720934207e-07 3.000395045873257e-16 0.984626293182373 5.368137863115408e-07 -3.333096998403562e-08
30.00096424321465 6.487367727459059e-07 3.000396369362237e-16 0.984626293182373 8.752920166443801e-07 -3.333096998403562e-08
30.00097403642531 8.265444080279849e-07 3.000397428153421e-16 0.984626293182373 1.429161784471944e-06 -3.333096998403562e-08
30.000986290703445 1.1242268556088675e-06 3.000398751642401e-16 0.984626293182373 2.582035904197255e-06 -3.333096998403562e-08
30.001 1.517200189482537e-06 3.000400075131381e-16 0.984626293182373 4.235159849486081e-06 -3.333096998403562e-08
30.51318054892758 0.017031999304890633 3.051623069127605e-16 0.984626293182373 0.07841704040765762 -3.333096998403562e-08
31.02536109785515 0.03318829461932182 3.1028463278216247e-16 0.984626293182373 0.1543923020362854 -3.333096998403562e-08
31.37692359785515 0.04372596740722656 3.1380061360665587e-16 0.984626293182373 0.20498216152191162 -3.333096998403562e-08
31.72848609785515 0.05384596809744835 3.1731659443114926e-16 0.984626293182373 0.25437694787979126 -3.333096998403562e-08
32.255829847855146 0.0681067407131195 3.2259056566788936e-16 0.984626293182373 0.32579758763313293 -3.333096998403562e-08
32.783173597855146 0.08120716363191605 3.2786451043484985e-16 0.984626293182373 0.39378201961517334 -3.333096998403562e-08
33.134736097855146 0.08931892365217209 3.3138049125934325e-16 0.984626293182373 0.4372216463088989 -3.333096998403562e-08
33.310517347855146 0.09315624088048935 3.3313848167158995e-16 0.984626293182373 0.45826685428619385 -3.333096998403562e-08
33.486298597855146 0.09683549404144287 3.3489647208383665e-16 0.984626293182373 0.4788174331188202 -3.333096998403562e-08
33.662079847855146 0.10036012530326843 3.3665446249608335e-16 0.984626293182373 0.4988781213760376 -3.333096998403562e-08
34.189423597855146 0.10998906195163727 3.4192843373282344e-16 0.984626293182373 0.5559977293014526 -3.333096998403562e-08
34.716767347855146 0.11829488724470139 3.4720237849978394e-16 0.984626293182373 0.6086828708648682 -3.333096998403562e-08
35.24411109785514 0.1251913607120514 3.5247634973652403e-16 0.984626293182373 0.656388521194458 -3.333096998403562e-08
35.59567359785514 0.12897759675979614 3.5599233056101743e-16 0.984626293182373 0.6851574778556824 -3.333096998403562e-08
35.77145484785514 0.13065305352210999 3.5775032097326413e-16 0.984626293182373 0.6986846923828125 -3.333096998403562e-08
35.94723609785514 0.1321815699338913 3.5950831138551083e-16 0.984626293182373 0.7116085290908813 -3.333096998403562e-08
36.12301734785514 0.1335574984550476 3.6126630179775753e-16 0.984626293182373 0.7238856554031372 -3.333096998403562e-08
36.47457984785514 0.13588303327560425 3.647822826222509e-16 0.984626293182373 0.7465417385101318 -3.333096998403562e-08
37.08981422285514 0.13881658017635345 3.7093523583022457e-16 0.984626293182373 0.7806578874588013 -3.333096998403562e-08
37.70504859785514 0.14060145616531372 3.770881890381982e-16 0.984626293182373 0.8082565069198608 -3.333096998403562e-08
38.67184547285513 0.14188015460968018 3.8675712307066526e-16 0.984626293182373 0.8404027819633484 -3.333096998403562e-08
39.63864234785513 0.14224153757095337 3.964260571031323e-16 0.984626293182373 0.8623310327529907 -3.333096998403562e-08
39.99020484785513 0.14227646589279175 3.999420379276257e-16 0.984626293182373 0.868350088596344 -3.333096998403562e-08
40.51754859785513 0.1422976553440094 4.052160091643658e-16 0.984626293182373 0.8760889768600464 -3.333096998403562e-08
41.04489234785513 0.14230108261108398 4.104899804011059e-16 0.984626293182373 0.882365345954895 -3.333096998403562e-08
41.484345472855125 0.14230124652385712 4.1488491672705323e-16 0.984626293182373 0.8867635130882263 -3.333096998403562e-08
41.923798597855125 0.14230123162269592 4.192799059925598e-16 0.984626293182373 0.8905343413352966 -3.333096998403562e-08
42.978486097855125 0.14230123162269592 4.2982784846603997e-16 0.984626293182373 0.8978593945503235 -3.333096998403562e-08
44.033173597855125 0.14230123162269592 4.4037576446974056e-16 0.984626293182373 0.9032111763954163 -3.333096998403562e-08
45.43942359785512 0.14230123162269592 4.5443968776771415e-16 0.984626293182373 0.9083212614059448 -3.333096998403562e-08
46.40622047285512 0.14230123162269592 4.641086218001812e-16 0.984626293182373 0.9110409617424011 -3.333096998403562e-08
47.37301734785512 0.14230123162269592 4.737775558326482e-16 0.984626293182373 0.913264811038971 -3.333096998403562e-08
48.07614234785511 0.14230123162269592 4.80809517481635e-16 0.984626293182373 0.9146050214767456 -3.333096998403562e-08
48.77926734785511 0.14230123162269592 4.878414791306218e-16 0.984626293182373 0.9158036112785339 -3.333096998403562e-08
49.74606422285511 0.14230123162269592 4.975103602235297e-16 0.984626293182373 0.9172743558883667 -3.333096998403562e-08
50.71286109785511 0.14230123162269592 5.071793471955559e-16 0.984626293182373 0.9185067415237427 -3.333096998403562e-08
51.503876722855104 0.14230123162269592 5.150902643459966e-16 0.984626293182373 0.9193972945213318 -3.333096998403562e-08
52.294892347855104 0.14230123162269592 5.230012344359966e-16 0.984626293182373 0.9202361106872559 -3.333096998403562e-08
52.822236097855104 0.14230123162269592 5.282751792029571e-16 0.984626293182373 0.9207442998886108 -3.333096998403562e-08
53.701142347855104 0.14230123162269592 5.37065104794411e-16 0.984626293182373 0.921571671962738 -3.333096998403562e-08
54.5800485978551 0.14230123162269592 5.458550833254241e-16 0.984626293182373 0.9223101735115051 -3.333096998403562e-08
54.9316110978551 0.14230123162269592 5.493710641499175e-16 0.984626293182373 0.9225808382034302 -3.333096998403562e-08
55.1073923478551 0.14230123162269592 5.511290280923846e-16 0.984626293182373 0.9227113723754883 -3.333096998403562e-08
55.2831735978551 0.14230123162269592 5.528870449744109e-16 0.984626293182373 0.9228389859199524 -3.333096998403562e-08
55.4589548478551 0.14230123162269592 5.54645008916878e-16 0.984626293182373 0.9229636788368225 -3.333096998403562e-08
55.9862985978551 0.14230123162269592 5.599189536838385e-16 0.984626293182373 0.9233214855194092 -3.333096998403562e-08
56.5136423478551 0.14230123162269592 5.651929513903582e-16 0.984626293182373 0.9236564636230469 -3.333096998403562e-08
57.0409860978551 0.14230123162269592 5.7046689615731865e-16 0.984626293182373 0.9239709973335266 -3.333096998403562e-08
57.3925485978551 0.14230123162269592 5.73982876981812e-16 0.984626293182373 0.9241718053817749 -3.333096998403562e-08
57.74411109785509 0.14230123162269592 5.774988578063054e-16 0.984626293182373 0.9243800640106201 -3.333096998403562e-08
58.44723609785509 0.14230123162269592 5.845308194552922e-16 0.984626293182373 0.9247860908508301 -3.333096998403562e-08
59.15036109785509 0.14230123162269592 5.91562781104279e-16 0.984626293182373 0.925160825252533 -3.333096998403562e-08
59.67770484785509 0.14230123162269592 5.968367258712395e-16 0.984626293182373 0.9254235029220581 -3.333096998403562e-08
59.99999999999999 0.14230123162269592 6.000600038728974e-16 0.984626293182373 0.9255781769752502 -3.333096998403562e-08
60.000099999999996 0.14230123162269592 6.000610097245222e-16 0.984626293182373 0.9255781769752502 -3.333096998403562e-08
60.000299999999996 0.14230123162269592 6.00063021427772e-16 0.984626293182373 0.925578236579895 -3.333096998403562e-08
60.000699999999995 0.14230123162269592 6.000669918947122e-16 0.9846258759498596 0.925578236579895 -3.333096998403562e-08
60.001000000000005 0.14230123162269592 6.000700094495868e-16 0.9846251606941223 0.925578236579895 -3.333096998403562e-08
60.0027322030361 0.14230123162269592 4.037481630803086e-06 0.9846002459526062 0.925578236579895 -3.333096998403562e-08
60.0044644060722 0.14230123162269592 8.074909601418767e-06 0.9845755100250244 0.925578236579895 -3.333096998403562e-08
60.02881034992073 0.14230123162269592 6.481318268924952e-05 0.9842183589935303 0.925578236579895 -3.333096998403562e-08
60.438557888011914 0.14230123162269592 0.0010184341808781028 0.9763155579566956 0.925578236579895 -3.333096998403562e-08
60.84830542610311 0.14230123162269592 0.001970010343939066 0.9640980958938599 0.925578236579895 -3.333096998403562e-08
61.02408667610311 0.14230123162269592 0.0023778430186212063 0.9570572376251221 0.925578236579895 -3.333096998403562e-08
61.19986792610311 0.14230123162269592 0.0027854477521032095 0.9487685561180115 0.925578236579895 -3.333096998403562e-08
61.3756491761031 0.14230123162269592 0.003192828269675374 0.9391739964485168 0.925578236579895 -3.333096998403562e-08
61.5514304261031 0.14230123162269592 0.0035999889951199293 0.9282410740852356 0.925578236579895 -3.333096998403562e-08
61.7272116761031 0.14230123162269592 0.004006935283541679 0.9159717559814453 0.925578236579895 -3.333096998403562e-08
61.9029929261031 0.14230123162269592 0.004413672722876072 0.9024171829223633 0.925578236579895 -3.333096998403562e-08
62.0787741761031 0.14230123162269592 0.004820207599550486 0.8876700401306152 0.925578236579895 -3.333096998403562e-08
62.2545554261031 0.14230123162269592 0.005226546432822943 0.8718248009681702 0.925578236579895 -3.333096998403562e-08
62.4303366761031 0.14230123162269592 0.005632693413645029 0.8549639582633972 0.925578236579895 -3.333096998403562e-08
62.6061179261031 0.14230123162269592 0.006038653664290905 0.8371927738189697 0.925578236579895 -3.333096998403562e-08
62.7818991761031 0.14230123162269592 0.006444430910050869 0.8186224102973938 0.925578236579895 -3.333096998403562e-08
62.9576804261031 0.14230123162269592 0.006850028410553932 0.7993347644805908 0.925578236579895 -3.333096998403562e-08
63.1334616761031 0.14230123162269592 0.007255449425429106 0.7793964147567749 0.925578236579895 -3.333096998403562e-08
63.3092429261031 0.14230123162269592 0.007660696282982826 0.758872389793396 0.925578236579895 -3.333096998403562e-08
63.4850241761031 0.14230123162269592 0.008065770380198956 0.7378231883049011 0.925578236579895 -3.333096998403562e-08
63.6608054261031 0.14230123162269592 0.008470673114061356 0.7163009643554688 0.925578236579895 -3.333096998403562e-08
63.8365866761031 0.14230123162269592 0.00887540727853775 0.6943601369857788 0.925578236579895 -3.333096998403562e-08
64.0123679261031 0.14230123162269592 0.009279974736273289 0.6720517873764038 0.925578236579895 -3.333096998403562e-08
64.1881491761031 0.14230123162269592 0.009684374555945396 0.6494059562683105 0.925578236579895 -3.333096998403562e-08
64.5397116761031 0.14230123162269592 0.010492677800357342 0.6031925082206726 0.925578236579895 -3.333096998403562e-08
64.7154929261031 0.14230123162269592 0.010896582156419754 0.5796763896942139 0.925578236579895 -3.333096998403562e-08
65.0670554261031 0.14230123162269592 0.01170390099287033 0.5319706201553345 0.925578236579895 -3.333096998403562e-08
65.4186179261031 0.14230123162269592 0.012510569766163826 0.4834991991519928 0.925578236579895 -3.333096998403562e-08
65.7701804261031 0.14230123162269592 0.013316590338945389 0.43434005975723267 0.925578236579895 -3.333096998403562e-08
66.1217429261031 0.14230123162269592 0.014121965505182743 0.3845917284488678 0.925578236579895 -3.333096998403562e-08
66.6490866761031 0.14230123162269592 0.015328822657465935 0.30906417965888977 0.925578236579895 -3.333096998403562e-08
67.1764304261031 0.14230123162269592 0.016534235328435898 0.23259976506233215 0.925578236579895 -3.333096998403562e-08
67.7037741761031 0.14230123162269592 0.017738215625286102 0.15564653277397156 0.925578236579895 -3.333096998403562e-08
68.0553366761031 0.14230123162269592 0.018540112301707268 0.10494736582040787 0.925578236579895 -3.333096998403562e-08
68.2311179261031 0.14230123162269592 0.018940817564725876 0.08067398518323898 0.925578236579895 -3.333096998403562e-08
68.4068991761031 0.14230123162269592 0.019341349601745605 0.058047037571668625 0.925578236579895 -3.333096998403562e-08
68.5826804261031 0.14230123162269592 0.019741717725992203 0.037910591810941696 0.925578236579895 -3.333096998403562e-08
68.7584616761031 0.14230123162269592 0.020141925662755966 0.020979534834623337 0.925578236579895 -3.333096998403562e-08
68.9342429261031 0.14230123162269592 0.020542023703455925 0.0071467142552137375 0.925578236579895 -3.333096998403562e-08
69.02628345118826 0.14230123162269592 0.020751522853970528 0.0013756072148680687 0.925578236579895 -3.333096998403562e-08
69.05738573677792 0.14230123162269592 0.020822342485189438 7.730939978500828e-05 0.925578236579895 -3.333096998403562e-08
69.06270612332852 0.14230123162269592 0.020834462717175484 -3.338828236110203e-08 0.925578236579895 -3.333096998403562e-08
79.53135306166425 0.14230123162269592 0.0443696603178978 -3.338685772291683e-08 0.925578236579895 -3.333096998403562e-08
89.99999999999999 0.14230123162269592 0.0673389807343483 -3.339968657201098e-08 0.925578236579895 -3.333096998403562e-08
90.0001 0.14230123162269592 0.06733943521976471 -3.337851239848533e-08 0.925578236579895 -3.333096998403562e-08
90.0003 0.14230123162269592 0.06734088063240051 -3.335395959425114e-08 0.925578236579895 -3.333096998403562e-08
90.00047046519683 0.14230123162269592 0.06734386086463928 -1.3584005031930246e-08 0.925578236579895 -3.333096998403562e-08
90.00081139559045 0.14230123162269592 0.06735429167747498 8.522079752992795e-08 0.925578236579895 4.1856540633489203e-07
90.00089094028056 0.14230123162269592 0.06735744327306747 1.0763400837277004e-07 0.925578236579895 1.498045548942173e-06
90.00093956057697 0.14230123162269592 0.06735946238040924 1.1287978196605764e-07 0.925578236579895 3.5383318390813656e-06
90.0009753147635 0.14230123162269592 0.0673607885837555 1.1287978196605764e-07 0.925578236579895 6.437843694584444e-06
90.001 0.14230123162269592 0.06736165285110474 1.1287978196605764e-07 0.925578236579895 9.315926035924349e-06
90.05745301173614 0.14230123162269592 0.06922516226768494 1.1287978196605764e-07 0.925578236579895 0.008614574559032917
90.11390602347227 0.14230123162269592 0.07107460498809814 1.1287978196605764e-07 0.925578236579895 0.01718078926205635
90.22681549266808 0.14230123162269592 0.074738048017025 1.1287978196605764e-07 0.925578236579895 0.03421478345990181
90.40259674266808 0.14230123162269592 0.08036818355321884 1.1287978196605764e-07 0.925578236579895 0.06052932143211365
90.75415924266808 0.14230123162269592 0.0913446918129921 1.1287978196605764e-07 0.925578236579895 0.11236149072647095
91.28150299266808 0.14230123162269592 0.1070401594042778 1.1287978196605764e-07 0.925578236579895 0.18792936205863953
91.80884674266807 0.14230123162269592 0.12181306630373001 1.1287978196605764e-07 0.925578236579895 0.2608448266983032
92.16040924266807 0.14230123162269592 0.13109400868415833 1.1287978196605764e-07 0.925578236579895 0.3077954649925232
92.68775299266807 0.14230123162269592 0.14405407011508942 1.1287978196605764e-07 0.925578236579895 0.3753581643104553
93.03931549266807 0.14230123162269592 0.1521027684211731 1.1287978196605764e-07 0.925578236579895 0.4186054468154907
93.56665924266807 0.14230123162269592 0.16316649317741394 1.1287978196605764e-07 0.925578236579895 0.4803341329097748
94.09400299266807 0.14230123162269592 0.1728798896074295 1.1287978196605764e-07 0.925578236579895 0.5377309918403625
94.44556549266807 0.14230123162269592 0.17861540615558624 1.1287978196605764e-07 0.925578236579895 0.5735350847244263
94.97290924266807 0.14230123162269592 0.18613123893737793 1.1287978196605764e-07 0.925578236579895 0.6234685778617859
95.50025299266807 0.14230123162269592 0.19225747883319855 1.1287978196605764e-07 0.925578236579895 0.6683194041252136
96.02759674266807 0.14230123162269592 0.19704517722129822 1.1287978196605764e-07 0.925578236579895 0.7079178690910339
96.73072174266807 0.14230123162269592 0.2016136348247528 1.1287978196605764e-07 0.925578236579895 0.7528152465820312
97.43384674266807 0.14230123162269592 0.2044508457183838 1.1287978196605764e-07 0.925578236579895 0.7890434265136719
97.78540924266807 0.14230123162269592 0.20535050332546234 1.1287978196605764e-07 0.925578236579895 0.8040733933448792
98.13697174266805 0.14230123162269592 0.20599418878555298 1.1287978196605764e-07 0.925578236579895 0.8173015713691711
98.66431549266805 0.14230123162269592 0.20659378170967102 1.1287978196605764e-07 0.925578236579895 0.8340578675270081
99.36744049266805 0.14230123162269592 0.2069757878780365 1.1287978196605764e-07 0.925578236579895 0.8518198728561401
99.54322174266805 0.14230123162269592 0.20702430605888367 1.1287978196605764e-07 0.925578236579895 0.8555578589439392
99.71900299266805 0.14230123162269592 0.20705947279930115 1.1287978196605764e-07 0.925578236579895 0.8590328097343445
99.89478424266805 0.14230123162269592 0.207084059715271 1.1287978196605764e-07 0.925578236579895 0.8622562289237976
100.24634674266805 0.14230123162269592 0.20711255073547363 1.1287978196605764e-07 0.925578236579895 0.8680676817893982
100.86158111766807 0.14230123162269592 0.20713062584400177 1.1287978196605764e-07 0.925578236579895 0.876696765422821
101.47681549266805 0.14230123162269592 0.2071322202682495 1.1287978196605764e-07 0.925578236579895 0.8834892511367798
102.17994049266805 0.14230123162269592 0.2071322202682495 1.1287978196605764e-07 0.925578236579895 0.8896806240081787
102.88306549266805 0.14230123162269592 0.2071322202682495 1.1287978196605764e-07 0.925578236579895 0.89472496509552
103.58619049266805 0.14230123162269592 0.2071322202682495 1.1287978196605764e-07 0.925578236579895 0.8988236784934998
104.28931549266805 0.14230123162269592 0.2071322202682495 1.1287978196605764e-07 0.925578236579895 0.9022088646888733
104.64087799266804 0.14230123162269592 0.2071322202682495 1.1287978196605764e-07 0.925578236579895 0.9036642909049988
105.16822174266804 0.14230123162269592 0.2071322202682495 1.1287978196605764e-07 0.925578236579895 0.9056380987167358
106.22290924266804 0.14230123162269592 0.2071322202682495 1.1287978196605764e-07 0.925578236579895 0.9088606834411621
106.75025299266804 0.14230123162269592 0.2071322202682495 1.1287978196605764e-07 0.925578236579895 0.910224974155426
107.27759674266804 0.14230123162269592 0.2071322202682495 1.1287978196605764e-07 0.925578236579895 0.911481499671936
107.80494049266804 0.14230123162269592 0.2071322202682495 1.1287978196605764e-07 0.925578236579895 0.9126242399215698
108.68384674266804 0.14230123162269592 0.2071322202682495 1.1287978196605764e-07 0.925578236579895 0.9142676591873169
109.56275299266804 0.14230123162269592 0.2071322202682495 1.1287978196605764e-07 0.925578236579895 0.9156506061553955
109.91431549266804 0.14230123162269592 0.2071322202682495 1.1287978196605764e-07 0.925578236579895 0.916172206401825
110.61744049266804 0.14230123162269592 0.2071322202682495 1.1287978196605764e-07 0.925578236579895 0.917145311832428
111.32056549266802 0.14230123162269592 0.2071322202682495 1.1287978196605764e-07 0.925578236579895 0.9180061221122742
112.11158111766804 0.14230123162269592 0.2071322202682495 1.1287978196605764e-07 0.925578236579895 0.9188631772994995
112.90259674266802 0.14230123162269592 0.2071322202682495 1.1287978196605764e-07 0.925578236579895 0.9196248054504395
113.69361236766802 0.14230123162269592 0.2071322202682495 1.1287978196605764e-07 0.925578236579895 0.9203619360923767
114.48462799266802 0.14230123162269592 0.2071322202682495 1.1287978196605764e-07 0.925578236579895 0.9210310578346252
115.01197174266802 0.14230123162269592 0.2071322202682495 1.1287978196605764e-07 0.925578236579895 0.9214606285095215
115.53931549266802 0.14230123162269592 0.2071322202682495 1.1287978196605764e-07 0.925578236579895 0.9218817949295044
116.41822174266802 0.14230123162269592 0.2071322202682495 1.1287978196605764e-07 0.925578236579895 0.9225213527679443
117.29712799266802 0.14230123162269592 0.2071322202682495 1.1287978196605764e-07 0.925578236579895 0.9230937957763672
117.82447174266801 0.14230123162269592 0.2071322202682495 1.1287978196605764e-07 0.925578236579895 0.9234094023704529
118.35181549266801 0.14230123162269592 0.2071322202682495 1.1287978196605764e-07 0.925578236579895 0.9237064719200134
118.96704986766801 0.14230123162269592 0.2071322202682495 1.1287978196605764e-07 0.925578236579895 0.9240317940711975
119.58228424266801 0.14230123162269592 0.2071322202682495 1.1287978196605764e-07 0.925578236579895 0.9243364334106445
119.99999999999999 0.14230123162269592 0.2071322202682495 1.1287978196605764e-07 0.925578236579895 0.9245341420173645
120.0001 0.14230123162269592 0.2071322202682495 1.1287978196605764e-07 0.925578236579895 0.9245342016220093
120.0003 0.14230123162269592 0.2071322202682495 1.1287978196605764e-07 0.925578236579895 0.9245342016220093
120.0007 0.14229637384414673 0.2071322202682495 1.1287978196605764e-07 0.925578236579895 0.9245342016220093
120.001 0.14228421449661255 0.2071322202682495 1.1287978196605764e-07 0.925578236579895 0.9245342016220093
120.18675113382632 0.11553750187158585 0.2071322202682495 0.0004920976934954524 0.925578236579895 0.9245342016220093
120.37250226765266 0.08955312520265579 0.2071322202682495 0.000983458012342453 0.925578236579895 0.9245342016220093
120.54828351765266 0.06625498086214066 0.2071322202682495 0.0014481227844953537 0.925578236579895 0.9245342016220093
120.72406476765266 0.04509786516427994 0.2071322202682495 0.001912542968057096 0.925578236579895 0.9245342016220093
120.89984601765266 0.026910215616226196 0.2071322202682495 0.0023767666425555944 0.925578236579895 0.9245342016220093
121.07562726765266 0.01215745322406292 0.2071322202682495 0.0028407941572368145 0.925578236579895 0.9245342016220093
121.25140851765266 0.0009455526596866548 0.2071322202682495 0.0033046917524188757 0.925578236579895 0.9245342016220093
121.28605428511976 6.289475095400121e-06 0.2071322202682495 0.0033961471635848284 0.925578236579895 0.9245342016220093
126.56720670410864 -3.3388268150247313e-08 0.2071322202682495 0.01724105328321457 0.925578236579895 0.9245342016220093
126.74298795410866 -3.3388268150247313e-08 0.2071322202682495 0.017698807641863823 0.925578236579895 0.9245342016220093
126.91876920410867 -3.3388268150247313e-08 0.2071322202682495 0.01815636456012726 0.925578236579895 0.9245342016220093
127.09455045410868 -3.3388268150247313e-08 0.2071322202682495 0.018613724038004875 0.925578236579895 0.9245342016220093
134.38947232910922 -3.3388268150247313e-08 0.2071322202682495 0.03742016851902008 0.925578236579895 0.9245342016220093
141.68439420410976 -3.3388268150247313e-08 0.2071322202682495 0.05588493496179581 0.925578236579895 0.9245342016220093
141.8601754541098 -3.3388268150247313e-08 0.2071322202682495 0.056325629353523254 0.925578236579895 0.9245342016220093
142.0359567041098 -3.3388268150247313e-08 0.2071322202682495 0.05676613003015518 0.925578236579895 0.9245342016220093
142.21173795410982 -3.3388268150247313e-08 0.2071322202682495 0.057206425815820694 0.925578236579895 0.9245342016220093
150.0 -3.3335098237330385e-08 0.2071322202682495 0.07651337236166 0.925578236579895 0.9245342016220093
150.0001 -3.33484351244806e-08 0.2071322202682495 0.07651495933532715 0.925578236579895 0.9245342016220093
150.0003 -3.332797149369071e-08 0.2071322202682495 0.07651839405298233 0.925578236579895 0.924534261226654
150.0007 -3.32472147590579e-08 0.2071322202682495 0.07652163505554199 0.925577700138092 0.9245343804359436
150.00082296387106 -2.4361689554552868e-08 0.2071322202682495 0.07652323693037033 0.9255765080451965 0.9245339632034302
150.00089395683833 7.853515171518666e-08 0.2071322202682495 0.07652567327022552 0.9255749583244324 0.9245332479476929
150.00092974384253 2.40810066998165e-07 0.2071322202682495 0.07652724534273148 0.9255739450454712 0.9245326519012451
150.0009510440842 3.974368212311674e-07 0.2071322202682495 0.07652808725833893 0.9255732893943787 0.9245321750640869
150.00096392207752 6.484044661192456e-07 0.2071322202682495 0.07652857154607773 0.9255728721618652 0.9245318174362183
150.00097315619686 1.1167750244567287e-06 0.2071322202682495 0.07652890682220459 0.9255725741386414 0.9245315790176392
150.0009848053539 2.1542207377933664e-06 0.2071322202682495 0.07652930915355682 0.9255721569061279 0.9245312213897705
150.001 3.910664872819325e-06 0.2071322202682495 0.07652983069419861 0.925571620464325 0.9245307445526123
150.0015952719243 9.466459596296772e-05 0.2071322202682495 0.0765494853258133 0.9255508184432983 0.9245098829269409
150.00219054384857 0.00018541434837970883 0.2071322202682495 0.07656913995742798 0.9255300164222717 0.9244891405105591
150.0105406596084 0.0014579376438632607 0.2071322202682495 0.07684466242790222 0.9252371191978455 0.924196183681488
150.03916962792778 0.005814247764647007 0.2071322202682495 0.07778694480657578 0.9242276549339294 0.9231867790222168
150.07734158568695 0.011606588028371334 0.2071322202682495 0.07903752475976944 0.9228600263595581 0.9218191504478455
150.3063733322421 0.04606059938669205 0.2071322202682495 0.08643335849046707 0.9139811396598816 0.9129402041435242
150.4821545822421 0.07222751528024673 0.2071322202682495 0.09201081097126007 0.9064960479736328 0.9054551124572754
150.65793583224212 0.09814059734344482 0.2071322202682495 0.09749789535999298 0.8983832597732544 0.897342324256897
150.83371708224212 0.1237902045249939 0.2071322202682495 0.10289160907268524 0.8896435499191284 0.888602614402771
151.00949833224215 0.14916899800300598 0.2071322202682495 0.10818979889154434 0.8802822828292847 0.8792413473129272
151.18527958224215 0.17425811290740967 0.2071322202682495 0.1133863627910614 0.8702552318572998 0.8692142963409424
151.36106083224217 0.1990288496017456 0.2071322202682495 0.11847184598445892 0.8595148324966431 0.8584738969802856
151.53684208224217 0.22347135841846466 0.2071322202682495 0.12344345450401306 0.8480795621871948 0.8470386862754822
151.71262333224217 0.24759449064731598 0.2071322202682495 0.12830492854118347 0.8360203504562378 0.8349794149398804
151.8884045822422 0.27138692140579224 0.2071322202682495 0.13305316865444183 0.823354959487915 0.8223140835762024
152.0641858322422 0.29482749104499817 0.2071322202682495 0.13768169283866882 0.8100249767303467 0.8089841604232788
152.23996708224223 0.31799402832984924 0.2071322202682495 0.14221739768981934 0.7961435914039612 0.7951026558876038
152.30588505099223 0.32657235860824585 0.2071322202682495 0.14388157427310944 0.790730357170105 0.7896894216537476
152.39377567599223 0.33788323402404785 0.2071322202682495 0.1460581123828888 0.7833278179168701 0.7822869420051575
152.56955692599223 0.36021846532821655 0.2071322202682495 0.15031613409519196 0.7681376338005066 0.7670966982841492
152.92111942599226 0.4038095474243164 0.2071322202682495 0.15847733616828918 0.7362737655639648 0.7352328300476074
153.0969006759923 0.42500030994415283 0.2071322202682495 0.16236132383346558 0.7195513844490051 0.7185104489326477
153.2726819259923 0.4457688629627228 0.2071322202682495 0.1661098152399063 0.7023528814315796 0.7013119459152222
153.44846317599232 0.4661005735397339 0.2071322202682495 0.1697196215391159 0.6847276091575623 0.6836866736412048
153.62424442599232 0.4859805405139923 0.2071322202682495 0.17318764328956604 0.6667236089706421 0.6656827330589294
153.97580692599234 0.5243251919746399 0.2071322202682495 0.1796867400407791 0.6295367479324341 0.6284958124160767
154.32736942599237 0.5607364177703857 0.2071322202682495 0.1856021136045456 0.5908243060112 0.5897834300994873
154.5031506759924 0.5782068967819214 0.2071322202682495 0.1883433610200882 0.5709466934204102 0.5699057579040527
154.6789319259924 0.5951458215713501 0.2071322202682495 0.1909315288066864 0.5507620573043823 0.5497211217880249
154.8547131759924 0.6115403175354004 0.2071322202682495 0.19336561858654022 0.5303052663803101 0.5292643904685974
155.03049442599243 0.6273995637893677 0.2071322202682495 0.19565118849277496 0.5095937252044678 0.5085528492927551
155.20627567599243 0.6427218914031982 0.2071322202682495 0.19779084622859955 0.488650381565094 0.48760947585105896
155.38205692599246 0.6574956178665161 0.2071322202682495 0.19978472590446472 0.4674831032752991 0.46644216775894165
155.55783817599246 0.6717004776000977 0.2071322202682495 0.20163105428218842 0.44607746601104736 0.44503653049468994
155.7336194259925 0.6853078603744507 0.2071322202682495 0.20332656800746918 0.4244329631328583 0.42339205741882324
155.9094006759925 0.6983146071434021 0.2071322202682495 0.20487463474273682 0.4025692343711853 0.40152832865715027
156.08518192599252 0.7107508778572083 0.2071322202682495 0.20628687739372253 0.38051748275756836 0.3794765770435333
156.26096317599252 0.7226462364196777 0.2071322202682495 0.2075744867324829 0.3583013415336609 0.35726043581962585
156.43674442599254 0.7339988946914673 0.2071322202682495 0.2087414264678955 0.33591827750205994 0.3348774015903473
156.61252567599254 0.7447901368141174 0.2071322202682495 0.20978803932666779 0.3133593797683716 0.3123185634613037
156.78830692599257 0.7550162672996521 0.2071322202682495 0.2107183337211609 0.2906283736228943 0.28958767652511597
156.96408817599257 0.7646873593330383 0.2071322202682495 0.2115394026041031 0.2677356004714966 0.2666950821876526
157.1398694259926 0.7738156318664551 0.2071322202682495 0.2122587114572525 0.24469245970249176 0.24365234375
157.3156506759926 0.7824157476425171 0.2071322202682495 0.2128840535879135 0.22151312232017517 0.22047382593154907
157.4914319259926 0.7905138731002808 0.2071322202682495 0.21342481672763824 0.19822321832180023 0.19718554615974426
157.84299442599263 0.8053286075592041 0.2071322202682495 0.21429136395454407 0.1515028476715088 0.15047499537467957
158.01877567599266 0.8120628595352173 0.2071322202682495 0.21462878584861755 0.12823402881622314 0.1272190511226654
158.19455692599266 0.8183626532554626 0.2071322202682495 0.21490997076034546 0.10526225715875626 0.10427181422710419
158.37033817599269 0.8242522478103638 0.2071322202682495 0.215142160654068 0.08294887095689774 0.0820024311542511
158.54611942599269 0.829755425453186 0.2071322202682495 0.2153320461511612 0.06185251474380493 0.0609777495265007
158.7219006759927 0.8348960280418396 0.2071322202682495 0.21548575162887573 0.04268331453204155 0.041910864412784576
158.8976819259927 0.8396973609924316 0.2071322202682495 0.21560880541801453 0.02610868215560913 0.025461051613092422
159.07346317599274 0.8441822528839111 0.2071322202682495 0.21570619940757751 0.012487715110182762 0.011969526298344135
159.24924442599274 0.8484255075454712 0.2071322202682495 0.21578563749790192 0.0016600230010226369 0.0014139829436317086
159.289762928473 0.8493672609329224 0.2071322202682495 0.2158014178276062 5.10975114593748e-05 3.3023137802956626e-05
159.29383575729625 0.8494600057601929 0.2071322202682495 0.2158028781414032 -3.3384203845798766e-08 -3.3384203845798766e-08
159.3931364548115 0.8516592979431152 0.2071322202682495 0.2158348560333252 -3.3384203845798766e-08 -3.3384203845798766e-08
159.49243715232672 0.853760838508606 0.2071322202682495 0.21586133539676666 -3.3384203845798766e-08 -3.3384203845798766e-08
159.66821840232674 0.8572962880134583 0.2071322202682495 0.21589882671833038 -3.3384203845798766e-08 -3.3384203845798766e-08
159.84399965232674 0.8606171011924744 0.2071322202682495 0.2159266173839569 -3.3384203845798766e-08 -3.3384203845798766e-08
160.01978090232674 0.8637247681617737 0.2071322202682495 0.21594637632369995 -3.3384203845798766e-08 -3.3384203845798766e-08
160.19556215232677 0.8666360378265381 0.2071322202682495 0.21596023440361023 -3.3384203845798766e-08 -3.3384203845798766e-08
160.37134340232677 0.8693575859069824 0.2071322202682495 0.21596954762935638 -3.3384203845798766e-08 -3.3384203845798766e-08
160.5471246523268 0.8719063997268677 0.2071322202682495 0.2159755825996399 -3.3384203845798766e-08 -3.3384203845798766e-08
161.07446840232683 0.8786431550979614 0.2071322202682495 0.21598254144191742 -3.3384203845798766e-08 -3.3384203845798766e-08
161.6018121523269 0.8842258453369141 0.2071322202682495 0.2159830927848816 -3.3384203845798766e-08 -3.3384203845798766e-08
161.7775934023269 0.8858823776245117 0.2071322202682495 0.2159830927848816 -3.3384203845798766e-08 -3.3384203845798766e-08
161.95337465232691 0.887444257736206 0.2071322202682495 0.2159830927848816 -3.3384203845798766e-08 -3.3384203845798766e-08
162.12915590232691 0.8889153003692627 0.2071322202682495 0.2159830927848816 -3.3384203845798766e-08 -3.3384203845798766e-08
162.30493715232694 0.8902989625930786 0.2071322202682495 0.2159830927848816 -3.3384203845798766e-08 -3.3384203845798766e-08
162.48071840232694 0.8916066884994507 0.2071322202682495 0.2159830927848816 -3.3384203845798766e-08 -3.3384203845798766e-08
162.83228090232697 0.8940277099609375 0.2071322202682495 0.2159830927848816 -3.3384203845798766e-08 -3.3384203845798766e-08
163.00806215232697 0.8951464295387268 0.2071322202682495 0.2159830927848816 -3.3384203845798766e-08 -3.3384203845798766e-08
163.359624652327 0.8972132802009583 0.2071322202682495 0.2159830927848816 -3.3384203845798766e-08 -3.3384203845798766e-08
163.53540590232703 0.8981764912605286 0.2071322202682495 0.2159830927848816 -3.3384203845798766e-08 -3.3384203845798766e-08
163.71118715232703 0.8990978002548218 0.2071322202682495 0.2159830927848816 -3.3384203845798766e-08 -3.3384203845798766e-08
163.88696840232706 0.8999770283699036 0.2071322202682495 0.2159830927848816 -3.3384203845798766e-08 -3.3384203845798766e-08
164.06274965232706 0.9008110761642456 0.2071322202682495 0.2159830927848816 -3.3384203845798766e-08 -3.3384203845798766e-08
164.23853090232708 0.9016038179397583 0.2071322202682495 0.2159830927848816 -3.3384203845798766e-08 -3.3384203845798766e-08
164.5900934023271 0.9030934572219849 0.2071322202682495 0.2159830927848816 -3.3384203845798766e-08 -3.3384203845798766e-08
164.7658746523271 0.9037910103797913 0.2071322202682495 0.2159830927848816 -3.3384203845798766e-08 -3.3384203845798766e-08
164.9416559023271 0.9044617414474487 0.2071322202682495 0.2159830927848816 -3.3384203845798766e-08 -3.3384203845798766e-08
165.29321840232714 0.9057239294052124 0.2071322202682495 0.2159830927848816 -3.3384203845798766e-08 -3.3384203845798766e-08
165.46899965232717 0.9063138961791992 0.2071322202682495 0.2159830927848816 -3.3384203845798766e-08 -3.3384203845798766e-08
165.64478090232717 0.906883955001831 0.2071322202682495 0.2159830927848816 -3.3384203845798766e-08 -3.3384203845798766e-08
165.8205621523272 0.9074347615242004 0.2071322202682495 0.2159830927848816 -3.3384203845798766e-08 -3.3384203845798766e-08
166.17212465232723 0.9084676504135132 0.2071322202682495 0.2159830927848816 -3.3384203845798766e-08 -3.3384203845798766e-08
166.34790590232723 0.9089540839195251 0.2071322202682495 0.2159830927848816 -3.3384203845798766e-08 -3.3384203845798766e-08
166.52368715232726 0.909426748752594 0.2071322202682495 0.2159830927848816 -3.3384203845798766e-08 -3.3384203845798766e-08
166.69946840232726 0.9098857641220093 0.2071322202682495 0.2159830927848816 -3.3384203845798766e-08 -3.3384203845798766e-08
166.87524965232728 0.9103279113769531 0.2071322202682495 0.2159830927848816 -3.3384203845798766e-08 -3.3384203845798766e-08
167.22681215232728 0.9111611247062683 0.2071322202682495 0.2159830927848816 -3.3384203845798766e-08 -3.3384203845798766e-08
167.4025934023273 0.9115591645240784 0.2071322202682495 0.2159830927848816 -3.3384203845798766e-08 -3.3384203845798766e-08
167.75415590232734 0.9123219847679138 0.2071322202682495 0.2159830927848816 -3.3384203845798766e-08 -3.3384203845798766e-08
168.19360902732737 0.9131997227668762 0.2071322202682495 0.2159830927848816 -3.3384203845798766e-08 -3.3384203845798766e-08
168.6330621523274 0.9140172004699707 0.2071322202682495 0.2159830927848816 -3.3384203845798766e-08 -3.3384203845798766e-08
168.98462465232743 0.9146307706832886 0.2071322202682495 0.2159830927848816 -3.3384203845798766e-08 -3.3384203845798766e-08
169.51196840232745 0.915477454662323 0.2071322202682495 0.2159830927848816 -3.3384203845798766e-08 -3.3384203845798766e-08
170.0393121523275 0.9162664413452148 0.2071322202682495 0.2159830927848816 -3.3384203845798766e-08 -3.3384203845798766e-08
170.39087465232754 0.9167566299438477 0.2071322202682495 0.2159830927848816 -3.3384203845798766e-08 -3.3384203845798766e-08
171.79712465232765 0.9184865951538086 0.2071322202682495 0.2159830927848816 -3.3384203845798766e-08 -3.3384203845798766e-08
172.32446840232768 0.9190505743026733 0.2071322202682495 0.2159830927848816 -3.3384203845798766e-08 -3.3384203845798766e-08
174.08228090232782 0.9206957817077637 0.2071322202682495 0.2159830927848816 -3.3384203845798766e-08 -3.3384203845798766e-08
174.60962465232785 0.9211196899414062 0.2071322202682495 0.2159830927848816 -3.3384203845798766e-08 -3.3384203845798766e-08
175.84009340232794 0.9220379590988159 0.2071322202682495 0.2159830927848816 -3.3384203845798766e-08 -3.3384203845798766e-08
177.07056215232802 0.9228358268737793 0.2071322202682495 0.2159830927848816 -3.3384203845798766e-08 -3.3384203845798766e-08
177.59790590232808 0.9231528043746948 0.2071322202682495 0.2159830927848816 -3.3384203845798766e-08 -3.3384203845798766e-08
179.88306215232825 0.9243646860122681 0.2071322202682495 0.2159830927848816 -3.3384203845798766e-08 -3.3384203845798766e-08
179.99999999999997 0.9244202375411987 0.2071322202682495 0.2159830927848816 -3.3384203845798766e-08 -3.3384203845798766e-08
