time a b c w1
0.0 0.0 0.0 0.0 0.0
2.34374997708231e-06 2.34398437508335e-23 2.34398437508335e-23 1.0801570415496826 2.34398437508335e-23
2.3531289769906394e-06 2.35336424679079e-23 2.35336424679079e-23 1.0037916898727417 2.35336424679079e-23
2.3718869768072985e-06 2.372124147977851e-23 2.372124147977851e-23 0.9922298789024353 2.372124147977851e-23
2.449126245505041e-06 2.449371143311084e-23 2.449371143311084e-23 0.9876051545143127 2.449371143311084e-23
0.00019360463173130613 1.9362399824984054e-21 1.9362399824984054e-21 0.9876051545143127 1.9362399824984054e-21
0.00038480681743822704 3.8484529531415596e-21 3.8484529531415596e-21 0.9876051545143127 -5.559464444360174e-09
0.0007672111888520689 7.672878894427868e-21 7.672878894427868e-21 0.9876051545143127 -2.705487389675909e-08
0.001 1.0000999731091105e-20 1.0000999731091105e-20 0.9876051545143127 -3.338633192129237e-08
29.999999999999996 3.000300019364487e-16 3.000300019364487e-16 0.9876051545143127 -3.3386157838322106e-08
30.000099999999996 3.0003100778807355e-16 3.0003100778807355e-16 0.9876051545143127 -3.3364894846954485e-08
30.0003 3.0003299302154367e-16 3.0003299302154367e-16 0.9876051545143127 -3.3343891203685416e-08
30.0007 3.0003698995826353e-16 3.0003698995826353e-16 0.9876051545143127 -3.333277120987077e-08
30.000822963436818 1.035799890303224e-08 3.000382340379048e-16 0.9876051545143127 -3.068175047360455e-08
30.00089395651092 5.599173746873021e-08 3.0003894872195405e-16 0.9876051545143127 2.7036357153065183e-08
30.000929691631658 1.2442259844647197e-07 3.000392928290889e-16 0.9876051545143127 5.754108656219614e-08
30.00095177264962 2.0111434650971205e-07 3.000395310571053e-16 0.9876051545143127 3.765517320175604e-08
30.00096484941826 2.8296443588260445e-07 3.000396369362237e-16 0.9876051545143127 1.8382424116225593e-07
30.000975194585624 3.9251074213098036e-07 3.000397428153421e-16 0.9876051545143127 6.117741691014089e-07
30.000986697638687 5.620923957394552e-07 3.000398751642401e-16 0.9876051545143127 1.43125919294107e-06
30.00099995486296 7.944229878376063e-07 3.000400075131381e-16 0.9876051545143127 2.6319048629375175e-06
30.001 7.953127578730346e-07 3.000400075131381e-16 0.9876051545143127 2.6367065402155276e-06
30.095659197085364 0.001992011908441782 3.009866991805928e-16 0.9876051545143127 0.011101620271801949
30.190318394170728 0.0039574624970555305 3.019333643782679e-16 0.9876051545143127 0.022119486704468727
30.37963687861554 0.007826372981071472 3.038267477131773e-16 0.9876051545143127 0.04395917057991028
30.61401187861554 0.012512954883277416 3.0617072610624634e-16 0.9876051545143127 0.07066875696182251
30.848386878615536 0.01707574911415577 3.085147044993154e-16 0.9876051545143127 0.09698199480772018
31.082761878615532 0.021506765857338905 3.1085870936216407e-16 0.9876051545143127 0.12286972999572754
31.31713687861553 0.025804392993450165 3.1320268775523314e-16 0.9876051545143127 0.14832285046577454
31.785886878615525 0.03399370610713959 3.1789064454137126e-16 0.9876051545143127 0.19788965582847595
32.02026187861552 0.0378827303647995 3.2023464940421993e-16 0.9876051545143127 0.22198544442653656
32.489011878615514 0.04524372145533562 3.2492260619035806e-16 0.9876051545143127 0.2687571048736572
32.723386878615514 0.048713795840740204 3.272665845834271e-16 0.9876051545143127 0.29141533374786377
33.19213687861551 0.05522966757416725 3.3195456783934485e-16 0.9876051545143127 0.33523356914520264
33.42651187861551 0.05827471613883972 3.342985462324139e-16 0.9876051545143127 0.35637712478637695
33.8952618786155 0.06393894553184509 3.3898650301855205e-16 0.9876051545143127 0.39709460735321045
34.59838687861549 0.07137889415025711 3.4601846466753884e-16 0.9876051545143127 0.4541458785533905
35.301511878615486 0.07758212089538574 3.5305042631652564e-16 0.9876051545143127 0.5062427520751953
36.00463687861547 0.08261056989431381 3.6008236149573283e-16 0.9876051545143127 0.553311288356781
36.707761878615464 0.08655691146850586 3.671143231447196e-16 0.9876051545143127 0.5953673124313354
36.942136878615464 0.08765208721160889 3.694583015377887e-16 0.9876051545143127 0.6082895994186401
37.17651187861546 0.08864536136388779 3.7180230640063735e-16 0.9876051545143127 0.620674192905426
37.41088687861546 0.08954204618930817 3.741462847937064e-16 0.9876051545143127 0.6325294971466064
37.87963687861545 0.09106776863336563 3.7883424157984455e-16 0.9876051545143127 0.654691755771637
38.34838687861545 0.0922744870185852 3.835222248357623e-16 0.9876051545143127 0.6748666167259216
38.58276187861544 0.09277254343032837 3.8586620322883134e-16 0.9876051545143127 0.6842416524887085
38.81713687861544 0.0932079404592514 3.882101816219004e-16 0.9876051545143127 0.6931608319282532
39.051511878615436 0.09358622133731842 3.9055416001496947e-16 0.9876051545143127 0.7016395330429077
39.285886878615436 0.09391273558139801 3.9289816487781814e-16 0.9876051545143127 0.7096935510635376
39.520261878615436 0.09419263899326324 3.952421432708872e-16 0.9876051545143127 0.7173390984535217
39.75463687861543 0.0944308489561081 3.9758612166395626e-16 0.9876051545143127 0.7245926856994629
40.22338687861542 0.094801165163517 4.02274104919874e-16 0.9876051545143127 0.7379902601242065
41.62963687861541 0.09533443301916122 4.16338001748068e-16 0.9876051545143127 0.7704947590827942
43.03588687861539 0.09544737637042999 4.3040189857626197e-16 0.9876051545143127 0.7939769625663757
43.270261878615386 0.09545175731182098 4.3274587696933103e-16 0.9876051545143127 0.7972135543823242
43.504636878615386 0.0954543873667717 4.350898818321797e-16 0.9876051545143127 0.800286054611206
43.739011878615386 0.0954558327794075 4.3743386022524876e-16 0.9876051545143127 0.8032039999961853
43.97338687861538 0.09545651823282242 4.3977783861831783e-16 0.9876051545143127 0.8059767484664917
44.44213687861537 0.09545682370662689 4.444658218742356e-16 0.9876051545143127 0.8111204504966736
45.145261878615365 0.09545677155256271 4.514977835232224e-16 0.9876051545143127 0.8179462552070618
45.61401187861536 0.09545677155256271 4.561857403093605e-16 0.9876051545143127 0.8219822645187378
45.84838687861536 0.09545677155256271 4.585296922326499e-16 0.9876051545143127 0.8238635659217834
46.31713687861535 0.09545677155256271 4.632177019583473e-16 0.9876051545143127 0.8273787498474121
46.55151187861535 0.09545677155256271 4.655616538816367e-16 0.9876051545143127 0.8290219902992249
46.785886878615344 0.09545677155256271 4.679056587444854e-16 0.9876051545143127 0.8305947184562683
47.020261878615344 0.09545677155256271 4.702496636073341e-16 0.9876051545143127 0.8321009278297424
47.254636878615344 0.09545677155256271 4.725936155306235e-16 0.9876051545143127 0.8335443139076233
47.48901187861534 0.09545677155256271 4.749376203934722e-16 0.9876051545143127 0.8349283337593079
47.95776187861534 0.09545677155256271 4.796255771796103e-16 0.9876051545143127 0.8375310897827148
48.19213687861533 0.09545677155256271 4.81969582042459e-16 0.9876051545143127 0.8387556672096252
48.42651187861533 0.09545677155256271 4.843135339657485e-16 0.9876051545143127 0.8399327397346497
48.89526187861532 0.09545677155256271 4.890014907518866e-16 0.9876051545143127 0.8421540856361389
49.12963687861532 0.09545677155256271 4.913454956147353e-16 0.9876051545143127 0.8432028889656067
49.364011878615315 0.09545677155256271 4.936895004775839e-16 0.9876051545143127 0.8442132472991943
49.598386878615315 0.09545677155256271 4.960334524008734e-16 0.9876051545143127 0.8451871275901794
49.83276187861531 0.09545677155256271 4.98377457263722e-16 0.9876051545143127 0.8461263179779053
50.06713687861531 0.09545677155256271 5.007214621265707e-16 0.9876051545143127 0.8470325469970703
50.30151187861531 0.09545677155256271 5.030654140498602e-16 0.9876051545143127 0.8479073643684387
50.5358868786153 0.09545677155256271 5.054094189127088e-16 0.9876051545143127 0.8487523794174194
51.239011878615294 0.09545677155256271 5.124413805616956e-16 0.9876051545143127 0.8511221408843994
51.473386878615294 0.09545677155256271 5.147853324849851e-16 0.9876051545143127 0.8518611192703247
51.70776187861529 0.09545677155256271 5.171293373478338e-16 0.9876051545143127 0.8525766730308533
51.94213687861529 0.09545677155256271 5.194732892711232e-16 0.9876051545143127 0.8532697558403015
52.64526187861528 0.09545677155256271 5.2650525092011e-16 0.9876051545143127 0.8552240133285522
52.87963687861527 0.09545677155256271 5.288492557829587e-16 0.9876051545143127 0.8558367490768433
53.11401187861527 0.09545677155256271 5.311932077062482e-16 0.9876051545143127 0.8564314842224121
53.34838687861527 0.09545677155256271 5.335372125690968e-16 0.9876051545143127 0.8570090532302856
54.52026187861526 0.09545677155256271 5.452571310042217e-16 0.9876051545143127 0.8596625328063965
54.75463687861525 0.09545677155256271 5.476011358670704e-16 0.9876051545143127 0.8601505756378174
54.98901187861525 0.09545677155256271 5.499450877903599e-16 0.9876051545143127 0.8606258034706116
55.223386878615244 0.09545677155256271 5.522890926532085e-16 0.9876051545143127 0.8610885739326477
56.39526187861523 0.09545677155256271 5.640090110883335e-16 0.9876051545143127 0.8632321357727051
56.62963687861523 0.09545677155256271 5.663530159511821e-16 0.9876051545143127 0.8636296391487122
57.09838687861522 0.09545677155256271 5.710409727373203e-16 0.9876051545143127 0.8643963932991028
58.035886878615216 0.09545677155256271 5.804168863095965e-16 0.9876051545143127 0.8658256530761719
58.27026187861521 0.09545677155256271 5.827608911724452e-16 0.9876051545143127 0.8661629557609558
58.50463687861521 0.09545677155256271 5.851048960352938e-16 0.9876051545143127 0.8664928078651428
58.73901187861521 0.09545677155256271 5.874488479585833e-16 0.9876051545143127 0.866815447807312
59.2077618786152 0.09545677155256271 5.921368047447214e-16 0.9876051545143127 0.8674399852752686
59.676511878615194 0.09545677155256271 5.968248144704188e-16 0.9876051545143127 0.8680382370948792
59.99999999999999 0.09545677155256271 6.000600038728974e-16 0.9876051545143127 0.868438184261322
60.000099999999996 0.09545677155256271 6.000610097245222e-16 0.9876051545143127 0.8684378862380981
60.000299999999996 0.09545646607875824 6.00063021427772e-16 0.9876051545143127 0.8684375286102295
60.000699999999995 0.09545276314020157 6.000669918947122e-16 0.9876051545143127 0.8684374094009399
60.001000000000005 0.095445916056633 6.000700094495868e-16 0.9876051545143127 0.8684374094009399
60.02144000000019 0.09274785965681076 6.002744090876711e-16 0.9876051545143127 0.8684374094009399
60.04188000000037 0.09006749838590622 6.004788616653146e-16 0.9876051545143127 0.8684374094009399
60.082840000000736 0.08475621789693832 6.008885079744305e-16 0.9876051545143127 0.8684374094009399
60.16476000000147 0.07445144653320312 6.01707747653103e-16 0.9876051545143127 0.8684374094009399
60.328600000002936 0.05530831217765808 6.033463328895664e-16 0.9876051545143127 0.8684374094009399
60.562975000002936 0.031486742198467255 6.056903377524151e-16 0.9876051545143127 0.8684374094009399
60.79735000000293 0.012062427587807178 6.080342896757046e-16 0.9876051545143127 0.8684374094009399
60.957872098695226 0.0018544280901551247 6.096396818085475e-16 0.9876051545143127 0.8684374094009399
61.00394724448524 4.22989105572924e-05 6.101004677318538e-16 0.9876051545143127 0.8684374094009399
61.007373406477555 -3.3386157838322106e-08 6.101347196266584e-16 0.9876051545143127 0.8684374094009399
89.99999999999999 -3.338768905791767e-08 9.000900322791256e-16 0.9876051545143127 0.8684374094009399
90.0001 -3.336540643772423e-08 9.000909851911913e-16 0.9876051545143127 0.8684374094009399
90.0003 -3.3343891203685416e-08 9.00092996894441e-16 0.9876051545143127 0.8684374094009399
90.0007 -3.333241238578921e-08 9.000970203009405e-16 0.9876051545143127 0.8684374094009399
90.00082296342882 -3.068098308744993e-08 1.0358000679389079e-08 0.9876051545143127 0.8684374094009399
90.0008939565102 2.7037300398546904e-08 5.5991744574157565e-08 0.9876051545143127 0.8684374094009399
90.00092969162961 5.754200671503895e-08 1.2442259844647197e-07 0.9876051545143127 0.8684374094009399
90.00095177264804 3.7656054274748385e-08 2.0111436072056676e-07 0.9876051545143127 0.8684374094009399
90.00096484941656 1.8382509381353884e-07 2.8296443588260445e-07 0.9876051545143127 0.8684374094009399
90.0009751945838 6.117750217526918e-07 3.9251074213098036e-07 0.9876051545143127 0.8684374094009399
90.00098669763662 1.4312599887489341e-06 5.620923957394552e-07 0.9876051545143127 0.8684374094009399
90.00099995485974 2.631905545058544e-06 7.944229878376063e-07 0.9876051545143127 0.8684374094009399
90.001 2.6367074497102294e-06 7.953128147164534e-07 0.9876051545143127 0.8684374094009399
90.09566596144899 0.011102410964667797 0.0019921534694731236 0.9876051545143127 0.8684374094009399
90.19033192289797 0.02212105691432953 0.003957741893827915 0.9876051545143127 0.8684374094009399
90.37966393607647 0.043962277472019196 0.00782692153006792 0.9876051545143127 0.8684374094009399
90.61403893607647 0.07067181915044785 0.01251349039375782 0.9876051545143127 0.8684374094009399
90.84841393607648 0.09698501229286194 0.017076268792152405 0.9876051545143127 0.8684374094009399
91.08278893607648 0.12287269532680511 0.021507270634174347 0.9876051545143127 0.8684374094009399
91.31716393607648 0.14832577109336853 0.025804881006479263 0.9876051545143127 0.8684374094009399
91.7859139360765 0.1978924572467804 0.0339941643178463 0.9876051545143127 0.8684374094009399
92.0202889360765 0.22198820114135742 0.037883173674345016 0.9876051545143127 0.8684374094009399
92.48903893607651 0.26875975728034973 0.04524413123726845 0.9876051545143127 0.8684374094009399
92.72341393607651 0.2914179265499115 0.04871419072151184 0.9876051545143127 0.8684374094009399
93.19216393607651 0.3352360427379608 0.0552300289273262 0.9876051545143127 0.8684374094009399
93.42653893607653 0.35637956857681274 0.05827505886554718 0.9876051545143127 0.8684374094009399
93.89528893607653 0.3970969021320343 0.06393925845623016 0.9876051545143127 0.8684374094009399
94.59841393607654 0.45414799451828003 0.0713791623711586 0.9876051545143127 0.8684374094009399
95.30153893607655 0.5062446594238281 0.07758234441280365 0.9876051545143127 0.8684374094009399
96.00466393607657 0.5533130168914795 0.08261074870824814 0.9876051545143127 0.8684374094009399
96.70778893607658 0.5953688621520996 0.0865570530295372 0.9876051545143127 0.8684374094009399
96.94216393607658 0.6082910299301147 0.08765221387147903 0.9876051545143127 0.8684374094009399
97.17653893607658 0.6206756234169006 0.08864547312259674 0.9876051545143127 0.8684374094009399
97.4109139360766 0.6325308680534363 0.08954215049743652 0.9876051545143127 0.8684374094009399
97.8796639360766 0.6546929478645325 0.0910678505897522 0.9876051545143127 0.8684374094009399
98.34841393607661 0.6748677492141724 0.09227455407381058 0.9876051545143127 0.8684374094009399
98.58278893607661 0.6842427253723145 0.09277260303497314 0.9876051545143127 0.8684374094009399
98.81716393607661 0.6931618452072144 0.09320800006389618 0.9876051545143127 0.8684374094009399
99.05153893607661 0.7016404867172241 0.093586266040802 0.9876051545143127 0.8684374094009399
99.28591393607662 0.709694504737854 0.093912772834301 0.9876051545143127 0.8684374094009399
99.52028893607662 0.7173399925231934 0.09419266879558563 0.9876051545143127 0.8684374094009399
99.75466393607662 0.7245935201644897 0.09443087875843048 0.9876051545143127 0.8684374094009399
100.22341393607664 0.7379909753799438 0.09480118751525879 0.9876051545143127 0.8684374094009399
101.62966393607667 0.7704952955245972 0.09533444792032242 0.9876051545143127 0.8684374094009399
103.03591393607668 0.7939773797988892 0.09544738382101059 0.9876051545143127 0.8684374094009399
103.2702889360767 0.7972139716148376 0.09545176476240158 0.9876051545143127 0.8684374094009399
103.5046639360767 0.8002864122390747 0.0954543948173523 0.9876051545143127 0.8684374094009399
103.7390389360767 0.803204357624054 0.0954558402299881 0.9876051545143127 0.8684374094009399
103.9734139360767 0.8059771060943604 0.09545652568340302 0.9876051545143127 0.8684374094009399
104.44216393607671 0.8111207485198975 0.09545682370662689 0.9876051545143127 0.8684374094009399
105.14528893607672 0.8179465532302856 0.09545677900314331 0.9876051545143127 0.8684374094009399
105.61403893607672 0.8219825029373169 0.09545677900314331 0.9876051545143127 0.8684374094009399
105.84841393607674 0.8238638043403625 0.09545677900314331 0.9876051545143127 0.8684374094009399
106.31716393607674 0.8273789882659912 0.09545677900314331 0.9876051545143127 0.8684374094009399
106.55153893607674 0.8290221691131592 0.09545677900314331 0.9876051545143127 0.8684374094009399
106.78591393607675 0.8305948972702026 0.09545677900314331 0.9876051545143127 0.8684374094009399
107.02028893607675 0.8321011066436768 0.09545677900314331 0.9876051545143127 0.8684374094009399
107.25466393607675 0.8335444927215576 0.09545677900314331 0.9876051545143127 0.8684374094009399
107.48903893607677 0.8349285125732422 0.09545677900314331 0.9876051545143127 0.8684374094009399
107.95778893607677 0.8375312089920044 0.09545677900314331 0.9876051545143127 0.8684374094009399
108.19216393607677 0.8387558460235596 0.09545677900314331 0.9876051545143127 0.8684374094009399
108.42653893607678 0.8399328589439392 0.09545677900314331 0.9876051545143127 0.8684374094009399
108.89528893607678 0.8421542048454285 0.09545677900314331 0.9876051545143127 0.8684374094009399
109.1296639360768 0.8432030081748962 0.09545677900314331 0.9876051545143127 0.8684374094009399
109.3640389360768 0.8442133665084839 0.09545677900314331 0.9876051545143127 0.8684374094009399
109.5984139360768 0.845187246799469 0.09545677900314331 0.9876051545143127 0.8684374094009399
109.8327889360768 0.8461264371871948 0.09545677900314331 0.9876051545143127 0.8684374094009399
110.06716393607681 0.8470326662063599 0.09545677900314331 0.9876051545143127 0.8684374094009399
110.30153893607681 0.8479074835777283 0.09545677900314331 0.9876051545143127 0.8684374094009399
110.53591393607681 0.848752498626709 0.09545677900314331 0.9876051545143127 0.8684374094009399
111.23903893607682 0.8511222004890442 0.09545677900314331 0.9876051545143127 0.8684374094009399
111.47341393607682 0.8518612384796143 0.09545677900314331 0.9876051545143127 0.8684374094009399
111.70778893607684 0.852576732635498 0.09545677900314331 0.9876051545143127 0.8684374094009399
111.94216393607684 0.8532698154449463 0.09545677900314331 0.9876051545143127 0.8684374094009399
112.64528893607685 0.855224072933197 0.09545677900314331 0.9876051545143127 0.8684374094009399
112.87966393607685 0.855836808681488 0.09545677900314331 0.9876051545143127 0.8684374094009399
113.11403893607685 0.8564316034317017 0.09545677900314331 0.9876051545143127 0.8684374094009399
113.34841393607687 0.8570091128349304 0.09545677900314331 0.9876051545143127 0.8684374094009399
114.52028893607688 0.8596625328063965 0.09545677900314331 0.9876051545143127 0.8684374094009399
114.75466393607688 0.8601506352424622 0.09545677900314331 0.9876051545143127 0.8684374094009399
114.9890389360769 0.8606258630752563 0.09545677900314331 0.9876051545143127 0.8684374094009399
115.2234139360769 0.8610886335372925 0.09545677900314331 0.9876051545143127 0.8684374094009399
116.39528893607691 0.8632321953773499 0.09545677900314331 0.9876051545143127 0.8684374094009399
116.62966393607692 0.8636296987533569 0.09545677900314331 0.9876051545143127 0.8684374094009399
117.09841393607692 0.8643964529037476 0.09545677900314331 0.9876051545143127 0.8684374094009399
118.03591393607694 0.8658256530761719 0.09545677900314331 0.9876051545143127 0.8684374094009399
118.27028893607695 0.8661630153656006 0.09545677900314331 0.9876051545143127 0.8684374094009399
118.50466393607695 0.8664928674697876 0.09545677900314331 0.9876051545143127 0.8684374094009399
118.73903893607695 0.866815447807312 0.09545677900314331 0.9876051545143127 0.8684374094009399
119.20778893607697 0.8674399852752686 0.09545677900314331 0.9876051545143127 0.8684374094009399
119.67653893607697 0.8680382966995239 0.09545677900314331 0.9876051545143127 0.8684374094009399
119.99999999999999 0.868438184261322 0.09545677900314331 0.9876051545143127 0.8684374094009399
120.0001 0.8684378266334534 0.09545677900314331 0.9876051545143127 0.8684374094009399
120.0003 0.8684374690055847 0.09545677900314331 0.9876051545143127 0.8684374094009399
120.0007 0.8684373497962952 0.09545677900314331 0.9876051545143127 0.8684374094009399
120.001 0.8684373497962952 0.09545677900314331 0.9876051545143127 0.8684374094009399
150.0 0.8684373497962952 0.09545677900314331 0.9876051545143127 0.8684374094009399
150.0001 0.8684373497962952 0.09545677900314331 0.9876051545143127 0.8684374094009399
150.0003 0.8684373497962952 0.09545677900314331 0.9876051545143127 0.8684378862380981
150.0007 0.8684373497962952 0.09545677900314331 0.9876051545143127 0.8684400916099548
150.001 0.8684373497962952 0.09545677900314331 0.9876051545143127 0.8684421181678772
179.99999999999997 0.8684373497962952 0.09545677900314331 0.9876051545143127 0.8684421181678772
180.0001 0.8684373497962952 0.09545677900314331 0.9876051545143127 0.8684421181678772
180.0003 0.8684373497962952 0.09545677900314331 0.9876051545143127 0.8684421181678772
180.0007 0.8684373497962952 0.09545677900314331 0.9876050353050232 0.8684421181678772
180.001 0.8684373497962952 0.09545677900314331 0.9876048564910889 0.8684421181678772
180.0828800000013 0.8684373497962952 0.09545677900314331 0.9872545003890991 0.8684421181678772
180.1647600000026 0.8684373497962952 0.09545677900314331 0.986884355545044 0.8684421181678772
180.56297500000517 0.8684373497962952 0.09545677900314331 0.9848232269287109 0.8684421181678772
180.79735000000514 0.8684373497962952 0.09545677900314331 0.9833863973617554 0.8684421181678772
181.26610000000514 0.8684373497962952 0.09545677900314331 0.9798062443733215 0.8684421181678772
181.7348500000051 0.8684373497962952 0.09545677900314331 0.9749144911766052 0.8684421181678772
181.9692250000051 0.8684373497962952 0.09545677900314331 0.9717882871627808 0.8684421181678772
182.43797500000508 0.8684373497962952 0.09545677900314331 0.9636633396148682 0.8684421181678772
182.90672500000505 0.8684373497962952 0.09545677900314331 0.952161431312561 0.8684421181678772
183.60985000000503 0.8684373497962952 0.09545677900314331 0.9259960055351257 0.8684421181678772
183.84422500000503 0.8684373497962952 0.09545677900314331 0.9143823981285095 0.8684421181678772
184.078600000005 0.8684373497962952 0.09545677900314331 0.901192843914032 0.8684421181678772
184.312975000005 0.8684373497962952 0.09545677900314331 0.8864094018936157 0.8684421181678772
184.547350000005 0.8684373497962952 0.09545677900314331 0.8700542449951172 0.8684421181678772
184.78172500000497 0.8684373497962952 0.09545677900314331 0.8521825075149536 0.8684421181678772
185.01610000000497 0.8684373497962952 0.09545677900314331 0.832874059677124 0.8684421181678772
185.25047500000497 0.8684373497962952 0.09545677900314331 0.812224268913269 0.8684421181678772
185.48485000000494 0.8684373497962952 0.09545677900314331 0.7903363108634949 0.8684421181678772
185.71922500000494 0.8684373497962952 0.09545677900314331 0.7673147320747375 0.8684421181678772
185.95360000000494 0.8684373497962952 0.09545677900314331 0.7432612776756287 0.8684421181678772
186.1879750000049 0.8684373497962952 0.09545677900314331 0.718271791934967 0.8684421181678772
186.4223500000049 0.8684373497962952 0.09545677900314331 0.6924349069595337 0.8684421181678772
186.6567250000049 0.8684373497962952 0.09545677900314331 0.6658313870429993 0.8684421181678772
186.89110000000488 0.8684373497962952 0.09545677900314331 0.6385340690612793 0.8684421181678772
187.12547500000488 0.8684373497962952 0.09545677900314331 0.6106083393096924 0.8684421181678772
187.35985000000488 0.8684373497962952 0.09545677900314331 0.5821123719215393 0.8684421181678772
187.59422500000485 0.8684373497962952 0.09545677900314331 0.5530982613563538 0.8684421181678772
187.82860000000485 0.8684373497962952 0.09545677900314331 0.5236121416091919 0.8684421181678772
188.06297500000485 0.8684373497962952 0.09545677900314331 0.4936951994895935 0.8684421181678772
188.29735000000483 0.8684373497962952 0.09545677900314331 0.46338406205177307 0.8684421181678772
188.53172500000483 0.8684373497962952 0.09545677900314331 0.43271151185035706 0.8684421181678772
188.76610000000483 0.8684373497962952 0.09545677900314331 0.4017068147659302 0.8684421181678772
189.0004750000048 0.8684373497962952 0.09545677900314331 0.3703964352607727 0.8684421181678772
189.4692250000048 0.8684373497962952 0.09545677900314331 0.3069538474082947 0.8684421181678772
189.70360000000477 0.8684373497962952 0.09545677900314331 0.2748678922653198 0.8684421181678772
189.93797500000477 0.8684373497962952 0.09545677900314331 0.242575004696846 0.8684421181678772
190.40672500000474 0.8684373497962952 0.09545677900314331 0.17758239805698395 0.8684421181678772
190.64110000000474 0.8684373497962952 0.09545677900314331 0.1451488435268402 0.8684421181678772
190.87547500000474 0.8684373497962952 0.09545677900314331 0.1132199764251709 0.8684421181678772
191.1098500000047 0.8684373497962952 0.09545677900314331 0.08260076493024826 0.8684421181678772
191.3442250000047 0.8684373497962952 0.09545677900314331 0.05459451675415039 0.8684421181678772
191.5786000000047 0.8684373497962952 0.09545677900314331 0.03069300577044487 0.8684421181678772
191.81297500000468 0.8684373497962952 0.09545677900314331 0.011399551294744015 0.8684421181678772
191.96171915126027 0.8684373497962952 0.09545677900314331 0.0019491476705297828 0.8684421181678772
192.00789867252075 0.8684373497962952 0.09545677900314331 8.184250327758491e-05 0.8684421181678772
192.0140208303267 0.8684373497962952 0.09545677900314331 -3.3386157838322106e-08 0.8684421181678772
198.90253157408492 0.8684373497962952 0.09545677900314331 -3.3386157838322106e-08 0.8684421181678772
209.99999999999997 0.8684373497962952 0.09545677900314331 -3.33918563910629e-08 0.8684421181678772
210.00009999999997 0.8684373497962952 0.09545677900314331 -3.336679554877264e-08 0.8684421181678772
210.0003 0.8684373497962952 0.09545677900314331 -3.3343891203685416e-08 0.8684421181678772
210.00070000000002 0.8684373497962952 0.09545677900314331 -3.333049036768898e-08 0.8684421181678772
210.00091739051095 0.8684373497962952 0.09545677900314331 -3.332425180246901e-08 0.8684421181678772
210.00100000000003 0.8684373497962952 0.09545677900314331 -3.3322802295288056e-08 0.8684421181678772
210.53078673944526 0.8684373497962952 0.09545677900314331 0.0018812714843079448 0.8684421181678772
211.06057347889052 0.8684373497962952 0.09545677900314331 0.0037592793814837933 0.8684421181678772
211.29494847889052 0.8684373497962952 0.09545677900314331 0.004589016083627939 0.8684421181678772
214.92776097889038 0.8684373497962952 0.09545677900314331 0.017364030703902245 0.8684421181678772
218.5605734788902 0.8684373497962952 0.09545677900314331 0.029977232217788696 0.8684421181678772
218.7949484788902 0.8684373497962952 0.09545677900314331 0.030785417184233665 0.8684421181678772
219.0293234788902 0.8684373497962952 0.09545677900314331 0.03159292787313461 0.8684421181678772
219.26369847889018 0.8684373497962952 0.09545677900314331 0.03239975869655609 0.8684421181678772
229.45901097888978 0.8684373497962952 0.09545677900314331 0.06684055924415588 0.8684421181678772
239.65432347888935 0.8684373497962952 0.09545677900314331 0.09999212622642517 0.8684421181678772
239.88869847888935 0.8684373497962952 0.09545677900314331 0.10073910653591156 0.8684421181678772
239.99999999999997 0.8684373497962952 0.09545677900314331 0.10109363496303558 0.8684421181678772
