time a b c w1 w2
0.0 0.0 0.0 0.0 0.0 0.0
1.757812428601624e-06 1.757988202426422e-23 1.757988202426422e-23 1.0832566022872925 1.757988202426422e-23 1.757988202426422e-23
1.7648476783160305e-06 1.7650242106122693e-23 1.7650242106122693e-23 1.0055341720581055 1.7650242106122693e-23 1.7650242106122693e-23
1.7789181777448437e-06 1.7790960692117828e-23 1.7790960692117828e-23 0.9905999898910522 1.7790960692117828e-23 1.7790960692117828e-23
1.8070591766024704e-06 1.8072399441829907e-23 1.8072399441829907e-23 0.984626293182373 1.8072399441829907e-23 1.8072399441829907e-23
0.00013281055255599797 1.3282383013875093e-21 1.3282383013875093e-21 0.984626293182373 1.3282383013875093e-21 1.3282383013875093e-21
0.00026381985277929004 2.6384624023353322e-21 2.6384624023353322e-21 0.984626293182373 2.6384624023353322e-21 2.6384624023353322e-21
0.0005258384532258742 5.258910200334195e-21 5.258910200334195e-21 0.984626293182373 -5.938701974628202e-09 -5.938701974628202e-09
0.001 1.0000999731091105e-20 1.0000999731091105e-20 0.984626293182373 -3.337132881142679e-08 -3.337132881142679e-08
29.999999999999996 3.000300019364487e-16 3.000300019364487e-16 0.984626293182373 -3.3371467367260266e-08 -3.3371467367260266e-08
30.000099999999996 3.0003100778807355e-16 3.0003100778807355e-16 0.984626293182373 -3.335610898602681e-08 -3.335610898602681e-08
30.0003 3.0003299302154367e-16 3.0003299302154367e-16 0.984626293182373 -3.334094245133201e-08 -3.334094600404569e-08
30.0007 3.0003698995826353e-16 3.0003698995826353e-16 0.984626293182373 -3.333292397655896e-08 -3.333294174012735e-08
30.000822963578294 3.000382340379048e-16 3.000382340379048e-16 0.984626293182373 -3.333187947873739e-08 -3.3331900795019465e-08
30.00089395681394 4.886622217981085e-10 3.0003894872195405e-16 0.984626293182373 -2.8740553048578477e-08 -3.3331577498074694e-08
30.00092965934148 2.909294360975423e-09 3.000392928290889e-16 0.984626293182373 -1.90014781686898e-09 -3.3331577498074694e-08
30.000951059713543 1.1617864004165313e-08 3.000395045873257e-16 0.984626293182373 1.0994510546424863e-07 -3.3331577498074694e-08
30.000980837860673 4.4291560641340766e-08 3.000398222246809e-16 0.984626293182373 5.533128728529846e-07 -3.3331577498074694e-08
30.001 8.04867710257895e-08 3.000400075131381e-16 0.984626293182373 1.0581867400105693e-06 -3.3331577498074694e-08
30.353944560395536 0.001116276253014803 3.035698055625836e-16 0.984626293182373 0.016492672264575958 -3.3331577498074694e-08
30.70688912079107 0.0021690367721021175 3.070996036120291e-16 0.984626293182373 0.03259929642081261 -3.3331577498074694e-08
31.05845162079107 0.0031911858823150396 3.106155844365225e-16 0.984626293182373 0.04847921431064606 -3.3331577498074694e-08
31.585795370791068 0.004644803702831268 3.15889529203483e-16 0.984626293182373 0.07179585099220276 -3.3331577498074694e-08
31.937357870791068 0.00554627226665616 3.194055100279764e-16 0.984626293182373 0.08690435439348221 -3.3331577498074694e-08
32.28892037079107 0.0063955336809158325 3.2292149085246977e-16 0.984626293182373 0.10166680067777634 -3.3331577498074694e-08
32.81626412079107 0.00757534708827734 3.2819546208920987e-16 0.984626293182373 0.12316857278347015 -3.3331577498074694e-08
33.34360787079107 0.008661212399601936 3.3346943332594997e-16 0.984626293182373 0.14400935173034668 -3.3331577498074694e-08
33.69517037079107 0.009338160045444965 3.3698538768066376e-16 0.984626293182373 0.15756168961524963 -3.3331577498074694e-08
34.04673287079106 0.00997073296457529 3.4050136850515716e-16 0.984626293182373 0.17078223824501038 -3.3331577498074694e-08
34.57407662079106 0.010840049013495445 3.4577533974189726e-16 0.984626293182373 0.18999752402305603 -3.3331577498074694e-08
35.10142037079106 0.01162124052643776 3.5104931097863735e-16 0.984626293182373 0.2085033357143402 -3.3331577498074694e-08
35.27720162079106 0.011869675479829311 3.5280730139088405e-16 0.984626293182373 0.21457326412200928 -3.3331577498074694e-08
36.06821724579106 0.012917215004563332 3.607182450111044e-16 0.984626293182373 0.2412823587656021 -3.3331577498074694e-08
36.85923287079106 0.013840232975780964 3.6862918863132474e-16 0.984626293182373 0.2668812870979309 -3.3331577498074694e-08
37.210795370791054 0.014200415462255478 3.7214516945581813e-16 0.984626293182373 0.27778732776641846 -3.3331577498074694e-08
37.738139120791054 0.014683746732771397 3.7741914069255823e-16 0.984626293182373 0.29357826709747314 -3.3331577498074694e-08
38.529154745791054 0.01530261430889368 3.8533005784299897e-16 0.984626293182373 0.31614023447036743 -3.3331577498074694e-08
39.320170370791054 0.01581140048801899 3.932410279329989e-16 0.984626293182373 0.3374324440956116 -3.3331577498074694e-08
39.847514120791054 0.01608925871551037 3.98514999169739e-16 0.984626293182373 0.3508554697036743 -3.3331573945361015e-08
40.199076620791054 0.016255229711532593 4.020309535244528e-16 0.984626293182373 0.3595445156097412 -3.3331573945361015e-08
40.99009224579105 0.016588183119893074 4.0994192361445275e-16 0.984626293182373 0.37850427627563477 -3.3331573945361015e-08
41.78110787079105 0.016842203214764595 4.178528672346731e-16 0.984626293182373 0.39621442556381226 -3.3331573945361015e-08
42.13267037079105 0.016936494037508965 4.213688480591665e-16 0.984626293182373 0.4037611484527588 -3.3331573945361015e-08
42.57212349579105 0.017046399414539337 4.2576378438511384e-16 0.984626293182373 0.4130423367023468 -3.3331573945361015e-08
43.01157662079105 0.01714012399315834 4.301587736506204e-16 0.984626293182373 0.42199838161468506 -3.3331573945361015e-08
43.53892037079104 0.01724163442850113 4.354327448873605e-16 0.984626293182373 0.4325133264064789 -3.3331573945361015e-08
44.76938912079104 0.017408188432455063 4.477386513033078e-16 0.984626293182373 0.4553148150444031 -3.3331573945361015e-08
45.29673287079104 0.01745765656232834 4.530126490098275e-16 0.984626293182373 0.4644646644592285 -3.3331573945361015e-08
45.99985787079104 0.017510121688246727 4.600445577192551e-16 0.984626293182373 0.4761872887611389 -3.3331573945361015e-08
46.70298287079104 0.01754450611770153 4.670765193682419e-16 0.984626293182373 0.48716408014297485 -3.3331573945361015e-08
47.23032662079103 0.017561860382556915 4.7235051707476155e-16 0.984626293182373 0.49496224522590637 -3.3331573945361015e-08
47.40610787079103 0.0175667405128479 4.741084810172286e-16 0.984626293182373 0.49750620126724243 -3.3331573945361015e-08
47.58188912079103 0.0175710991024971 4.758664978992549e-16 0.984626293182373 0.5000143051147461 -3.3331573945361015e-08
47.75767037079103 0.017574898898601532 4.77624461841722e-16 0.984626293182373 0.5024822950363159 -3.3331573945361015e-08
48.10923287079103 0.017581045627593994 4.811404426662154e-16 0.984626293182373 0.50730299949646 -3.3331573945361015e-08
48.90024849579103 0.01758928783237934 4.890514127562154e-16 0.984626293182373 0.5175836086273193 -3.3331573945361015e-08
49.69126412079103 0.017593208700418472 4.969623299066561e-16 0.984626293182373 0.5272780656814575 -3.3331573945361015e-08
50.218607870791026 0.017594821751117706 5.022362746736166e-16 0.984626293182373 0.5335195660591125 -3.3331573945361015e-08
50.745951620791026 0.01759561523795128 5.075102723801363e-16 0.984626293182373 0.5395203828811646 -3.3331573945361015e-08
51.624857870791026 0.017596043646335602 5.163001979715902e-16 0.984626293182373 0.5489987730979919 -3.3331573945361015e-08
52.503764120791026 0.0175960473716259 5.250901235630441e-16 0.984626293182373 0.5577460527420044 -3.3331573945361015e-08
52.855326620791026 0.0175960473716259 5.286061043875375e-16 0.984626293182373 0.5610638856887817 -3.3331573945361015e-08
53.206889120791026 0.0175960473716259 5.321220852120309e-16 0.984626293182373 0.5643675923347473 -3.3331573945361015e-08
54.17368599579102 0.0175960473716259 5.417910192444979e-16 0.984626293182373 0.5730591416358948 -3.3331573945361015e-08
55.14048287079102 0.0175960473716259 5.51459953276965e-16 0.984626293182373 0.5810339450836182 -3.3331573945361015e-08
55.66782662079102 0.0175960473716259 5.567339509834847e-16 0.984626293182373 0.5851156115531921 -3.3331573945361015e-08
56.19517037079102 0.0175960473716259 5.620078957504452e-16 0.984626293182373 0.5891585946083069 -3.3331573945361015e-08
56.54673287079101 0.0175960473716259 5.655238765749386e-16 0.984626293182373 0.591780960559845 -3.3331573945361015e-08
57.07407662079101 0.0175960473716259 5.707978213418991e-16 0.984626293182373 0.5955754518508911 -3.3331573945361015e-08
57.60142037079101 0.0175960473716259 5.760718190484188e-16 0.984626293182373 0.5993388891220093 -3.3331573945361015e-08
59.710795370791004 0.0175960473716259 5.971676510558199e-16 0.984626293182373 0.6129553318023682 -3.3331573945361015e-08
59.99999999999999 0.0175960473716259 6.000600038728974e-16 0.984626293182373 0.6146504282951355 -3.3331573945361015e-08
60.000099999999996 0.0175960473716259 6.000610097245222e-16 0.984626293182373 0.6146509647369385 -3.3331573945361015e-08
60.000299999999996 0.0175960473716259 6.00063021427772e-16 0.984626293182373 0.6146517395973206 -3.3331573945361015e-08
60.000699999999995 0.0175960473716259 6.000669918947122e-16 0.984626293182373 0.6146525740623474 -3.3331573945361015e-08
60.0008405516003 0.0175960473716259 6.000684212628107e-16 0.9846262335777283 0.6146526336669922 -3.3331573945361015e-08
60.001000000000005 0.0175960473716259 6.000700094495868e-16 0.984626054763794 0.6146526336669922 -3.3331573945361015e-08
60.022421465729956 0.0175960473716259 0.00018214261217508465 0.9845827221870422 0.6146526336669922 -3.3331573945361015e-08
60.043842931459906 0.0175960473716259 0.0003642216033767909 0.9845392107963562 0.6146526336669922 -3.3331573945361015e-08
60.17238741730517 0.0175960473716259 0.0014554925728589296 0.9842723608016968 0.6146526336669922 -3.3331573945361015e-08
60.68655053807701 0.0175960473716259 0.00580337131395936 0.9831380248069763 0.6146526336669922 -3.3331573945361015e-08
61.20071365884885 0.0175960473716259 0.01012259442359209 0.9818773865699768 0.6146526336669922 -3.3331573945361015e-08
61.804961705723855 0.0175960473716259 0.01516084372997284 0.9802102446556091 0.6146526336669922 -3.3331573945361015e-08
62.409209752598855 0.0175960473716259 0.020159699022769928 0.9783120155334473 0.6146526336669922 -3.3331573945361015e-08
62.43667557291134 0.0175960473716259 0.02038603462278843 0.9782196283340454 0.6146526336669922 -3.3331573945361015e-08
62.46963455728634 0.0175960473716259 0.02065739780664444 0.9781069755554199 0.6146526336669922 -3.3331573945361015e-08
62.54653885416135 0.0175960473716259 0.021290171891450882 0.9778426885604858 0.6146526336669922 -3.3331573945361015e-08
62.854156041661355 0.0175960473716259 0.023814011365175247 0.9767239093780518 0.6146526336669922 -3.3331573945361015e-08
63.381499791661355 0.0175960473716259 0.028117986395955086 0.974605917930603 0.6146526336669922 -3.3331573945361015e-08
63.908843541661355 0.0175960473716259 0.032391712069511414 0.9721775054931641 0.6146526336669922 -3.3331573945361015e-08
64.10659744791134 0.0175960473716259 0.0339873768389225 0.9711905121803284 0.6146526336669922 -3.3331573945361015e-08
64.15054276041135 0.0175960473716259 0.034341130405664444 0.9709577560424805 0.6146526336669922 -3.3331573945361015e-08
64.23843338541135 0.0175960473716259 0.03504787012934685 0.9704819917678833 0.6146526336669922 -3.3331573945361015e-08
64.41421463541135 0.0175960473716259 0.036459051072597504 0.9694991707801819 0.6146526336669922 -3.3331573945361015e-08
65.13931229166137 0.0175960473716259 0.04224700480699539 0.9649046063423157 0.6146526336669922 -3.3331573945361015e-08
65.86440994791135 0.0175960473716259 0.04797833040356636 0.9591315984725952 0.6146526336669922 -3.3331573945361015e-08
66.01821854166135 0.0175960473716259 0.04918672889471054 0.9577237963676453 0.6146526336669922 -3.3331573945361015e-08
66.58950760416137 0.0175960473716259 0.05365221947431564 0.9517460465431213 0.6146526336669922 -3.3331573945361015e-08
67.16079666666137 0.0175960473716259 0.05808376148343086 0.9444717764854431 0.6146526336669922 -3.3331573945361015e-08
67.51235916666137 0.0175960473716259 0.06079357862472534 0.9391925930976868 0.6146526336669922 -3.3331573945361015e-08
67.95043900064574 0.0175960473716259 0.06415242701768875 0.9316282272338867 0.6146526336669922 -3.3331573945361015e-08
68.38851883463012 0.0175960473716259 0.06749080866575241 0.9227129817008972 0.6146526336669922 -3.3331573945361015e-08
69.34432938150512 0.0175960473716259 0.0747029110789299 0.8973850607872009 0.6146526336669922 -3.3331573945361015e-08
70.30013992838012 0.0175960473716259 0.08182041347026825 0.861987829208374 0.6146526336669922 -3.3331573945361015e-08
70.82748367838012 0.0175960473716259 0.08570665121078491 0.8373775482177734 0.6146526336669922 -3.3331573945361015e-08
71.35482742838012 0.0175960473716259 0.08956417441368103 0.8087612390518188 0.6146526336669922 -3.3331573945361015e-08
71.70638992838012 0.0175960473716259 0.0921199768781662 0.7874362468719482 0.6146526336669922 -3.3331573945361015e-08
72.23373367838012 0.0175960473716259 0.09592998027801514 0.7521359324455261 0.6146526336669922 -3.3331573945361015e-08
72.56332352213012 0.0175960473716259 0.09829722344875336 0.7281145453453064 0.6146526336669922 -3.3331573945361015e-08
72.73910477213012 0.0175960473716259 0.09955465793609619 0.7146364450454712 0.6146526336669922 -3.3331573945361015e-08
72.91488602213012 0.0175960473716259 0.10080935060977936 0.7007962465286255 0.6146526336669922 -3.3331573945361015e-08
73.09066727213012 0.0175960473716259 0.10206092894077301 0.6865373253822327 0.6146526336669922 -3.3331573945361015e-08
73.44222977213012 0.0175960473716259 0.10455472767353058 0.6568061113357544 0.6146526336669922 -3.3331573945361015e-08
73.96957352213012 0.0175960473716259 0.10827216506004333 0.609492838382721 0.6146526336669922 -3.3331573945361015e-08
74.32113602213012 0.0175960473716259 0.11073500663042068 0.5762611627578735 0.6146526336669922 -3.3331573945361015e-08
74.84847977213012 0.0175960473716259 0.11440620571374893 0.5240648984909058 0.6146526336669922 -3.3331573945361015e-08
75.20004227213012 0.0175960473716259 0.11683836579322815 0.4877883791923523 0.6146526336669922 -3.3331573945361015e-08
75.72738602213012 0.0175960473716259 0.12046375125646591 0.43148520588874817 0.6146526336669922 -3.3331573945361015e-08
76.5184016471301 0.0175960473716259 0.12585072219371796 0.343168169260025 0.6146526336669922 -3.3331573945361015e-08
77.30941727213012 0.0175960473716259 0.13117678463459015 0.2508169710636139 0.6146526336669922 -3.3331573945361015e-08
77.9246516471301 0.0175960473716259 0.13527749478816986 0.17671950161457062 0.6146526336669922 -3.3331573945361015e-08
78.5398860221301 0.0175960473716259 0.13934189081192017 0.10228380560874939 0.6146526336669922 -3.3331573945361015e-08
78.7156672721301 0.0175960473716259 0.14049652218818665 0.08179175853729248 0.6146526336669922 -3.3331573945361015e-08
78.8914485221301 0.0175960473716259 0.14164820313453674 0.06231680512428284 0.6146526336669922 -3.3331573945361015e-08
79.0672297721301 0.0175960473716259 0.14279694855213165 0.04443914070725441 0.6146526336669922 -3.3331573945361015e-08
79.2430110221301 0.0175960473716259 0.14394277334213257 0.028722357004880905 0.6146526336669922 -3.3331573945361015e-08
79.4187922721301 0.0175960473716259 0.1450856626033783 0.015516964718699455 0.6146526336669922 -3.3331573945361015e-08
79.5945735221301 0.0175960473716259 0.14622606337070465 0.004523439798504114 0.6146526336669922 -3.3331573945361015e-08
79.66931181632265 0.0175960473716259 0.14671014249324799 0.0007588067092001438 0.6146526336669922 -3.3331573945361015e-08
79.69298545931413 0.0175960473716259 0.14686332643032074 3.7933787098154426e-05 0.6146526336669922 -3.3331573945361015e-08
79.69731557499412 0.0175960473716259 0.14689134061336517 -3.338052323442753e-08 0.6146526336669922 -3.3331573945361015e-08
81.32870604246922 0.0175960473716259 0.15731681883335114 -3.338052323442753e-08 0.6146526336669922 -3.3331573945361015e-08
81.50448729246922 0.0175960473716259 0.1584254801273346 -3.338052323442753e-08 0.6146526336669922 -3.3331573945361015e-08
81.68026854246922 0.0175960473716259 0.15953128039836884 -3.338052323442753e-08 0.6146526336669922 -3.3331573945361015e-08
81.85604979246922 0.0175960473716259 0.16063424944877625 -3.338052323442753e-08 0.6146526336669922 -3.3331573945361015e-08
86.07479979246921 0.0175960473716259 0.18626558780670166 -3.338052323442753e-08 0.6146526336669922 -3.3331573945361015e-08
86.60214354246921 0.0175960473716259 0.18935821950435638 -3.338052323442753e-08 0.6146526336669922 -3.3331573945361015e-08
89.99999999999999 0.0175960473716259 0.20871104300022125 -3.337412834980569e-08 0.6146526336669922 -3.3331573945361015e-08
90.0001 0.0175960473716259 0.20871174335479736 -3.3366731599926425e-08 0.6146526336669922 -3.3331573945361015e-08
90.0003 0.0175960473716259 0.2087133675813675 -3.335116360858592e-08 0.6146526336669922 -3.3331573945361015e-08
90.00048380204865 0.0175960473716259 0.2087148278951645 -2.462190629159977e-08 0.6146526336669922 -3.3331573945361015e-08
90.00085140614597 0.0175960473716259 0.20871689915657043 1.8986275662769003e-08 0.6146526336669922 1.7012403930039e-07
90.00094453081255 0.0175960473716259 0.20871716737747192 2.976799962084442e-08 0.6146526336669922 7.151024874474388e-07
90.001 0.0175960473716259 0.2087172567844391 3.224222666631249e-08 0.6146526336669922 1.541369442747964e-06
90.46572898648851 0.0175960473716259 0.20948350429534912 3.224222666631249e-08 0.6146526336669922 0.016936464235186577
90.93045797297704 0.0175960473716259 0.21019406616687775 3.224222666631249e-08 0.6146526336669922 0.033426519483327866
91.28202047297702 0.0175960473716259 0.21070218086242676 3.224222666631249e-08 0.6146526336669922 0.045659031718969345
91.63358297297702 0.0175960473716259 0.2112036496400833 3.224222666631249e-08 0.6146526336669922 0.0578371100127697
91.98514547297702 0.0175960473716259 0.21168938279151917 3.224222666631249e-08 0.6146526336669922 0.06988110393285751
92.33670797297702 0.0175960473716259 0.2121490240097046 3.224222666631249e-08 0.6146526336669922 0.08170017600059509
93.21561422297702 0.0175960473716259 0.21318891644477844 3.224222666631249e-08 0.6146526336669922 0.1102728396654129
93.39139547297702 0.0175960473716259 0.21337905526161194 3.224222666631249e-08 0.6146526336669922 0.11582233011722565
93.56717672297702 0.0175960473716259 0.21356350183486938 3.224222666631249e-08 0.6146526336669922 0.12131745368242264
93.74295797297702 0.0175960473716259 0.21374234557151794 3.224222666631249e-08 0.6146526336669922 0.12675847113132477
94.09452047297702 0.0175960473716259 0.2140844166278839 3.224222666631249e-08 0.6146526336669922 0.13748663663864136
94.44608297297702 0.0175960473716259 0.21441291272640228 3.224222666631249e-08 0.6146526336669922 0.14807888865470886
95.14920797297702 0.0175960473716259 0.21501730382442474 3.224222666631249e-08 0.6146526336669922 0.16871783137321472
95.85233297297702 0.0175960473716259 0.2155447006225586 3.224222666631249e-08 0.6146526336669922 0.18852071464061737
96.90702047297702 0.0175960473716259 0.216206893324852 3.224222666631249e-08 0.6146526336669922 0.21671554446220398
97.25858297297702 0.0175960473716259 0.21640831232070923 3.224222666631249e-08 0.6146526336669922 0.22587719559669495
97.69803609797702 0.0175960473716259 0.2166464626789093 3.224222666631249e-08 0.6146526336669922 0.23715099692344666
98.13748922297701 0.0175960473716259 0.21686296164989471 3.224222666631249e-08 0.6146526336669922 0.248135045170784
98.31327047297701 0.0175960473716259 0.2169470340013504 3.224222666631249e-08 0.6146526336669922 0.25249481201171875
98.48905172297701 0.0175960473716259 0.2170308530330658 3.224222666631249e-08 0.6146526336669922 0.25685104727745056
99.01639547297701 0.0175960473716259 0.21726550161838531 3.224222666631249e-08 0.6146526336669922 0.26967811584472656
99.80741109797702 0.0175960473716259 0.21756362915039062 3.224222666631249e-08 0.6146526336669922 0.28810858726501465
100.59842672297701 0.0175960473716259 0.21780464053153992 3.224222666631249e-08 0.6146526336669922 0.3055984079837799
101.21366109797701 0.0175960473716259 0.21796303987503052 3.224222666631249e-08 0.6146526336669922 0.31867754459381104
101.82889547297701 0.0175960473716259 0.21809916198253632 3.224222666631249e-08 0.6146526336669922 0.3313155770301819
102.53202047297701 0.0175960473716259 0.2182251513004303 3.224222666631249e-08 0.6146526336669922 0.3451184034347534
103.147254847977 0.0175960473716259 0.21831300854682922 3.224222666631249e-08 0.6146526336669922 0.3566523790359497
103.76248922297701 0.0175960473716259 0.21838870644569397 3.224222666631249e-08 0.6146526336669922 0.36786624789237976
104.37772359797701 0.0175960473716259 0.21845518052577972 3.224222666631249e-08 0.6146526336669922 0.37880757451057434
104.992957972977 0.0175960473716259 0.21850711107254028 3.224222666631249e-08 0.6146526336669922 0.3892814517021179
106.047645472977 0.0175960473716259 0.21856924891471863 3.224222666631249e-08 0.6146526336669922 0.4062117636203766
106.574989222977 0.0175960473716259 0.21859444677829742 3.224222666631249e-08 0.6146526336669922 0.4144255518913269
107.102332972977 0.0175960473716259 0.2186148762702942 3.224222666631249e-08 0.6146526336669922 0.4223940074443817
107.981239222977 0.0175960473716259 0.2186409831047058 3.224222666631249e-08 0.6146526336669922 0.4352269172668457
108.860145472977 0.0175960473716259 0.21865922212600708 3.224222666631249e-08 0.6146526336669922 0.44749876856803894
109.563270472977 0.0175960473716259 0.21866746246814728 3.224222666631249e-08 0.6146526336669922 0.4567485451698303
110.266395472977 0.0175960473716259 0.21867208182811737 3.224222666631249e-08 0.6146526336669922 0.4655420780181885
110.61795797297698 0.0175960473716259 0.2186739593744278 3.224222666631249e-08 0.6146526336669922 0.4698778986930847
111.760536097977 0.0175960473716259 0.21867752075195312 3.224222666631249e-08 0.6146526336669922 0.48338404297828674
112.90311422297698 0.0175960473716259 0.21867817640304565 3.224222666631249e-08 0.6146526336669922 0.4957892894744873
113.25467672297698 0.0175960473716259 0.21867820620536804 3.224222666631249e-08 0.6146526336669922 0.49942246079444885
114.13358297297698 0.0175960473716259 0.21867822110652924 3.224222666631249e-08 0.6146526336669922 0.5082308650016785
114.30936422297698 0.0175960473716259 0.21867822110652924 3.224222666631249e-08 0.6146526336669922 0.5099263191223145
114.48514547297698 0.0175960473716259 0.21867822110652924 3.224222666631249e-08 0.6146526336669922 0.5116000175476074
114.66092672297698 0.0175960473716259 0.21867822110652924 3.224222666631249e-08 0.6146526336669922 0.513252317905426
115.45194234797697 0.0175960473716259 0.21867822110652924 3.224222666631249e-08 0.6146526336669922 0.5204298496246338
116.24295797297698 0.0175960473716259 0.21867822110652924 3.224222666631249e-08 0.6146526336669922 0.5272179245948792
116.59452047297698 0.0175960473716259 0.21867822110652924 3.224222666631249e-08 0.6146526336669922 0.5302019119262695
117.47342672297697 0.0175960473716259 0.21867822110652924 3.224222666631249e-08 0.6146526336669922 0.5374443531036377
118.35233297297697 0.0175960473716259 0.21867822110652924 3.224222666631249e-08 0.6146526336669922 0.5443275570869446
119.58280172297697 0.0175960473716259 0.21867822110652924 3.224222666631249e-08 0.6146526336669922 0.5533727407455444
119.99999999999999 0.0175960473716259 0.21867822110652924 3.224222666631249e-08 0.6146526336669922 0.5562728643417358
120.0001 0.0175960473716259 0.21867822110652924 3.224222666631249e-08 0.6146526336669922 0.5562735199928284
120.0003 0.0175960473716259 0.21867822110652924 3.224222666631249e-08 0.6146526336669922 0.5562745332717896
120.0007 0.01759512722492218 0.21867822110652924 3.224222666631249e-08 0.6146526336669922 0.5562758445739746
120.00082296499879 0.01759297214448452 0.21867822110652924 3.376085544459784e-08 0.6146526336669922 0.5562760233879089
120.00090875901296 0.01758936420083046 0.21867822110652924 5.368084998735867e-08 0.6146526336669922 0.5562760829925537
120.001 0.01758413203060627 0.21867822110652924 1.1007881539626396e-07 0.6146526336669922 0.5562760829925537
120.05804467195199 0.013723942451179028 0.21867822110652924 0.000734406232368201 0.6146526336669922 0.5562766194343567
120.11508934390397 0.010200793854892254 0.21867822110652924 0.001466352492570877 0.6146526336669922 0.5562770962715149
120.22918216964466 0.003719103056937456 0.21867822110652924 0.002926491666585207 0.6146526336669922 0.5562781095504761
120.27982618263641 0.0011452024336904287 0.21867822110652924 0.0035737333819270134 0.6146526336669922 0.5562785267829895
120.30608894622922 9.435974789084867e-05 0.21867822110652924 0.003909374587237835 0.6146526336669922 0.5562787652015686
120.3117939263379 -3.338045218015395e-08 0.21867822110652924 0.003982346039265394 0.6146526336669922 0.5562787652015686
120.50467189917138 -3.338045218015395e-08 0.21867822110652924 0.006439730059355497 0.6146526336669922 0.5562803745269775
120.69754987200487 -3.338045218015395e-08 0.21867822110652924 0.008877575397491455 0.6146526336669922 0.5562818050384521
120.87333112200487 -3.338045218015395e-08 0.21867822110652924 0.01108848862349987 0.6146526336669922 0.5562830567359924
121.40067487200487 -3.338045218015395e-08 0.21867822110652924 0.017666993662714958 0.6146526336669922 0.5562863945960999
122.0159092470049 -3.338045218015395e-08 0.21867822110652924 0.02524440735578537 0.6146526336669922 0.5562897324562073
122.63114362200491 -3.338045218015395e-08 0.21867822110652924 0.03271759673953056 0.6146526336669922 0.5562924742698669
123.15848737200496 -3.338045218015395e-08 0.21867822110652924 0.03904087096452713 0.6146526336669922 0.5562944412231445
123.685831122005 -3.338045218015395e-08 0.21867822110652924 0.04528873786330223 0.6146526336669922 0.5562960505485535
124.21317487200503 -3.338045218015395e-08 0.21867822110652924 0.05146174132823944 0.6146526336669922 0.5562974214553833
124.74051862200507 -3.338045218015395e-08 0.21867822110652924 0.05756044015288353 0.6146526336669922 0.5562984943389893
125.26786237200511 -3.338045218015395e-08 0.21867822110652924 0.06358538568019867 0.6146526336669922 0.5562993884086609
125.79520612200515 -3.338045218015395e-08 0.21867822110652924 0.06953716278076172 0.6146526336669922 0.5563000440597534
126.32254987200518 -3.338045218015395e-08 0.21867822110652924 0.0755380392074585 0.6146526336669922 0.5563008189201355
126.84989362200523 -3.338045218015395e-08 0.21867822110652924 0.08158896863460541 0.6146526336669922 0.5563017725944519
127.37723737200527 -3.338045218015395e-08 0.21867822110652924 0.0875641405582428 0.6146526336669922 0.556302547454834
127.90458112200531 -3.338045218015395e-08 0.21867822110652924 0.0934639498591423 0.6146526336669922 0.556303083896637
128.34403424700534 -3.338045218015395e-08 0.21867822110652924 0.09832333773374557 0.6146526336669922 0.5563034415245056
128.78348737200537 -3.338045218015395e-08 0.21867822110652924 0.10313118994235992 0.6146526336669922 0.5563037395477295
128.9592686220054 -3.338045218015395e-08 0.21867822110652924 0.10503998398780823 0.6146526336669922 0.5563037991523743
129.31083112200542 -3.338045218015395e-08 0.21867822110652924 0.10883311182260513 0.6146526336669922 0.5563039779663086
129.66239362200545 -3.338045218015395e-08 0.21867822110652924 0.11259378492832184 0.6146526336669922 0.5563040971755981
130.01395612200545 -3.338045218015395e-08 0.21867822110652924 0.11632219702005386 0.6146526336669922 0.5563041567802429
130.5412998720055 -3.338045218015395e-08 0.21867822110652924 0.1218547523021698 0.6146526336669922 0.5563042759895325
130.89286237200554 -3.338045218015395e-08 0.21867822110652924 0.12550336122512817 0.6146526336669922 0.5563043355941772
131.42020612200557 -3.338045218015395e-08 0.21867822110652924 0.13091714680194855 0.6146526336669922 0.5563043355941772
131.94754987200562 -3.338045218015395e-08 0.21867822110652924 0.13626055419445038 0.6146526336669922 0.5563043355941772
132.47489362200565 -3.338045218015395e-08 0.21867822110652924 0.1415342539548874 0.6146526336669922 0.5563043355941772
133.00223737200568 -3.338045218015395e-08 0.21867822110652924 0.1467389464378357 0.6146526336669922 0.5563043355941772
133.52958112200574 -3.338045218015395e-08 0.21867822110652924 0.15187528729438782 0.6146526336669922 0.5563043355941772
134.05692487200577 -3.338045218015395e-08 0.21867822110652924 0.15694397687911987 0.6146526336669922 0.5563043355941772
134.76004987200582 -3.338045218015395e-08 0.21867822110652924 0.16360844671726227 0.6146526336669922 0.5563043355941772
135.46317487200588 -3.338045218015395e-08 0.21867822110652924 0.1702636480331421 0.6146526336669922 0.5563043355941772
135.63895612200588 -3.338045218015395e-08 0.21867822110652924 0.17191633582115173 0.6146526336669922 0.5563043355941772
135.8147373720059 -3.338045218015395e-08 0.21867822110652924 0.17356157302856445 0.6146526336669922 0.5563043355941772
136.16629987200594 -3.338045218015395e-08 0.21867822110652924 0.1768297702074051 0.6146526336669922 0.5563043355941772
136.69364362200596 -3.338045218015395e-08 0.21867822110652924 0.18167686462402344 0.6146526336669922 0.5563043355941772
137.220987372006 -3.338045218015395e-08 0.21867822110652924 0.1864582896232605 0.6146526336669922 0.5563043355941772
137.74833112200605 -3.338045218015395e-08 0.21867822110652924 0.19117483496665955 0.6146526336669922 0.5563043355941772
138.27567487200608 -3.338045218015395e-08 0.21867822110652924 0.19582721590995789 0.6146526336669922 0.5563043355941772
138.80301862200614 -3.338045218015395e-08 0.21867822110652924 0.20041614770889282 0.6146526336669922 0.5563043355941772
139.33036237200616 -3.338045218015395e-08 0.21867822110652924 0.20494240522384644 0.6146526336669922 0.5563043355941772
139.8577061220062 -3.338045218015395e-08 0.21867822110652924 0.20940668880939484 0.6146526336669922 0.5563043355941772
140.38504987200625 -3.338045218015395e-08 0.21867822110652924 0.2138097584247589 0.6146526336669922 0.5563043355941772
140.91239362200628 -3.338045218015395e-08 0.21867822110652924 0.21815234422683716 0.6146526336669922 0.5563043355941772
141.2639561220063 -3.338045218015395e-08 0.21867822110652924 0.221014142036438 0.6146526336669922 0.5563043355941772
141.79129987200633 -3.338045218015395e-08 0.21867822110652924 0.22525754570960999 0.6146526336669922 0.5563043355941772
142.3186436220064 -3.338045218015395e-08 0.21867822110652924 0.22944240272045135 0.6146526336669922 0.5563043355941772
142.84598737200642 -3.338045218015395e-08 0.21867822110652924 0.23356947302818298 0.6146526336669922 0.5563043355941772
143.37333112200648 -3.338045218015395e-08 0.21867822110652924 0.23763945698738098 0.6146526336669922 0.5563043355941772
143.54911237200648 -3.338045218015395e-08 0.21867822110652924 0.23899176716804504 0.6146526336669922 0.5563043355941772
143.7248936220065 -3.338045218015395e-08 0.21867822110652924 0.24036262929439545 0.6146526336669922 0.5563043355941772
143.9006748720065 -3.338045218015395e-08 0.21867822110652924 0.24175238609313965 0.6146526336669922 0.5563043355941772
144.42801862200653 -3.338045218015395e-08 0.21867822110652924 0.24590906500816345 0.6146526336669922 0.5563043355941772
144.9553623720066 -3.338045218015395e-08 0.21867822110652924 0.2500067949295044 0.6146526336669922 0.5563043355941772
145.48270612200662 -3.338045218015395e-08 0.21867822110652924 0.25404611229896545 0.6146526336669922 0.5563043355941772
146.01004987200668 -3.338045218015395e-08 0.21867822110652924 0.2580277919769287 0.6146526336669922 0.5563043355941772
146.5373936220067 -3.338045218015395e-08 0.21867822110652924 0.26195263862609863 0.6146526336669922 0.5563043355941772
147.06473737200673 -3.338045218015395e-08 0.21867822110652924 0.2658213675022125 0.6146526336669922 0.5563043355941772
147.5920811220068 -3.338045218015395e-08 0.21867822110652924 0.26963478326797485 0.6146526336669922 0.5563043355941772
147.7678623720068 -3.338045218015395e-08 0.21867822110652924 0.27089375257492065 0.6146526336669922 0.5563043355941772
147.94364362200682 -3.338045218015395e-08 0.21867822110652924 0.2721545398235321 0.6146526336669922 0.5563043355941772
148.11942487200682 -3.338045218015395e-08 0.21867822110652924 0.27343305945396423 0.6146526336669922 0.5563043355941772
148.29520612200685 -3.338045218015395e-08 0.21867822110652924 0.27472954988479614 0.6146526336669922 0.5563043355941772
148.64676862200687 -3.338045218015395e-08 0.21867822110652924 0.2773206830024719 0.6146526336669922 0.5563043355941772
149.1741123720069 -3.338045218015395e-08 0.21867822110652924 0.2811599671840668 0.6146526336669922 0.5563043355941772
149.70145612200693 -3.338045218015395e-08 0.21867822110652924 0.28494277596473694 0.6146526336669922 0.5563043355941772
150.0 -3.334849196789946e-08 0.21867822110652924 0.28706276416778564 0.6146526336669922 0.5563043355941772
150.0001 -3.3350829653500114e-08 0.21867822110652924 0.28706416487693787 0.6146526336669922 0.5563043355941772
150.0003 -3.333327924792684e-08 0.21867822110652924 0.28706637024879456 0.6146526336669922 0.5563044548034668
150.0007 -3.3283566125419384e-08 0.21867822110652924 0.2870666980743408 0.6146517395973206 0.5563046336174011
150.00082296482967 -3.327655306861743e-08 0.21867822110652924 0.28706613183021545 0.6146498322486877 0.5563039183616638
150.00089395796834 -3.301665785215846e-08 0.21867822110652924 0.28706610202789307 0.6146473288536072 0.5563026070594788
150.0009296604417 -2.2395374443817673e-08 0.21867822110652924 0.287066251039505 0.6146456599235535 0.556301474571228
150.0009556047578 4.4239964580583546e-08 0.21867822110652924 0.2870663106441498 0.6146443486213684 0.5563004016876221
150.00098155916245 2.70186575335174e-07 0.21867822110652924 0.28706634044647217 0.614642858505249 0.5562991499900818
150.001 5.739589710174187e-07 0.21867822110652924 0.28706637024879456 0.6146417856216431 0.5562981367111206
150.20879569907171 0.006606828421354294 0.21867822110652924 0.2872960567474365 0.6018951535224915 0.543551504611969
150.41659139814342 0.013253733515739441 0.21867822110652924 0.2875300645828247 0.5888515114784241 0.5305078625679016
150.76815389814345 0.024412918835878372 0.21867822110652924 0.28791680932044983 0.5659846067428589 0.5076410174369812
150.94393514814348 0.02993391826748848 0.21867822110652924 0.28810396790504456 0.5542083382606506 0.49586471915245056
151.11971639814348 0.035416144877672195 0.21867822110652924 0.28828710317611694 0.5422245264053345 0.4838808476924896
151.2954976481435 0.040859710425138474 0.21867822110652924 0.288466215133667 0.5300208330154419 0.47167718410491943
151.99862264814354 0.06224964186549187 0.21867822110652924 0.2891438901424408 0.47907862067222595 0.42073506116867065
152.35018514814357 0.0727156549692154 0.21867822110652924 0.28946012258529663 0.45238539576530457 0.3940419852733612
152.5259663981436 0.07789187878370285 0.21867822110652924 0.2896127700805664 0.4387524425983429 0.3804091215133667
152.87752889814362 0.08813143521547318 0.21867822110652924 0.2899073660373688 0.41084420680999756 0.3525013029575348
153.05331014814362 0.0931948721408844 0.21867822110652924 0.29004940390586853 0.39657366275787354 0.3382311761379242
153.22909139814365 0.09822092950344086 0.21867822110652924 0.2901880443096161 0.3820836544036865 0.3237417936325073
153.40487264814365 0.10320977866649628 0.21867822110652924 0.29032328724861145 0.3673996925354004 0.3090587854385376
153.75643514814368 0.1130763590335846 0.21867822110652924 0.29058384895324707 0.3374881148338318 0.2791512608528137
154.1079976481437 0.12279565632343292 0.21867822110652924 0.2908315062522888 0.30683648586273193 0.2485099583864212
154.28377889814374 0.12760041654109955 0.21867822110652924 0.29095062613487244 0.291241854429245 0.23292557895183563
154.45956014814374 0.1323687881231308 0.21867822110652924 0.29106664657592773 0.27547797560691833 0.21717792749404907
154.63534139814374 0.1371009349822998 0.21867822110652924 0.2911796569824219 0.25954872369766235 0.20127464830875397
154.81112264814377 0.14179694652557373 0.21867822110652924 0.29128968715667725 0.243441641330719 0.1852106899023056
154.98690389814377 0.14645689725875854 0.21867822110652924 0.2913967967033386 0.22714529931545258 0.1689864993095398
155.1626851481438 0.15108096599578857 0.21867822110652924 0.2915010154247284 0.2106667160987854 0.15262725949287415
155.3384663981438 0.15566931664943695 0.21867822110652924 0.2916024327278137 0.19402581453323364 0.1361827701330185
155.51424764814382 0.1602221131324768 0.21867822110652924 0.2917010188102722 0.1772482991218567 0.11972732841968536
155.86581014814385 0.16922158002853394 0.21867822110652924 0.29189011454582214 0.14341750741004944 0.08725889027118683
156.04159139814385 0.17366854846477509 0.21867822110652924 0.29198065400123596 0.12644721567630768 0.07159857451915741
156.21737264814388 0.17808055877685547 0.21867822110652924 0.29206863045692444 0.10955934226512909 0.05667760223150253
156.39315389814388 0.18245773017406464 0.21867822110652924 0.2921540439128876 0.09289734065532684 0.04281632974743843
156.5689351481439 0.18680024147033691 0.21867822110652924 0.29223698377609253 0.07665251940488815 0.030301474034786224
156.7447163981439 0.19110822677612305 0.21867822110652924 0.2923174500465393 0.06109757348895073 0.019336748868227005
156.9204976481439 0.19538186490535736 0.21867822110652924 0.29239553213119507 0.0465669259428978 0.009989207610487938
157.09627889814394 0.1996271014213562 0.21867822110652924 0.29247164726257324 0.03311155363917351 0.0021379836834967136
157.15613559871935 0.20106595754623413 0.21867822110652924 0.29249709844589233 0.028834812343120575 0.00017891381867229939
157.17061041632516 0.20141302049160004 0.21867822110652924 0.2925032079219818 0.027849514037370682 -3.337121512458907e-08
157.18515137415102 0.20176135003566742 0.21867822110652924 0.2925093173980713 0.02688450552523136 -3.337122223001643e-08
157.19943257410782 0.2021031379699707 0.21867822110652924 0.29251527786254883 0.02595340460538864 -3.3371229335443786e-08
157.2279949740214 0.20278581976890564 0.21867822110652924 0.2925271689891815 0.024134578183293343 -3.337125065172586e-08
157.2851197738486 0.204147607088089 0.21867822110652924 0.2925506830215454 0.02066889964044094 -3.337128262614897e-08
157.39936937350302 0.20685870945453644 0.21867822110652924 0.2925969064235687 0.014333386905491352 -3.337134302228151e-08
157.57515062350302 0.2110074907541275 0.21867822110652924 0.29266658425331116 0.00565829174593091 -3.33714282874098e-08
157.6760897987732 0.21337783336639404 0.21867822110652924 0.292705774307251 0.0014508520253002644 -3.337146381454659e-08
157.7222393332382 0.21445763111114502 0.21867822110652924 0.2927234470844269 9.261089871870354e-05 -3.3371470919973945e-08
157.7306756898282 0.21465471386909485 0.21867822110652924 0.29272666573524475 -3.3371470919973945e-08 -3.3371470919973945e-08
158.88518102863114 0.2408689558506012 0.21867822110652924 0.2931191325187683 -3.3371470919973945e-08 -3.3371470919973945e-08
159.06096227863114 0.24473722279071808 0.21867822110652924 0.29317158460617065 -3.3371470919973945e-08 -3.3371470919973945e-08
159.23674352863117 0.24857328832149506 0.21867822110652924 0.29322221875190735 -3.3371470919973945e-08 -3.3371470919973945e-08
159.41252477863117 0.25237733125686646 0.21867822110652924 0.29327109456062317 -3.3371470919973945e-08 -3.3371470919973945e-08
159.9398685286312 0.2635990381240845 0.21867822110652924 0.29340749979019165 -3.3371470919973945e-08 -3.3371470919973945e-08
160.46721227863125 0.2745388150215149 0.21867822110652924 0.2935294210910797 -3.3371470919973945e-08 -3.3371470919973945e-08
160.81877477863128 0.2816777229309082 0.21867822110652924 0.29360318183898926 -3.3371470919973945e-08 -3.3371470919973945e-08
160.99455602863128 0.28520143032073975 0.21867822110652924 0.2936379313468933 -3.3371470919973945e-08 -3.3371470919973945e-08
161.1703372786313 0.2886948585510254 0.21867822110652924 0.29367128014564514 -3.3371470919973945e-08 -3.3371470919973945e-08
161.3461185286313 0.29215824604034424 0.21867822110652924 0.2937032878398895 -3.3371470919973945e-08 -3.3371470919973945e-08
162.75236852863142 0.31880462169647217 0.21867822110652924 0.2939155399799347 -3.3371470919973945e-08 -3.3371470919973945e-08
162.92814977863142 0.32200559973716736 0.21867822110652924 0.2939371168613434 -3.3371470919973945e-08 -3.3371470919973945e-08
163.10393102863145 0.3251783847808838 0.21867822110652924 0.2939576804637909 -3.3371470919973945e-08 -3.3371470919973945e-08
163.27971227863145 0.3283231258392334 0.21867822110652924 0.293977290391922 -3.3371470919973945e-08 -3.3371470919973945e-08
163.8070560286315 0.3375910520553589 0.21867822110652924 0.29403066635131836 -3.3371470919973945e-08 -3.3371470919973945e-08
164.68596227863156 0.35249459743499756 0.21867822110652924 0.29410314559936523 -3.3371470919973945e-08 -3.3371470919973945e-08
164.86174352863156 0.3553955852985382 0.21867822110652924 0.29411542415618896 -3.3371470919973945e-08 -3.3371470919973945e-08
165.0375247786316 0.35827040672302246 0.21867822110652924 0.29412704706192017 -3.3371470919973945e-08 -3.3371470919973945e-08
165.2133060286316 0.3611193299293518 0.21867822110652924 0.29413801431655884 -3.3371470919973945e-08 -3.3371470919973945e-08
166.6195560286317 0.38299980759620667 0.21867822110652924 0.29420536756515503 -3.3371470919973945e-08 -3.3371470919973945e-08
166.7953372786317 0.38562387228012085 0.21867822110652924 0.29421159625053406 -3.3371470919973945e-08 -3.3371470919973945e-08
166.97111852863173 0.38822391629219055 0.21867822110652924 0.29421740770339966 -3.3371470919973945e-08 -3.3371470919973945e-08
167.14689977863173 0.3908001184463501 0.21867822110652924 0.29422280192375183 -3.3371470919973945e-08 -3.3371470919973945e-08
168.55314977863185 0.4105744957923889 0.21867822110652924 0.2942538559436798 -3.3371470919973945e-08 -3.3371470919973945e-08
168.72893102863188 0.4129447042942047 0.21867822110652924 0.29425644874572754 -3.3371470919973945e-08 -3.3371470919973945e-08
168.90471227863188 0.41529297828674316 0.21867822110652924 0.29425886273384094 -3.3371470919973945e-08 -3.3371470919973945e-08
169.08049352863188 0.4176194965839386 0.21867822110652924 0.29426103830337524 -3.3371470919973945e-08 -3.3371470919973945e-08
169.60783727863193 0.42447030544281006 0.21867822110652924 0.29426640272140503 -3.3371470919973945e-08 -3.3371470919973945e-08
170.66252477863202 0.4376091957092285 0.21867822110652924 0.2942730784416199 -3.3371470919973945e-08 -3.3371470919973945e-08
170.83830602863202 0.4397282004356384 0.21867822110652924 0.2942737936973572 -3.3371470919973945e-08 -3.3371470919973945e-08
171.01408727863205 0.4418274760246277 0.21867822110652924 0.29427438974380493 -3.3371470919973945e-08 -3.3371470919973945e-08
171.18986852863205 0.44390714168548584 0.21867822110652924 0.2942749261856079 -3.3371470919973945e-08 -3.3371470919973945e-08
172.77189977863216 0.4617723524570465 0.21867822110652924 0.294277161359787 -3.3371470919973945e-08 -3.3371470919973945e-08
172.9476810286322 0.4636659026145935 0.21867822110652924 0.29427722096443176 -3.3371470919973945e-08 -3.3371470919973945e-08
173.1234622786322 0.4655417799949646 0.21867822110652924 0.29427728056907654 -3.3371470919973945e-08 -3.3371470919973945e-08
173.29924352863222 0.4674001634120941 0.21867822110652924 0.2942773103713989 -3.3371470919973945e-08 -3.3371470919973945e-08
173.91447790363225 0.47376903891563416 0.21867822110652924 0.2942773997783661 -3.3371470919973945e-08 -3.3371470919973945e-08
174.5297122786323 0.4799325466156006 0.21867822110652924 0.2942773997783661 -3.3371470919973945e-08 -3.3371470919973945e-08
175.05705602863233 0.48505738377571106 0.21867822110652924 0.2942773997783661 -3.3371470919973945e-08 -3.3371470919973945e-08
175.23283727863236 0.486734002828598 0.21867822110652924 0.2942773997783661 -3.3371470919973945e-08 -3.3371470919973945e-08
175.40861852863236 0.4883950352668762 0.21867822110652924 0.2942773997783661 -3.3371470919973945e-08 -3.3371470919973945e-08
175.5843997786324 0.49004065990448 0.21867822110652924 0.2942773997783661 -3.3371470919973945e-08 -3.3371470919973945e-08
177.3422122786325 0.505682110786438 0.21867822110652924 0.2942773997783661 -3.3371470919973945e-08 -3.3371470919973945e-08
177.51799352863253 0.5071679949760437 0.21867822110652924 0.2942773997783661 -3.3371470919973945e-08 -3.3371470919973945e-08
177.69377477863253 0.5086402297019958 0.21867822110652924 0.2942773997783661 -3.3371470919973945e-08 -3.3371470919973945e-08
177.86955602863256 0.510098934173584 0.21867822110652924 0.2942773997783661 -3.3371470919973945e-08 -3.3371470919973945e-08
178.74846227863262 0.5171946287155151 0.21867822110652924 0.2942773997783661 -3.3371470919973945e-08 -3.3371470919973945e-08
179.62736852863267 0.5239726305007935 0.21867822110652924 0.2942773997783661 -3.3371470919973945e-08 -3.3371470919973945e-08
179.9789310286327 0.5266010761260986 0.21867822110652924 0.2942773997783661 -3.3371470919973945e-08 -3.3371470919973945e-08
179.99999999999997 0.5267572999000549 0.21867822110652924 0.2942773997783661 -3.3371470919973945e-08 -3.3371470919973945e-08
