time a b c w1
0.0 0.0 0.0 0.0 0.0
2.34374997708231e-06 2.34398437508335e-23 2.34398437508335e-23 1.0801570415496826 2.34398437508335e-23
2.3531289769906394e-06 2.35336424679079e-23 2.35336424679079e-23 1.0037916898727417 2.35336424679079e-23
2.3718869768072985e-06 2.372124147977851e-23 2.372124147977851e-23 0.9922298789024353 2.372124147977851e-23
2.449126245505041e-06 2.449371143311084e-23 2.449371143311084e-23 0.9876051545143127 2.449371143311084e-23
0.00019360463173130613 1.9362399824984054e-21 1.9362399824984054e-21 0.9876051545143127 1.9362399824984054e-21
0.00038480681743822704 3.8484529531415596e-21 3.8484529531415596e-21 0.9876051545143127 -5.559351645700872e-09
0.0007672111888520689 7.672878894427868e-21 7.672878894427868e-21 0.9876051545143127 -2.7054065654397164e-08
0.001 1.0000999731091105e-20 1.0000999731091105e-20 0.9876051545143127 -3.338482201797888e-08
29.999999999999996 3.000300019364487e-16 3.000300019364487e-16 0.9876051545143127 -3.3384647935008616e-08
30.000099999999996 3.0003100778807355e-16 3.0003100778807355e-16 0.9876051545143127 -3.336399245768007e-08
30.0003 3.0003299302154367e-16 3.0003299302154367e-16 0.9876051545143127 -3.334358567030904e-08
30.0007 3.0003698995826353e-16 3.0003698995826353e-16 0.9876051545143127 -3.3332788973439165e-08
30.000822963448677 3.6462233232725794e-09 3.000382340379048e-16 0.9876051545143127 -3.292110761776712e-08
30.000893956550424 2.3734298082445093e-08 3.0003894872195405e-16 0.9876051545143127 8.16647721668673e-11
30.000929665302287 6.765468896219318e-08 3.000392928290889e-16 0.9876051545143127 1.2647201685922482e-07
30.000951525014887 1.3692256572994665e-07 3.000395045873257e-16 0.9876051545143127 3.9602241486136336e-07
30.000972538296864 2.5906032874445373e-07 3.000397163455625e-16 0.9876051545143127 9.841659220910515e-07
30.000990216563746 4.1541588302607124e-07 3.000399016340197e-16 0.9876051545143127 1.866522325144615e-06
30.001 5.289493856253102e-07 3.000400075131381e-16 0.9876051545143127 2.570845936133992e-06
30.00200423824474 1.4853831089567393e-05 3.0005003955960717e-16 0.9876051545143127 9.774291538633406e-05
30.003008476489477 2.917662641266361e-05 3.000600980758558e-16 0.9876051545143127 0.00019290760974399745
30.005018916299075 5.78439467062708e-05 3.000801886385735e-16 0.9876051545143127 0.0003834008821286261
30.009039795918273 0.00011515350342961028 3.001203962337885e-16 0.9876051545143127 0.0007642987766303122
30.01708155515667 0.00022967226686887443 3.0020083789399803e-16 0.9876051545143127 0.001525739673525095
30.03316507363346 0.00045830843737348914 3.0036169474463754e-16 0.9876051545143127 0.0030472022481262684
30.065332110587043 0.0009139757603406906 3.0068338197613697e-16 0.9876051545143127 0.006084445398300886
30.12966618449421 0.0018188817193731666 3.013267829089154e-16 0.9876051545143127 0.012136118486523628
30.25833433230854 0.0036042293068021536 3.026136112442519e-16 0.9876051545143127 0.02415238320827484
30.49270933230854 0.006792181637138128 3.0495758963732097e-16 0.9876051545143127 0.04581134393811226
30.727084332308536 0.009899190627038479 3.0730156803039004e-16 0.9876051545143127 0.06717877835035324
30.961459332308536 0.012914465740323067 3.096455464234591e-16 0.9876051545143127 0.08821246027946472
31.195834332308532 0.015837833285331726 3.1198955128630777e-16 0.9876051545143127 0.10890834033489227
31.43020933230853 0.0186694897711277 3.1433352967937683e-16 0.9876051545143127 0.12926408648490906
31.664584332308525 0.02140958234667778 3.166775080724459e-16 0.9876051545143127 0.14927692711353302
31.89895933230852 0.024058237671852112 3.1902148646551496e-16 0.9876051545143127 0.16894356906414032
32.13333433230852 0.02661573700606823 3.21365464858584e-16 0.9876051545143127 0.188261479139328
32.367709332308515 0.029082445427775383 3.237094697214327e-16 0.9876051545143127 0.20722824335098267
32.602084332308515 0.03145862743258476 3.2605344811450175e-16 0.9876051545143127 0.22584035992622375
33.07083433230851 0.035941243171691895 3.307414049006399e-16 0.9876051545143127 0.2619900405406952
33.30520933230851 0.03804871812462807 3.3308540976348855e-16 0.9876051545143127 0.27952152490615845
33.53958433230851 0.04006796330213547 3.354293881565576e-16 0.9876051545143127 0.2966881990432739
33.7739593323085 0.04199995845556259 3.377733665496267e-16 0.9876051545143127 0.3134893774986267
34.0083343323085 0.04384554550051689 3.4011734494269574e-16 0.9876051545143127 0.32992225885391235
34.24270933230849 0.04560570791363716 3.424613233357648e-16 0.9876051545143127 0.34598442912101746
34.47708433230849 0.04728175699710846 3.4480532819861347e-16 0.9876051545143127 0.3616761565208435
34.71145933230849 0.048875048756599426 3.4714930659168254e-16 0.9876051545143127 0.3769974112510681
34.945834332308486 0.050386909395456314 3.494932849847516e-16 0.9876051545143127 0.39194607734680176
35.180209332308486 0.05181887745857239 3.5183726337782066e-16 0.9876051545143127 0.4065217971801758
35.41458433230848 0.053172700107097626 3.5418126824066933e-16 0.9876051545143127 0.4207261800765991
35.88333433230848 0.05565321817994118 3.5886922502680746e-16 0.9876051545143127 0.4480265974998474
36.11770933230847 0.056783776730298996 3.612132034198765e-16 0.9876051545143127 0.46112605929374695
36.35208433230847 0.05784393474459648 3.635572082827252e-16 0.9876051545143127 0.4738616645336151
36.586459332308465 0.05883585661649704 3.6590118667579425e-16 0.9876051545143127 0.4862353205680847
36.820834332308465 0.05976177006959915 3.682451650688633e-16 0.9876051545143127 0.4982498586177826
37.055209332308465 0.06062401458621025 3.705891434619324e-16 0.9876051545143127 0.5099086165428162
37.28958433230846 0.0614251047372818 3.7293312185500145e-16 0.9876051545143127 0.5212140679359436
37.52395933230846 0.06216752529144287 3.752771267178501e-16 0.9876051545143127 0.5321704149246216
37.75833433230845 0.06285363435745239 3.776211051109192e-16 0.9876051545143127 0.5427838563919067
37.99270933230845 0.06348596513271332 3.7996508350398824e-16 0.9876051545143127 0.5530593991279602
38.22708433230845 0.06406732648611069 3.823090618970573e-16 0.9876051545143127 0.5630009174346924
38.46145933230844 0.0646003782749176 3.8465306675990597e-16 0.9876051545143127 0.5726137757301331
38.69583433230844 0.06508761644363403 3.8699704515297504e-16 0.9876051545143127 0.5819048285484314
38.93020933230844 0.06553157418966293 3.893410235460441e-16 0.9876051545143127 0.5908806324005127
39.164584332308436 0.06593481451272964 3.9168500193911316e-16 0.9876051545143127 0.5995479822158813
39.398959332308436 0.06629987806081772 3.9402898033218223e-16 0.9876051545143127 0.6079135537147522
39.63333433230843 0.06662924587726593 3.963729851950309e-16 0.9876051545143127 0.6159846186637878
39.86770933230843 0.06692536175251007 3.9871696358809996e-16 0.9876051545143127 0.6237683296203613
40.10208433230843 0.06719060987234116 4.01060941981169e-16 0.9876051545143127 0.6312721371650696
40.33645933230842 0.06742728501558304 4.034049203742381e-16 0.9876051545143127 0.6385036706924438
40.805209332308415 0.06782376766204834 4.080929036301558e-16 0.9876051545143127 0.6521807909011841
41.039584332308415 0.06798770278692245 4.104368820232249e-16 0.9876051545143127 0.6586419343948364
41.273959332308415 0.06813124567270279 4.1278086041629395e-16 0.9876051545143127 0.6648621559143066
41.50833433230841 0.06825625896453857 4.15124838809363e-16 0.9876051545143127 0.670849084854126
41.74270933230841 0.0683647096157074 4.174688436722117e-16 0.9876051545143127 0.6766102910041809
41.9770843323084 0.06845840811729431 4.1981282206528074e-16 0.9876051545143127 0.6821534633636475
42.2114593323084 0.0685388445854187 4.221568004583498e-16 0.9876051545143127 0.6874862909317017
42.4458343323084 0.0686074048280716 4.2450077885141887e-16 0.9876051545143127 0.6926164031028748
42.680209332308394 0.06866537034511566 4.2684478371426754e-16 0.9876051545143127 0.6975511908531189
42.914584332308394 0.06871393322944641 4.291887621073366e-16 0.9876051545143127 0.7022979259490967
43.148959332308394 0.06875434517860413 4.3153274050040566e-16 0.9876051545143127 0.7068637609481812
43.38333433230839 0.06878778338432312 4.3387671889347473e-16 0.9876051545143127 0.711255669593811
43.61770933230839 0.06881509721279144 4.362207237563234e-16 0.9876051545143127 0.7154805064201355
43.85208433230838 0.06883708387613297 4.3856470214939246e-16 0.9876051545143127 0.7195448279380798
44.08645933230838 0.06885458528995514 4.409086805424615e-16 0.9876051545143127 0.7234551310539246
44.32083433230838 0.06886839866638184 4.432526589355306e-16 0.9876051545143127 0.7272177338600159
44.55520933230837 0.06887911260128021 4.455966637983793e-16 0.9876051545143127 0.7308386564254761
44.78958433230837 0.06888723373413086 4.479406157216687e-16 0.9876051545143127 0.7343236804008484
45.023959332308365 0.06889323890209198 4.502846205845174e-16 0.9876051545143127 0.7376784682273865
45.258334332308365 0.06889753043651581 4.52628625447366e-16 0.9876051545143127 0.7409084439277649
45.492709332308365 0.06890050321817398 4.549725773706555e-16 0.9876051545143127 0.7440188527107239
45.72708433230836 0.06890252232551575 4.573165822335042e-16 0.9876051545143127 0.7470149993896484
45.96145933230836 0.06890380382537842 4.596605341567936e-16 0.9876051545143127 0.7499014735221863
46.19583433230835 0.06890454888343811 4.620045390196423e-16 0.9876051545143127 0.7526830434799194
46.43020933230835 0.06890495121479034 4.64348543882491e-16 0.9876051545143127 0.755364179611206
46.66458433230835 0.06890514492988586 4.666924958057804e-16 0.9876051545143127 0.75794917345047
46.898959332308344 0.06890520453453064 4.690365006686291e-16 0.9876051545143127 0.7604420781135559
47.133334332308344 0.06890521198511124 4.713804525919186e-16 0.9876051545143127 0.7628469467163086
47.60208433230834 0.06890521198511124 4.760684623176159e-16 0.9876051545143127 0.7674077153205872
48.07083433230833 0.06890521198511124 4.80756419103754e-16 0.9876051545143127 0.7716590762138367
48.53958433230833 0.06890521198511124 4.854443758898922e-16 0.9876051545143127 0.7756267786026001
48.77395933230832 0.06890521198511124 4.877883807527408e-16 0.9876051545143127 0.7775117754936218
49.00833433230832 0.06890521198511124 4.901323326760303e-16 0.9876051545143127 0.779334545135498
49.242709332308316 0.06890521198511124 4.924763375388789e-16 0.9876051545143127 0.7810975909233093
49.477084332308316 0.06890521198511124 4.948203424017276e-16 0.9876051545143127 0.7828034162521362
49.711459332308316 0.06890521198511124 4.971642943250171e-16 0.9876051545143127 0.7844544649124146
49.94583433230831 0.06890521198511124 4.995082991878657e-16 0.9876051545143127 0.7860530614852905
50.18020933230831 0.06890521198511124 5.018522511111552e-16 0.9876051545143127 0.7876013517379761
50.4145843323083 0.06890521198511124 5.041962559740039e-16 0.9876051545143127 0.7891013622283936
50.6489593323083 0.06890521198511124 5.065402608368525e-16 0.9876051545143127 0.7905550599098206
50.8833343323083 0.06890521198511124 5.08884212760142e-16 0.9876051545143127 0.7919643521308899
51.82083433230829 0.06890521198511124 5.182601792719775e-16 0.9876051545143127 0.7971915602684021
52.05520933230829 0.06890521198511124 5.206041311952669e-16 0.9876051545143127 0.7984038591384888
52.28958433230828 0.06890521198511124 5.229481360581156e-16 0.9876051545143127 0.7995812892913818
52.52395933230828 0.06890521198511124 5.252921409209643e-16 0.9876051545143127 0.8007252812385559
52.75833433230828 0.06890521198511124 5.276360928442537e-16 0.9876051545143127 0.8018370866775513
52.99270933230827 0.06890521198511124 5.299800977071024e-16 0.9876051545143127 0.8029178977012634
54.39895933230826 0.06890521198511124 5.440439680655168e-16 0.9876051545143127 0.8088136315345764
54.63333433230825 0.06890521198511124 5.463879729283654e-16 0.9876051545143127 0.8097074627876282
54.86770933230825 0.06890521198511124 5.487319777912141e-16 0.9876051545143127 0.8105784058570862
55.10208433230825 0.06890521198511124 5.510759297145036e-16 0.9876051545143127 0.8114272356033325
55.80520933230824 0.06890521198511124 5.581078913634904e-16 0.9876051545143127 0.813848614692688
56.03958433230824 0.06890521198511124 5.60451896226339e-16 0.9876051545143127 0.8146163821220398
56.27395933230824 0.06890521198511124 5.627958481496285e-16 0.9876051545143127 0.8153656721115112
56.50833433230823 0.06890521198511124 5.651398530124772e-16 0.9876051545143127 0.8160970211029053
56.74270933230823 0.06890521198511124 5.674838578753258e-16 0.9876051545143127 0.8168110251426697
56.97708433230822 0.06890521198511124 5.698278097986153e-16 0.9876051545143127 0.8175082206726074
57.44583433230822 0.06890521198511124 5.745157665847534e-16 0.9876051545143127 0.8188546895980835
57.680209332308216 0.06890521198511124 5.768597714476021e-16 0.9876051545143127 0.8195049166679382
57.914584332308216 0.06890521198511124 5.792037763104507e-16 0.9876051545143127 0.820140540599823
58.148959332308216 0.06890521198511124 5.815477282337402e-16 0.9876051545143127 0.820762038230896
58.8520843323082 0.06890521198511124 5.88579689882727e-16 0.9876051545143127 0.8225456476211548
59.0864593323082 0.06890521198511124 5.909236947455757e-16 0.9876051545143127 0.8231146335601807
59.3208343323082 0.06890521198511124 5.932676466688651e-16 0.9876051545143127 0.8236716389656067
59.555209332308195 0.06890521198511124 5.956116515317138e-16 0.9876051545143127 0.8242168426513672
59.99999999999999 0.06890521198511124 6.000600038728974e-16 0.9876051545143127 0.8252233266830444
60.000099999999996 0.06890521198511124 6.000610097245222e-16 0.9876051545143127 0.8252228498458862
60.000299999999996 0.06890493631362915 6.00063021427772e-16 0.9876051545143127 0.825222373008728
60.000699999999995 0.06890157610177994 6.000669918947122e-16 0.9876051545143127 0.8252221941947937
60.001000000000005 0.0688953846693039 6.000700094495868e-16 0.9876051545143127 0.8252221941947937
60.04192000000037 0.06407015770673752 6.00479232242229e-16 0.9876051545143127 0.8252221941947937
60.082840000000736 0.05937378481030464 6.008885079744305e-16 0.9876051545143127 0.8252221941947937
60.16476000000147 0.050444964319467545 6.01707747653103e-16 0.9876051545143127 0.8252221941947937
60.328600000002936 0.03445380926132202 6.033463328895664e-16 0.9876051545143127 0.8252221941947937
60.562975000002936 0.015484701842069626 6.056903377524151e-16 0.9876051545143127 0.8252221941947937
60.79735000000293 0.001171640120446682 6.080342896757046e-16 0.9876051545143127 0.8252221941947937
60.843676077616614 -3.3384651487722294e-08 6.084976166978527e-16 0.9876051545143127 0.8252221941947937
89.99999999999999 -3.343469501260188e-08 9.000900322791256e-16 0.9876051545143127 0.8252221941947937
90.0001 -3.3380676001115717e-08 9.000909851911913e-16 0.9876051545143127 0.8252221941947937
90.0003 -3.334358567030904e-08 9.00092996894441e-16 0.9876051545143127 0.8252221941947937
90.0007 -3.332102238573498e-08 9.000970203009405e-16 0.9876051545143127 0.8252221941947937
90.00082296312404 -3.2895975721203286e-08 3.6462226571387646e-09 0.9876051545143127 0.8252221941947937
90.00089395652073 1.1225566309835955e-10 2.3734290977017736e-08 0.9876051545143127 0.8252221941947937
90.0009296652192 1.2650188807583618e-07 6.765449711565452e-08 0.9876051545143127 0.8252221941947937
90.00095152494987 3.960516039569484e-07 1.3692229572370707e-07 0.9876051545143127 0.8252221941947937
90.00097253824126 9.841935479926178e-07 2.590598455753934e-07 0.9876051545143127 0.8252221941947937
90.00099021649221 1.8665473362489138e-06 4.1541505879649776e-07 0.9876051545143127 0.8252221941947937
90.001 2.570875267338124e-06 5.289493287818914e-07 0.9876051545143127 0.8252221941947937
90.00501892041228 0.00038340131868608296 5.784400855191052e-05 0.9876051545143127 0.8252221941947937
90.00903980414667 0.000764299591537565 0.00011515362712088972 0.9876051545143127 0.8252221941947937
90.01708157161548 0.0015257413033396006 0.00022967249969951808 0.9876051545143127 0.8252221941947937
90.03316510655307 0.003047205274924636 0.00045830890303477645 0.9876051545143127 0.8252221941947937
90.06533217642826 0.006084451451897621 0.0009139766916632652 0.9876051545143127 0.8252221941947937
90.12966631617864 0.012136192061007023 0.0018188953399658203 0.9876051545143127 0.8252221941947937
90.25833459567941 0.02415277063846588 0.00360430171713233 0.9876051545143127 0.8252221941947937
90.49270959567941 0.0458122156560421 0.006792343221604824 0.9876051545143127 0.8252221941947937
90.72708459567941 0.06718035787343979 0.009899475611746311 0.9876051545143127 0.8252221941947937
90.96145959567943 0.08821628987789154 0.01291513442993164 0.9876051545143127 0.8252221941947937
91.43020959567943 0.1292763352394104 0.0186715517193079 0.9876051545143127 0.8252221941947937
91.66458459567944 0.14929300546646118 0.02141224965453148 0.9876051545143127 0.8252221941947937
91.89895959567944 0.16896231472492218 0.02406129240989685 0.9876051545143127 0.8252221941947937
92.13333459567944 0.18828228116035461 0.026619067415595055 0.9876051545143127 0.8252221941947937
92.60208459567946 0.22586509585380554 0.031462401151657104 0.9876051545143127 0.8252221941947937
92.83645959567946 0.2441205382347107 0.033748507499694824 0.9876051545143127 0.8252221941947937
93.07083459567946 0.26201367378234863 0.035944756120443344 0.9876051545143127 0.8252221941947937
93.30520959567946 0.2795422077178955 0.038051821291446686 0.9876051545143127 0.8252221941947937
93.77395959567947 0.31350189447402954 0.042002104222774506 0.9876051545143127 0.8252221941947937
94.00833459567947 0.3299309015274048 0.04384728521108627 0.9876051545143127 0.8252221941947937
94.24270959567949 0.3459922969341278 0.04560733959078789 0.9876051545143127 0.8252221941947937
94.71145959567949 0.3770071566104889 0.04887672886252403 0.9876051545143127 0.8252221941947937
94.94583459567949 0.39195728302001953 0.050388604402542114 0.9876051545143127 0.8252221941947937
95.1802095956795 0.40653496980667114 0.05182060971856117 0.9876051545143127 0.8252221941947937
95.4145845956795 0.42074182629585266 0.0531744509935379 0.9876051545143127 0.8252221941947937
95.6489595956795 0.4345797300338745 0.054451920092105865 0.9876051545143127 0.8252221941947937
95.88333459567951 0.44804883003234863 0.05565487593412399 0.9876051545143127 0.8252221941947937
96.11770959567951 0.46114927530288696 0.05678531900048256 0.9876051545143127 0.8252221941947937
96.35208459567951 0.4738832116127014 0.057845376431941986 0.9876051545143127 0.8252221941947937
96.58645959567951 0.4862543046474457 0.05883723497390747 0.9876051545143127 0.8252221941947937
96.82083459567953 0.49826595187187195 0.05976315960288048 0.9876051545143127 0.8252221941947937
97.05520959567953 0.5099219679832458 0.060625459998846054 0.9876051545143127 0.8252221941947937
97.28958459567953 0.5212269425392151 0.06142646074295044 0.9876051545143127 0.8252221941947937
97.52395959567954 0.5321844816207886 0.06216864287853241 0.9876051545143127 0.8252221941947937
97.75833459567954 0.5427979230880737 0.06285464018583298 0.9876051545143127 0.8252221941947937
97.99270959567954 0.5530726313591003 0.06348695605993271 0.9876051545143127 0.8252221941947937
98.46145959567956 0.5726292133331299 0.06460058689117432 0.9876051545143127 0.8252221941947937
98.69583459567956 0.5819217562675476 0.06508728116750717 0.9876051545143127 0.8252221941947937
98.93020959567956 0.5908983945846558 0.06553080677986145 0.9876051545143127 0.8252221941947937
99.16458459567957 0.5995661020278931 0.06593368947505951 0.9876051545143127 0.8252221941947937
99.39895959567957 0.6079318523406982 0.0662984624505043 0.9876051545143127 0.8252221941947937
99.63333459567957 0.6160025000572205 0.06662768870592117 0.9876051545143127 0.8252221941947937
99.86770959567957 0.6237855553627014 0.06692373752593994 0.9876051545143127 0.8252221941947937
100.10208459567959 0.6312888264656067 0.06718891859054565 0.9876051545143127 0.8252221941947937
100.33645959567959 0.6385197639465332 0.06742553412914276 0.9876051545143127 0.8252221941947937
100.57083459567959 0.6454861760139465 0.06763581931591034 0.9876051545143127 0.8252221941947937
100.8052095956796 0.6521956920623779 0.0678219124674797 0.9876051545143127 0.8252221941947937
101.2739595956796 0.6648756265640259 0.06812964379787445 0.9876051545143127 0.8252221941947937
101.5083345956796 0.6708616614341736 0.06825504451990128 0.9876051545143127 0.8252221941947937
101.74270959567961 0.6766222715377808 0.06836368888616562 0.9876051545143127 0.8252221941947937
102.21145959567961 0.6874974966049194 0.0685373991727829 0.9876051545143127 0.8252221941947937
102.44583459567961 0.6926272511482239 0.06860572844743729 0.9876051545143127 0.8252221941947937
102.68020959567963 0.6975616216659546 0.06866365671157837 0.9876051545143127 0.8252221941947937
102.91458459567963 0.702307939529419 0.06871230900287628 0.9876051545143127 0.8252221941947937
103.38333459567964 0.7112648487091064 0.06878601014614105 0.9876051545143127 0.8252221941947937
103.61770959567964 0.7154893279075623 0.06881321221590042 0.9876051545143127 0.8252221941947937
103.85208459567964 0.7195533514022827 0.06883525103330612 0.9876051545143127 0.8252221941947937
104.08645959567964 0.7234634160995483 0.06885283440351486 0.9876051545143127 0.8252221941947937
105.02395959567967 0.7376850843429565 0.06889109313488007 0.9876051545143127 0.8252221941947937
105.25833459567967 0.7409148216247559 0.0688953697681427 0.9876051545143127 0.8252221941947937
105.49270959567967 0.7440251111984253 0.06889837980270386 0.9876051545143127 0.8252221941947937
105.96145959567968 0.7499072551727295 0.0689016729593277 0.9876051545143127 0.8252221941947937
106.19583459567968 0.7526886463165283 0.06890242546796799 0.9876051545143127 0.8252221941947937
106.43020959567968 0.7553695440292358 0.06890283524990082 0.9876051545143127 0.8252221941947937
107.60208459567971 0.7674112915992737 0.06890304386615753 0.9876051545143127 0.8252221941947937
107.83645959567971 0.7695735692977905 0.06890304386615753 0.9876051545143127 0.8252221941947937
108.07083459567971 0.7716619968414307 0.06890304386615753 0.9876051545143127 0.8252221941947937
108.30520959567973 0.7736796140670776 0.06890304386615753 0.9876051545143127 0.8252221941947937
108.53958459567973 0.7756292819976807 0.06890304386615753 0.9876051545143127 0.8252221941947937
108.77395959567973 0.7775139212608337 0.06890304386615753 0.9876051545143127 0.8252221941947937
109.00833459567973 0.7793364524841309 0.06890304386615753 0.9876051545143127 0.8252221941947937
109.24270959567974 0.7810993790626526 0.06890304386615753 0.9876051545143127 0.8252221941947937
109.94583459567974 0.7860552668571472 0.06890304386615753 0.9876051545143127 0.8252221941947937
110.18020959567976 0.7876036167144775 0.06890304386615753 0.9876051545143127 0.8252221941947937
110.41458459567976 0.7891037464141846 0.06890304386615753 0.9876051545143127 0.8252221941947937
110.64895959567976 0.7905575633049011 0.06890304386615753 0.9876051545143127 0.8252221941947937
110.88333459567977 0.7919669151306152 0.06890304386615753 0.9876051545143127 0.8252221941947937
111.11770959567977 0.7933336496353149 0.06890304386615753 0.9876051545143127 0.8252221941947937
111.35208459567977 0.7946593165397644 0.06890304386615753 0.9876051545143127 0.8252221941947937
111.58645959567977 0.7959455847740173 0.06890304386615753 0.9876051545143127 0.8252221941947937
111.82083459567978 0.7971941828727722 0.06890304386615753 0.9876051545143127 0.8252221941947937
112.05520959567978 0.7984064817428589 0.06890304386615753 0.9876051545143127 0.8252221941947937
114.86770959567983 0.8105801939964294 0.06890304386615753 0.9876051545143127 0.8252221941947937
115.10208459567984 0.811428964138031 0.06890304386615753 0.9876051545143127 0.8252221941947937
115.33645959567984 0.8122563362121582 0.06890304386615753 0.9876051545143127 0.8252221941947937
115.57083459567984 0.8130631446838379 0.06890304386615753 0.9876051545143127 0.8252221941947937
119.99999999999999 0.825223982334137 0.06890304386615753 0.9876051545143127 0.8252221941947937
120.0001 0.8252235054969788 0.06890304386615753 0.9876051545143127 0.8252221941947937
120.0003 0.8252229690551758 0.06890304386615753 0.9876051545143127 0.8252221941947937
120.0007 0.8252227902412415 0.06890304386615753 0.9876051545143127 0.8252221941947937
120.001 0.8252227902412415 0.06890304386615753 0.9876051545143127 0.8252221941947937
150.0 0.8252227902412415 0.06890304386615753 0.9876051545143127 0.8252221941947937
150.0001 0.8252227902412415 0.06890304386615753 0.9876051545143127 0.8252221941947937
150.0003 0.8252227902412415 0.06890304386615753 0.9876051545143127 0.8252224922180176
150.0007 0.8252227902412415 0.06890304386615753 0.9876051545143127 0.825223982334137
150.001 0.8252227902412415 0.06890304386615753 0.9876051545143127 0.825225293636322
179.99999999999997 0.8252227902412415 0.06890304386615753 0.9876051545143127 0.825225293636322
180.0001 0.8252227902412415 0.06890304386615753 0.9876051545143127 0.825225293636322
180.0003 0.8252227902412415 0.06890304386615753 0.9876051545143127 0.825225293636322
180.0007 0.8252227902412415 0.06890304386615753 0.9876049757003784 0.825225293636322
180.001 0.8252227902412415 0.06890304386615753 0.9876046776771545 0.825225293636322
180.01120000000017 0.8252227902412415 0.06890304386615753 0.9875361919403076 0.825225293636322
180.02140000000034 0.8252227902412415 0.06890304386615753 0.9874672889709473 0.825225293636322
180.04188000000067 0.8252227902412415 0.06890304386615753 0.9873275756835938 0.825225293636322
180.1647600000026 0.8252227902412415 0.06890304386615753 0.9864509105682373 0.825225293636322
180.32860000000517 0.8252227902412415 0.06890304386615753 0.9851847290992737 0.825225293636322
180.79735000000514 0.8252227902412415 0.06890304386615753 0.9809660911560059 0.825225293636322
181.26610000000514 0.8252227902412415 0.06890304386615753 0.9755426049232483 0.825225293636322
181.7348500000051 0.8252227902412415 0.06890304386615753 0.9684495329856873 0.825225293636322
182.20360000000508 0.8252227902412415 0.06890304386615753 0.9591090679168701 0.825225293636322
182.90672500000505 0.8252227902412415 0.06890304386615753 0.9393202066421509 0.825225293636322
183.37547500000505 0.8252227902412415 0.06890304386615753 0.9211771488189697 0.825225293636322
183.60985000000503 0.8252227902412415 0.06890304386615753 0.9103760719299316 0.825225293636322
183.84422500000503 0.8252227902412415 0.06890304386615753 0.8983475565910339 0.825225293636322
184.078600000005 0.8252227902412415 0.06890304386615753 0.8850609660148621 0.825225293636322
184.312975000005 0.8252227902412415 0.06890304386615753 0.870507001876831 0.825225293636322
184.547350000005 0.8252227902412415 0.06890304386615753 0.8546966910362244 0.825225293636322
184.78172500000497 0.8252227902412415 0.06890304386615753 0.837658703327179 0.825225293636322
185.01610000000497 0.8252227902412415 0.06890304386615753 0.8194359540939331 0.825225293636322
185.25047500000497 0.8252227902412415 0.06890304386615753 0.8000824451446533 0.825225293636322
185.48485000000494 0.8252227902412415 0.06890304386615753 0.7796589136123657 0.825225293636322
185.71922500000494 0.8252227902412415 0.06890304386615753 0.7582303285598755 0.825225293636322
185.95360000000494 0.8252227902412415 0.06890304386615753 0.7358628511428833 0.825225293636322
186.1879750000049 0.8252227902412415 0.06890304386615753 0.7126221656799316 0.825225293636322
186.4223500000049 0.8252227902412415 0.06890304386615753 0.6885716915130615 0.825225293636322
186.6567250000049 0.8252227902412415 0.06890304386615753 0.6637717485427856 0.825225293636322
186.89110000000488 0.8252227902412415 0.06890304386615753 0.6382791996002197 0.825225293636322
187.12547500000488 0.8252227902412415 0.06890304386615753 0.6121468544006348 0.825225293636322
187.35985000000488 0.8252227902412415 0.06890304386615753 0.5854235887527466 0.825225293636322
187.59422500000485 0.8252227902412415 0.06890304386615753 0.5581543445587158 0.825225293636322
187.82860000000485 0.8252227902412415 0.06890304386615753 0.5303802490234375 0.825225293636322
188.06297500000485 0.8252227902412415 0.06890304386615753 0.5021390318870544 0.825225293636322
188.29735000000483 0.8252227902412415 0.06890304386615753 0.4734649658203125 0.825225293636322
188.53172500000483 0.8252227902412415 0.06890304386615753 0.4443894922733307 0.825225293636322
188.76610000000483 0.8252227902412415 0.06890304386615753 0.4149411916732788 0.825225293636322
189.0004750000048 0.8252227902412415 0.06890304386615753 0.38514626026153564 0.825225293636322
189.2348500000048 0.8252227902412415 0.06890304386615753 0.3550289273262024 0.825225293636322
189.4692250000048 0.8252227902412415 0.06890304386615753 0.3246118128299713 0.825225293636322
189.70360000000477 0.8252227902412415 0.06890304386615753 0.29391711950302124 0.825225293636322
189.93797500000477 0.8252227902412415 0.06890304386615753 0.26296868920326233 0.825225293636322
190.17235000000477 0.8252227902412415 0.06890304386615753 0.23179709911346436 0.825225293636322
190.40672500000474 0.8252227902412415 0.06890304386615753 0.20045146346092224 0.825225293636322
190.64110000000474 0.8252227902412415 0.06890304386615753 0.16902753710746765 0.825225293636322
190.87547500000474 0.8252227902412415 0.06890304386615753 0.13773034512996674 0.825225293636322
191.1098500000047 0.8252227902412415 0.06890304386615753 0.10699574649333954 0.825225293636322
191.3442250000047 0.8252227902412415 0.06890304386615753 0.07765531539916992 0.825225293636322
191.5786000000047 0.8252227902412415 0.06890304386615753 0.05098139867186546 0.825225293636322
191.81297500000468 0.8252227902412415 0.06890304386615753 0.02833927422761917 0.825225293636322
192.04735000000468 0.8252227902412415 0.06890304386615753 0.010026557371020317 0.825225293636322
192.18154979202527 0.8252227902412415 0.06890304386615753 0.0018593670101836324 0.825225293636322
192.22597590786765 0.8252227902412415 0.06890304386615753 0.00010091847070725635 0.825225293636322
192.23343955989245 0.8252227902412415 0.06890304386615753 -3.3384651487722294e-08 0.825225293636322
203.4344568482133 0.8252227902412415 0.06890304386615753 -3.3384651487722294e-08 0.825225293636322
209.99999999999997 0.8252227902412415 0.06890304386615753 -3.3374782049122587e-08 0.825225293636322
210.00009999999997 0.8252227902412415 0.06890304386615753 -3.33607026448135e-08 0.825225293636322
210.0003 0.8252227902412415 0.06890304386615753 -3.3341589045221554e-08 0.825225293636322
210.00070000000002 0.8252227902412415 0.06890304386615753 -3.332459286298217e-08 0.825225293636322
210.00100000000003 0.8252227902412415 0.06890304386615753 -3.3321356340820785e-08 0.825225293636322
210.01426417218622 0.8252227902412415 0.06890304386615753 6.478549039456993e-05 0.825225293636322
210.02753482418296 0.8252227902412415 0.06890304386615753 0.00012963017798028886 0.825225293636322
210.05407612817646 0.8252227902412415 0.06890304386615753 0.00025930223637260497 0.825225293636322
210.10715873616343 0.8252227902412415 0.06890304386615753 0.0005185769405215979 0.825225293636322
210.21332395213733 0.8252227902412415 0.06890304386615753 0.001036848989315331 0.825225293636322
210.42565438408516 0.8252227902412415 0.06890304386615753 0.0020725487265735865 0.825225293636322
217.92565438408488 0.8252227902412415 0.06890304386615753 0.037902284413576126 0.825225293636322
225.42565438408457 0.8252227902412415 0.06890304386615753 0.07225467264652252 0.825225293636322
225.66002938408457 0.8252227902412415 0.06890304386615753 0.07330440729856491 0.825225293636322
225.89440438408454 0.8252227902412415 0.06890304386615753 0.07435271143913269 0.825225293636322
226.12877938408454 0.8252227902412415 0.06890304386615753 0.07539957016706467 0.825225293636322
232.92565438408425 0.8252227902412415 0.06890304386615753 0.10513387620449066 0.825225293636322
239.72252938408397 0.8252227902412415 0.06890304386615753 0.13366609811782837 0.825225293636322
239.95690438408397 0.8252227902412415 0.06890304386615753 0.13462893664836884 0.825225293636322
239.99999999999997 0.8252227902412415 0.06890304386615753 0.134805828332901 0.825225293636322
