time a b c w1 w2
0.0 0.0 0.0 0.0 0.0 0.0
0.00014062499775757686 1.0 1.0 1.0 1.4063906124282356e-21 1.4063906124282356e-21
0.00028124999551515373 1.0 1.0 1.0 -5.556931359507189e-09 -5.556931359507189e-09
0.0005624999910303075 1.0 1.0 1.0 -2.320215486406596e-08 -2.320215486406596e-08
0.001 1.0 1.0 1.0 -3.33825056486603e-08 -3.33825056486603e-08
29.999999999999996 1.0 1.0 1.0 -3.338226761684382e-08 -3.338226761684382e-08
30.000099999999996 1.0 1.0 1.0 -3.336256781949487e-08 -3.336256781949487e-08
30.0003 1.0 1.0 1.0 -3.334311315938976e-08 -3.334311315938976e-08
30.0007 1.0 1.0 1.0 -3.333240883307553e-08 -3.333240883307553e-08
30.001 1.0 1.0 1.0 -3.33278222797162e-08 -3.33278222797162e-08
59.99999999999999 1.0 1.0 1.0 -3.33278222797162e-08 -3.33278222797162e-08
60.000099999999996 1.0 1.0 1.0 -3.33278222797162e-08 -3.33278222797162e-08
60.000299999999996 1.0 1.0 1.0 -3.33278222797162e-08 -3.33278222797162e-08
60.000699999999995 1.0 1.0 0.9999999403953552 -3.33278222797162e-08 -3.33278222797162e-08
60.001000000000005 1.0 1.0 0.9999997019767761 -3.33278222797162e-08 -3.33278222797162e-08
60.00156000000001 1.0 1.0 0.9999986886978149 -3.33278222797162e-08 -3.33278222797162e-08
60.002200000000016 1.0 1.0 0.9999974966049194 -3.33278222797162e-08 -3.33278222797162e-08
60.003480000000025 1.0 1.0 0.999995231628418 -3.33278222797162e-08 -3.33278222797162e-08
60.00604000000004 1.0 1.0 0.9999905824661255 -3.33278222797162e-08 -3.33278222797162e-08
60.01116000000009 1.0 1.0 0.9999812841415405 -3.33278222797162e-08 -3.33278222797162e-08
60.021400000000185 1.0 1.0 0.999962568283081 -3.33278222797162e-08 -3.33278222797162e-08
60.04188000000037 1.0 1.0 0.9999251365661621 -3.33278222797162e-08 -3.33278222797162e-08
60.082840000000736 1.0 1.0 0.9998498558998108 -3.33278222797162e-08 -3.33278222797162e-08
60.084120000000745 1.0 1.0 0.9998475313186646 -3.33278222797162e-08 -3.33278222797162e-08
60.08668000000077 1.0 1.0 0.9998427629470825 -3.33278222797162e-08 -3.33278222797162e-08
60.09180000000081 1.0 1.0 0.9998332262039185 -3.33278222797162e-08 -3.33278222797162e-08
60.102040000000905 1.0 1.0 0.999813973903656 -3.33278222797162e-08 -3.33278222797162e-08
60.12252000000109 1.0 1.0 0.9997751712799072 -3.33278222797162e-08 -3.33278222797162e-08
60.158360000001416 1.0 1.0 0.9997061491012573 -3.33278222797162e-08 -3.33278222797162e-08
60.199320000001784 1.0 1.0 0.9996255040168762 -3.33278222797162e-08 -3.33278222797162e-08
60.3017200000027 1.0 1.0 0.9994195103645325 -3.33278222797162e-08 -3.33278222797162e-08
60.34268000000307 1.0 1.0 0.9993339776992798 -3.33278222797162e-08 -3.33278222797162e-08
60.42460000000381 1.0 1.0 0.9991603493690491 -3.33278222797162e-08 -3.33278222797162e-08
60.44252000000397 1.0 1.0 0.9991213083267212 -3.33278222797162e-08 -3.33278222797162e-08
60.46300000000416 1.0 1.0 0.999076247215271 -3.33278222797162e-08 -3.33278222797162e-08
60.50396000000452 1.0 1.0 0.9989845752716064 -3.33278222797162e-08 -3.33278222797162e-08
60.606360000005445 1.0 1.0 0.9987486600875854 -3.33278222797162e-08 -3.33278222797162e-08
60.72924000000654 1.0 1.0 0.9984452128410339 -3.33278222797162e-08 -3.33278222797162e-08
60.93404000000837 1.0 1.0 0.9979050159454346 -3.33278222797162e-08 -3.33278222797162e-08
61.07740000000966 1.0 1.0 0.9974870085716248 -3.33278222797162e-08 -3.33278222797162e-08
61.15932000001039 1.0 1.0 0.9972310662269592 -3.33278222797162e-08 -3.33278222797162e-08
61.32316000001187 1.0 1.0 0.9966927766799927 -3.33278222797162e-08 -3.33278222797162e-08
61.37436000001233 1.0 1.0 0.9965142607688904 -3.33278222797162e-08 -3.33278222797162e-08
61.39996000001256 1.0 1.0 0.9964220523834229 -3.33278222797162e-08 -3.33278222797162e-08
61.43068000001284 1.0 1.0 0.9963088035583496 -3.33278222797162e-08 -3.33278222797162e-08
61.47164000001321 1.0 1.0 0.996152937412262 -3.33278222797162e-08 -3.33278222797162e-08
61.561240000014 1.0 1.0 0.9958038926124573 -3.33278222797162e-08 -3.33278222797162e-08
61.5714800000141 1.0 1.0 0.9957627058029175 -3.33278222797162e-08 -3.33278222797162e-08
61.59196000001428 1.0 1.0 0.9956797361373901 -3.33278222797162e-08 -3.33278222797162e-08
61.63292000001466 1.0 1.0 0.995509147644043 -3.33278222797162e-08 -3.33278222797162e-08
61.87868000001686 1.0 1.0 0.9943511486053467 -3.33278222797162e-08 -3.33278222797162e-08
62.21660000001989 1.0 1.0 0.9925281405448914 -3.33278222797162e-08 -3.33278222797162e-08
62.32412000002085 1.0 1.0 0.9918375611305237 -3.33278222797162e-08 -3.33278222797162e-08
62.43164000002182 1.0 1.0 0.9910784959793091 -3.33278222797162e-08 -3.33278222797162e-08
62.646680000023764 1.0 1.0 0.9894021153450012 -3.33278222797162e-08 -3.33278222797162e-08
62.708120000024316 1.0 1.0 0.9888624548912048 -3.33278222797162e-08 -3.33278222797162e-08
62.99484000002689 1.0 1.0 0.9859638214111328 -3.33278222797162e-08 -3.33278222797162e-08
63.2406000000291 1.0 1.0 0.9828580617904663 -3.33278222797162e-08 -3.33278222797162e-08
63.37372000003029 1.0 1.0 0.9808932542800903 -3.33278222797162e-08 -3.33278222797162e-08
63.50684000003149 1.0 1.0 0.9786217212677002 -3.33278222797162e-08 -3.33278222797162e-08
63.71164000003333 1.0 1.0 0.9746738076210022 -3.33278222797162e-08 -3.33278222797162e-08
64.28508000003846 1.0 1.0 0.9571557641029358 -3.33278222797162e-08 -3.33278222797162e-08
64.94044000004435 1.0 1.0 0.9242014288902283 -3.33278222797162e-08 -3.33278222797162e-08
65.81934625004435 1.0 1.0 0.8612304925918579 -3.33278222797162e-08 -3.33278222797162e-08
66.69825250004435 1.0 1.0 0.7785865068435669 -3.33278222797162e-08 -3.33278222797162e-08
67.57715875004433 1.0 1.0 0.6802171468734741 -3.33278222797162e-08 -3.33278222797162e-08
68.45606500004433 1.0 1.0 0.5714266896247864 -3.33278222797162e-08 -3.33278222797162e-08
69.33497125004433 1.0 1.0 0.4557341933250427 -3.33278222797162e-08 -3.33278222797162e-08
70.21387750004433 1.0 1.0 0.33531010150909424 -3.33278222797162e-08 -3.33278222797162e-08
71.09278375004433 1.0 1.0 0.21258144080638885 -3.33278222797162e-08 -3.33278222797162e-08
71.97169000004433 1.0 1.0 0.0926377922296524 -3.33278222797162e-08 -3.33278222797162e-08
72.40997308175004 1.0 1.0 0.03936031833291054 -3.33278222797162e-08 -3.33278222797162e-08
72.64772667993728 1.0 1.0 0.016456572338938713 -3.33278222797162e-08 -3.33278222797162e-08
72.81062300766477 1.0 1.0 0.004673719871789217 -3.33278222797162e-08 -3.33278222797162e-08
72.89481360858808 1.0 1.0 0.00037978103500790894 -3.33278222797162e-08 -3.33278222797162e-08
72.91391566581547 1.0 1.0 -3.3387223652425746e-08 -3.33278222797162e-08 -3.33278222797162e-08
89.99999999999999 1.0 1.0 -3.342429266695035e-08 -3.33278222797162e-08 -3.33278222797162e-08
90.0001 1.0 1.0 -3.338626797244615e-08 -3.332875309070005e-08 -3.33278222797162e-08
90.0003 1.0 1.0 -3.3355501471987736e-08 -3.333153131279687e-08 -3.332808518052843e-08
90.0007 1.0 1.0 -3.332009157475113e-08 -3.333094156232619e-08 -3.332939968458959e-08
90.001 1.0 1.0 -3.327330944102869e-08 -3.3324909054499585e-08 -3.333058273824463e-08
119.99999999999999 1.0 1.0 -3.327330944102869e-08 -3.3324905501785906e-08 -3.333058273824463e-08
120.0001 1.0 1.0 -3.327330944102869e-08 -3.3324905501785906e-08 -3.333058273824463e-08
120.0003 1.0 1.0 -3.327330944102869e-08 -3.3324905501785906e-08 -3.333058273824463e-08
120.00046059139075 1.0 1.0 -3.327330944102869e-08 -3.3324905501785906e-08 -3.333058273824463e-08
120.0004954869542 1.0 1.0 -3.327330944102869e-08 -3.3324905501785906e-08 2.0497152775078575e-07
120.00051310432902 1.0 1.0 -3.327330944102869e-08 -3.3324905501785906e-08 8.597066312177049e-07
120.0005312723418 1.0 1.0 -3.327330944102869e-08 -3.3324905501785906e-08 2.1307955648808274e-06
120.00057867128255 1.0 1.0 -3.327330944102869e-08 -3.3324905501785906e-08 5.655758286593482e-06
120.0007775610304 0.9999998807907104 1.0 -1.427344908933037e-08 -3.3324905501785906e-08 1.7214380932273343e-05
120.00087565902095 0.9999998211860657 1.0 -6.391535976035811e-07 -3.3324905501785906e-08 2.1371839466155507e-05
120.00097375701151 0.9999996423721313 1.0 3.126430101474398e-06 -3.3324905501785906e-08 2.4658342226757668e-05
120.001 0.9999995827674866 1.0 5.950668764853617e-06 -3.3324905501785906e-08 2.5404498956049792e-05
120.09009091094964 0.9998357892036438 1.0 0.01204597856849432 -3.3324905501785906e-08 0.002425442449748516
120.17918182189926 0.9996636509895325 1.0 0.023984603583812714 -3.3324905501785906e-08 0.004790972918272018
120.35736636267886 0.9992905259132385 1.0 0.04757494479417801 -3.3324905501785906e-08 0.009425001218914986
120.71373544423801 0.998392641544342 1.0 0.09369569271802902 -3.3324905501785906e-08 0.01833866350352764
121.42647360735633 0.9958589673042297 1.0 0.18260903656482697 -3.3324905501785906e-08 0.03507073223590851
122.30537985735633 0.9905135631561279 1.0 0.28647032380104065 -3.3324905501785906e-08 0.05384570360183716
123.18428610735634 0.9796132445335388 1.0 0.3827286958694458 -3.3324905501785906e-08 0.0702558234333992
124.06319235735636 0.956787109375 1.0 0.4701579213142395 -3.3324905501785906e-08 0.08403990417718887
124.94209860735637 0.9145973920822144 1.0 0.5480407476425171 -3.3324905501785906e-08 0.0951545313000679
125.82100485735639 0.8494941592216492 1.0 0.615715503692627 -3.3324905501785906e-08 0.10363616049289703
126.69991110735639 0.7640445828437805 1.0 0.6727498769760132 -3.3324905501785906e-08 0.10964570194482803
127.5788173573564 0.6638384461402893 1.0 0.7193674445152283 -3.3324905501785906e-08 0.11354032158851624
128.45772360735643 0.5538336634635925 1.0 0.7565828561782837 -3.3324905501785906e-08 0.11583303660154343
129.33662985735643 0.43731632828712463 1.0 0.7858374714851379 -3.3324905501785906e-08 0.11705092340707779
130.21553610735643 0.3163550794124603 1.0 0.8086270093917847 -3.3324905501785906e-08 0.11762166768312454
131.09444235735646 0.19395577907562256 1.0 0.8263323307037354 -3.3324905501785906e-08 0.11784937977790833
131.97334860735646 0.07615942507982254 1.0 0.840484619140625 -3.3324905501785906e-08 0.11792641133069992
132.36078741940284 0.03122383914887905 1.0 0.8457123637199402 -3.3324905501785906e-08 0.11793611198663712
132.57489965359176 0.012040539644658566 1.0 0.8482633233070374 -3.3324905501785906e-08 0.11793719977140427
132.7117535862142 0.002800121670588851 1.0 0.8497944474220276 -3.3324905501785906e-08 0.11793743073940277
132.76663464137357 0.0002217432192992419 1.0 0.8503894805908203 -3.3324905501785906e-08 0.11793746799230576
132.7791768355223 -3.338720233614367e-08 1.0 0.8505241870880127 -3.3324905501785906e-08 0.11793747544288635
132.8047511009914 -3.338720233614367e-08 1.0 0.8507995009422302 -3.3324905501785906e-08 0.11793749034404755
132.98228815079503 -3.338720233614367e-08 1.0 0.8526077270507812 -3.3324905501785906e-08 0.11793751269578934
133.59098660726454 -3.338720233614367e-08 1.0 0.8580969572067261 -3.3324905501785906e-08 0.11793751269578934
134.40258454922386 -3.338720233614367e-08 1.0 0.8643465042114258 -3.3324905501785906e-08 0.11793751269578934
136.16039704922386 -3.338720233614367e-08 1.0 0.8747397661209106 -3.3324905501785906e-08 0.11793751269578934
137.9182095492239 -3.338720233614367e-08 1.0 0.881904661655426 -3.3324905501785906e-08 0.11793751269578934
138.79711579922392 -3.338720233614367e-08 1.0 0.8846970796585083 -3.3324905501785906e-08 0.11793751269578934
139.67602204922392 -3.338720233614367e-08 1.0 0.8871066570281982 -3.3324905501785906e-08 0.11793751269578934
140.55492829922392 -3.338720233614367e-08 1.0 0.889209508895874 -3.3324905501785906e-08 0.11793751269578934
142.75219392422397 -3.338720233614367e-08 1.0 0.893456220626831 -3.3324905501785906e-08 0.11793751269578934
144.949459549224 -3.338720233614367e-08 1.0 0.8966720104217529 -3.3324905501785906e-08 0.11793751269578934
145.828365799224 -3.338720233614367e-08 1.0 0.8977506160736084 -3.3324905501785906e-08 0.11793751269578934
146.707272049224 -3.338720233614367e-08 1.0 0.8987338542938232 -3.3324905501785906e-08 0.11793751269578934
147.58617829922403 -3.338720233614367e-08 1.0 0.8996339440345764 -3.3324905501785906e-08 0.11793751269578934
148.46508454922403 -3.338720233614367e-08 1.0 0.9004610180854797 -3.3324905501785906e-08 0.11793751269578934
149.34399079922406 -3.338720233614367e-08 1.0 0.9012290835380554 -3.3324905501785906e-08 0.11793751269578934
150.0 -3.3358020345986006e-08 1.0 0.901775062084198 -3.3324905501785906e-08 0.11793751269578934
150.0001 -3.33557927945094e-08 1.0 0.9017751216888428 -3.3324905501785906e-08 0.11793751269578934
150.0003 -3.333572706765153e-08 1.0 0.9017752408981323 -3.332915454734575e-08 0.11793720722198486
150.0007 -3.329322950662572e-08 1.0 0.9017753005027771 -3.3352932859997964e-08 0.11793229728937149
150.0009433529924 -6.908706384756158e-10 1.0 0.9017753005027771 -3.337488863053295e-08 0.11792230606079102
150.001 4.70748204861593e-08 1.0 0.9017753005027771 -3.3381624575667956e-08 0.1179175153374672
150.08430188350835 0.00023635652905795723 1.0 0.9017753005027771 -3.3381688524514175e-08 0.10736099630594254
150.1676037670167 0.0004726056649815291 1.0 0.9017753005027771 -3.338175247336039e-08 0.09697537869215012
150.33421770334095 0.0009449517820030451 1.0 0.9017753005027771 -3.338187326562547e-08 0.07727103680372238
150.66744557598955 0.0018891330109909177 1.0 0.9017753005027771 -3.3382068664877806e-08 0.04221018776297569
150.96794896092092 0.0027400758117437363 1.0 0.9017753005027771 -3.338220011528392e-08 0.01624181680381298
151.15724075278504 0.0032758016604930162 1.0 0.9017753005027771 -3.338226051141646e-08 0.003862629411742091
151.2389667247878 0.003507015760987997 1.0 0.9017753005027771 -3.338227472227118e-08 0.00029283371986821294
151.2571487792402 0.003558445954695344 1.0 0.9017753005027771 -3.338227472227118e-08 -3.33822711695575e-08
151.33043981545524 0.003765722503885627 1.0 0.9017753005027771 -3.338227472227118e-08 -3.33822711695575e-08
151.40373085167033 0.003972952254116535 1.0 0.9017753005027771 -3.338227472227118e-08 -3.33822711695575e-08
151.55001274358142 0.00438642455264926 1.0 0.9017753005027771 -3.338227472227118e-08 -3.33822711695575e-08
151.84257652740362 0.005212817341089249 1.0 0.9017753005027771 -3.338227472227118e-08 -3.33822711695575e-08
165.9212882637018 0.04428846016526222 1.0 0.9017753005027771 -3.338227472227118e-08 -3.337912701795176e-08
179.99999999999997 0.08197657018899918 1.0 0.9017753005027771 -3.338227472227118e-08 -3.340738174983926e-08
180.0001 0.08197657018899918 1.0 0.9017753005027771 -3.337018128490854e-08 -3.3378551478335794e-08
180.0003 0.08197657018899918 1.0 0.9017753005027771 -3.335179243890707e-08 -3.335179243890707e-08
180.00048062318174 0.08197657018899918 1.0 0.9017753005027771 -2.256521725030325e-08 -2.25576588519516e-08
180.00084186954524 0.08197657018899918 1.0 0.9017753005027771 3.132696235752519e-08 3.136540982495717e-08
180.001 0.08197657018899918 1.0 0.9017753005027771 5.963187987845231e-08 5.967723382127588e-08
681.5332031250061 0.08197657018899918 1.0 0.9017753005027771 5.963188698387967e-08 5.967723382127588e-08
899.5019531250091 0.08197657018899918 1.0 0.9017753005027771 5.963188698387967e-08 5.967724092670323e-08
900.0000000000001 0.08197657018899918 1.0 0.9017753005027771 5.963188698387967e-08 5.967724092670323e-08
