time a b c w1 w2
0.0 0.0 0.0 0.0 0.0 0.0
1.757812428601624e-06 1.0832566022872925 1.0832566022872925 1.0832566022872925 1.757988202426422e-23 1.757988202426422e-23
1.7648476783160305e-06 1.0055341720581055 1.0055341720581055 1.0055341720581055 1.7650242106122693e-23 1.7650242106122693e-23
1.7789181777448437e-06 0.9905999898910522 0.9905999898910522 0.9905999898910522 1.7790960692117828e-23 1.7790960692117828e-23
1.8070591766024704e-06 0.984626293182373 0.984626293182373 0.984626293182373 1.8072399441829907e-23 1.8072399441829907e-23
0.00013281055255599797 0.984626293182373 0.984626293182373 0.984626293182373 1.3282383013875093e-21 1.3282383013875093e-21
0.00026381985277929004 0.984626293182373 0.984626293182373 0.984626293182373 2.6384624023353322e-21 2.6384624023353322e-21
0.0005258384532258742 0.984626293182373 0.984626293182373 0.984626293182373 -5.939817082634136e-09 -5.939817082634136e-09
0.001 0.984626293182373 0.984626293182373 0.984626293182373 -3.3377595798356197e-08 -3.3377595798356197e-08
29.999999999999996 0.984626293182373 0.984626293182373 0.984626293182373 -3.337773435418967e-08 -3.337773435418967e-08
30.000099999999996 0.984626293182373 0.984626293182373 0.984626293182373 -3.3359857098957946e-08 -3.3359857098957946e-08
30.0003 0.984626293182373 0.984626293182373 0.984626293182373 -3.334220011197431e-08 -3.334220011197431e-08
30.0007 0.984626293182373 0.984626293182373 0.984626293182373 -3.333246922920807e-08 -3.333246922920807e-08
30.001 0.984626293182373 0.984626293182373 0.984626293182373 -3.3328287685208124e-08 -3.3328287685208124e-08
59.99999999999999 0.984626293182373 0.984626293182373 0.984626293182373 -3.3328284132494446e-08 -3.3328284132494446e-08
60.000099999999996 0.984626293182373 0.984626293182373 0.984626293182373 -3.3328284132494446e-08 -3.3328284132494446e-08
60.000299999999996 0.984626293182373 0.984626293182373 0.984626293182373 -3.3328284132494446e-08 -3.3328284132494446e-08
60.000699999999995 0.984626293182373 0.984626293182373 0.9846258163452148 -3.3328284132494446e-08 -3.3328284132494446e-08
60.001000000000005 0.984626293182373 0.984626293182373 0.9846249222755432 -3.3328284132494446e-08 -3.3328284132494446e-08
60.00352000000002 0.984626293182373 0.984626293182373 0.9846042990684509 -3.3328284132494446e-08 -3.3328284132494446e-08
60.00604000000004 0.984626293182373 0.984626293182373 0.9845836162567139 -3.3328284132494446e-08 -3.3328284132494446e-08
60.01116000000009 0.984626293182373 0.984626293182373 0.9845415353775024 -3.3328284132494446e-08 -3.3328284132494446e-08
60.021400000000185 0.984626293182373 0.984626293182373 0.9844568967819214 -3.3328284132494446e-08 -3.3328284132494446e-08
60.082840000000736 0.984626293182373 0.984626293182373 0.9839387536048889 -3.3328284132494446e-08 -3.3328284132494446e-08
60.185240000001656 0.984626293182373 0.984626293182373 0.9830453395843506 -3.3328284132494446e-08 -3.3328284132494446e-08
60.30812000000276 0.984626293182373 0.984626293182373 0.9818858504295349 -3.3328284132494446e-08 -3.3328284132494446e-08
60.47196000000422 0.984626293182373 0.984626293182373 0.9802176356315613 -3.3328284132494446e-08 -3.3328284132494446e-08
60.64774125000422 0.984626293182373 0.984626293182373 0.9782664775848389 -3.3328284132494446e-08 -3.3328284132494446e-08
61.15311234375423 0.984626293182373 0.984626293182373 0.971477746963501 -3.3328284132494446e-08 -3.3328284132494446e-08
61.32889359375423 0.984626293182373 0.984626293182373 0.9685852527618408 -3.3328284132494446e-08 -3.3328284132494446e-08
61.50467484375423 0.984626293182373 0.984626293182373 0.9654136896133423 -3.3328284132494446e-08 -3.3328284132494446e-08
62.03201859375422 0.984626293182373 0.984626293182373 0.953629195690155 -3.3328284132494446e-08 -3.3328284132494446e-08
62.55936234375422 0.984626293182373 0.984626293182373 0.9376570582389832 -3.3328284132494446e-08 -3.3328284132494446e-08
63.08670609375422 0.984626293182373 0.984626293182373 0.9163784384727478 -3.3328284132494446e-08 -3.3328284132494446e-08
63.43826859375422 0.984626293182373 0.984626293182373 0.8988159894943237 -3.3328284132494446e-08 -3.3328284132494446e-08
63.78983109375422 0.984626293182373 0.984626293182373 0.878442645072937 -3.3328284132494446e-08 -3.3328284132494446e-08
63.96561234375422 0.984626293182373 0.984626293182373 0.8671861886978149 -3.3328284132494446e-08 -3.3328284132494446e-08
64.14139359375422 0.984626293182373 0.984626293182373 0.8552084565162659 -3.3328284132494446e-08 -3.3328284132494446e-08
64.49295609375422 0.984626293182373 0.984626293182373 0.8291993141174316 -3.3328284132494446e-08 -3.3328284132494446e-08
64.84451859375422 0.984626293182373 0.984626293182373 0.8006029725074768 -3.3328284132494446e-08 -3.3328284132494446e-08
65.02029984375422 0.984626293182373 0.984626293182373 0.7853838801383972 -3.3328284132494446e-08 -3.3328284132494446e-08
65.37186234375422 0.984626293182373 0.984626293182373 0.7532501220703125 -3.3328284132494446e-08 -3.3328284132494446e-08
65.72342484375422 0.984626293182373 0.984626293182373 0.7189793586730957 -3.3328284132494446e-08 -3.3328284132494446e-08
65.89920609375422 0.984626293182373 0.984626293182373 0.7011234164237976 -3.3328284132494446e-08 -3.3328284132494446e-08
66.25076859375422 0.984626293182373 0.984626293182373 0.6641863584518433 -3.3328284132494446e-08 -3.3328284132494446e-08
66.60233109375422 0.984626293182373 0.984626293182373 0.6256962418556213 -3.3328284132494446e-08 -3.3328284132494446e-08
66.77811234375422 0.984626293182373 0.984626293182373 0.6059078574180603 -3.3328284132494446e-08 -3.3328284132494446e-08
67.12967484375422 0.984626293182373 0.984626293182373 0.5653861165046692 -3.3328284132494446e-08 -3.3328284132494446e-08
67.65701859375422 0.984626293182373 0.984626293182373 0.5024795532226562 -3.3328284132494446e-08 -3.3328284132494446e-08
68.00858109375422 0.984626293182373 0.984626293182373 0.4592559039592743 -3.3328284132494446e-08 -3.3328284132494446e-08
68.36014359375422 0.984626293182373 0.984626293182373 0.41516387462615967 -3.3328284132494446e-08 -3.3328284132494446e-08
68.88748734375422 0.984626293182373 0.984626293182373 0.3476276695728302 -3.3328284132494446e-08 -3.3328284132494446e-08
69.41483109375422 0.984626293182373 0.984626293182373 0.2786301076412201 -3.3328284132494446e-08 -3.3328284132494446e-08
69.94217484375422 0.984626293182373 0.984626293182373 0.20836803317070007 -3.3328284132494446e-08 -3.3328284132494446e-08
70.2937373437542 0.984626293182373 0.984626293182373 0.1610335260629654 -3.3328284132494446e-08 -3.3328284132494446e-08
70.6452998437542 0.984626293182373 0.984626293182373 0.11396066099405289 -3.3328284132494446e-08 -3.3328284132494446e-08
70.8210810937542 0.984626293182373 0.984626293182373 0.09109436720609665 -3.3328284132494446e-08 -3.3328284132494446e-08
70.9968623437542 0.984626293182373 0.984626293182373 0.06925678253173828 -3.3328284132494446e-08 -3.3328284132494446e-08
71.1726435937542 0.984626293182373 0.984626293182373 0.04912310838699341 -3.3328284132494446e-08 -3.3328284132494446e-08
71.3484248437542 0.984626293182373 0.984626293182373 0.031425315886735916 -3.3328284132494446e-08 -3.3328284132494446e-08
71.5242060937542 0.984626293182373 0.984626293182373 0.01666840724647045 -3.3328284132494446e-08 -3.3328284132494446e-08
71.6999873437542 0.984626293182373 0.984626293182373 0.004537082742899656 -3.3328284132494446e-08 -3.3328284132494446e-08
71.77259755841999 0.984626293182373 0.984626293182373 0.0006130472174845636 -3.3328284132494446e-08 -3.3328284132494446e-08
71.79381911538283 0.984626293182373 0.984626293182373 5.68295108678285e-05 -3.3328284132494446e-08 -3.3328284132494446e-08
71.80956273020605 0.984626293182373 0.984626293182373 -3.3384615960585506e-08 -3.3328284132494446e-08 -3.3328284132494446e-08
89.99999999999999 0.984626293182373 0.984626293182373 -3.341114762633879e-08 -3.3328284132494446e-08 -3.3328284132494446e-08
90.0001 0.984626293182373 0.984626293182373 -3.338079324066712e-08 -3.3328284132494446e-08 -3.3328284132494446e-08
90.0003 0.984626293182373 0.984626293182373 -3.335246034907868e-08 -3.3329708770679645e-08 -3.3328284132494446e-08
90.00045878465924 0.984626293182373 0.984626293182373 -3.3335780358356715e-08 -3.33316769740577e-08 -3.3328284132494446e-08
90.00077635397776 0.984626293182373 0.984626293182373 -3.330024611614135e-08 -3.3331222226706814e-08 -3.3328284132494446e-08
90.001 0.984626293182373 0.984626293182373 -3.3289570211536557e-08 -3.332610276629566e-08 -3.3328284132494446e-08
119.99999999999999 0.984626293182373 0.984626293182373 -3.3289570211536557e-08 -3.332610276629566e-08 -3.3328284132494446e-08
120.0001 0.984626293182373 0.984626293182373 -3.3289570211536557e-08 -3.332610276629566e-08 -3.3328284132494446e-08
120.0003 0.984626293182373 0.984626293182373 -3.3289570211536557e-08 -3.332610276629566e-08 -3.3328284132494446e-08
120.00040039966484 0.984626293182373 0.984626293182373 -3.3289570211536557e-08 -3.332610276629566e-08 -3.3328284132494446e-08
120.00046059169857 0.984626293182373 0.984626293182373 -3.3289570211536557e-08 -3.332610276629566e-08 -3.3328284132494446e-08
120.00049548737773 0.984626293182373 0.984626293182373 -3.3289570211536557e-08 -3.332610276629566e-08 1.5137050013436237e-07
120.00051584074424 0.984626293182373 0.984626293182373 -3.3289570211536557e-08 -3.332610276629566e-08 6.930019367246132e-07
120.0005367264424 0.984626293182373 0.984626293182373 -3.3289570211536557e-08 -3.332610276629566e-08 1.7175613038489246e-06
120.00059593602636 0.9846261739730835 0.984626293182373 -3.3289570211536557e-08 -3.332610276629566e-08 4.692920356319519e-06
120.00084394693029 0.9846254587173462 0.984626293182373 8.455506872451224e-08 -3.332610276629566e-08 1.3205206414568238e-05
120.00091577068184 0.9846251010894775 0.984626293182373 8.255033208115492e-07 -3.332610276629566e-08 1.47425671457313e-05
120.00097201061013 0.9846246838569641 0.984626293182373 3.0342177979036933e-06 -3.332610276629566e-08 1.5707553757238202e-05
120.0009992649808 0.9846245050430298 0.984626293182373 4.919051207252778e-06 -3.332610276629566e-08 1.611737570783589e-05
120.001 0.984624445438385 0.984626293182373 4.98040071761352e-06 -3.332610276629566e-08 1.612786581972614e-05
120.0250843739991 0.9844258427619934 0.984626293182373 0.0022794799879193306 -3.332610276629566e-08 0.0003574216098058969
120.04916874799821 0.9842240810394287 0.984626293182373 0.004571187309920788 -3.332610276629566e-08 0.0007035751477815211
120.18466780547713 0.983028769493103 0.984626293182373 0.017366677522659302 -3.332610276629566e-08 0.0026234695687890053
120.35932548436178 0.9813567996025085 0.984626293182373 0.03371581435203552 -3.332610276629566e-08 0.005057616159319878
120.71088798436178 0.9775097966194153 0.984626293182373 0.06613961607217789 -3.332610276629566e-08 0.009821907617151737
120.88666923436178 0.9752835631370544 0.984626293182373 0.08204479515552521 -3.332610276629566e-08 0.012119113467633724
121.23823173436178 0.9700961709022522 0.984626293182373 0.11321955919265747 -3.332610276629566e-08 0.016539763659238815
121.41401298436176 0.9670748114585876 0.984626293182373 0.12849685549736023 -3.332610276629566e-08 0.018666202202439308
121.58979423436176 0.9637235403060913 0.984626293182373 0.1435905396938324 -3.332610276629566e-08 0.020743481814861298
121.94135673436176 0.9558815956115723 0.984626293182373 0.17319703102111816 -3.332610276629566e-08 0.024744385853409767
122.29291923436178 0.9462533593177795 0.984626293182373 0.20192795991897583 -3.332610276629566e-08 0.02851700596511364
122.82026298436182 0.9277505874633789 0.984626293182373 0.24336303770542145 -3.332610276629566e-08 0.03375249356031418
123.17182548436185 0.9122855067253113 0.984626293182373 0.2700728476047516 -3.332610276629566e-08 0.037014856934547424
123.52338798436188 0.8940721750259399 0.984626293182373 0.2960702180862427 -3.332610276629566e-08 0.0401034839451313
123.69916923436189 0.8839004039764404 0.984626293182373 0.30881306529045105 -3.332610276629566e-08 0.04158638417720795
124.05073173436192 0.8614165782928467 0.984626293182373 0.33362898230552673 -3.332610276629566e-08 0.04439447447657585
124.22651298436192 0.8491195440292358 0.984626293182373 0.3456801772117615 -3.332610276629566e-08 0.04571585729718208
124.40229423436193 0.8361378908157349 0.984626293182373 0.3575145900249481 -3.332610276629566e-08 0.046987805515527725
124.57807548436195 0.8224912881851196 0.984626293182373 0.36917367577552795 -3.332610276629566e-08 0.04822023957967758
124.75385673436196 0.8082025647163391 0.984626293182373 0.3806556463241577 -3.332610276629566e-08 0.049413397908210754
124.92963798436197 0.7932971119880676 0.984626293182373 0.3919171094894409 -3.332610276629566e-08 0.05055829882621765
125.10541923436199 0.7778017520904541 0.984626293182373 0.40293747186660767 -3.332610276629566e-08 0.051651135087013245
125.281200484362 0.7617442607879639 0.984626293182373 0.413717657327652 -3.332610276629566e-08 0.05269297584891319
125.45698173436202 0.7451528310775757 0.984626293182373 0.42426902055740356 -3.332610276629566e-08 0.05368698760867119
125.63276298436203 0.7280554175376892 0.984626293182373 0.43461260199546814 -3.332610276629566e-08 0.05463828518986702
125.80854423436205 0.7104793787002563 0.984626293182373 0.44474828243255615 -3.332610276629566e-08 0.05554762855172157
125.98432548436206 0.6924513578414917 0.984626293182373 0.4546559154987335 -3.332610276629566e-08 0.05641176551580429
126.16010673436207 0.6739968657493591 0.984626293182373 0.46432697772979736 -3.332610276629566e-08 0.05722985416650772
126.33588798436209 0.6551403999328613 0.984626293182373 0.47378337383270264 -3.332610276629566e-08 0.0580068938434124
126.5116692343621 0.6359051465988159 0.984626293182373 0.4830659031867981 -3.332610276629566e-08 0.05875125527381897
126.6874504843621 0.616313099861145 0.984626293182373 0.4921743869781494 -3.332610276629566e-08 0.05946362018585205
126.86323173436212 0.5963848233222961 0.984626293182373 0.501089334487915 -3.332610276629566e-08 0.06014091521501541
127.03901298436213 0.5761398077011108 0.984626293182373 0.5098313093185425 -3.332610276629566e-08 0.060787349939346313
127.21479423436215 0.5555961728096008 0.984626293182373 0.5184004306793213 -3.332610276629566e-08 0.061403702944517136
127.39057548436216 0.5347709655761719 0.984626293182373 0.526758074760437 -3.332610276629566e-08 0.06198405846953392
127.56635673436217 0.513680100440979 0.984626293182373 0.5348876714706421 -3.332610276629566e-08 0.06252641975879669
127.74213798436219 0.4923384487628937 0.984626293182373 0.5428023338317871 -3.332610276629566e-08 0.06303384155035019
127.9179192343622 0.4707598388195038 0.984626293182373 0.5505238771438599 -3.332610276629566e-08 0.06351066380739212
128.26948173436222 0.4269426763057709 0.984626293182373 0.5653771758079529 -3.332610276629566e-08 0.0643744096159935
128.44526298436224 0.4047274887561798 0.984626293182373 0.5725052952766418 -3.332610276629566e-08 0.06476224958896637
128.62104423436224 0.38232219219207764 0.984626293182373 0.57947838306427 -3.332610276629566e-08 0.06512798368930817
128.79682548436227 0.35973671078681946 0.984626293182373 0.5862975120544434 -3.332610276629566e-08 0.06547249853610992
128.97260673436227 0.3369803726673126 0.984626293182373 0.5929279327392578 -3.332610276629566e-08 0.0657917931675911
129.1483879843623 0.3140621781349182 0.984626293182373 0.5993558764457703 -3.332610276629566e-08 0.06608478724956512
129.3241692343623 0.2909908592700958 0.984626293182373 0.605603814125061 -3.332610276629566e-08 0.06635509431362152
129.67573173436233 0.24442680180072784 0.984626293182373 0.6176924705505371 -3.332610276629566e-08 0.06684641540050507
129.85151298436236 0.22095781564712524 0.984626293182373 0.6235523223876953 -3.332610276629566e-08 0.06707064062356949
130.02729423436236 0.19738879799842834 0.984626293182373 0.6292737722396851 -3.332610276629566e-08 0.06727950274944305
130.20307548436236 0.17375405132770538 0.984626293182373 0.6348257064819336 -3.332610276629566e-08 0.06747022271156311
130.3788567343624 0.15011665225028992 0.984626293182373 0.6401963233947754 -3.332610276629566e-08 0.06764224171638489
130.5546379843624 0.1265958696603775 0.984626293182373 0.6454072594642639 -3.332610276629566e-08 0.06779840588569641
130.73041923436242 0.10341355204582214 0.984626293182373 0.6504945158958435 -3.332610276629566e-08 0.06794273853302002
130.90620048436242 0.08095550537109375 0.984626293182373 0.6554598212242126 -3.332610276629566e-08 0.06807602941989899
131.08198173436244 0.05981171503663063 0.984626293182373 0.6602737903594971 -3.332610276629566e-08 0.06819619238376617
131.25776298436244 0.040714845061302185 0.984626293182373 0.6649256944656372 -3.332610276629566e-08 0.06830291450023651
131.43354423436247 0.0243240837007761 0.984626293182373 0.6694286465644836 -3.332610276629566e-08 0.0683978945016861
131.60932548436247 0.010990024544298649 0.984626293182373 0.6738022565841675 -3.332610276629566e-08 0.06848321855068207
131.7851067343625 0.0008323828224092722 0.984626293182373 0.6780787110328674 -3.332610276629566e-08 0.06856159120798111
131.81934360093163 -3.3384651487722294e-08 0.984626293182373 0.6788962483406067 -3.332610276629566e-08 0.06857579946517944
131.90918528161097 -3.3384651487722294e-08 0.984626293182373 0.6810150146484375 -3.332610276629566e-08 0.06861128658056259
132.17437871054798 -3.3384651487722294e-08 0.984626293182373 0.6870360970497131 -3.332610276629566e-08 0.06870178878307343
133.05328496054804 -3.3384651487722294e-08 0.984626293182373 0.7052533626556396 -3.332610276629566e-08 0.0689060240983963
133.22906621054807 -3.3384651487722294e-08 0.984626293182373 0.7085955142974854 -3.332610276629566e-08 0.06893312186002731
133.40484746054807 -3.3384651487722294e-08 0.984626293182373 0.7118226885795593 -3.332610276629566e-08 0.06895579397678375
133.5806287105481 -3.3384651487722294e-08 0.984626293182373 0.7149393558502197 -3.332610276629566e-08 0.06897461414337158
134.10797246054813 -3.3384651487722294e-08 0.984626293182373 0.7238125205039978 -3.332610276629566e-08 0.06901639699935913
134.63531621054818 -3.3384651487722294e-08 0.984626293182373 0.7319554090499878 -3.332610276629566e-08 0.06904073059558868
135.42633183554824 -3.3384651487722294e-08 0.984626293182373 0.7431074380874634 -3.332610276629566e-08 0.06905879825353622
136.2173474605483 -3.3384651487722294e-08 0.984626293182373 0.752979040145874 -3.332610276629566e-08 0.06906449794769287
136.74469121054832 -3.3384651487722294e-08 0.984626293182373 0.7588979005813599 -3.332610276629566e-08 0.0690651461482048
136.92047246054835 -3.3384651487722294e-08 0.984626293182373 0.7607806324958801 -3.332610276629566e-08 0.06906522065401077
137.09625371054835 -3.3384651487722294e-08 0.984626293182373 0.7626016139984131 -3.332610276629566e-08 0.06906525045633316
137.27203496054838 -3.3384651487722294e-08 0.984626293182373 0.7643638849258423 -3.332610276629566e-08 0.06906525790691376
137.62359746054838 -3.3384651487722294e-08 0.984626293182373 0.7677260637283325 -3.332610276629566e-08 0.06906525790691376
138.15094121054844 -3.3384651487722294e-08 0.984626293182373 0.7724584341049194 -3.332610276629566e-08 0.06906525790691376
138.59039433554847 -3.3384651487722294e-08 0.984626293182373 0.7760897278785706 -3.332610276629566e-08 0.06906525790691376
139.0298474605485 -3.3384651487722294e-08 0.984626293182373 0.7794620990753174 -3.332610276629566e-08 0.06906525790691376
140.17242558554858 -3.3384651487722294e-08 0.984626293182373 0.7875649333000183 -3.332610276629566e-08 0.06906525790691376
141.31500371054867 -3.3384651487722294e-08 0.984626293182373 0.794552206993103 -3.332610276629566e-08 0.06906525790691376
141.6665662105487 -3.3384651487722294e-08 0.984626293182373 0.7964735627174377 -3.332610276629566e-08 0.06906525790691376
141.84234746054872 -3.3384651487722294e-08 0.984626293182373 0.7974093556404114 -3.332610276629566e-08 0.06906525790691376
142.01812871054872 -3.3384651487722294e-08 0.984626293182373 0.7983238697052002 -3.332610276629566e-08 0.06906525790691376
142.19390996054875 -3.3384651487722294e-08 0.984626293182373 0.7992141246795654 -3.332610276629566e-08 0.06906525790691376
143.60015996054884 -3.3384651487722294e-08 0.984626293182373 0.8055572509765625 -3.332610276629566e-08 0.06906525790691376
143.95172246054887 -3.3384651487722294e-08 0.984626293182373 0.8070095777511597 -3.332610276629566e-08 0.06906525790691376
144.3032849605489 -3.3384651487722294e-08 0.984626293182373 0.8084191083908081 -3.332610276629566e-08 0.06906525790691376
144.91851933554895 -3.3384651487722294e-08 0.984626293182373 0.8107253313064575 -3.332610276629566e-08 0.06906525790691376
145.53375371054898 -3.3384651487722294e-08 0.984626293182373 0.8128469586372375 -3.332610276629566e-08 0.06906525790691376
146.06109746054904 -3.3384651487722294e-08 0.984626293182373 0.8145387768745422 -3.332610276629566e-08 0.06906525790691376
146.58844121054906 -3.3384651487722294e-08 0.984626293182373 0.8162029981613159 -3.332610276629566e-08 0.06906525790691376
147.20367558554912 -3.3384651487722294e-08 0.984626293182373 0.8180385231971741 -3.332610276629566e-08 0.06906525790691376
147.81890996054915 -3.3384651487722294e-08 0.984626293182373 0.8198193907737732 -3.332610276629566e-08 0.06906525790691376
148.69781621054923 -3.3384651487722294e-08 0.984626293182373 0.822192370891571 -3.332610276629566e-08 0.06906525790691376
149.5767224605493 -3.3384651487722294e-08 0.984626293182373 0.8243294358253479 -3.332610276629566e-08 0.06906525790691376
149.92828496054932 -3.3384651487722294e-08 0.984626293182373 0.8251283168792725 -3.332610276629566e-08 0.06906525790691376
150.0 -3.333517639703132e-08 0.984626293182373 0.825290322303772 -3.332610276629566e-08 0.06906525790691376
150.0001 -3.3347504313496756e-08 0.984626293182373 0.8252905011177063 -3.332610276629566e-08 0.06906525790691376
150.0003 -3.332838716119113e-08 0.984626293182373 0.825290858745575 -3.33299503552098e-08 0.06906501203775406
150.0007 -3.3257055775948174e-08 0.984626293182373 0.8252913355827332 -3.3350708861235034e-08 0.0690622553229332
150.00088502497488 5.376760014996762e-08 0.984626293182373 0.8252913951873779 -3.336544196486102e-08 0.06905686110258102
150.001 2.489135226824146e-07 0.984626293182373 0.8252913951873779 -3.3377368424680753e-08 0.06904973089694977
150.09239306451406 0.00044867879478260875 0.984626293182373 0.8252913951873779 -3.337743947895433e-08 0.05964023619890213
150.18378612902814 0.0008968348847702146 0.984626293182373 0.8252913951873779 -3.3377506980514227e-08 0.05076833814382553
150.35956737902814 0.001758228405378759 0.984626293182373 0.8252913951873779 -3.3377627772779306e-08 0.03514069691300392
150.53534862902816 0.0026189007330685854 0.984626293182373 0.8252913951873779 -3.33776952743392e-08 0.02152322791516781
150.71112987902816 0.0034787552431225777 0.984626293182373 0.8252913951873779 -3.337770948519392e-08 0.010244722478091717
150.8869111290282 0.004337948746979237 0.984626293182373 0.8252913951873779 -3.337773790690335e-08 0.0012587031815201044
150.92789350945776 0.004538153763860464 0.984626293182373 0.8252913951873779 -3.337774145961703e-08 0.00010212393681285903
150.94526914831505 0.00462300842627883 0.984626293182373 0.8252913951873779 -3.337774145961703e-08 -3.337774145961703e-08
153.06001155494113 0.014890171587467194 0.984626293182373 0.8252913951873779 -3.337774145961703e-08 -3.337774145961703e-08
155.69673030494133 0.027526121586561203 0.984626293182373 0.8252913951873779 -3.337774145961703e-08 -3.337774145961703e-08
155.87251155494133 0.028361978009343147 0.984626293182373 0.8252913951873779 -3.337774145961703e-08 -3.337774145961703e-08
156.04829280494133 0.02919701859354973 0.984626293182373 0.8252913951873779 -3.337774145961703e-08 -3.337774145961703e-08
156.22407405494135 0.030031239613890648 0.984626293182373 0.8252913951873779 -3.337774145961703e-08 -3.337774145961703e-08
161.67329280494175 0.055486783385276794 0.984626293182373 0.8252913951873779 -3.337774145961703e-08 -3.337774145961703e-08
167.12251155494218 0.0801578164100647 0.984626293182373 0.8252913951873779 -3.337774145961703e-08 -3.337774145961703e-08
168.44087092994226 0.08600898087024689 0.984626293182373 0.8252913951873779 -3.337774145961703e-08 -3.337774145961703e-08
169.75923030494238 0.09181439876556396 0.984626293182373 0.8252913951873779 -3.337774145961703e-08 -3.337774145961703e-08
175.5600115549428 0.11681617796421051 0.984626293182373 0.8252913951873779 -3.337774145961703e-08 -3.337774145961703e-08
175.7357928049428 0.11756005883216858 0.984626293182373 0.8252913951873779 -3.337774145961703e-08 -3.337774145961703e-08
175.91157405494283 0.11830312013626099 0.984626293182373 0.8252913951873779 -3.337774145961703e-08 -3.337774145961703e-08
176.08735530494283 0.11904538422822952 0.984626293182373 0.8252913951873779 -3.337774145961703e-08 -3.337774145961703e-08
179.95454280494312 0.13517150282859802 0.984626293182373 0.8252913951873779 -3.337774145961703e-08 -3.337774145961703e-08
179.99999999999997 0.1353587955236435 0.984626293182373 0.8252913951873779 -3.337774145961703e-08 -3.337774145961703e-08
