time a b c w1
0.0 0.0 0.0 0.0 0.0
0.00018749998775824395 1.0 1.0 1.0 1.8751873486053863e-21
0.0003749999755164879 1.0 1.0 1.0 -5.559274374178358e-09
0.0007499999510329758 1.0 1.0 1.0 -2.66940372029012e-08
0.001 1.0 1.0 1.0 -3.338738352454129e-08
29.999999999999996 1.0 1.0 1.0 -3.338720588885735e-08
30.000099999999996 1.0 1.0 1.0 -3.336552367727563e-08
30.0003 1.0 1.0 1.0 -3.334411502464718e-08
30.0007 1.0 1.0 1.0 -3.333238396407978e-08
30.001 1.0 1.0 1.0 -3.332738884864739e-08
59.99999999999999 1.0 1.0 1.0 -3.332738884864739e-08
60.000099999999996 1.0 1.0 1.0 -3.332738884864739e-08
60.000299999999996 1.0 1.0 1.0 -3.332738884864739e-08
60.000699999999995 1.0 1.0 1.0 -3.332738884864739e-08
60.001000000000005 1.0 1.0 1.0 -3.332738884864739e-08
89.99999999999999 1.0 1.0 1.0 -3.332738884864739e-08
90.0001 1.0 1.0 1.0 -3.332738884864739e-08
90.0003 1.0 1.0 1.0 -3.332738884864739e-08
90.0007 1.0 1.0 1.0 -3.332738884864739e-08
90.001 0.9999999403953552 1.0 1.0 -3.332738884864739e-08
90.01120000000017 0.9999934434890747 1.0 1.0 -3.332738884864739e-08
90.02140000000034 0.9999868273735046 1.0 1.0 -3.332738884864739e-08
90.0828400000013 0.9999467730522156 1.0 1.0 -3.332738884864739e-08
90.31124437500259 0.9997917413711548 1.0 1.0 -3.332738884864739e-08
90.45772875000259 0.9996878504753113 1.0 1.0 -3.332738884864739e-08
90.60421312500257 0.9995797276496887 1.0 1.0 -3.332738884864739e-08
90.89718187500257 0.9993497133255005 1.0 1.0 -3.332738884864739e-08
91.19015062500257 0.9990992546081543 1.0 1.0 -3.332738884864739e-08
91.48311937500256 0.9988255500793457 1.0 1.0 -3.332738884864739e-08
91.77608812500256 0.9985251426696777 1.0 1.0 -3.332738884864739e-08
92.06905687500256 0.9981936812400818 1.0 1.0 -3.332738884864739e-08
92.36202562500254 0.9978262782096863 1.0 1.0 -3.332738884864739e-08
92.50851000000254 0.9976271390914917 1.0 1.0 -3.332738884864739e-08
92.80147875000254 0.9971935749053955 1.0 1.0 -3.332738884864739e-08
93.09444750000253 0.9967055916786194 1.0 1.0 -3.332738884864739e-08
93.38741625000253 0.9961525201797485 1.0 1.0 -3.332738884864739e-08
93.68038500000253 0.9955204725265503 1.0 1.0 -3.332738884864739e-08
93.97335375000252 0.9947918653488159 1.0 1.0 -3.332738884864739e-08
94.26632250000252 0.9939443469047546 1.0 1.0 -3.332738884864739e-08
94.55929125000252 0.9929476976394653 1.0 1.0 -3.332738884864739e-08
94.8522600000025 0.9917622804641724 1.0 1.0 -3.332738884864739e-08
94.9987443750025 0.9910825490951538 1.0 1.0 -3.332738884864739e-08
95.2917131250025 0.989505410194397 1.0 1.0 -3.332738884864739e-08
95.43819750000249 0.9885866641998291 1.0 1.0 -3.332738884864739e-08
95.73116625000249 0.9864213466644287 1.0 1.0 -3.332738884864739e-08
96.02413500000249 0.9836986064910889 1.0 1.0 -3.332738884864739e-08
96.31710375000247 0.9802283644676208 1.0 1.0 -3.332738884864739e-08
96.61007250000247 0.9757561087608337 1.0 1.0 -3.332738884864739e-08
96.90304125000247 0.9699538350105286 1.0 1.0 -3.332738884864739e-08
97.34249437500246 0.9578821659088135 1.0 1.0 -3.332738884864739e-08
97.63546312500246 0.9469693899154663 1.0 1.0 -3.332738884864739e-08
97.92843187500245 0.9333371520042419 1.0 1.0 -3.332738884864739e-08
98.22140062500245 0.9167665243148804 1.0 1.0 -3.332738884864739e-08
98.36788500000245 0.9073582887649536 1.0 1.0 -3.332738884864739e-08
98.51436937500245 0.8972116112709045 1.0 1.0 -3.332738884864739e-08
98.66085375000243 0.886345624923706 1.0 1.0 -3.332738884864739e-08
98.80733812500243 0.874786376953125 1.0 1.0 -3.332738884864739e-08
98.95382250000243 0.8625652194023132 1.0 1.0 -3.332738884864739e-08
99.10030687500243 0.8497167229652405 1.0 1.0 -3.332738884864739e-08
99.24679125000243 0.836277425289154 1.0 1.0 -3.332738884864739e-08
99.39327562500243 0.822284460067749 1.0 1.0 -3.332738884864739e-08
99.53976000000242 0.8077744841575623 1.0 1.0 -3.332738884864739e-08
99.68624437500242 0.7927831411361694 1.0 1.0 -3.332738884864739e-08
99.83272875000242 0.7773443460464478 1.0 1.0 -3.332738884864739e-08
99.97921312500242 0.7614902257919312 1.0 1.0 -3.332738884864739e-08
100.12569750000242 0.7452508211135864 1.0 1.0 -3.332738884864739e-08
100.2721818750024 0.7286539673805237 1.0 1.0 -3.332738884864739e-08
100.4186662500024 0.7117255330085754 1.0 1.0 -3.332738884864739e-08
100.5651506250024 0.6944892406463623 1.0 1.0 -3.332738884864739e-08
100.7116350000024 0.6769670248031616 1.0 1.0 -3.332738884864739e-08
100.8581193750024 0.6591789722442627 1.0 1.0 -3.332738884864739e-08
101.0046037500024 0.6411433815956116 1.0 1.0 -3.332738884864739e-08
101.15108812500239 0.6228771805763245 1.0 1.0 -3.332738884864739e-08
101.29757250000239 0.6043958067893982 1.0 1.0 -3.332738884864739e-08
101.59054125000239 0.5668428540229797 1.0 1.0 -3.332738884864739e-08
101.73702562500239 0.5477961897850037 1.0 1.0 -3.332738884864739e-08
101.88351000000237 0.5285843014717102 1.0 1.0 -3.332738884864739e-08
102.02999437500237 0.5092172622680664 1.0 1.0 -3.332738884864739e-08
102.17647875000237 0.48970434069633484 1.0 1.0 -3.332738884864739e-08
102.46944750000237 0.45027410984039307 1.0 1.0 -3.332738884864739e-08
102.61593187500237 0.4303719997406006 1.0 1.0 -3.332738884864739e-08
102.76241625000236 0.410354346036911 1.0 1.0 -3.332738884864739e-08
102.90890062500236 0.39022743701934814 1.0 1.0 -3.332738884864739e-08
103.05538500000236 0.3699970841407776 1.0 1.0 -3.332738884864739e-08
103.20186937500236 0.34966838359832764 1.0 1.0 -3.332738884864739e-08
103.34835375000236 0.32924583554267883 1.0 1.0 -3.332738884864739e-08
103.49483812500235 0.3087344765663147 1.0 1.0 -3.332738884864739e-08
103.64132250000235 0.28813984990119934 1.0 1.0 -3.332738884864739e-08
103.93429125000235 0.246723011136055 1.0 1.0 -3.332738884864739e-08
104.08077562500235 0.2259148359298706 1.0 1.0 -3.332738884864739e-08
104.22726000000235 0.20505426824092865 1.0 1.0 -3.332738884864739e-08
104.37374437500233 0.18415597081184387 1.0 1.0 -3.332738884864739e-08
104.73995531250232 0.13195282220840454 1.0 1.0 -3.332738884864739e-08
105.10616625000232 0.08138661086559296 1.0 1.0 -3.332738884864739e-08
105.25265062500232 0.0626266673207283 1.0 1.0 -3.332738884864739e-08
105.39913500000232 0.04539424926042557 1.0 1.0 -3.332738884864739e-08
105.54561937500232 0.03016260825097561 1.0 1.0 -3.332738884864739e-08
105.69210375000232 0.017245681956410408 1.0 1.0 -3.332738884864739e-08
105.83858812500232 0.006464759353548288 1.0 1.0 -3.332738884864739e-08
105.92461709842524 0.0012773022754117846 1.0 1.0 -3.332738884864739e-08
105.95358997386387 7.930117862997577e-05 1.0 1.0 -3.332738884864739e-08
105.95899919348159 -3.338722009971207e-08 1.0 1.0 -3.332738884864739e-08
119.99999999999999 -3.3401327925730584e-08 1.0 1.0 -3.332738884864739e-08
120.0001 -3.337023457561372e-08 1.0 1.0 -3.333241593850289e-08
120.0003 -3.334459108828014e-08 1.0 1.0 -3.333713038955466e-08
120.0007 -3.332916875820047e-08 1.0 1.0 -3.335210863042448e-08
120.001 -3.33111813688447e-08 1.0 1.0 -3.3387223652425746e-08
137.3034318750037 -3.33111813688447e-08 1.0 1.0 -3.3387223652425746e-08
149.90108812500463 -3.33111813688447e-08 1.0 1.0 -3.3387223652425746e-08
150.0 -3.33111813688447e-08 1.0 1.0 -3.3387223652425746e-08
