time a b c w1
0.0 0.0 0.0 0.0 0.0
0.00018749998775824395 1.8751873486053863e-21 1.8751873486053863e-21 1.8751873486053863e-21 1.8751873486053863e-21
0.0003749999755164879 3.7503746972107726e-21 3.7503746972107726e-21 3.7503746972107726e-21 -5.559198879012683e-09
0.0007499999510329758 7.500749394421545e-21 7.500749394421545e-21 7.500749394421545e-21 -2.6693486532280986e-08
0.001 1.0000999731091105e-20 1.0000999731091105e-20 1.0000999731091105e-20 -3.3386303499582937e-08
29.999999999999996 3.000300019364487e-16 3.000300019364487e-16 3.000300019364487e-16 -3.3386125863898997e-08
30.000099999999996 3.0003100778807355e-16 3.0003100778807355e-16 3.0003100778807355e-16 -3.336487708338609e-08
30.0003 3.0003299302154367e-16 3.0003299302154367e-16 3.0003299302154367e-16 -3.334388409825806e-08
30.0007 3.0003698995826353e-16 3.0003698995826353e-16 3.0003698995826353e-16 -3.333277476258445e-08
30.000822963437088 3.000382340379048e-16 1.0088304414068716e-08 3.000382340379048e-16 -3.0789880867132524e-08
30.00089395651191 3.0003894872195405e-16 5.4739601296205365e-08 3.0003894872195405e-16 2.600689441578652e-08
30.000929690494722 3.000392928290889e-16 1.217392764374381e-07 3.000392928290889e-16 5.459965990439741e-08
30.000951764471232 3.000395310571053e-16 1.968630982673858e-07 3.000395310571053e-16 3.228901945817597e-08
30.000964868002647 3.000396369362237e-16 2.7757147336160415e-07 3.000396369362237e-16 1.762696086871074e-07
30.0009752362649 3.000397428153421e-16 3.8598739138251403e-07 3.000397428153421e-16 6.020736691425554e-07
30.000986759632948 3.000398751642401e-16 5.539769745155354e-07 3.000398751642401e-16 1.4182303402776597e-06
30.001 3.000400075131381e-16 7.83496886924695e-07 3.000400075131381e-16 2.610468300190405e-06
30.16132094205402 3.016433614729517e-16 0.0033551703672856092 3.016433614729517e-16 0.018743770197033882
30.321641884108036 3.032467419025449e-16 0.00666470592841506 3.032467419025449e-16 0.03734338656067848
30.468126259108036 3.047117383243804e-16 0.009632297791540623 3.047117383243804e-16 0.054159123450517654
30.761095009108036 3.0764170469827184e-16 0.015396833419799805 3.0764170469827184e-16 0.08724531531333923
31.05406375910803 3.1057169754194287e-16 0.02096589095890522 3.1057169754194287e-16 0.11970215290784836
31.493516884108022 3.149666603376698e-16 0.02897764928638935 3.149666603376698e-16 0.16727200150489807
31.78648563410802 3.1789665318134085e-16 0.034059420228004456 3.1789665318134085e-16 0.19812919199466705
32.07945438410801 3.208266195552323e-16 0.03895803168416023 3.208266195552323e-16 0.22837285697460175
32.518907509108004 3.2522158235095923e-16 0.045863423496484756 3.2522158235095923e-16 0.27223318815231323
32.958360634108 3.2961657161646577e-16 0.052237529307603836 3.2961657161646577e-16 0.314249187707901
33.39781375910799 3.340115344121927e-16 0.058103714138269424 3.340115344121927e-16 0.35445526242256165
33.54429813410799 3.3547653083402823e-16 0.05993775650858879 3.3547653083402823e-16 0.36741554737091064
33.983751259107976 3.398714936297552e-16 0.06513036787509918 3.398714936297552e-16 0.4051454961299896
34.42320438410797 3.4426645642548213e-16 0.06988354027271271 3.4426645642548213e-16 0.4412027597427368
34.86265750910796 3.4866144569098867e-16 0.07414080947637558 3.4866144569098867e-16 0.4753071367740631
35.302110634107954 3.530564084867156e-16 0.07791312038898468 3.530564084867156e-16 0.5074329376220703
35.59507938410795 3.5598640133038665e-16 0.0801718682050705 3.5598640133038665e-16 0.5277617573738098
35.88804813410795 3.589163677042781e-16 0.08222480118274689 3.589163677042781e-16 0.5471854209899902
36.18101688410794 3.618463605479491e-16 0.08406981825828552 3.618463605479491e-16 0.5656601190567017
36.62047000910793 3.6624132334367606e-16 0.08649667352437973 3.6624132334367606e-16 0.5917531251907349
37.059923134107926 3.70636286139403e-16 0.08858548104763031 3.70636286139403e-16 0.6161509156227112
37.71910282160791 3.772287435678832e-16 0.09103307127952576 3.772287435678832e-16 0.6490377187728882
38.378282509107905 3.8382120099636344e-16 0.09280239045619965 3.8382120099636344e-16 0.6778481602668762
38.81773563410789 3.882161637920904e-16 0.09369082748889923 3.882161637920904e-16 0.6950873136520386
38.96422000910789 3.896811602139259e-16 0.09394560754299164 3.896811602139259e-16 0.7005259394645691
39.11070438410789 3.911461566357614e-16 0.09417685866355896 3.911461566357614e-16 0.7057785391807556
39.25718875910788 3.9261115305759694e-16 0.09438598901033401 3.9261115305759694e-16 0.7108504772186279
39.55015750910788 3.9554111943148837e-16 0.09475349634885788 3.9554111943148837e-16 0.7205563187599182
40.35582157160787 4.035985732818041e-16 0.09543292969465256 4.035985732818041e-16 0.7439860105514526
41.161485634107855 4.1165602713211984e-16 0.09578589349985123 4.1165602713211984e-16 0.763436496257782
41.45445438410785 4.1458599350601127e-16 0.09585881978273392 4.1458599350601127e-16 0.7696020007133484
41.60093875910785 4.160509899278468e-16 0.0958881825208664 4.160509899278468e-16 0.7725433707237244
42.040391884107834 4.2044595272357373e-16 0.09595325589179993 4.2044595272357373e-16 0.7808138132095337
42.47984500910783 4.248409419890803e-16 0.09599252790212631 4.248409419890803e-16 0.7883460521697998
43.21226688410782 4.3216587115869865e-16 0.09602346271276474 4.3216587115869865e-16 0.7994571328163147
43.944688759107805 4.3949082679809663e-16 0.09603110700845718 4.3949082679809663e-16 0.8088884949684143
44.2376575091078 4.4242081964176766e-16 0.09603169560432434 4.4242081964176766e-16 0.8122453093528748
44.75035282160779 4.475482806484124e-16 0.09603186696767807 4.475482806484124e-16 0.8175745606422424
45.26304813410778 4.526757416550571e-16 0.09603185951709747 4.526757416550571e-16 0.8223580718040466
45.70250125910777 4.570707309205636e-16 0.09603185951709747 4.570707309205636e-16 0.8261809945106506
45.99547000910777 4.600006708246754e-16 0.09603185951709747 4.600006708246754e-16 0.8285645842552185
46.43492313410776 4.64395660090182e-16 0.09603185951709747 4.64395660090182e-16 0.8318531513214111
46.87437625910775 4.687906493556885e-16 0.09603185951709747 4.687906493556885e-16 0.8348655700683594
47.60679813410774 4.761155785253069e-16 0.09603185951709747 4.761155785253069e-16 0.8393298387527466
48.33922000910773 4.834405606344845e-16 0.09603185951709747 4.834405606344845e-16 0.8432556390762329
49.07164188410771 4.907654898041029e-16 0.09603185951709747 4.907654898041029e-16 0.8467229008674622
49.8040637591077 4.980904189737212e-16 0.09603185951709747 4.980904189737212e-16 0.8497878313064575
50.0970325091077 5.010204118173923e-16 0.09603185951709747 5.010204118173923e-16 0.8509476780891418
50.536485634107684 5.054154010828988e-16 0.09603185951709747 5.054154010828988e-16 0.852623701095581
51.41539188410767 5.142053266743527e-16 0.09603185951709747 5.142053266743527e-16 0.8556938767433167
52.294298134107656 5.229952522658066e-16 0.09603185951709747 5.229952522658066e-16 0.8583319783210754
52.73375125910765 5.273902415313132e-16 0.09603185951709747 5.273902415313132e-16 0.8595792651176453
53.685899696607635 5.369126918034644e-16 0.09603185951709747 5.369126918034644e-16 0.862032949924469
54.63804813410761 5.464351420756157e-16 0.09603185951709747 5.464351420756157e-16 0.8641529083251953
55.4437121966076 5.544925429863722e-16 0.09603185951709747 5.544925429863722e-16 0.8657769560813904
56.249376259107585 5.625499968366879e-16 0.09603185951709747 5.625499968366879e-16 0.8672494888305664
56.90855594660758 5.691424542651681e-16 0.09603185951709747 5.691424542651681e-16 0.8683416247367859
57.567735634107564 5.757349116936484e-16 0.09603185951709747 5.757349116936484e-16 0.869346559047699
57.714220009107564 5.771999081154839e-16 0.09603185951709747 5.771999081154839e-16 0.8695590496063232
57.86070438410756 5.786649045373194e-16 0.09603185951709747 5.786649045373194e-16 0.8697678446769714
58.00718875910756 5.801299009591549e-16 0.09603185951709747 5.801299009591549e-16 0.8699730038642883
58.15367313410756 5.815948973809904e-16 0.09603185951709747 5.815948973809904e-16 0.8701746463775635
58.44664188410755 5.845248902246615e-16 0.09603185951709747 5.845248902246615e-16 0.8705796003341675
58.73961063410754 5.874548301287733e-16 0.09603185951709747 5.874548301287733e-16 0.8709938526153564
59.99999999999999 6.000600038728974e-16 0.09603185951709747 6.000600038728974e-16 0.8726370334625244
60.000099999999996 6.000610097245222e-16 0.09603185951709747 6.000610097245222e-16 0.872637152671814
60.000299999999996 6.00063021427772e-16 0.09603185951709747 6.00063021427772e-16 0.8726375102996826
60.000699999999995 6.000669918947122e-16 0.09603185951709747 6.000669918947122e-16 0.8726382255554199
60.001000000000005 6.000700094495868e-16 0.09603185951709747 6.000700094495868e-16 0.8726387023925781
60.156122187500735 6.016214032320423e-16 0.09603185951709747 6.016214032320423e-16 0.8728445768356323
60.31124437500147 6.031727440749385e-16 0.09603185951709747 6.031727440749385e-16 0.8730551600456238
60.82393968750146 6.083002580211424e-16 0.09603185951709747 6.083002580211424e-16 0.8737322092056274
61.33663500000146 6.134276660882279e-16 0.09603185951709747 6.134276660882279e-16 0.8743699789047241
61.62960375000145 6.163576589318989e-16 0.09603185951709747 6.163576589318989e-16 0.8747180104255676
62.06905687500144 6.207526481974055e-16 0.09603185951709747 6.207526481974055e-16 0.8752192258834839
62.58175218750144 6.258801092040502e-16 0.09603185951709747 6.258801092040502e-16 0.8757745027542114
63.09444750000143 6.310075702106949e-16 0.09603185951709747 6.310075702106949e-16 0.8763005137443542
63.60714281250141 6.361350312173396e-16 0.09603185951709747 6.361350312173396e-16 0.876799464225769
64.11983812500141 6.412624922239843e-16 0.09603185951709747 6.412624922239843e-16 0.877273440361023
64.5592912500014 6.456574814894909e-16 0.09603185951709747 6.456574814894909e-16 0.8776631355285645
64.8522600000014 6.485874743331619e-16 0.09603185951709747 6.485874743331619e-16 0.8779326677322388
65.87765062500138 6.588423963464513e-16 0.09603185951709747 6.588423963464513e-16 0.8788478374481201
66.31710375000137 6.632373326723986e-16 0.09603185951709747 6.632373326723986e-16 0.8792133331298828
66.75655687500137 6.676323219379052e-16 0.09603185951709747 6.676323219379052e-16 0.879564106464386
67.19601000000135 6.720273112034117e-16 0.09603185951709747 6.720273112034117e-16 0.8799011707305908
67.92843187500134 6.793522403730301e-16 0.09603185951709747 6.793522403730301e-16 0.880434513092041
68.66085375000132 6.866772224822077e-16 0.09603185951709747 6.866772224822077e-16 0.8809353113174438
69.97921312500131 6.998620843996089e-16 0.09603185951709747 6.998620843996089e-16 0.8817638158798218
70.4186662500013 7.042570736651155e-16 0.09603185951709747 7.042570736651155e-16 0.8820211887359619
70.8581193750013 7.08652062930622e-16 0.09603185951709747 7.08652062930622e-16 0.8822714686393738
71.29757250000128 7.130469992565694e-16 0.09603185951709747 7.130469992565694e-16 0.8825383186340332
72.02999437500127 7.203719813657469e-16 0.09603185951709747 7.203719813657469e-16 0.8829744458198547
72.76241625000125 7.276969105353653e-16 0.09603185951709747 7.276969105353653e-16 0.8833863139152527
73.64132250000124 7.364868890663784e-16 0.09603185951709747 7.364868890663784e-16 0.8838513493537903
74.52022875000122 7.452768146578323e-16 0.09603185951709747 7.452768146578323e-16 0.8842891454696655
74.81319750000122 7.482068075015033e-16 0.09603185951709747 7.482068075015033e-16 0.8844425678253174
75.25265062500121 7.526017438274507e-16 0.09603185951709747 7.526017438274507e-16 0.8846759796142578
76.5710100000012 7.657866586844111e-16 0.09603185951709747 7.657866586844111e-16 0.8853329420089722
76.86397875000118 7.687166515280822e-16 0.09603185951709747 7.687166515280822e-16 0.8854707479476929
77.30343187500118 7.731116407935887e-16 0.09603185951709747 7.731116407935887e-16 0.8856722116470337
78.10909593750117 7.811690946439044e-16 0.09603185951709747 7.811690946439044e-16 0.8860263824462891
78.91476000000115 7.89226495554661e-16 0.09603185951709747 7.89226495554661e-16 0.8863620758056641
80.81905687500111 8.082713960989635e-16 0.09603185951709747 8.082713960989635e-16 0.8870903253555298
81.25851000000111 8.126663324249108e-16 0.09603185951709747 8.126663324249108e-16 0.8872466683387756
83.45577562500107 8.346412258128843e-16 0.09603185951709747 8.346412258128843e-16 0.8879711627960205
83.89522875000107 8.390361621388317e-16 0.09603185951709747 8.390361621388317e-16 0.888105571269989
84.70089281250104 8.470936159891474e-16 0.09603185951709747 8.470936159891474e-16 0.8883428573608398
85.50655687500104 8.551510698394632e-16 0.09603185951709747 8.551510698394632e-16 0.8885904550552368
85.94601000000102 8.595460591049697e-16 0.09603185951709747 8.595460591049697e-16 0.8887323141098022
86.38546312500101 8.639409954309171e-16 0.09603185951709747 8.639409954309171e-16 0.8888707160949707
88.87569750000097 8.888458816625616e-16 0.09603185951709747 8.888458816625616e-16 0.8895951509475708
89.16866625000097 8.917758745062327e-16 0.09603185951709747 8.917758745062327e-16 0.8896742463111877
89.60811937500095 8.9617081083218e-16 0.09603185951709747 8.9617081083218e-16 0.8897907733917236
89.99999999999999 9.000900322791256e-16 0.09603185951709747 9.000900322791256e-16 0.8898928165435791
90.0001 9.000909851911913e-16 0.09603185951709747 9.000909851911913e-16 0.8898928761482239
90.0003 -5.5561981682217265e-09 0.09603185951709747 9.00092996894441e-16 0.8898928761482239
90.0007 -2.6207548131651492e-08 0.09603185951709747 5.121269452956767e-08 0.8898928761482239
90.001 -3.338633192129237e-08 0.09603185951709747 1.792444237480595e-07 0.8898928761482239
97.71048839406994 -3.3386164943749463e-08 0.09603185951709747 0.009124117903411388 0.8898928761482239
97.85697276906993 -3.3386164943749463e-08 0.09603185951709747 0.009298307821154594 0.8898928761482239
98.00345714406993 -3.3386164943749463e-08 0.09603185951709747 0.009479301981627941 0.8898928761482239
98.14994151906993 -3.3386164943749463e-08 0.09603185951709747 0.009667254984378815 0.8898928761482239
99.7612696440699 -3.3386164943749463e-08 0.09603185951709747 0.011758880689740181 0.8898928761482239
99.9077540190699 -3.3386164943749463e-08 0.09603185951709747 0.011948661878705025 0.8898928761482239
100.0542383940699 -3.3386164943749463e-08 0.09603185951709747 0.01213838066905737 0.8898928761482239
100.2007227690699 -3.3386164943749463e-08 0.09603185951709747 0.012328037992119789 0.8898928761482239
110.10036138453495 -3.3386164943749463e-08 0.09603185951709747 0.025001557543873787 0.8898928761482239
119.99999999999999 -3.3386164943749463e-08 0.09603185951709747 0.03739403933286667 0.8898928761482239
120.0001 -3.3364898399668164e-08 0.09603185951709747 0.03739523887634277 0.8898928761482239
120.0003 -3.3343891203685416e-08 0.09603185951709747 0.037400983273983 0.8898926973342896
120.0007 -3.333277120987077e-08 0.09603185951709747 0.03741854429244995 0.8898914456367493
120.0008229634372 -3.184238295261821e-08 0.09603185951709747 0.03742412477731705 0.8898900747299194
120.00089395651298 1.7538530627803084e-08 0.09603185951709747 0.03742680698633194 0.8898884057998657
120.00092967758587 1.9388787109164696e-07 0.09603185951709747 0.037427887320518494 0.8898870944976807
120.0009516615015 5.602229862233798e-07 0.09603185951709747 0.037428464740514755 0.8898860812187195
120.0009717490358 1.304936631640885e-06 0.09603185951709747 0.037428949028253555 0.8898850083351135
120.0009896245732 2.447053702780977e-06 0.09603185951709747 0.03742935135960579 0.8898839950561523
120.001 3.373339040990686e-06 0.09603185951709747 0.0374295748770237 0.889883279800415
120.03172301299651 0.003566378727555275 0.09603185951709747 0.038063373416662216 0.8878031373023987
120.06244602599301 0.007127602584660053 0.09603185951709747 0.03869660943746567 0.88569176197052
120.12389392722714 0.014217933639883995 0.09603185951709747 0.039952926337718964 0.8813781142234802
120.24678972969541 0.02830246090888977 0.09603185951709747 0.042435307055711746 0.872444748878479
120.3932741046954 0.04496169090270996 0.09603185951709747 0.04535379633307457 0.861298680305481
120.5397584796954 0.06147412583231926 0.09603185951709747 0.048226453363895416 0.8495863676071167
120.6862428546954 0.07782097905874252 0.09603185951709747 0.051047664135694504 0.8373273611068726
120.8327272296954 0.09399295598268509 0.09603185951709747 0.05381482467055321 0.8245581984519958
120.9792116046954 0.10999679565429688 0.09603185951709747 0.05653029680252075 0.8113016486167908
121.1256959796954 0.12584802508354187 0.09603185951709747 0.05919909477233887 0.7975751757621765
121.27218035469538 0.1415441334247589 0.09603185951709747 0.06182074546813965 0.783395528793335
121.41866472969538 0.15706485509872437 0.09603185951709747 0.06438940018415451 0.7687860727310181
121.56514910469538 0.17239910364151 0.09603185951709747 0.0669020339846611 0.7537806034088135
121.71163347969538 0.18755370378494263 0.09603185951709747 0.06936103105545044 0.7384114265441895
121.85811785469538 0.20254433155059814 0.09603185951709747 0.07177136838436127 0.722697913646698
122.00460222969537 0.21736833453178406 0.09603185951709747 0.07413263618946075 0.7066471576690674
122.15108660469537 0.2320052534341812 0.09603185951709747 0.07643914967775345 0.6902750730514526
122.29757097969538 0.2464529573917389 0.09603185951709747 0.07869064807891846 0.6736165285110474
122.4440553546954 0.26072725653648376 0.09603185951709747 0.08089208602905273 0.6566984057426453
122.59053972969541 0.2748255133628845 0.09603185951709747 0.08304311335086823 0.6395264267921448
122.73702410469541 0.2887272238731384 0.09603185951709747 0.08513828366994858 0.6221050024032593
122.88350847969542 0.30243030190467834 0.09603185951709747 0.08717741817235947 0.6044444441795349
123.02999285469544 0.31595075130462646 0.09603185951709747 0.08916544914245605 0.5865596532821655
123.17647722969545 0.32928603887557983 0.09603185951709747 0.09110214561223984 0.5684729814529419
123.32296160469545 0.34242480993270874 0.09603185951709747 0.09298479557037354 0.5501973628997803
123.46944597969546 0.35537397861480713 0.09603185951709747 0.09481573849916458 0.5317389965057373
123.61593035469548 0.36813125014305115 0.09603185951709747 0.09659488499164581 0.5131137371063232
123.7624147296955 0.38068538904190063 0.09603185951709747 0.09831967949867249 0.4943365752696991
123.90889910469551 0.393043577671051 0.09603185951709747 0.0999925285577774 0.47541654109954834
124.05538347969551 0.4052037000656128 0.09603185951709747 0.10161347687244415 0.45635727047920227
124.20186785469552 0.4171546995639801 0.09603185951709747 0.1031801700592041 0.43715718388557434
124.34835222969554 0.42890405654907227 0.09603185951709747 0.10469508171081543 0.41782140731811523
124.49483660469555 0.44044992327690125 0.09603185951709747 0.10615840554237366 0.39836156368255615
124.64132097969555 0.45178163051605225 0.09603185951709747 0.10756804794073105 0.3787843883037567
124.78780535469556 0.46290698647499084 0.09603185951709747 0.10892654955387115 0.35909172892570496
124.93428972969558 0.47382450103759766 0.09603185951709747 0.11023428291082382 0.3392874002456665
125.08077410469559 0.4845239818096161 0.09603185951709747 0.11148940771818161 0.3193810284137726
125.2272584796956 0.49501359462738037 0.09603185951709747 0.11269455403089523 0.2993858754634857
125.52022722969562 0.5153858661651611 0.09603185951709747 0.114963099360466 0.2591434419155121
125.66671160469564 0.5252576470375061 0.09603185951709747 0.1160254180431366 0.23890085518360138
125.95968035469565 0.5443444848060608 0.09603185951709747 0.11800350248813629 0.19824129343032837
126.10616472969566 0.553577184677124 0.09603185951709747 0.11892474442720413 0.17785120010375977
126.39913347969569 0.5714291334152222 0.09603185951709747 0.1206372082233429 0.13712245225906372
126.54561785469569 0.5800487995147705 0.09603185951709747 0.12143006920814514 0.1169532835483551
126.6921022296957 0.588456392288208 0.09603185951709747 0.12218020856380463 0.09713102877140045
126.83858660469572 0.5966444611549377 0.09603185951709747 0.1228870153427124 0.07794146984815598
126.98507097969573 0.6046233773231506 0.09603185951709747 0.12355338037014008 0.05978944152593613
127.13155535469575 0.6124029159545898 0.09603185951709747 0.1241820752620697 0.04316159337759018
127.27803972969575 0.6199843883514404 0.09603185951709747 0.12477417290210724 0.02851201221346855
127.42452410469576 0.627369225025177 0.09603185951709747 0.12533080577850342 0.016108496114611626
127.57100847969578 0.6345869302749634 0.09603185951709747 0.12585780024528503 0.005717075429856777
127.64784609764953 0.638309895992279 0.09603185951709747 0.12612324953079224 0.001216620672494173
127.6755153832616 0.6396341323852539 0.09603185951709747 0.12621602416038513 8.235146378865466e-05
127.68101709275666 0.6398955583572388 0.09603185951709747 0.12623415887355804 -3.3386129416612675e-08
127.72321620711088 0.6418874859809875 0.09603185951709747 0.12637098133563995 -3.3386129416612675e-08
127.76541532146511 0.6438576579093933 0.09603185951709747 0.12650416791439056 -3.3386129416612675e-08
127.8497263275838 0.6477392315864563 0.09603185951709747 0.126761332154274 -3.3386129416612675e-08
127.99621070258381 0.6543477773666382 0.09603185951709747 0.12718625366687775 -3.3386129416612675e-08
128.14269507758382 0.6607972979545593 0.09603185951709747 0.12758603692054749 -3.3386129416612675e-08
128.28917945258382 0.6670680642127991 0.09603185951709747 0.1279582679271698 -3.3386129416612675e-08
128.43566382758385 0.6731584072113037 0.09603185951709747 0.12830348312854767 -3.3386129416612675e-08
128.58214820258385 0.6790714263916016 0.09603185951709747 0.12862294912338257 -3.3386129416612675e-08
128.87511695258388 0.6903783082962036 0.09603185951709747 0.12918977439403534 -3.3386129416612675e-08
129.3145700775839 0.7060922384262085 0.09603185951709747 0.129878431558609 -3.3386129416612675e-08
129.60753882758394 0.7157796025276184 0.09603185951709747 0.1302439570426941 -3.3386129416612675e-08
129.75402320258394 0.7203980088233948 0.09603185951709747 0.1304021030664444 -3.3386129416612675e-08
130.04699195258397 0.7292035818099976 0.09603185951709747 0.13067466020584106 -3.3386129416612675e-08
130.19347632758397 0.7333985567092896 0.09603185951709747 0.13079111278057098 -3.3386129416612675e-08
130.486445077584 0.7413923740386963 0.09603185951709747 0.1309892237186432 -3.3386129416612675e-08
130.63292945258402 0.7451991438865662 0.09603185951709747 0.13107271492481232 -3.3386129416612675e-08
130.77941382758402 0.7488842010498047 0.09603185951709747 0.13114693760871887 -3.3386129416612675e-08
130.92589820258402 0.7524451613426208 0.09603185951709747 0.13121232390403748 -3.3386129416612675e-08
131.36535132758405 0.7624151706695557 0.09603185951709747 0.1313624382019043 -3.3386129416612675e-08
131.65832007758408 0.7685426473617554 0.09603185951709747 0.13143330812454224 -3.3386129416612675e-08
131.8048044525841 0.771462082862854 0.09603185951709747 0.1314617246389389 -3.3386129416612675e-08
131.9512888275841 0.7742897868156433 0.09603185951709747 0.13148614764213562 -3.3386129416612675e-08
132.0977732025841 0.7770290374755859 0.09603185951709747 0.131507009267807 -3.3386129416612675e-08
132.24425757758414 0.7796775102615356 0.09603185951709747 0.13152454793453217 -3.3386129416612675e-08
132.39074195258414 0.7822335958480835 0.09603185951709747 0.1315390020608902 -3.3386129416612675e-08
132.68371070258416 0.7871039509773254 0.09603185951709747 0.13156083226203918 -3.3386129416612675e-08
132.83019507758416 0.7894290685653687 0.09603185951709747 0.13156896829605103 -3.3386129416612675e-08
133.1231638275842 0.7938527464866638 0.09603185951709747 0.13158062100410461 -3.3386129416612675e-08
133.2696482025842 0.7959576845169067 0.09603185951709747 0.13158456981182098 -3.3386129416612675e-08
133.41613257758422 0.7979967594146729 0.09603185951709747 0.13158762454986572 -3.3386129416612675e-08
133.56261695258422 0.7999676465988159 0.09603185951709747 0.1315898597240448 -3.3386129416612675e-08
133.70910132758425 0.801878035068512 0.09603185951709747 0.13159148395061493 -3.3386129416612675e-08
133.85558570258425 0.8037302494049072 0.09603185951709747 0.13159266114234924 -3.3386129416612675e-08
134.00207007758425 0.8055220246315002 0.09603185951709747 0.13159343600273132 -3.3386129416612675e-08
134.14855445258428 0.8072603344917297 0.09603185951709747 0.13159394264221191 -3.3386129416612675e-08
134.29503882758428 0.8089473247528076 0.09603185951709747 0.13159425556659698 -3.3386129416612675e-08
134.4415232025843 0.8105805516242981 0.09603185951709747 0.1315944343805313 -3.3386129416612675e-08
134.5880075775843 0.812166690826416 0.09603185951709747 0.13159450888633728 -3.3386129416612675e-08
134.7344919525843 0.8137074708938599 0.09603185951709747 0.13159455358982086 -3.3386129416612675e-08
134.88097632758434 0.8152005076408386 0.09603185951709747 0.13159456849098206 -3.3386129416612675e-08
135.02746070258434 0.8166518807411194 0.09603185951709747 0.13159456849098206 -3.3386129416612675e-08
135.17394507758434 0.8180631399154663 0.09603185951709747 0.13159456849098206 -3.3386129416612675e-08
135.32042945258436 0.8194319009780884 0.09603185951709747 0.13159456849098206 -3.3386129416612675e-08
135.46691382758436 0.820763885974884 0.09603185951709747 0.13159456849098206 -3.3386129416612675e-08
135.6133982025844 0.8220604062080383 0.09603185951709747 0.13159456849098206 -3.3386129416612675e-08
135.7598825775844 0.8233152627944946 0.09603185951709747 0.13159456849098206 -3.3386129416612675e-08
136.05285132758442 0.8257154822349548 0.09603185951709747 0.13159456849098206 -3.3386129416612675e-08
136.19933570258442 0.8268704414367676 0.09603185951709747 0.13159456849098206 -3.3386129416612675e-08
136.34582007758445 0.8279897570610046 0.09603185951709747 0.13159456849098206 -3.3386129416612675e-08
136.49230445258445 0.8290750980377197 0.09603185951709747 0.13159456849098206 -3.3386129416612675e-08
136.78527320258448 0.8311693072319031 0.09603185951709747 0.13159456849098206 -3.3386129416612675e-08
136.93175757758448 0.8321731090545654 0.09603185951709747 0.13159456849098206 -3.3386129416612675e-08
137.07824195258448 0.8331476449966431 0.09603185951709747 0.13159456849098206 -3.3386129416612675e-08
137.2247263275845 0.8341005444526672 0.09603185951709747 0.13159456849098206 -3.3386129416612675e-08
137.3712107025845 0.8350322246551514 0.09603185951709747 0.13159456849098206 -3.3386129416612675e-08
137.51769507758453 0.8359378576278687 0.09603185951709747 0.13159456849098206 -3.3386129416612675e-08
137.66417945258453 0.8368170857429504 0.09603185951709747 0.13159456849098206 -3.3386129416612675e-08
137.81066382758453 0.8376733660697937 0.09603185951709747 0.13159456849098206 -3.3386129416612675e-08
137.95714820258456 0.8385114669799805 0.09603185951709747 0.13159456849098206 -3.3386129416612675e-08
138.10363257758456 0.8393324017524719 0.09603185951709747 0.13159456849098206 -3.3386129416612675e-08
138.46984351508462 0.8412941694259644 0.09603185951709747 0.13159456849098206 -3.3386129416612675e-08
138.83605445258462 0.8431491851806641 0.09603185951709747 0.13159456849098206 -3.3386129416612675e-08
138.98253882758465 0.8438572883605957 0.09603185951709747 0.13159456849098206 -3.3386129416612675e-08
139.12902320258465 0.8445449471473694 0.09603185951709747 0.13159456849098206 -3.3386129416612675e-08
139.49523414008465 0.8461987972259521 0.09603185951709747 0.13159456849098206 -3.3386129416612675e-08
139.8614450775847 0.8477667570114136 0.09603185951709747 0.13159456849098206 -3.3386129416612675e-08
140.0079294525847 0.8483666181564331 0.09603185951709747 0.13159456849098206 -3.3386129416612675e-08
140.15441382758473 0.8489565849304199 0.09603185951709747 0.13159456849098206 -3.3386129416612675e-08
140.8868357025848 0.8517218232154846 0.09603185951709747 0.13159456849098206 -3.3386129416612675e-08
141.0333200775848 0.8522348403930664 0.09603185951709747 0.13159456849098206 -3.3386129416612675e-08
141.1798044525848 0.8527406454086304 0.09603185951709747 0.13159456849098206 -3.3386129416612675e-08
141.32628882758482 0.853239893913269 0.09603185951709747 0.13159456849098206 -3.3386129416612675e-08
142.20519507758488 0.8560082316398621 0.09603185951709747 0.13159456849098206 -3.3386129416612675e-08
142.35167945258488 0.8564426302909851 0.09603185951709747 0.13159456849098206 -3.3386129416612675e-08
142.4981638275849 0.8568688035011292 0.09603185951709747 0.13159456849098206 -3.3386129416612675e-08
142.6446482025849 0.8572850227355957 0.09603185951709747 0.13159456849098206 -3.3386129416612675e-08
143.816523202585 0.8603352308273315 0.09603185951709747 0.13159456849098206 -3.3386129416612675e-08
143.96300757758502 0.860686719417572 0.09603185951709747 0.13159456849098206 -3.3386129416612675e-08
144.10949195258502 0.8610305190086365 0.09603185951709747 0.13159456849098206 -3.3386129416612675e-08
144.25597632758502 0.861366868019104 0.09603185951709747 0.13159456849098206 -3.3386129416612675e-08
145.72082007758513 0.8644651770591736 0.09603185951709747 0.13159456849098206 -3.3386129416612675e-08
145.86730445258516 0.8647445440292358 0.09603185951709747 0.13159456849098206 -3.3386129416612675e-08
146.01378882758516 0.8650226593017578 0.09603185951709747 0.13159456849098206 -3.3386129416612675e-08
146.16027320258516 0.8652995824813843 0.09603185951709747 0.13159456849098206 -3.3386129416612675e-08
147.03917945258524 0.8668596744537354 0.09603185951709747 0.13159456849098206 -3.3386129416612675e-08
147.9180857025853 0.8682813048362732 0.09603185951709747 0.13159456849098206 -3.3386129416612675e-08
148.0645700775853 0.8685091137886047 0.09603185951709747 0.13159456849098206 -3.3386129416612675e-08
148.35753882758533 0.8689526319503784 0.09603185951709747 0.13159456849098206 -3.3386129416612675e-08
149.0899607025854 0.8699943423271179 0.09603185951709747 0.13159456849098206 -3.3386129416612675e-08
149.82238257758544 0.8709752559661865 0.09603185951709747 0.13159456849098206 -3.3386129416612675e-08
149.96886695258544 0.8711665868759155 0.09603185951709747 0.13159456849098206 -3.3386129416612675e-08
150.0 0.871206521987915 0.09603185951709747 0.13159456849098206 -3.3386129416612675e-08
