time a b c w1 w2
0.0 0.0 0.0 0.0 0.0 0.0
0.00022499999086100786 2.2502248991058203e-21 2.2502248991058203e-21 2.2502248991058203e-21 2.2502248991058203e-21 2.2502248991058203e-21
0.0004499999817220157 4.5004497982116405e-21 4.5004497982116405e-21 4.5004497982116405e-21 -5.561219040828291e-09 -5.561219040828291e-09
0.0008999999634440314 9.000899596423281e-21 9.000899596423281e-21 9.000899596423281e-21 -3.033930084939129e-08 -3.033930084939129e-08
0.001 1.0000999731091105e-20 1.0000999731091105e-20 1.0000999731091105e-20 -3.338046639100867e-08 -3.338046639100867e-08
29.999999999999996 3.000300019364487e-16 3.000300019364487e-16 3.000300019364487e-16 -3.338031717703416e-08 -3.338031717703416e-08
30.000099999999996 3.0003100778807355e-16 3.0003100778807355e-16 3.0003100778807355e-16 -3.3361402529408224e-08 -3.3361402529408224e-08
30.0003 3.0003299302154367e-16 3.0003299302154367e-16 3.0003299302154367e-16 -3.334271880817141e-08 -3.334271880817141e-08
30.0007 3.0003698995826353e-16 3.0003698995826353e-16 3.0003698995826353e-16 -3.333283515871699e-08 -3.333283515871699e-08
30.000822963453242 1.0086063539915813e-08 3.000382340379048e-16 9.909600251489792e-09 -3.079098931380031e-08 -3.086113053996087e-08
30.00089395652632 5.4728314324847815e-08 3.0003894872195405e-16 5.390858603959714e-08 2.599513670986653e-08 2.5323172891944523e-08
30.000929689755402 1.217057246094555e-07 3.000392928290889e-16 1.1995653892427072e-07 5.452247719972547e-08 5.264266178528487e-08
30.000951759008938 1.9678614648910298e-07 3.000395310571053e-16 1.9401680617647798e-07 3.210243448847905e-08 2.8597762380400127e-08
30.000964863724615 2.7748097863877774e-07 3.000396369362237e-16 2.738163118465309e-07 1.760202934519839e-07 1.7064434132407769e-07
30.000975232640187 3.858844195292477e-07 3.000397428153421e-16 3.8124844081721676e-07 6.017907026034663e-07 5.939035645496915e-07
30.000986755547626 5.538428808904428e-07 3.000398751642401e-16 5.478560751726036e-07 1.4178248193275067e-06 1.4060533430892974e-06
30.001 7.83402526849386e-07 3.000400075131381e-16 7.756480044918135e-07 2.6103011805389542e-06 2.5932124572136672e-06
30.175105248998662 0.0036389357410371304 3.0178121608511735e-16 0.0036205847281962633 0.020340370014309883 0.020282583311200142
30.349210497997323 0.0072156270034611225 3.0352245112687617e-16 0.007196174003183842 0.04048369079828262 0.040422432124614716
30.524991747997326 0.010750355198979378 3.0528044153912287e-16 0.010731174610555172 0.06057815998792648 0.06051776558160782
30.876554247997323 0.017609853297472 3.0879642236361627e-16 0.0175912007689476 0.10009583085775375 0.10003712773323059
31.228116747997323 0.02421174943447113 3.1231240318810966e-16 0.02419363148510456 0.13878032565116882 0.13872335851192474
31.755460497997323 0.033580344170331955 3.1758634795507016e-16 0.0335630401968956 0.19505588710308075 0.19500161707401276
32.28280424799732 0.04226023703813553 3.2286031919181025e-16 0.042243752628564835 0.24902677536010742 0.24897527694702148
32.63436674799732 0.04761718213558197 3.2637630001630365e-16 0.04760124906897545 0.2835383117198944 0.2834887206554413
33.16171049799732 0.05504972115159035 3.3165027125304375e-16 0.055034615099430084 0.3331908881664276 0.3331442177295685
33.51327299799732 0.05958002805709839 3.3516625207753714e-16 0.059565469622612 0.3647657036781311 0.36472102999687195
33.68905424799732 0.06173337623476982 3.3692424248978384e-16 0.06171908974647522 0.38014280796051025 0.3800991475582123
33.86483549799732 0.06381568312644958 3.3868223290203054e-16 0.06380166858434677 0.39525461196899414 0.39521196484565735
34.39217924799732 0.06961562484502792 3.4395617766899104e-16 0.06960240751504898 0.4388909339904785 0.43885135650634766
34.56796049799732 0.0713944211602211 3.4571416808123773e-16 0.07138146460056305 0.4528352618217468 0.45279672741889954
35.09530424799731 0.07627156376838684 3.5098813931797783e-16 0.07625937461853027 0.49282604455947876 0.4927906095981598
35.71053862299731 0.08108801394701004 3.5714109252595147e-16 0.08107666671276093 0.5358206629753113 0.5357888340950012
36.32577299799731 0.08499672263860703 3.632940457339251e-16 0.0849861353635788 0.5747662782669067 0.5747380256652832
36.67733549799731 0.08689378201961517 3.668100265584185e-16 0.08688359707593918 0.5954230427742004 0.5953967571258545
36.85311674799731 0.08775646239519119 3.685680169706652e-16 0.08774647116661072 0.6053220629692078 0.6052967309951782
37.38046049799731 0.0899810716509819 3.738419882074053e-16 0.08997160196304321 0.6331064105033875 0.6330838799476624
37.90780424799731 0.09172746539115906 3.791159594441454e-16 0.09171843528747559 0.6581985354423523 0.6581786274909973
38.08358549799731 0.09221494197845459 3.808739498563921e-16 0.09220603853464127 0.6659844517707825 0.6659654378890991
38.259366747997305 0.0926562249660492 3.826319137988592e-16 0.09264745563268661 0.6734724044799805 0.6734541654586792
38.435147997997305 0.09306222200393677 3.843899042111059e-16 0.09305356442928314 0.6807252168655396 0.6807077527046204
38.786710497997305 0.0937858372926712 3.879058850355993e-16 0.09377739578485489 0.6946077346801758 0.6945918202400208
39.489835497997305 0.09485089033842087 3.949378466845861e-16 0.09484278410673141 0.7194236516952515 0.7194104790687561
40.192960497997305 0.09549672156572342 4.019698083335729e-16 0.09548884630203247 0.7404316663742065 0.7404208779335022
40.368741747997305 0.09561071544885635 4.037277987458196e-16 0.09560288488864899 0.7451706528663635 0.7451604008674622
40.544522997997305 0.09571120887994766 4.054857626882867e-16 0.09570341557264328 0.7497417330741882 0.7497320175170898
40.720304247997305 0.09579832851886749 4.072437531005334e-16 0.0957905650138855 0.754135012626648 0.754125714302063
40.896085497997305 0.09587249159812927 4.090017435127801e-16 0.09586476534605026 0.7583430409431458 0.758334219455719
41.5992104979973 0.09607198089361191 4.1603370516176688e-16 0.09606434404850006 0.7735615968704224 0.7735544443130493
42.3023354979973 0.0961683839559555 4.2306566681075367e-16 0.09616079926490784 0.7865862846374512 0.7865804433822632
42.8296792479973 0.09620323032140732 4.2833961157771416e-16 0.09619566798210144 0.7951563596725464 0.7951513528823853
43.0054604979973 0.09620988368988037 4.3009760198996086e-16 0.09620232880115509 0.7977964878082275 0.7977917194366455
43.1812417479973 0.09621506184339523 4.3185559240220756e-16 0.09620750695466995 0.8003476858139038 0.8003431558609009
43.3570229979973 0.09621874243021011 4.3361358281445426e-16 0.09621119499206543 0.8027909398078918 0.8027865886688232
43.5328042479973 0.09622113406658173 4.3537157322670096e-16 0.09621358662843704 0.805121660232544 0.8051175475120544
43.7085854979973 0.09622262418270111 4.3712956363894766e-16 0.09621508419513702 0.8073521852493286 0.8073482513427734
44.67538237299729 0.09622462838888168 4.467984976714147e-16 0.096217080950737 0.8181572556495667 0.8181542754173279
45.64217924799729 0.09622452408075333 4.564674317038817e-16 0.09621697664260864 0.8271207809448242 0.8271185159683228
46.69686674799729 0.09622452408075333 4.670153741773619e-16 0.09621697664260864 0.8350932002067566 0.8350914716720581
46.87264799799729 0.09622452408075333 4.68773338119829e-16 0.09621697664260864 0.8362612724304199 0.8362596035003662
47.04842924799729 0.09622452408075333 4.705313550018553e-16 0.09621697664260864 0.8373857140541077 0.8373841047286987
47.22421049799729 0.09622452408075333 4.722893189443224e-16 0.09621697664260864 0.8384705781936646 0.8384690880775452
48.103116747997284 0.09622452408075333 4.810792445357763e-16 0.09621697664260864 0.8434557318687439 0.8434544801712036
48.982022997997284 0.09622452408075333 4.898692230667894e-16 0.09621697664260864 0.8477469682693481 0.8477460145950317
49.948819872997284 0.09622452408075333 4.995381570992565e-16 0.09621697664260864 0.8519063591957092 0.8519055843353271
50.915616747997284 0.09622452408075333 5.092070911317235e-16 0.09621697664260864 0.8555705547332764 0.8555699586868286
51.44296049799728 0.09622452408075333 5.14481035898684e-16 0.09621697664260864 0.8573267459869385 0.8573262095451355
51.97030424799728 0.09622452408075333 5.197550336052037e-16 0.09621697664260864 0.8589564561843872 0.858955979347229
52.67342924799728 0.09622452408075333 5.267869423146313e-16 0.09621697664260864 0.861019492149353 0.8610190749168396
53.37655424799728 0.09622452408075333 5.338189039636181e-16 0.09621697664260864 0.8628654479980469 0.8628650903701782
53.55233549799728 0.09622452408075333 5.355769208456444e-16 0.09621697664260864 0.8632960319519043 0.8632956743240356
53.72811674799728 0.09622452408075333 5.373348847881115e-16 0.09621697664260864 0.8637152910232544 0.8637149333953857
53.90389799799728 0.09622452408075333 5.390929016701378e-16 0.09621697664260864 0.8641235828399658 0.8641232848167419
54.07967924799728 0.09622452408075333 5.408508656126049e-16 0.09621697664260864 0.8645213842391968 0.8645210862159729
55.22225737299727 0.09622452408075333 5.522778165270982e-16 0.09621697664260864 0.8669417500495911 0.866941511631012
56.36483549799727 0.09622452408075333 5.6370471450203235e-16 0.09621697664260864 0.8690316677093506 0.8690314888954163
57.59530424799726 0.09622452408075333 5.760106209179796e-16 0.09621697664260864 0.8709648251533508 0.8709646463394165
58.12264799799726 0.09622452408075333 5.812846186244993e-16 0.09621697664260864 0.8717624545097351 0.8717623353004456
59.06132399899863 0.09622452408075333 5.906722847789187e-16 0.09621697664260864 0.8730859756469727 0.8730858564376831
59.99999999999999 0.09622452408075333 6.000600038728974e-16 0.09621697664260864 0.8742987513542175 0.8742986917495728
60.000099999999996 0.09622452408075333 6.000610097245222e-16 0.09621697664260864 0.8742988109588623 0.8742983341217041
60.000299999999996 0.09622452408075333 6.00063021427772e-16 0.09621667116880417 0.8742989301681519 0.8742979764938354
60.000699999999995 0.09622452408075333 6.000669918947122e-16 0.09621291607618332 0.8742989897727966 0.8742978572845459
60.001000000000005 0.09622452408075333 6.000700094495868e-16 0.09620597213506699 0.8742989897727966 0.8742978572845459
60.236507266952536 0.09622452408075333 0.0008263537310995162 0.06602384895086288 0.8742989897727966 0.8742978572845459
60.47201453390507 0.09622452408075333 0.001650713267736137 0.039416294544935226 0.8742989897727966 0.8742978572845459
60.64779578390507 0.09622452408075333 0.0022652591578662395 0.022818319499492645 0.8742989897727966 0.8742978572845459
60.82357703390507 0.09622452408075333 0.002879356499761343 0.00927868764847517 0.8742989897727966 0.8742978572845459
60.96345468807587 0.09622452408075333 0.003367865923792124 0.000941807753406465 0.8742989897727966 0.8742978572845459
60.99496488290696 0.09622452408075333 0.0034779636189341545 6.3426821725443e-05 0.8742989897727966 0.8742978572845459
61.019099670170625 0.09622452408075333 0.003562354249879718 -3.3386129416612675e-08 0.8742989897727966 0.8742978572845459
63.1466745085669 0.09622452408075333 0.011169396340847015 -3.3386129416612675e-08 0.8742989897727966 0.8742978572845459
65.27424934696319 0.09622452408075333 0.01874624565243721 -3.3386129416612675e-08 0.8742989897727966 0.8742978572845459
70.54768684696317 0.09622452408075333 0.03719944879412651 -3.3386129416612675e-08 0.8742989897727966 0.8742978572845459
72.04182747196316 0.09622452408075333 0.04234597086906433 -3.3386129416612675e-08 0.8742989897727966 0.8742978572845459
73.53596809696317 0.09622452408075333 0.04745640605688095 -3.3386129416612675e-08 0.8742989897727966 0.8742978572845459
81.97346809696315 0.09622452408075333 0.07564032077789307 -3.3386129416612675e-08 0.8742989897727966 0.8742978572845459
82.14924934696315 0.09622452408075333 0.07621532678604126 -3.3386129416612675e-08 0.8742989897727966 0.8742978572845459
82.32503059696315 0.09622452408075333 0.07678984105587006 -3.3386129416612675e-08 0.8742989897727966 0.8742978572845459
82.50081184696315 0.09622452408075333 0.07736386358737946 -3.3386129416612675e-08 0.8742989897727966 0.8742978572845459
89.99999999999999 0.09622452408075333 0.10139407962560654 -3.3420814560258805e-08 0.8742989897727966 0.8742978572845459
90.0001 0.09622452408075333 0.1013946384191513 -3.3384647935008616e-08 0.8742989897727966 0.8742978572845459
90.0003 0.09622452408075333 0.10139622539281845 -3.335318154995548e-08 0.8742989897727966 0.8742978572845459
90.0004738417563 0.09622452408075333 0.10139602422714233 -1.7022397713617465e-08 0.8742989897727966 0.8742978572845459
90.00082152526889 0.09622452408075333 0.10138929635286331 6.45784652419934e-08 0.8742989897727966 0.8742978572845459
90.001 0.09622452408075333 0.10138405859470367 1.1482478612379055e-07 0.8742989897727966 0.8742978572845459
90.04112553702566 0.09622452408075333 0.10138405859470367 1.1482478612379055e-07 0.8742989897727966 0.8743451833724976
90.08125107405134 0.09622452408075333 0.10138405859470367 1.1482478612379055e-07 0.8742989897727966 0.8743923306465149
90.49790315891768 0.09622452408075333 0.10138405859470367 1.1482478612379055e-07 0.8742989897727966 0.8748946785926819
90.67368440891768 0.09622452408075333 0.10138405859470367 1.1482478612379055e-07 0.8742989897727966 0.8751009702682495
90.84946565891768 0.09622452408075333 0.10138405859470367 1.1482478612379055e-07 0.8742989897727966 0.8753032088279724
91.02524690891768 0.09622452408075333 0.10138405859470367 1.1482478612379055e-07 0.8742989897727966 0.8755017518997192
91.72837190891768 0.09622452408075333 0.10138405859470367 1.1482478612379055e-07 0.8742989897727966 0.8762602210044861
92.43149690891768 0.09622452408075333 0.10138405859470367 1.1482478612379055e-07 0.8742989897727966 0.8769664764404297
92.95884065891768 0.09622452408075333 0.10138405859470367 1.1482478612379055e-07 0.8742989897727966 0.877465009689331
93.48618440891768 0.09622452408075333 0.10138405859470367 1.1482478612379055e-07 0.8742989897727966 0.877938985824585
94.10141878391767 0.09622452408075333 0.10138405859470367 1.1482478612379055e-07 0.8742989897727966 0.8784635663032532
94.71665315891768 0.09622452408075333 0.10138405859470367 1.1482478612379055e-07 0.8742989897727966 0.8789597749710083
95.24399690891768 0.09622452408075333 0.10138405859470367 1.1482478612379055e-07 0.8742989897727966 0.8793884515762329
95.94712190891768 0.09622452408075333 0.10138405859470367 1.1482478612379055e-07 0.8742989897727966 0.8799605965614319
96.65024690891768 0.09622452408075333 0.10138405859470367 1.1482478612379055e-07 0.8742989897727966 0.8804982900619507
97.35337190891767 0.09622452408075333 0.10138405859470367 1.1482478612379055e-07 0.8742989897727966 0.8810045123100281
98.05649690891767 0.09622452408075333 0.10138405859470367 1.1482478612379055e-07 0.8742989897727966 0.8814820647239685
98.58384065891767 0.09622452408075333 0.10138405859470367 1.1482478612379055e-07 0.8742989897727966 0.8818228840827942
99.37485628391767 0.09622452408075333 0.10138405859470367 1.1482478612379055e-07 0.8742989897727966 0.8823084235191345
100.16587190891767 0.09622452408075333 0.10138405859470367 1.1482478612379055e-07 0.8742989897727966 0.8827655911445618
101.04477815891767 0.09622452408075333 0.10138405859470367 1.1482478612379055e-07 0.8742989897727966 0.8832433223724365
101.92368440891767 0.09622452408075333 0.10138405859470367 1.1482478612379055e-07 0.8742989897727966 0.8836921453475952
102.45102815891767 0.09622452408075333 0.10138405859470367 1.1482478612379055e-07 0.8742989897727966 0.8839572072029114
102.97837190891767 0.09622452408075333 0.10138405859470367 1.1482478612379055e-07 0.8742989897727966 0.8842378854751587
103.85727815891765 0.09622452408075333 0.10138405859470367 1.1482478612379055e-07 0.8742989897727966 0.8846869468688965
104.73618440891765 0.09622452408075333 0.10138405859470367 1.1482478612379055e-07 0.8742989897727966 0.8851094245910645
105.87876253391767 0.09622452408075333 0.10138405859470367 1.1482478612379055e-07 0.8742989897727966 0.885621190071106
107.02134065891765 0.09622452408075333 0.10138405859470367 1.1482478612379055e-07 0.8742989897727966 0.8861162662506104
107.98813753391765 0.09622452408075333 0.10138405859470367 1.1482478612379055e-07 0.8742989897727966 0.8865512013435364
108.95493440891765 0.09622452408075333 0.10138405859470367 1.1482478612379055e-07 0.8742989897727966 0.8869596719741821
109.83384065891765 0.09622452408075333 0.10138405859470367 1.1482478612379055e-07 0.8742989897727966 0.8873100876808167
110.71274690891764 0.09622452408075333 0.10138405859470367 1.1482478612379055e-07 0.8742989897727966 0.8876422047615051
111.41587190891764 0.09622452408075333 0.10138405859470367 1.1482478612379055e-07 0.8742989897727966 0.8878957033157349
112.11899690891764 0.09622452408075333 0.10138405859470367 1.1482478612379055e-07 0.8742989897727966 0.8881391286849976
114.40415315891764 0.09622452408075333 0.10138405859470367 1.1482478612379055e-07 0.8742989897727966 0.8888677358627319
114.93149690891764 0.09622452408075333 0.10138405859470367 1.1482478612379055e-07 0.8742989897727966 0.8890236020088196
117.56821565891762 0.09622452408075333 0.10138405859470367 1.1482478612379055e-07 0.8742989897727966 0.8897432088851929
117.91977815891762 0.09622452408075333 0.10138405859470367 1.1482478612379055e-07 0.8742989897727966 0.8898323774337769
118.95988907945882 0.09622452408075333 0.10138405859470367 1.1482478612379055e-07 0.8742989897727966 0.8900867104530334
119.99999999999999 0.09622452408075333 0.10138405859470367 1.1482478612379055e-07 0.8742989897727966 0.890356719493866
120.0001 0.09622452408075333 0.10138405859470367 1.1482478612379055e-07 0.8742989897727966 0.890356719493866
120.0003 0.09622452408075333 0.10138405859470367 1.1482478612379055e-07 0.8742989897727966 0.890356719493866
120.0007 0.09622003883123398 0.10138405859470367 1.1482478612379055e-07 0.8742989897727966 0.890356719493866
120.001 0.09620882570743561 0.10138405859470367 1.1482478612379055e-07 0.8742989897727966 0.890356719493866
120.18295147924273 0.07260601967573166 0.10138405859470367 0.00025076765450648963 0.8742989897727966 0.890356719493866
120.36490295848544 0.0509747676551342 0.10138405859470367 0.000501059927046299 0.8742989897727966 0.890356719493866
120.54068420848544 0.03251747041940689 0.10138405859470367 0.0007426848169416189 0.8742989897727966 0.890356719493866
120.71646545848544 0.017165010794997215 0.10138405859470367 0.0009841799037531018 0.8742989897727966 0.890356719493866
120.89224670848544 0.004588941112160683 0.10138405859470367 0.0012256139889359474 0.8742989897727966 0.890356719493866
120.96438599579994 0.000581728236284107 0.10138405859470367 0.0013247134629637003 0.8742989897727966 0.890356719493866
120.98509969825001 4.120373705518432e-05 0.10138405859470367 0.0013531857402995229 0.8742989897727966 0.890356719493866
120.9985214331365 -3.3386164943749463e-08 0.10138405859470367 0.0013716438552364707 0.8742989897727966 0.890356719493866
125.63337222784078 -3.3386164943749463e-08 0.10138405859470367 0.007701151072978973 0.8742989897727966 0.890356719493866
125.8091534778408 -3.3386164943749463e-08 0.10138405859470367 0.007942816242575645 0.8742989897727966 0.890356719493866
125.98493472784081 -3.3386164943749463e-08 0.10138405859470367 0.00819335412234068 0.8742989897727966 0.890356719493866
126.16071597784081 -3.3386164943749463e-08 0.10138405859470367 0.008452952839434147 0.8742989897727966 0.890356719493866
128.09430972784097 -3.3386164943749463e-08 0.10138405859470367 0.01133783534169197 0.8742989897727966 0.890356719493866
128.27009097784097 -3.3386164943749463e-08 0.10138405859470367 0.011599428951740265 0.8742989897727966 0.890356719493866
128.445872227841 -3.3386164943749463e-08 0.10138405859470367 0.01186090987175703 0.8742989897727966 0.890356719493866
128.621653477841 -3.3386164943749463e-08 0.10138405859470367 0.012122279033064842 0.8742989897727966 0.890356719493866
137.49860660284168 -3.3386164943749463e-08 0.10138405859470367 0.02517535537481308 0.8742989897727966 0.890356719493866
146.37555972784233 -3.3386164943749463e-08 0.10138405859470367 0.03794403374195099 0.8742989897727966 0.890356719493866
146.55134097784233 -3.3386164943749463e-08 0.10138405859470367 0.03819402679800987 0.8742989897727966 0.890356719493866
146.72712222784236 -3.3386164943749463e-08 0.10138405859470367 0.0384439080953598 0.8742989897727966 0.890356719493866
146.90290347784236 -3.3386164943749463e-08 0.10138405859470367 0.038693685084581375 0.8742989897727966 0.890356719493866
150.0 -3.3353256156942734e-08 0.10138405859470367 0.04307648912072182 0.8742989897727966 0.890356719493866
150.0001 -3.3353931172541706e-08 0.10138405859470367 0.043077729642391205 0.8742989897727966 0.890356719493866
150.0003 -3.333425269147483e-08 0.10138405859470367 0.04307946562767029 0.8742989897727966 0.8903567790985107
150.0007 -3.328268505242704e-08 0.10138405859470367 0.043076708912849426 0.8742983937263489 0.8903567790985107
150.00082296379134 -3.1822370516465526e-08 0.10138405859470367 0.04307614266872406 0.8742971420288086 0.8903563618659973
150.00089395679728 1.71927752035117e-08 0.10138405859470367 0.043077439069747925 0.8742954730987549 0.8903555870056152
150.00092967743825 1.925487111975599e-07 0.10138405859470367 0.04307851567864418 0.8742944598197937 0.8903549313545227
150.00095165809 5.570748271566117e-07 0.10138405859470367 0.04307908937335014 0.8742937445640564 0.8903544545173645
150.0009896081918 2.4353807930310722e-06 0.10138405859470367 0.04307997226715088 0.8742924332618713 0.890353262424469
150.001 3.360227083248901e-06 0.10138405859470367 0.04308019205927849 0.8742920756340027 0.8903529047966003
150.00868757139324 0.0008926492882892489 0.10138405859470367 0.0432380735874176 0.874007523059845 0.8900684118270874
150.01637514278647 0.0017817652551457286 0.10138405859470367 0.04339589551091194 0.8737212419509888 0.889782190322876
150.06250620237867 0.0071167731657624245 0.10138405859470367 0.04434284567832947 0.8719872236251831 0.8880481123924255
150.12401428183492 0.014196410775184631 0.10138405859470367 0.04559483379125595 0.8696363568305969 0.8856972455978394
150.24703044074747 0.028251048177480698 0.10138405859470367 0.04806593805551529 0.8647785186767578 0.8808394074440002
150.4228116907475 0.048152755945920944 0.10138405859470367 0.05154021829366684 0.8575181365013123 0.8735790252685547
150.5985929407475 0.06784079968929291 0.10138405859470367 0.05494799092411995 0.8498721718788147 0.8659330606460571
150.77437419074752 0.08729691803455353 0.10138405859470367 0.05828395485877991 0.8417999148368835 0.857860803604126
150.95015544074752 0.10653233528137207 0.10138405859470367 0.06155198812484741 0.8332904577255249 0.8493513464927673
151.12593669074752 0.12554286420345306 0.10138405859470367 0.06475129723548889 0.8243268728256226 0.8403877019882202
151.30171794074755 0.1443031281232834 0.10138405859470367 0.06787463277578354 0.8149036169052124 0.8309645056724548
151.47749919074755 0.16280950605869293 0.10138405859470367 0.0709213986992836 0.8050537109375 0.8211146593093872
151.65328044074758 0.18107959628105164 0.10138405859470367 0.07389741390943527 0.7947883009910583 0.8108491897583008
152.0048429407476 0.21687209606170654 0.10138405859470367 0.07962803542613983 0.772838830947876 0.7888996601104736
152.1806241907476 0.23436513543128967 0.10138405859470367 0.08237513154745102 0.7611503005027771 0.7772111892700195
152.35640544074764 0.2516059875488281 0.10138405859470367 0.085049107670784 0.7490344643592834 0.7650953531265259
152.53218669074764 0.2685903310775757 0.10138405859470367 0.087649405002594 0.7365233302116394 0.7525842189788818
152.70796794074766 0.28530317544937134 0.10138405859470367 0.09017239511013031 0.7236172556877136 0.739678144454956
152.88374919074766 0.3017517030239105 0.10138405859470367 0.09262074530124664 0.7102833390235901 0.7263442277908325
153.0595304407477 0.3179316520690918 0.10138405859470367 0.09499411284923553 0.6965085864067078 0.7125694751739502
153.2353116907477 0.33382830023765564 0.10138405859470367 0.09728911519050598 0.6823076009750366 0.698368489742279
153.41109294074772 0.3494490087032318 0.10138405859470367 0.09950853884220123 0.6677063703536987 0.6837673187255859
153.58687419074772 0.3648008108139038 0.10138405859470367 0.10165516287088394 0.6527470350265503 0.6688079237937927
153.76265544074772 0.3798797130584717 0.10138405859470367 0.10372868925333023 0.6374461650848389 0.6535070538520813
154.11421794074775 0.40916091203689575 0.10138405859470367 0.10764478147029877 0.6057446002960205 0.6218054294586182
154.28999919074778 0.4233572483062744 0.10138405859470367 0.1094876304268837 0.589333176612854 0.6053940653800964
154.46578044074778 0.4372679591178894 0.10138405859470367 0.11125776171684265 0.5725789070129395 0.5886397957801819
154.6415616907478 0.45088991522789 0.10138405859470367 0.11295536160469055 0.5555109977722168 0.5715718865394592
154.8173429407478 0.46420955657958984 0.10138405859470367 0.11457819491624832 0.5381343364715576 0.5541952252388
154.99312419074784 0.47721409797668457 0.10138405859470367 0.1161242425441742 0.5204620361328125 0.5365229249000549
155.16890544074784 0.4899129867553711 0.10138405859470367 0.11759695410728455 0.5025255680084229 0.5185864567756653
155.34468669074786 0.5023152828216553 0.10138405859470367 0.11899974942207336 0.4843466281890869 0.5004075169563293
155.6962491907479 0.5262239575386047 0.10138405859470367 0.12159891426563263 0.447255402803421 0.46331626176834106
156.0478116907479 0.5489319562911987 0.10138405859470367 0.12392985820770264 0.4091280996799469 0.42518889904022217
156.22359294074792 0.5598453879356384 0.10138405859470367 0.125 0.3897077441215515 0.4057685136795044
156.57515544074795 0.5808215737342834 0.10138405859470367 0.12696267664432526 0.3501764237880707 0.36623692512512207
156.75093669074795 0.590864360332489 0.10138405859470367 0.12785375118255615 0.3300687074661255 0.3461288511753082
156.92671794074798 0.6006091833114624 0.10138405859470367 0.1286863088607788 0.30975937843322754 0.3258189260959625
157.10249919074798 0.6100582480430603 0.10138405859470367 0.12946227192878723 0.289287805557251 0.30534622073173523
157.454061690748 0.6280899047851562 0.10138405859470367 0.13085417449474335 0.24787208437919617 0.26392439007759094
157.62984294074803 0.6366980075836182 0.10138405859470367 0.13147759437561035 0.226933091878891 0.24297793209552765
157.80562419074803 0.6450315117835999 0.10138405859470367 0.13205412030220032 0.2058757245540619 0.2219064086675644
157.98140544074806 0.6530846357345581 0.10138405859470367 0.13258419930934906 0.18470796942710876 0.20071181654930115
158.15718669074806 0.6608624458312988 0.10138405859470367 0.1330701857805252 0.16344505548477173 0.1793980598449707
158.33296794074806 0.6683793067932129 0.10138405859470367 0.13351576030254364 0.14214377105236053 0.15800076723098755
158.5087491907481 0.6756493449211121 0.10138405859470367 0.1339244842529297 0.12091705203056335 0.1365949809551239
158.6845304407481 0.6826676726341248 0.10138405859470367 0.13429708778858185 0.09996141493320465 0.11531369388103485
158.86031169074812 0.689430832862854 0.10138405859470367 0.13463440537452698 0.07959951460361481 0.09438613057136536
159.03609294074812 0.6959455013275146 0.10138405859470367 0.1349388062953949 0.06030569225549698 0.07417996972799301
159.21187419074815 0.702226996421814 0.10138405859470367 0.13521355390548706 0.042667511850595474 0.0552176907658577
159.38765544074815 0.7082899212837219 0.10138405859470367 0.13546179234981537 0.027242010459303856 0.038106873631477356
159.56343669074818 0.7141311168670654 0.10138405859470367 0.13568443059921265 0.014348095282912254 0.02335292659699917
159.73921794074818 0.7197827696800232 0.10138405859470367 0.13588589429855347 0.0036280802451074123 0.010794393718242645
159.80752913359032 0.721927285194397 0.10138405859470367 0.13595861196517944 0.00038116067298687994 0.006549299228936434
159.82631732907345 0.7225086688995361 0.10138405859470367 0.13597773015499115 5.137280822964385e-06 0.005487373098731041
159.8469114248076 0.7231425642967224 0.10138405859470367 0.13599833846092224 -3.3380295860752085e-08 0.004377790726721287
159.86672752891613 0.723749041557312 0.10138405859470367 0.1360178142786026 -3.338030296617944e-08 0.0033499456476420164
159.90635973713324 0.7249560952186584 0.10138405859470367 0.13605616986751556 -3.338031362432048e-08 0.0013561188243329525
159.92459468012126 0.7255082726478577 0.10138405859470367 0.1360735148191452 -3.338031717703416e-08 0.00046641044900752604
159.93395860458398 0.7257903218269348 0.10138405859470367 0.136082261800766 -3.3380320729747837e-08 5.7293793361168355e-05
159.9363490159147 0.7258622646331787 0.10138405859470367 0.13608448207378387 -3.3380320729747837e-08 4.413204806041904e-06
160.14972561221302 0.7321156859397888 0.10138405859470367 0.13626734912395477 -3.3380320729747837e-08 -2.3430843612004537e-06
160.36310220851138 0.7380746006965637 0.10138405859470367 0.13642340898513794 -3.3380320729747837e-08 -3.3380320729747837e-08
160.5388834585114 0.7427807450294495 0.10138405859470367 0.13653482496738434 -3.3380320729747837e-08 -3.3380320729747837e-08
160.7146647085114 0.7473064661026001 0.10138405859470367 0.1366317868232727 -3.3380320729747837e-08 -3.3380320729747837e-08
160.89044595851144 0.7516694068908691 0.10138405859470367 0.13671661913394928 -3.3380320729747837e-08 -3.3380320729747837e-08
161.06622720851144 0.7558676600456238 0.10138405859470367 0.13679003715515137 -3.3380320729747837e-08 -3.3380320729747837e-08
161.59357095851146 0.7674971222877502 0.10138405859470367 0.13695093989372253 -3.3380320729747837e-08 -3.3380320729747837e-08
161.9451334585115 0.7745122909545898 0.10138405859470367 0.13701987266540527 -3.3380320729747837e-08 -3.3380324282461515e-08
162.12091470851152 0.7778172492980957 0.10138405859470367 0.13704566657543182 -3.3380320729747837e-08 -3.3380324282461515e-08
162.47247720851155 0.7840511798858643 0.10138405859470367 0.1370837688446045 -3.3380320729747837e-08 -3.3380324282461515e-08
162.99982095851158 0.7925435900688171 0.10138405859470367 0.137116476893425 -3.3380320729747837e-08 -3.3380324282461515e-08
163.1756022085116 0.7951658368110657 0.10138405859470367 0.13712285459041595 -3.3380320729747837e-08 -3.3380324282461515e-08
163.3513834585116 0.7976916432380676 0.10138405859470367 0.13712763786315918 -3.3380320729747837e-08 -3.3380324282461515e-08
163.52716470851163 0.800119936466217 0.10138405859470367 0.13713109493255615 -3.3380320729747837e-08 -3.3380324282461515e-08
163.70294595851163 0.8024498820304871 0.10138405859470367 0.13713344931602478 -3.3380320729747837e-08 -3.3380324282461515e-08
163.87872720851163 0.8046922087669373 0.10138405859470367 0.13713499903678894 -3.3380320729747837e-08 -3.3380324282461515e-08
164.05450845851166 0.8068563342094421 0.10138405859470367 0.13713602721691132 -3.3380320729747837e-08 -3.3380324282461515e-08
164.23028970851166 0.8089454770088196 0.10138405859470367 0.13713666796684265 -3.3380320729747837e-08 -3.3380324282461515e-08
164.4060709585117 0.8109579682350159 0.10138405859470367 0.1371370255947113 -3.3380320729747837e-08 -3.3380324282461515e-08
164.5818522085117 0.8128926157951355 0.10138405859470367 0.13713720440864563 -3.3380320729747837e-08 -3.3380324282461515e-08
164.75763345851172 0.8147585391998291 0.10138405859470367 0.1371372640132904 -3.3380320729747837e-08 -3.3380324282461515e-08
164.93341470851172 0.8165589570999146 0.10138405859470367 0.1371372938156128 -3.3380320729747837e-08 -3.3380324282461515e-08
165.10919595851175 0.8182920217514038 0.10138405859470367 0.1371372938156128 -3.3380320729747837e-08 -3.3380324282461515e-08
165.28497720851175 0.8199659585952759 0.10138405859470367 0.1371372938156128 -3.3380320729747837e-08 -3.3380324282461515e-08
165.46075845851178 0.8215835094451904 0.10138405859470367 0.1371372938156128 -3.3380320729747837e-08 -3.3380324282461515e-08
165.63653970851178 0.8231425881385803 0.10138405859470367 0.1371372938156128 -3.3380320729747837e-08 -3.3380324282461515e-08
165.8123209585118 0.824650764465332 0.10138405859470367 0.1371372938156128 -3.3380320729747837e-08 -3.3380324282461515e-08
165.9881022085118 0.826110303401947 0.10138405859470367 0.1371372938156128 -3.3380320729747837e-08 -3.3380324282461515e-08
166.16388345851183 0.8275189995765686 0.10138405859470367 0.1371372938156128 -3.3380320729747837e-08 -3.3380324282461515e-08
166.33966470851183 0.8288837671279907 0.10138405859470367 0.1371372938156128 -3.3380324282461515e-08 -3.3380324282461515e-08
166.51544595851183 0.8302063941955566 0.10138405859470367 0.1371372938156128 -3.3380324282461515e-08 -3.3380324282461515e-08
166.69122720851186 0.8314846754074097 0.10138405859470367 0.1371372938156128 -3.3380324282461515e-08 -3.3380324282461515e-08
166.86700845851186 0.832724928855896 0.10138405859470367 0.1371372938156128 -3.3380324282461515e-08 -3.3380324282461515e-08
167.0427897085119 0.8339285850524902 0.10138405859470367 0.1371372938156128 -3.3380324282461515e-08 -3.3380324282461515e-08
167.2185709585119 0.8350896835327148 0.10138405859470367 0.1371372938156128 -3.3380324282461515e-08 -3.3380324282461515e-08
167.39435220851192 0.8362106084823608 0.10138405859470367 0.1371372938156128 -3.3380324282461515e-08 -3.3380324282461515e-08
167.57013345851192 0.8373016119003296 0.10138405859470367 0.1371372938156128 -3.3380324282461515e-08 -3.3380324282461515e-08
167.74591470851195 0.8383653163909912 0.10138405859470367 0.1371372938156128 -3.3380324282461515e-08 -3.3380324282461515e-08
168.09747720851198 0.8403913378715515 0.10138405859470367 0.1371372938156128 -3.3380324282461515e-08 -3.3380324282461515e-08
168.27325845851198 0.8413600921630859 0.10138405859470367 0.1371372938156128 -3.3380324282461515e-08 -3.3380324282461515e-08
168.449039708512 0.8423040509223938 0.10138405859470367 0.1371372938156128 -3.3380324282461515e-08 -3.3380324282461515e-08
168.624820958512 0.8432188034057617 0.10138405859470367 0.1371372938156128 -3.3380324282461515e-08 -3.3380324282461515e-08
168.97638345851203 0.8449680805206299 0.10138405859470367 0.1371372938156128 -3.3380324282461515e-08 -3.3380324282461515e-08
169.15216470851203 0.8458110094070435 0.10138405859470367 0.1371372938156128 -3.3380324282461515e-08 -3.3380324282461515e-08
169.32794595851206 0.8466290831565857 0.10138405859470367 0.1371372938156128 -3.3380324282461515e-08 -3.3380324282461515e-08
169.50372720851206 0.8474199771881104 0.10138405859470367 0.1371372938156128 -3.3380324282461515e-08 -3.3380324282461515e-08
169.9431803335121 0.8493062853813171 0.10138405859470367 0.1371372938156128 -3.3380324282461515e-08 -3.3380324282461515e-08
170.38263345851215 0.8510746955871582 0.10138405859470367 0.1371372938156128 -3.3380324282461515e-08 -3.3380324282461515e-08
170.55841470851215 0.8517460227012634 0.10138405859470367 0.1371372938156128 -3.3380324282461515e-08 -3.3380324282461515e-08
170.73419595851217 0.8524036407470703 0.10138405859470367 0.1371372938156128 -3.3380324282461515e-08 -3.3380324282461515e-08
171.1736490835122 0.8539833426475525 0.10138405859470367 0.1371372938156128 -3.3380324282461515e-08 -3.3380324282461515e-08
171.61310220851223 0.8554528951644897 0.10138405859470367 0.1371372938156128 -3.3380324282461515e-08 -3.3380324282461515e-08
171.78888345851223 0.8560183048248291 0.10138405859470367 0.1371372938156128 -3.3380324282461515e-08 -3.3380324282461515e-08
171.96466470851226 0.856574296951294 0.10138405859470367 0.1371372938156128 -3.3380324282461515e-08 -3.3380324282461515e-08
172.84357095851232 0.8591486811637878 0.10138405859470367 0.1371372938156128 -3.3380324282461515e-08 -3.3380324282461515e-08
173.01935220851234 0.8596338629722595 0.10138405859470367 0.1371372938156128 -3.3380324282461515e-08 -3.3380324282461515e-08
173.19513345851234 0.8601082563400269 0.10138405859470367 0.1371372938156128 -3.3380324282461515e-08 -3.3380324282461515e-08
173.37091470851237 0.8605698943138123 0.10138405859470367 0.1371372938156128 -3.3380324282461515e-08 -3.3380324282461515e-08
173.72247720851237 0.8614565134048462 0.10138405859470367 0.1371372938156128 -3.3380324282461515e-08 -3.3380324282461515e-08
174.0740397085124 0.8622992038726807 0.10138405859470367 0.1371372938156128 -3.3380324282461515e-08 -3.3380324282461515e-08
174.24982095851243 0.8627109527587891 0.10138405859470367 0.1371372938156128 -3.3380324282461515e-08 -3.3380324282461515e-08
174.60138345851246 0.8635165691375732 0.10138405859470367 0.1371372938156128 -3.3380324282461515e-08 -3.3380324282461515e-08
174.77716470851246 0.8639048337936401 0.10138405859470367 0.1371372938156128 -3.3380324282461515e-08 -3.3380324282461515e-08
174.9529459585125 0.8642834424972534 0.10138405859470367 0.1371372938156128 -3.3380324282461515e-08 -3.3380324282461515e-08
175.1287272085125 0.8646532297134399 0.10138405859470367 0.1371372938156128 -3.3380324282461515e-08 -3.3380324282461515e-08
176.5349772085126 0.8673846125602722 0.10138405859470367 0.1371372938156128 -3.3380324282461515e-08 -3.3380324282461515e-08
176.7107584585126 0.8676954507827759 0.10138405859470367 0.1371372938156128 -3.3380324282461515e-08 -3.3380324282461515e-08
176.88653970851263 0.8679993748664856 0.10138405859470367 0.1371372938156128 -3.3380324282461515e-08 -3.3380324282461515e-08
177.06232095851263 0.8682980537414551 0.10138405859470367 0.1371372938156128 -3.3380324282461515e-08 -3.3380324282461515e-08
178.82013345851277 0.8710466623306274 0.10138405859470367 0.1371372938156128 -3.3380324282461515e-08 -3.3380324282461515e-08
178.99591470851277 0.8712971210479736 0.10138405859470367 0.1371372938156128 -3.3380324282461515e-08 -3.3380324282461515e-08
179.1716959585128 0.871546745300293 0.10138405859470367 0.1371372938156128 -3.3380324282461515e-08 -3.3380324282461515e-08
179.3474772085128 0.8717927932739258 0.10138405859470367 0.1371372938156128 -3.3380324282461515e-08 -3.3380324282461515e-08
179.87482095851286 0.8725016713142395 0.10138405859470367 0.1371372938156128 -3.3380324282461515e-08 -3.3380324282461515e-08
179.99999999999997 0.8726634979248047 0.10138405859470367 0.1371372938156128 -3.3380324282461515e-08 -3.3380324282461515e-08
