time a b c w1
0.0 0.0 0.0 0.0 0.0
0.00018749998775824395 1.8751873486053863e-21 1.8751873486053863e-21 1.8751873486053863e-21 1.8751873486053863e-21
0.0003749999755164879 3.7503746972107726e-21 3.7503746972107726e-21 3.7503746972107726e-21 -5.559274374178358e-09
0.0007499999510329758 7.500749394421545e-21 7.500749394421545e-21 7.500749394421545e-21 -2.66940372029012e-08
0.001 1.0000999731091105e-20 1.0000999731091105e-20 1.0000999731091105e-20 -3.338738352454129e-08
29.999999999999996 3.000300019364487e-16 3.000300019364487e-16 3.000300019364487e-16 -3.338720588885735e-08
30.000099999999996 3.0003100778807355e-16 3.0003100778807355e-16 3.0003100778807355e-16 -3.336552367727563e-08
30.0003 3.0003299302154367e-16 3.0003299302154367e-16 3.0003299302154367e-16 -3.3344100813792465e-08
30.0007 3.0003698995826353e-16 3.0003698995826353e-16 3.0003698995826353e-16 -3.333276410444341e-08
30.000822963430668 3.000382340379048e-16 1.805496729900824e-08 3.000382340379048e-16 -2.7229731358602294e-08
30.000893956489676 3.0003894872195405e-16 9.09815156546756e-08 3.0003894872195405e-16 5.5742265914204836e-08
30.00092972433041 3.000392928290889e-16 1.989815388014904e-07 3.000392928290889e-16 1.445494746121767e-07
30.000951818700305 3.000395310571053e-16 3.1806237643650093e-07 3.000395310571053e-16 2.0108846854327567e-07
30.000964255830645 3.000396369362237e-16 4.284279100374988e-07 3.000396369362237e-16 4.023075916848029e-07
30.000985253799136 3.000398486944605e-16 7.753844215585559e-07 3.000398486944605e-16 1.7772009641703335e-06
30.000998602960294 3.000399810433585e-16 1.072873942575825e-06 3.000399810433585e-16 3.1506763207289623e-06
30.001 3.000400075131381e-16 1.107831394620007e-06 3.000400075131381e-16 3.3197779885085765e-06
30.37043726334922 3.037347387592818e-16 0.009757047519087791 3.037347387592818e-16 0.04935218393802643
30.73987452669844 3.0742949647520504e-16 0.019153518602252007 3.0742949647520504e-16 0.0976368635892868
31.032843276698433 3.1035946284909647e-16 0.02634350396692753 3.1035946284909647e-16 0.13514390587806702
31.32581202669843 3.132894556927675e-16 0.033258892595767975 3.132894556927675e-16 0.1718202829360962
31.472296401698426 3.147544256448234e-16 0.036614079028367996 3.147544256448234e-16 0.18984557688236237
31.618780776698422 3.1621942206665893e-16 0.03990615904331207 3.1621942206665893e-16 0.20767682790756226
31.76526515169842 3.1768441848849444e-16 0.04313407465815544 3.1768441848849444e-16 0.22530950605869293
32.35120265169841 3.235443777060569e-16 0.05542943254113197 3.235443777060569e-16 0.2939133048057556
32.9371401516984 3.2940433692361937e-16 0.0666797086596489 3.2940433692361937e-16 0.359183132648468
33.303351089198394 3.3306680150842856e-16 0.07307793200016022 3.3306680150842856e-16 0.3979049324989319
33.66956202669839 3.3672929256301734e-16 0.07899245619773865 3.3672929256301734e-16 0.43500059843063354
33.96253077669838 3.3965925893690877e-16 0.08335020393133163 3.3965925893690877e-16 0.4633893072605133
34.47522608919837 3.447867199435535e-16 0.09025277197360992 3.447867199435535e-16 0.5105060935020447
34.987921401698365 3.499142074199778e-16 0.0962747260928154 3.499142074199778e-16 0.5543794631958008
35.28089015169836 3.528441737938692e-16 0.09930305182933807 3.528441737938692e-16 0.5778695940971375
35.57385890169835 3.5577416663754025e-16 0.10202140361070633 3.5577416663754025e-16 0.600121021270752
36.013312026698344 3.601691294332672e-16 0.10553620010614395 3.601691294332672e-16 0.6311507225036621
36.45276515169834 3.6456409222899414e-16 0.10846348106861115 3.6456409222899414e-16 0.6595929265022278
37.33167140169832 3.7335404429022763e-16 0.11270010471343994 3.7335404429022763e-16 0.7086115479469299
37.47815577669832 3.7481904071206315e-16 0.1132219135761261 3.7481904071206315e-16 0.7157958149909973
37.624640151698316 3.7628403713389866e-16 0.1136966347694397 3.7628403713389866e-16 0.7227040529251099
37.771124526698316 3.777490070859546e-16 0.1141318678855896 3.777490070859546e-16 0.7293742895126343
38.06409327669831 3.806789999296256e-16 0.11490216851234436 3.806789999296256e-16 0.7420760989189148
38.3570620266983 3.8360896630351704e-16 0.11552752554416656 3.8360896630351704e-16 0.7537953853607178
39.089483901698294 3.90933921942915e-16 0.11656972765922546 3.90933921942915e-16 0.7790295481681824
39.38245265169829 3.9386391478658605e-16 0.1168304830789566 3.9386391478658605e-16 0.7877017259597778
39.82190577669828 3.98258877582313e-16 0.11710162460803986 3.98258877582313e-16 0.79933762550354
40.407843276698266 4.0411883679987545e-16 0.11730614304542542 4.0411883679987545e-16 0.8126465082168579
40.99378077669826 4.099787960174379e-16 0.11740708351135254 4.099787960174379e-16 0.8239675164222717
41.28674952669825 4.1290878886110895e-16 0.11743348836898804 4.1290878886110895e-16 0.8289746046066284
41.579718276698244 4.158387552350004e-16 0.11744869500398636 4.158387552350004e-16 0.8335418701171875
42.01917140169824 4.2023374450050693e-16 0.11745869368314743 4.2023374450050693e-16 0.8396607041358948
42.31214015169824 4.2316371087439836e-16 0.11746072769165039 4.2316371087439836e-16 0.8432852625846863
42.89807765169822 4.290236700919608e-16 0.11746169626712799 4.290236700919608e-16 0.8498477339744568
43.484015151698216 4.348836293095233e-16 0.11746171861886978 4.348836293095233e-16 0.855463981628418
44.0699526516982 4.4074358852708574e-16 0.11746171861886978 4.4074358852708574e-16 0.860228419303894
44.655890151698195 4.466035742144278e-16 0.11746171861886978 4.466035742144278e-16 0.8643388748168945
45.46155421419818 4.546610280647435e-16 0.11746171861886978 4.546610280647435e-16 0.8691539764404297
46.267218276698166 4.627184289755001e-16 0.11746171861886978 4.627184289755001e-16 0.87324458360672
46.70667140169816 4.671134182410066e-16 0.11746171861886978 4.671134182410066e-16 0.8752656579017639
47.365851089198145 4.737058756694868e-16 0.11746171861886978 4.737058756694868e-16 0.8779327273368835
48.02503077669813 4.802983330979671e-16 0.11746171861886978 4.802983330979671e-16 0.8803238272666931
48.610968276698124 4.861583187853091e-16 0.11746171861886978 4.861583187853091e-16 0.8822058439254761
49.19690577669812 4.92018251533092e-16 0.11746171861886978 4.92018251533092e-16 0.8838717341423035
49.48987452669811 4.94948244376763e-16 0.11746171861886978 4.94948244376763e-16 0.8846511840820312
50.51526515169809 5.052031663900524e-16 0.11746171861886978 5.052031663900524e-16 0.8870865106582642
51.540655776698074 5.154580884033418e-16 0.11746171861886978 5.154580884033418e-16 0.8891134262084961
51.83362452669807 5.183880812470129e-16 0.11746171861886978 5.183880812470129e-16 0.889660120010376
52.63928858919805 5.264455350973286e-16 0.11746171861886978 5.264455350973286e-16 0.8910717368125916
53.44495265169804 5.345029889476443e-16 0.11746171861886978 5.345029889476443e-16 0.8923521041870117
54.47034327669802 5.447579109609337e-16 0.11746171861886978 5.447579109609337e-16 0.8937855362892151
55.495733901698 5.550128329742231e-16 0.11746171861886978 5.550128329742231e-16 0.8950250744819641
55.935187026697996 5.594078222397297e-16 0.11746171861886978 5.594078222397297e-16 0.8955065608024597
56.52112452669798 5.652677549875126e-16 0.11746171861886978 5.652677549875126e-16 0.8961315155029297
57.107062026697974 5.711277406748546e-16 0.11746171861886978 5.711277406748546e-16 0.8967493772506714
57.253546401697974 5.725927370966901e-16 0.11746171861886978 5.725927370966901e-16 0.8968968391418457
57.40003077669797 5.740577335185256e-16 0.11746171861886978 5.740577335185256e-16 0.8970415592193604
57.54651515169797 5.75522677000802e-16 0.11746171861886978 5.75522677000802e-16 0.8971837759017944
58.20569483919795 5.821151873688414e-16 0.11746171861886978 5.821151873688414e-16 0.8977933526039124
58.864874526697946 5.887075918577624e-16 0.11746171861886978 5.887075918577624e-16 0.8983576893806458
59.30432765169793 5.931025811232689e-16 0.11746171861886978 5.931025811232689e-16 0.8987112641334534
59.99999999999999 6.000600038728974e-16 0.11746171861886978 6.000600038728974e-16 0.8992390036582947
60.000099999999996 6.000610097245222e-16 0.11746171861886978 6.000610097245222e-16 0.8992390632629395
60.000299999999996 6.00063021427772e-16 0.11746171861886978 6.00063021427772e-16 0.8992392420768738
60.000699999999995 6.000669918947122e-16 0.11746171861886978 6.000669918947122e-16 0.899239718914032
60.001000000000005 6.000700094495868e-16 0.11746171861886978 6.000700094495868e-16 0.8992400169372559
60.02144000000019 6.002744090876711e-16 0.11746171861886978 6.002744090876711e-16 0.8992581963539124
60.04188000000037 6.004788616653146e-16 0.11746171861886978 6.004788616653146e-16 0.899276852607727
60.31124437500147 6.031727440749385e-16 0.11746171861886978 6.031727440749385e-16 0.8995057344436646
60.604213125001465 6.061027369186095e-16 0.11746171861886978 6.061027369186095e-16 0.8997552394866943
61.043666250001465 6.104977261841161e-16 0.11746171861886978 6.104977261841161e-16 0.9001255631446838
61.409877187501465 6.141601907689253e-16 0.11746171861886978 6.141601907689253e-16 0.9004201889038086
61.77608812500145 6.178226553537345e-16 0.11746171861886978 6.178226553537345e-16 0.9007028341293335
62.28878343750145 6.229501163603792e-16 0.11746171861886978 6.229501163603792e-16 0.9010794162750244
62.80147875000143 6.280775773670239e-16 0.11746171861886978 6.280775773670239e-16 0.9014448523521423
63.38741625000142 6.339375630543659e-16 0.11746171861886978 6.339375630543659e-16 0.9018757343292236
63.97335375000141 6.397974958021488e-16 0.11746171861886978 6.397974958021488e-16 0.9022821187973022
64.63253343750141 6.46389953230629e-16 0.11746171861886978 6.46389953230629e-16 0.902710497379303
65.2917131250014 6.529824106591092e-16 0.11746171861886978 6.529824106591092e-16 0.903111457824707
65.95089281250137 6.595748680875895e-16 0.11746171861886978 6.595748680875895e-16 0.9034876227378845
66.61007250000137 6.661673255160697e-16 0.11746171861886978 6.661673255160697e-16 0.9038413166999817
67.26925218750137 6.727597829445499e-16 0.11746171861886978 6.727597829445499e-16 0.9041745662689209
67.92843187500134 6.793522403730301e-16 0.11746171861886978 6.793522403730301e-16 0.9044891595840454
68.73409593750134 6.874096942233458e-16 0.11746171861886978 6.874096942233458e-16 0.9048493504524231
69.53976000000131 6.954671480736616e-16 0.11746171861886978 6.954671480736616e-16 0.9052115678787231
69.97921312500131 6.998620843996089e-16 0.11746171861886978 6.998620843996089e-16 0.905413031578064
70.63839281250128 7.0645459476764835e-16 0.11746171861886978 7.0645459476764835e-16 0.9057018160820007
71.29757250000128 7.130469992565694e-16 0.11746171861886978 7.130469992565694e-16 0.9059754014015198
72.61593187500127 7.262319141135298e-16 0.11746171861886978 7.262319141135298e-16 0.9064821004867554
73.05538500000125 7.306269033790364e-16 0.11746171861886978 7.306269033790364e-16 0.9066400527954102
74.66671312500122 7.467418110796678e-16 0.11746171861886978 7.467418110796678e-16 0.9071783423423767
75.10616625000121 7.511367474056152e-16 0.11746171861886978 7.511367474056152e-16 0.9073149561882019
77.01046312500118 7.701816479499177e-16 0.11746171861886978 7.701816479499177e-16 0.9078630208969116
77.44991625000118 7.745766372154242e-16 0.11746171861886978 7.745766372154242e-16 0.9079803228378296
78.25558031250115 7.826340381261807e-16 0.11746171861886978 7.826340381261807e-16 0.9081868529319763
79.06124437500115 7.906914919764965e-16 0.11746171861886978 7.906914919764965e-16 0.9083884954452515
79.64718187500114 7.965514776638385e-16 0.11746171861886978 7.965514776638385e-16 0.9085507392883301
80.23311937500112 8.024114104116214e-16 0.11746171861886978 8.024114104116214e-16 0.9087080359458923
81.9909318750011 8.199913145340884e-16 0.11746171861886978 8.199913145340884e-16 0.9091470241546631
82.43038500000108 8.243863037995949e-16 0.11746171861886978 8.243863037995949e-16 0.9092498421669006
85.06710375000104 8.507560805739566e-16 0.11746171861886978 8.507560805739566e-16 0.909815788269043
85.50655687500104 8.551510698394632e-16 0.11746171861886978 8.551510698394632e-16 0.9099024534225464
88.72921312500098 8.873808852407261e-16 0.11746171861886978 8.873808852407261e-16 0.9104824066162109
89.16866625000097 8.917758745062327e-16 0.11746171861886978 8.917758745062327e-16 0.9105546474456787
89.99999999999999 9.000900322791256e-16 0.11746171861886978 9.000900322791256e-16 0.9106875061988831
90.0001 9.000909851911913e-16 0.11746171861886978 9.000909851911913e-16 0.9106875061988831
90.0003 -5.556211934987232e-09 0.11746171861886978 9.00092996894441e-16 0.9106875061988831
90.0007 -2.6207887415807818e-08 0.11746171861886978 4.994488023157828e-08 0.9106875658035278
90.001 -3.3387372866400256e-08 0.11746171861886978 1.7480708436323766e-07 0.9106875658035278
103.45350164034903 -3.338718457257528e-08 0.11746171861886978 0.015478802844882011 0.9106875658035278
116.90600328069806 -3.338720588885735e-08 0.11746171861886978 0.03060338646173477 0.9106875658035278
117.05248765569806 -3.338720588885735e-08 0.11746171861886978 0.030766142532229424 0.9106875658035278
117.19897203069804 -3.338720588885735e-08 0.11746171861886978 0.030928857624530792 0.9106875658035278
117.34545640569804 -3.338720588885735e-08 0.11746171861886978 0.03109152801334858 0.9106875658035278
119.99999999999999 -3.338720588885735e-08 0.11746171861886978 0.03403224050998688 0.9106875658035278
120.0001 -3.3365520124561954e-08 0.11746171861886978 0.03403346240520477 0.9106875658035278
120.0003 -3.3344100813792465e-08 0.11746171861886978 0.03403961658477783 0.9106873869895935
120.0007 -3.333276410444341e-08 0.11746171861886978 0.03405898064374924 0.9106861352920532
120.00082296343092 -2.905588836199513e-08 0.11746171861886978 0.03406535089015961 0.9106848239898682
120.00089395649114 4.387804608541046e-08 0.11746171861886978 0.03406853601336479 0.9106831550598145
120.00092970527167 9.985120641431422e-08 0.11746171861886978 0.03406985476613045 0.9106818437576294
120.00095186382094 1.0786860826783595e-07 0.11746171861886978 0.03407058119773865 0.910680890083313
120.00096439608727 2.8382942218740936e-07 0.11746171861886978 0.03407096490263939 0.9106802940368652
120.00097420142826 7.44433577892778e-07 0.11746171861886978 0.03407125547528267 0.9106797575950623
120.00098516474598 1.6061317182902712e-06 0.11746171861886978 0.03407156467437744 0.9106791615486145
120.00099738521516 2.834674660334713e-06 0.11746171861886978 0.0340718999505043 0.9106783866882324
120.001 3.1447948458662722e-06 0.11746171861886978 0.034071970731019974 0.9106782078742981
120.03860834522271 0.005031816195696592 0.11746171861886978 0.03506677970290184 0.9081948399543762
120.07621669044542 0.010045095346868038 0.11746171861886978 0.036056362092494965 0.9056559801101685
120.15143523056003 0.020033342763781548 0.11746171861886978 0.03802253305912018 0.900398313999176
120.29791960556003 0.039358995854854584 0.11746171861886978 0.04180905222892761 0.8896506428718567
120.44440398056003 0.058512359857559204 0.11746171861886978 0.04553760588169098 0.87828528881073
120.59088835556003 0.07747961580753326 0.11746171861886978 0.0492037758231163 0.866246223449707
120.73737273056003 0.09627854824066162 0.11746171861886978 0.052813783288002014 0.8535699248313904
120.88385710556001 0.114905446767807 0.11746171861886978 0.056366678327322006 0.8402982950210571
121.03034148056001 0.13333967328071594 0.11746171861886978 0.059855930507183075 0.8264681696891785
121.17682585556001 0.1515691578388214 0.11746171861886978 0.06327787041664124 0.8121103048324585
121.32331023056001 0.1695987731218338 0.11746171861886978 0.06663446128368378 0.7972571849822998
121.46979460556001 0.187441885471344 0.11746171861886978 0.06993038207292557 0.7819465398788452
121.61627898056 0.2050943374633789 0.11746171861886978 0.07316465675830841 0.7662135362625122
121.76276335556 0.2225346863269806 0.11746171861886978 0.07633076608181 0.750086784362793
121.90924773056 0.23975908756256104 0.11746171861886978 0.07942783832550049 0.7335987687110901
122.05573210556 0.2567808926105499 0.11746171861886978 0.08246054500341415 0.7167796492576599
122.20221648056001 0.2735956609249115 0.11746171861886978 0.08542794734239578 0.699644148349762
122.34870085556001 0.29018139839172363 0.11746171861886978 0.08832358568906784 0.6822048425674438
122.49518523056003 0.3065339922904968 0.11746171861886978 0.09114666283130646 0.6644847989082336
122.64166960556004 0.3226670026779175 0.11746171861886978 0.0939018651843071 0.6465109586715698
122.78815398056005 0.33857566118240356 0.11746171861886978 0.09658833593130112 0.6283052563667297
122.93463835556007 0.3542466461658478 0.11746171861886978 0.0992024838924408 0.6098848581314087
123.08112273056007 0.3696845769882202 0.11746171861886978 0.10174628347158432 0.5912653207778931
123.22760710556008 0.3848847448825836 0.11746171861886978 0.1042189821600914 0.5724606513977051
123.3740914805601 0.39983370900154114 0.11746171861886978 0.10661717504262924 0.5534790754318237
123.52057585556011 0.4145362079143524 0.11746171861886978 0.1089429259300232 0.534325361251831
123.81354460556012 0.44317469000816345 0.11746171861886978 0.11337224394083023 0.4955447316169739
123.96002898056014 0.45710235834121704 0.11746171861886978 0.11547486484050751 0.4759334623813629
124.10651335556015 0.47077545523643494 0.11746171861886978 0.11750571429729462 0.4561832845211029
124.25299773056015 0.48418962955474854 0.11746171861886978 0.11946438252925873 0.43630629777908325
124.39948210556017 0.4973407983779907 0.11746171861886978 0.12135057896375656 0.41631779074668884
124.54596648056018 0.5102249979972839 0.11746171861886978 0.1231641098856926 0.3962244987487793
124.83893523056021 0.5351417660713196 0.11746171861886978 0.12656356394290924 0.3557392358779907
125.27838835556024 0.5703814029693604 0.11746171861886978 0.13110792636871338 0.29433923959732056
125.42487273056025 0.5815622806549072 0.11746171861886978 0.13248038291931152 0.2737009823322296
125.57135710556025 0.592465877532959 0.11746171861886978 0.13378486037254333 0.25298601388931274
125.86432585556028 0.6134507656097412 0.11746171861886978 0.13619732856750488 0.21137425303459167
126.0108102305603 0.6235113143920898 0.11746171861886978 0.13730287551879883 0.1905098557472229
126.30377898056031 0.6427589654922485 0.11746171861886978 0.13931730389595032 0.14878599345684052
126.59674773056034 0.6608548760414124 0.11746171861886978 0.14108189940452576 0.10758038610219955
126.74323210556035 0.669492244720459 0.11746171861886978 0.1418786644935608 0.08760591596364975
126.88971648056035 0.6778517365455627 0.11746171861886978 0.1426195651292801 0.06849461793899536
127.03620085556037 0.6859358549118042 0.11746171861886978 0.14330646395683289 0.050726331770420074
127.18268523056038 0.6937559843063354 0.11746171861886978 0.14394311606884003 0.03481132164597511
127.3291696055604 0.7013064622879028 0.11746171861886978 0.1445300281047821 0.02113640308380127
127.4756539805604 0.7085911631584167 0.11746171861886978 0.14506928622722626 0.00982830859720707
127.62213835556041 0.7156751751899719 0.11746171861886978 0.1455734521150589 0.000924247142393142
127.65242000266892 0.7171074748039246 0.11746171861886978 0.14567218720912933 5.8349316532257944e-05
127.67682600017054 0.7182444334030151 0.11746171861886978 0.14574883878231049 -3.338720944157103e-08
127.86253338133906 0.7266449928283691 0.11746171861886978 0.14629152417182922 -3.338720944157103e-08
128.0482407625076 0.7346668243408203 0.11746171861886978 0.14677488803863525 -3.338720944157103e-08
128.1947251375076 0.7407338619232178 0.11746171861886978 0.1471172571182251 -3.338720944157103e-08
128.3412095125076 0.7465642094612122 0.11746171861886978 0.1474255472421646 -3.338720944157103e-08
128.48769388750762 0.7521728277206421 0.11746171861886978 0.1477033495903015 -3.338720944157103e-08
129.29335795000767 0.7792211174964905 0.11746171861886978 0.1487669050693512 -3.338720944157103e-08
130.09902201250773 0.8006813526153564 0.11746171861886978 0.14927679300308228 -3.338720944157103e-08
130.39199076250776 0.807330846786499 0.11746171861886978 0.14937804639339447 -3.338720944157103e-08
130.53847513750776 0.8104429841041565 0.11746171861886978 0.14941644668579102 -3.338720944157103e-08
130.6849595125078 0.8134227991104126 0.11746171861886978 0.14944817125797272 -3.338720944157103e-08
130.8314438875078 0.8162763714790344 0.11746171861886978 0.1494741290807724 -3.338720944157103e-08
131.12441263750782 0.8216289281845093 0.11746171861886978 0.14951203763484955 -3.338720944157103e-08
131.41738138750782 0.826546847820282 0.11746171861886978 0.14953584969043732 -3.338720944157103e-08
131.56386576250785 0.8288561105728149 0.11746171861886978 0.149543896317482 -3.338720944157103e-08
131.71035013750785 0.831072211265564 0.11746171861886978 0.14954997599124908 -3.338720944157103e-08
131.85683451250787 0.8331999182701111 0.11746171861886978 0.14955447614192963 -3.338720944157103e-08
132.00331888750787 0.8352436423301697 0.11746171861886978 0.14955773949623108 -3.338720944157103e-08
132.14980326250787 0.837207555770874 0.11746171861886978 0.14956001937389374 -3.338720944157103e-08
132.2962876375079 0.8390958309173584 0.11746171861886978 0.1495615690946579 -3.338720944157103e-08
132.4427720125079 0.8409121632575989 0.11746171861886978 0.14956256747245789 -3.338720944157103e-08
132.73574076250793 0.8443267345428467 0.11746171861886978 0.1495634913444519 -3.338720944157103e-08
132.88222513750793 0.8459330201148987 0.11746171861886978 0.14956364035606384 -3.338720944157103e-08
133.17519388750796 0.8489764928817749 0.11746171861886978 0.1495637148618698 -3.338720944157103e-08
133.32167826250796 0.8504149913787842 0.11746171861886978 0.1495637148618698 -3.338720944157103e-08
133.468162637508 0.8517966866493225 0.11746171861886978 0.1495637148618698 -3.338720944157103e-08
133.614647012508 0.8531286716461182 0.11746171861886978 0.1495637148618698 -3.338720944157103e-08
133.76113138750802 0.8544134497642517 0.11746171861886978 0.1495637148618698 -3.338720944157103e-08
133.90761576250802 0.855649471282959 0.11746171861886978 0.1495637148618698 -3.338720944157103e-08
134.05410013750802 0.856843113899231 0.11746171861886978 0.1495637148618698 -3.338720944157103e-08
134.20058451250804 0.85799640417099 0.11746171861886978 0.1495637148618698 -3.338720944157103e-08
134.34706888750804 0.8591077327728271 0.11746171861886978 0.1495637148618698 -3.338720944157103e-08
134.49355326250807 0.8601828217506409 0.11746171861886978 0.1495637148618698 -3.338720944157103e-08
134.78652201250807 0.8622244596481323 0.11746171861886978 0.1495637148618698 -3.338720944157103e-08
134.9330063875081 0.8631883859634399 0.11746171861886978 0.1495637148618698 -3.338720944157103e-08
135.0794907625081 0.8641234636306763 0.11746171861886978 0.1495637148618698 -3.338720944157103e-08
135.22597513750813 0.8650306463241577 0.11746171861886978 0.1495637148618698 -3.338720944157103e-08
135.37245951250813 0.8659051656723022 0.11746171861886978 0.1495637148618698 -3.338720944157103e-08
135.51894388750813 0.8667489886283875 0.11746171861886978 0.1495637148618698 -3.338720944157103e-08
135.66542826250816 0.8675693869590759 0.11746171861886978 0.1495637148618698 -3.338720944157103e-08
135.81191263750816 0.8683671951293945 0.11746171861886978 0.1495637148618698 -3.338720944157103e-08
136.2513657625082 0.8706082701683044 0.11746171861886978 0.1495637148618698 -3.338720944157103e-08
136.39785013750821 0.8713160753250122 0.11746171861886978 0.1495637148618698 -3.338720944157103e-08
136.54433451250821 0.8720026016235352 0.11746171861886978 0.1495637148618698 -3.338720944157103e-08
136.69081888750821 0.8726682662963867 0.11746171861886978 0.1495637148618698 -3.338720944157103e-08
136.98378763750824 0.8739516735076904 0.11746171861886978 0.1495637148618698 -3.338720944157103e-08
137.13027201250827 0.8745668530464172 0.11746171861886978 0.1495637148618698 -3.338720944157103e-08
137.27675638750827 0.8751614689826965 0.11746171861886978 0.1495637148618698 -3.338720944157103e-08
137.42324076250827 0.8757380843162537 0.11746171861886978 0.1495637148618698 -3.338720944157103e-08
137.78945170000833 0.8771232962608337 0.11746171861886978 0.1495637148618698 -3.338720944157103e-08
138.15566263750833 0.8784122467041016 0.11746171861886978 0.1495637148618698 -3.338720944157103e-08
138.30214701250836 0.8789012432098389 0.11746171861886978 0.1495637148618698 -3.338720944157103e-08
138.44863138750836 0.8793807625770569 0.11746171861886978 0.1495637148618698 -3.338720944157103e-08
139.1810532625084 0.8816077709197998 0.11746171861886978 0.1495637148618698 -3.338720944157103e-08
139.3275376375084 0.8820215463638306 0.11746171861886978 0.1495637148618698 -3.338720944157103e-08
139.47402201250844 0.882428765296936 0.11746171861886978 0.1495637148618698 -3.338720944157103e-08
139.62050638750844 0.8828263878822327 0.11746171861886978 0.1495637148618698 -3.338720944157103e-08
139.76699076250844 0.8832128643989563 0.11746171861886978 0.1495637148618698 -3.338720944157103e-08
140.4994126375085 0.8850099444389343 0.11746171861886978 0.1495637148618698 -3.338720944157103e-08
140.64589701250853 0.8853498697280884 0.11746171861886978 0.1495637148618698 -3.338720944157103e-08
140.79238138750853 0.8856809139251709 0.11746171861886978 0.1495637148618698 -3.338720944157103e-08
140.93886576250856 0.8860031962394714 0.11746171861886978 0.1495637148618698 -3.338720944157103e-08
142.11074076250864 0.8883664608001709 0.11746171861886978 0.1495637148618698 -3.338720944157103e-08
142.25722513750864 0.888633668422699 0.11746171861886978 0.1495637148618698 -3.338720944157103e-08
142.55019388750867 0.8891506791114807 0.11746171861886978 0.1495637148618698 -3.338720944157103e-08
143.86855326250875 0.8912787437438965 0.11746171861886978 0.1495637148618698 -3.338720944157103e-08
144.30800638750878 0.8919148445129395 0.11746171861886978 0.1495637148618698 -3.338720944157103e-08
145.26015482500884 0.8931896686553955 0.11746171861886978 0.1495637148618698 -3.338720944157103e-08
146.21230326250893 0.8943313956260681 0.11746171861886978 0.1495637148618698 -3.338720944157103e-08
146.65175638750898 0.8948261141777039 0.11746171861886978 0.1495637148618698 -3.338720944157103e-08
147.89687357500904 0.8960946798324585 0.11746171861886978 0.1495637148618698 -3.338720944157103e-08
149.14199076250915 0.897232711315155 0.11746171861886978 0.1495637148618698 -3.338720944157103e-08
149.58144388750918 0.8975993394851685 0.11746171861886978 0.1495637148618698 -3.338720944157103e-08
149.8744126375092 0.897834300994873 0.11746171861886978 0.1495637148618698 -3.338720944157103e-08
150.0 0.8979335427284241 0.11746171861886978 0.1495637148618698 -3.338720944157103e-08
