time a b c w1 w2
0.0 0.0 0.0 0.0 0.0 0.0
0.00014062499775757686 1.4063906124282356e-21 1.4063906124282356e-21 1.4063906124282356e-21 1.4063906124282356e-21 1.4063906124282356e-21
0.00028124999551515373 2.8127812248564712e-21 2.8127812248564712e-21 2.8127812248564712e-21 -5.556874516088328e-09 -5.556874516088328e-09
0.0005624999910303075 5.6255624497129424e-21 5.6255624497129424e-21 5.6255624497129424e-21 -2.3201602417088907e-08 -2.3201602417088907e-08
0.001 1.0000999731091105e-20 1.0000999731091105e-20 1.0000999731091105e-20 -3.338055520885064e-08 -3.338055520885064e-08
29.999999999999996 3.000300019364487e-16 3.000300019364487e-16 3.000300019364487e-16 -3.338031717703416e-08 -3.338031717703416e-08
30.000099999999996 3.0003100778807355e-16 3.0003100778807355e-16 3.0003100778807355e-16 -3.3361402529408224e-08 -3.3361402529408224e-08
30.0003 3.0003299302154367e-16 3.0003299302154367e-16 3.0003299302154367e-16 -3.334271880817141e-08 -3.334271880817141e-08
30.0007 3.0003698995826353e-16 3.0003698995826353e-16 3.0003698995826353e-16 -3.333283515871699e-08 -3.333283515871699e-08
30.000822963453246 1.0082348289586207e-08 3.000382340379048e-16 9.905915199226456e-09 -3.079247079540437e-08 -3.0862590705282855e-08
30.000893956526333 5.4711048136368845e-08 3.0003894872195405e-16 5.389143709066957e-08 2.5980938289649202e-08 2.5309061513212328e-08
30.000929689739902 1.216687053329224e-07 3.000392928290889e-16 1.1991973281055834e-07 5.4481866129663103e-08 5.260223900904748e-08
30.000951758895628 1.967274698699839e-07 3.000395310571053e-16 1.9395844219616265e-07 3.202830001214352e-08 2.8523931661084134e-08
30.00097523321977 3.85794237445225e-07 3.000397428153421e-16 3.811586282154167e-07 6.016562679178605e-07 5.937693572377611e-07
30.00098675640994 5.537300467040041e-07 3.000398751642401e-16 5.477435820466781e-07 1.417640078216209e-06 1.4058686019779998e-06
30.001 7.832393293938367e-07 3.000400075131381e-16 7.754853186270338e-07 2.609939429021324e-06 2.592851160443388e-06
30.088055043911826 0.0018250750144943595 3.0091062503401753e-16 0.0018131627002730966 0.010188108310103416 0.01015059370547533
30.175110087823647 0.0036407788284122944 3.0178126902467655e-16 0.003623249474912882 0.020346472039818764 0.020291274413466454
30.34922150401198 0.007196118589490652 3.035225570059946e-16 0.007176664657890797 0.04042202606797218 0.04036075994372368
30.697444336388642 0.014018179848790169 3.0700513296863063e-16 0.013991102576255798 0.07964686304330826 0.0795603021979332
31.393890001141965 0.026774674654006958 3.1397028489390274e-16 0.02669607102870941 0.1552000194787979 0.15494145452976227
32.27279625114196 0.04138008505105972 3.2276023695513624e-16 0.04120389372110367 0.2455480694770813 0.24495820701122284
33.15170250114196 0.05414491891860962 3.3155018901636973e-16 0.0538591630756855 0.3295212388038635 0.32854264974594116
34.03060875114196 0.0649322122335434 3.403401146078236e-16 0.06453254073858261 0.40632593631744385 0.40492305159568787
34.90951500114196 0.07377059757709503 3.491300666690571e-16 0.0732865035533905 0.4756300449371338 0.4739028811454773
35.788421251141955 0.08075974136590958 3.57919992260511e-16 0.08024229109287262 0.5372912883758545 0.5354298949241638
36.667327501141955 0.0860685408115387 3.667099443217445e-16 0.08554430305957794 0.591361403465271 0.5894711017608643
37.546233751141955 0.0898953378200531 3.75499896382978e-16 0.08937357366085052 0.637951672077179 0.6360798478126526
38.425140001141955 0.09247457981109619 3.842898219744319e-16 0.09196161478757858 0.6773284673690796 0.6755167841911316
39.30404625114195 0.09409067034721375 3.930797740356654e-16 0.0935867577791214 0.7101389169692993 0.7083940505981445
40.18295250114195 0.09503381699323654 4.0186969962711927e-16 0.09453608095645905 0.7372885942459106 0.7356079816818237
41.06185875114195 0.0955365002155304 4.1065965168835276e-16 0.09504522383213043 0.7595683336257935 0.7579938173294067
41.94076500114194 0.09576867520809174 4.1944960374958626e-16 0.09528426826000214 0.7776864171028137 0.7762475609779358
42.81967125114194 0.09585781395435333 4.2823952934104015e-16 0.09537738561630249 0.792404294013977 0.791117787361145
43.69857750114194 0.09588447958230972 4.3702948140227364e-16 0.09540611505508423 0.8044400215148926 0.8033496141433716
44.57748375114194 0.09588981419801712 4.458194334635071e-16 0.09541254490613937 0.8144200444221497 0.8135288953781128
45.45639000114193 0.09589037299156189 4.54609359054961e-16 0.09541330486536026 0.8228009939193726 0.8220705389976501
46.33529625114193 0.09589038044214249 4.633992846464149e-16 0.09541331976652145 0.8298425674438477 0.8292388319969177
47.21420250114193 0.09589038044214249 4.72189263177428e-16 0.09541331976652145 0.8357384204864502 0.8352342844009399
48.09310875114193 0.09589038044214249 4.809791887688819e-16 0.09541331976652145 0.8407198190689087 0.8402939438819885
50.729827501141926 0.09589038044214249 5.073490184828028e-16 0.09541331976652145 0.8520735502243042 0.8518025875091553
52.48764000114192 0.09589038044214249 5.249288696657106e-16 0.09541331976652145 0.8575056791305542 0.8572973608970642
53.36654625114192 0.09589038044214249 5.337188481967237e-16 0.09541331976652145 0.8597701787948608 0.8595857620239258
54.24545250114192 0.09589038044214249 5.425087737881776e-16 0.09541331976652145 0.8617923259735107 0.8616280555725098
55.12435875114191 0.09589038044214249 5.512986993796314e-16 0.09541331976652145 0.8636093735694885 0.8634623289108276
56.88217125114191 0.09589038044214249 5.688786035020984e-16 0.09541331976652145 0.8667418956756592 0.8666224479675293
57.76107750114191 0.09589038044214249 5.776685290935523e-16 0.09541331976652145 0.8681010603904724 0.8679927587509155
58.639983751141905 0.09589038044214249 5.864584546850062e-16 0.09541331976652145 0.8693453669548035 0.869246780872345
59.518890001141905 0.09589038044214249 5.952484332160193e-16 0.09541331976652145 0.8704929947853088 0.8704031109809875
59.99999999999999 0.09589038044214249 6.000600038728974e-16 0.09541331976652145 0.8710797429084778 0.8709943890571594
60.000099999999996 0.09589038044214249 6.000610097245222e-16 0.09541331976652145 0.8710798621177673 0.8709940910339355
60.000299999999996 0.09589038044214249 6.00063021427772e-16 0.09541301429271698 0.8710799217224121 0.8709937334060669
60.000699999999995 0.09589038044214249 6.000669918947122e-16 0.09540926665067673 0.8710800409317017 0.8709936141967773
60.001000000000005 0.09589038044214249 6.000700094495868e-16 0.09540233016014099 0.8710799813270569 0.8709936141967773
60.442552918453075 0.09589038044214249 0.0015284429537132382 0.042927950620651245 0.8710799813270569 0.8709936141967773
60.88410583690615 0.09589038044214249 0.00307931425049901 0.0059028854593634605 0.8710799813270569 0.8709936141967773
60.997329035993324 0.09589038044214249 0.0034754129592329264 0.0003911434905603528 0.8710799813270569 0.8709936141967773
61.02130874324973 0.09589038044214249 0.0035581677220761776 -3.3386129416612675e-08 0.8710799813270569 0.8709936141967773
63.03780583235643 0.09589038044214249 0.010597296990454197 -3.3386129416612675e-08 0.8710799813270569 0.8709936141967773
65.05430292146313 0.09589038044214249 0.01757906749844551 -3.3386129416612675e-08 0.8710799813270569 0.8709936141967773
73.4039122964631 0.09589038044214249 0.04577713459730148 -3.3386129416612675e-08 0.8710799813270569 0.8709936141967773
81.75352167146309 0.09589038044214249 0.07290516048669815 -3.3386129416612675e-08 0.8710799813270569 0.8709936141967773
82.63242792146309 0.09589038044214249 0.07574537396430969 -3.3386129416612675e-08 0.8710799813270569 0.8709936141967773
83.51133417146309 0.09589038044214249 0.0786108523607254 -3.3386129416612675e-08 0.8710799813270569 0.8709936141967773
84.39024042146309 0.09589038044214249 0.0814770832657814 -3.3386129416612675e-08 0.8710799813270569 0.8709936141967773
89.99999999999999 0.09589038044214249 0.0994677022099495 -3.340536025575602e-08 0.8710799813270569 0.8709936141967773
90.0001 0.09589038044214249 0.09946825355291367 -3.3379496500174355e-08 0.8710799813270569 0.8709936141967773
90.0003 0.09589038044214249 0.09946983307600021 -3.335318510266916e-08 0.8710799813270569 0.8709936141967773
90.0004738519278 0.09589038044214249 0.0994696170091629 -1.7033544352784702e-08 0.8710799813270569 0.8709936141967773
90.0008215557834 0.09589038044214249 0.0994628518819809 6.451614353863988e-08 0.8710799813270569 0.8709936141967773
90.001 0.09589038044214249 0.09945759922266006 1.1472585015326331e-07 0.8710799813270569 0.8709936141967773
90.02106082872297 0.09589038044214249 0.09945759922266006 1.1472585015326331e-07 0.8710799813270569 0.8710170388221741
90.04112165744593 0.09589038044214249 0.09945759922266006 1.1472585015326331e-07 0.8710799813270569 0.8710401654243469
90.32224779681289 0.09589038044214249 0.09945759922266006 1.1472585015326331e-07 0.8710799813270569 0.8713732361793518
93.44089707144192 0.09589038044214249 0.09945759922266006 1.1472585015326331e-07 0.8710799813270569 0.8747085928916931
96.55954634607097 0.09589038044214249 0.09945759922266006 1.1472585015326331e-07 0.8710799813270569 0.8773798942565918
101.83298384607096 0.09589038044214249 0.09945759922266006 1.1472585015326331e-07 0.8710799813270569 0.8807443976402283
104.46970259607096 0.09589038044214249 0.09945759922266006 1.1472585015326331e-07 0.8710799813270569 0.8820549249649048
107.10642134607095 0.09589038044214249 0.09945759922266006 1.1472585015326331e-07 0.8710799813270569 0.8831864595413208
110.18259322107093 0.09589038044214249 0.09945759922266006 1.1472585015326331e-07 0.8710799813270569 0.8843265771865845
113.25876509607093 0.09589038044214249 0.09945759922266006 1.1472585015326331e-07 0.8710799813270569 0.8853111863136292
115.01657759607093 0.09589038044214249 0.09945759922266006 1.1472585015326331e-07 0.8710799813270569 0.8858160972595215
117.50828879803545 0.09589038044214249 0.09945759922266006 1.1472585015326331e-07 0.8710799813270569 0.8864699006080627
119.99999999999999 0.09589038044214249 0.09945759922266006 1.1472585015326331e-07 0.8710799813270569 0.8870722055435181
120.0001 0.09589038044214249 0.09945759922266006 1.1472585015326331e-07 0.8710799813270569 0.8870722055435181
120.0003 0.09589038044214249 0.09945759922266006 1.1472585015326331e-07 0.8710799813270569 0.8870722651481628
120.0007 0.09588590264320374 0.09945759922266006 1.1472585015326331e-07 0.8710799813270569 0.8870722651481628
120.001 0.09587469696998596 0.09945759922266006 1.1472585015326331e-07 0.8710799813270569 0.8870722651481628
120.02527711938487 0.09263011813163757 0.09945759922266006 3.2521627872483805e-05 0.8710799813270569 0.8870722651481628
120.04955423876972 0.08940832316875458 0.09945759922266006 6.492055399576202e-05 0.8710799813270569 0.8870722651481628
120.09813219724572 0.08304163068532944 0.09945759922266006 0.00012972613330930471 0.8710799813270569 0.8870722651481628
120.19528811419771 0.07077215611934662 0.09945759922266006 0.0002592392556834966 0.8710799813270569 0.8870722651481628
120.38959994810172 0.04843577742576599 0.09945759922266006 0.0005179629079066217 0.8710799813270569 0.8870722651481628
120.65430532772528 0.02324799634516239 0.09945759922266006 0.0008699511527083814 0.8710799813270569 0.8870722651481628
120.94724869003626 0.002421571873128414 0.09945759922266006 0.0012591468403115869 0.8710799813270569 0.8870722651481628
121.01355844867916 0.00020621897419914603 0.09945759922266006 0.0013472791761159897 0.8710799813270569 0.8870722651481628
121.06715509860456 -3.3386164943749463e-08 0.09945759922266006 0.0014185868203639984 0.8710799813270569 0.8870722651481628
121.69253603555339 -3.3386164943749463e-08 0.09945759922266006 0.00225717737339437 0.8710799813270569 0.8870722651481628
122.3179169725022 -3.3386164943749463e-08 0.09945759922266006 0.0031286487355828285 0.8710799813270569 0.8870722651481628
123.19682322250222 -3.3386164943749463e-08 0.09945759922266006 0.004390450194478035 0.8710799813270569 0.8870722651481628
124.07572947250223 -3.3386164943749463e-08 0.09945759922266006 0.005661179311573505 0.8710799813270569 0.8870722651481628
124.95463572250223 -3.3386164943749463e-08 0.09945759922266006 0.006929135415703058 0.8710799813270569 0.8870722651481628
125.83354197250225 -3.3386164943749463e-08 0.09945759922266006 0.008194425143301487 0.8710799813270569 0.8870722651481628
134.18315134750236 -3.3386164943749463e-08 0.09945759922266006 0.020081952214241028 0.8710799813270569 0.8870722651481628
142.53276072250247 -3.3386164943749463e-08 0.09945759922266006 0.031730979681015015 0.8710799813270569 0.8870722651481628
143.41166697250247 -3.3386164943749463e-08 0.09945759922266006 0.03294341638684273 0.8710799813270569 0.8870722651481628
144.2905732225025 -3.3386164943749463e-08 0.09945759922266006 0.03415324166417122 0.8710799813270569 0.8870722651481628
145.1694794725025 -3.3386164943749463e-08 0.09945759922266006 0.03536045923829079 0.8710799813270569 0.8870722651481628
150.0 -3.341261844980181e-08 0.09945759922266006 0.04195123910903931 0.8710799813270569 0.8870722651481628
150.0001 -3.3373716235018946e-08 0.09945759922266006 0.0419524684548378 0.8710799813270569 0.8870722651481628
150.0003 -3.334388765097174e-08 0.09945759922266006 0.041958265006542206 0.8710793852806091 0.8870722055435181
150.0007 -3.332655396093287e-08 0.09945759922266006 0.04197588190436363 0.8710758686065674 0.8870717883110046
150.0008229632968 -3.185593655530283e-08 0.09945759922266006 0.04198146238923073 0.8710737228393555 0.8870711922645569
150.00089395650042 1.7256049034131138e-08 0.09945759922266006 0.041984137147665024 0.8710718750953674 0.8870704174041748
150.00092967724834 1.9286821384412178e-07 0.09945759922266006 0.04198521375656128 0.8710708618164062 0.8870697021484375
150.00095165875993 5.578634159064677e-07 0.09945759922266006 0.04198579117655754 0.871070146560669 0.8870692253112793
150.0009717505272 1.3002756986679742e-06 0.09945759922266006 0.04198627173900604 0.8710694313049316 0.8870686292648315
150.00098961171528 2.4383696199947735e-06 0.09945759922266006 0.041986674070358276 0.8710688352584839 0.8870680928230286
150.001 3.3636704301898135e-06 0.09945759922266006 0.041986893862485886 0.8710684180259705 0.8870677351951599
150.0048423064323 0.0004481987562030554 0.09945759922266006 0.04206591844558716 0.870927095413208 0.8869263529777527
150.00868461286464 0.0008928620954975486 0.09945759922266006 0.042144887149333954 0.8707852959632874 0.8867846131324768
150.03174408121163 0.0035626960452646017 0.09945759922266006 0.04261919483542442 0.8699254989624023 0.8859248161315918
150.0624900390076 0.007119578309357166 0.09945759922266006 0.04325069114565849 0.8687672019004822 0.8847664594650269
150.12398195459951 0.014201843179762363 0.09945759922266006 0.04450376331806183 0.8664179444313049 0.8824172019958496
150.2469657857834 0.02829541079699993 0.09945759922266006 0.04698757827281952 0.8616352677345276 0.877634584903717
150.27771174357937 0.03180278092622757 0.09945759922266006 0.04760349541902542 0.8604118227958679 0.8764111399650574
150.46218749035515 0.05264617130160332 0.09945759922266006 0.05123625695705414 0.8526387810707092 0.8686380982398987
150.70815515272292 0.07991999387741089 0.09945759922266006 0.0559200681746006 0.841302752494812 0.8573020696640015
151.20009047745842 0.13273853063583374 0.09945759922266006 0.06476214528083801 0.8156357407569885 0.8316349983215332
152.07899672745842 0.2227521687746048 0.09945759922266006 0.07926365733146667 0.7620275020599365 0.7780267596244812
152.95790297745845 0.3071427643299103 0.09945759922266006 0.09214340150356293 0.6987758874893188 0.7147751450538635
153.83680922745845 0.38469868898391724 0.09945759922266006 0.10313235223293304 0.6254496574401855 0.6414489150047302
154.71571547745847 0.4548483192920685 0.09945759922266006 0.11218445748090744 0.5432651042938232 0.5592643618583679
155.59462172745847 0.5173826217651367 0.09945759922266006 0.11937674134969711 0.4534775912761688 0.46947672963142395
156.47352797745847 0.5724154114723206 0.09945759922266006 0.12488657236099243 0.35738882422447205 0.373385488986969
157.3524342274585 0.6202166676521301 0.09945759922266006 0.12893345952033997 0.2562486529350281 0.27218565344810486
158.2313404774585 0.6611599326133728 0.09945759922266006 0.13175758719444275 0.1536058932542801 0.16863630712032318
159.11024672745853 0.6965368390083313 0.09945759922266006 0.13370421528816223 0.056344013661146164 0.06829598546028137
159.47207171433726 0.7094222903251648 0.09945759922266006 0.13427291810512543 0.022720742970705032 0.03209497779607773
159.68209388529561 0.7162912487983704 0.09945759922266006 0.13452696800231934 0.007845645770430565 0.015222851186990738
159.8017869215022 0.7200601100921631 0.09945759922266006 0.13465562462806702 0.0013953051529824734 0.007350511383265257
159.83961236519974 0.7212282419204712 0.09945759922266006 0.13469386100769043 6.326713628368452e-05 0.005156341940164566
159.8449281821799 0.7213910222053528 0.09945759922266006 0.13469909131526947 -3.3380295860752085e-08 0.004865600727498531
159.88939077230597 0.7227383852005005 0.09945759922266006 0.13474144041538239 -3.338030651889312e-08 0.002555335173383355
159.93385336243207 0.7240719795227051 0.09945759922266006 0.13478244841098785 -3.3380320729747837e-08 0.00037592751323245466
159.9420863552309 0.7243170738220215 0.09945759922266006 0.13478983938694 -3.3380320729747837e-08 3.5151057090843096e-05
159.94404504025619 0.724375307559967 0.09945759922266006 0.13479159772396088 -3.3380320729747837e-08 -3.3380324282461515e-08
160.08969943373683 0.728615403175354 0.09945759922266006 0.13491366803646088 -3.3380327835175194e-08 -3.3380324282461515e-08
160.23535382721747 0.7326948046684265 0.09945759922266006 0.13502104580402374 -3.3380324282461515e-08 -3.3380324282461515e-08
161.1091910281852 0.7542762160301208 0.09945759922266006 0.13544881343841553 -3.3380324282461515e-08 -3.3380324282461515e-08
161.98809727818522 0.7723926305770874 0.09945759922266006 0.13567012548446655 -3.3380324282461515e-08 -3.3380324282461515e-08
162.86700352818522 0.7875450253486633 0.09945759922266006 0.13577140867710114 -3.3380324282461515e-08 -3.3380324282461515e-08
163.74590977818525 0.8000273704528809 0.09945759922266006 0.1358044594526291 -3.3380324282461515e-08 -3.3380324282461515e-08
164.62481602818525 0.8103933334350586 0.09945759922266006 0.13581210374832153 -3.3380324282461515e-08 -3.3380324282461515e-08
165.50372227818525 0.8190591931343079 0.09945759922266006 0.13581308722496033 -3.3380324282461515e-08 -3.3380324282461515e-08
166.38262852818528 0.8263369798660278 0.09945759922266006 0.1358131319284439 -3.3380324282461515e-08 -3.3380324282461515e-08
167.26153477818528 0.8324906826019287 0.09945759922266006 0.1358131319284439 -3.3380324282461515e-08 -3.3380324282461515e-08
168.1404410281853 0.8377413749694824 0.09945759922266006 0.1358131319284439 -3.3380324282461515e-08 -3.3380324282461515e-08
169.0193472781853 0.8422497510910034 0.09945759922266006 0.1358131319284439 -3.3380324282461515e-08 -3.3380324282461515e-08
169.8982535281853 0.8461307287216187 0.09945759922266006 0.1358131319284439 -3.3380324282461515e-08 -3.3380324282461515e-08
170.77715977818534 0.8495014905929565 0.09945759922266006 0.1358131319284439 -3.3380324282461515e-08 -3.3380324282461515e-08
171.65606602818534 0.8524775505065918 0.09945759922266006 0.1358131319284439 -3.3380324282461515e-08 -3.3380324282461515e-08
172.53497227818536 0.8551290035247803 0.09945759922266006 0.1358131319284439 -3.3380324282461515e-08 -3.3380324282461515e-08
173.41387852818536 0.8574910163879395 0.09945759922266006 0.1358131319284439 -3.3380324282461515e-08 -3.3380324282461515e-08
174.2927847781854 0.8596014976501465 0.09945759922266006 0.1358131319284439 -3.3380324282461515e-08 -3.3380324282461515e-08
175.1716910281854 0.861499547958374 0.09945759922266006 0.1358131319284439 -3.3380324282461515e-08 -3.3380324282461515e-08
176.0505972781854 0.8632139563560486 0.09945759922266006 0.1358131319284439 -3.3380324282461515e-08 -3.3380324282461515e-08
177.80840977818542 0.8661842942237854 0.09945759922266006 0.1358131319284439 -3.3380324282461515e-08 -3.3380324282461515e-08
179.56622227818545 0.8686999082565308 0.09945759922266006 0.1358131319284439 -3.3380324282461515e-08 -3.3380324282461515e-08
179.99999999999997 0.869273841381073 0.09945759922266006 0.1358131319284439 -3.3386250208877755e-08 -3.333888187739831e-08
180.0001 0.869273841381073 0.09945759922266006 0.1358131319284439 -3.337068932296461e-08 -3.335489751066234e-08
180.0003 0.869273841381073 0.09945759922266006 0.1358131319284439 -3.3351092554312345e-08 -3.3351089001598666e-08
180.00048432728516 0.869273841381073 0.09945759922266006 0.1358131319284439 -2.493035111683639e-08 -2.494490125570792e-08
180.00085298185547 0.869273841381073 0.09945759922266006 0.1358131319284439 1.713220498800183e-08 1.7057340429005308e-08
180.001 0.869273841381073 0.09945759922266006 0.1358131319284439 3.725612884863949e-08 3.716881735726929e-08
721.9628906250067 0.869273841381073 0.09945759922266006 0.1358131319284439 3.725613240135317e-08 3.716882446269665e-08
899.5019531250091 0.869273841381073 0.09945759922266006 0.1358131319284439 3.725613595406685e-08 3.716882446269665e-08
900.0000000000001 0.869273841381073 0.09945759922266006 0.1358131319284439 3.725613595406685e-08 3.716882446269665e-08
