time a b c w1 w2
0.0 0.0 0.0 0.0 0.0 0.0
1.757812428601624e-06 1.757988202426422e-23 1.757988202426422e-23 1.0832566022872925 1.757988202426422e-23 1.757988202426422e-23
1.7648476783160305e-06 1.7650242106122693e-23 1.7650242106122693e-23 1.0055341720581055 1.7650242106122693e-23 1.7650242106122693e-23
1.7789181777448437e-06 1.7790960692117828e-23 1.7790960692117828e-23 0.9905999898910522 1.7790960692117828e-23 1.7790960692117828e-23
1.8070591766024704e-06 1.8072399441829907e-23 1.8072399441829907e-23 0.984626293182373 1.8072399441829907e-23 1.8072399441829907e-23
0.00013281055255599797 1.3282383013875093e-21 1.3282383013875093e-21 0.984626293182373 1.3282383013875093e-21 1.3282383013875093e-21
0.00026381985277929004 2.6384624023353322e-21 2.6384624023353322e-21 0.984626293182373 2.6384624023353322e-21 2.6384624023353322e-21
0.0005258384532258742 5.258910200334195e-21 5.258910200334195e-21 0.984626293182373 -5.940206548871174e-09 -5.940206548871174e-09
0.001 1.0000999731091105e-20 1.0000999731091105e-20 0.984626293182373 -3.337978426998234e-08 -3.337978426998234e-08
29.999999999999996 3.000300019364487e-16 3.000300019364487e-16 0.984626293182373 -3.337992637852949e-08 -3.337992637852949e-08
30.000099999999996 3.0003100778807355e-16 3.0003100778807355e-16 0.984626293182373 -3.336116805030542e-08 -3.336116805030542e-08
30.0003 3.0003299302154367e-16 3.0003299302154367e-16 0.984626293182373 -3.33426370957568e-08 -3.33426370957568e-08
30.0007 3.0003698995826353e-16 3.0003698995826353e-16 0.984626293182373 -3.333283871143067e-08 -3.333283871143067e-08
30.00082296345603 8.591993783113594e-09 3.000382340379048e-16 0.984626293182373 -3.136869253239638e-08 -3.333156328721998e-08
30.000893956533332 4.7746773645940266e-08 3.0003894872195405e-16 0.984626293182373 2.0247822973828988e-08 -3.333116538328795e-08
30.0009296842524 1.2301852336804586e-07 3.000392928290889e-16 0.984626293182373 1.9970465814367344e-07 -3.333116538328795e-08
30.00095171722546 2.334235489342973e-07 3.000395310571053e-16 0.984626293182373 5.698523750652384e-07 -3.333116538328795e-08
30.000972137495815 4.132446633775544e-07 3.000397163455625e-16 0.984626293182373 1.3303335890668677e-06 -3.333116538328795e-08
30.000990487983564 6.491119961538061e-07 3.000399016340197e-16 0.984626293182373 2.4928133370849537e-06 -3.333116538328795e-08
30.001 8.044910373428138e-07 3.000400075131381e-16 0.984626293182373 3.3294656986981863e-06 -3.333116538328795e-08
30.213015113632203 0.004082799889147282 3.0216036920813205e-16 0.984626293182373 0.023659013211727142 -3.333116538328795e-08
30.4250302272644 0.008045092225074768 3.04280730903126e-16 0.984626293182373 0.04692704230546951 -3.333116538328795e-08
30.776592727264404 0.014438356272876263 3.077967117276194e-16 0.984626293182373 0.08493097126483917 -3.333116538328795e-08
31.128155227264404 0.020567988976836205 3.1131269255211278e-16 0.984626293182373 0.12206360697746277 -3.333116538328795e-08
31.6554989772644 0.029298609122633934 3.1658663731907327e-16 0.984626293182373 0.17620842158794403 -3.333116538328795e-08
32.1828427272644 0.03735608235001564 3.2186060855581337e-16 0.984626293182373 0.22805102169513702 -3.333116538328795e-08
32.7101864772644 0.04474002867937088 3.2713457979255346e-16 0.984626293182373 0.2775328457355499 -3.333116538328795e-08
33.0617489772644 0.049317602068185806 3.3065056061704686e-16 0.984626293182373 0.3092806935310364 -3.333116538328795e-08
33.2375302272644 0.05149300768971443 3.3240855102929356e-16 0.984626293182373 0.32473891973495483 -3.333116538328795e-08
33.4133114772644 0.05359369143843651 3.3416651497176065e-16 0.984626293182373 0.33991971611976624 -3.333116538328795e-08
33.5890927272644 0.05563114956021309 3.3592450538400735e-16 0.984626293182373 0.35486337542533875 -3.333116538328795e-08
33.7648739772644 0.05760510265827179 3.3768249579625405e-16 0.984626293182373 0.3695656657218933 -3.333116538328795e-08
34.29221772726439 0.0631260946393013 3.4295646703299415e-16 0.984626293182373 0.41212326288223267 -3.333116538328795e-08
34.81956147726439 0.06799762696027756 3.4823043826973424e-16 0.984626293182373 0.45208993554115295 -3.333116538328795e-08
35.17112397726439 0.07090720534324646 3.5174641909422764e-16 0.984626293182373 0.4773366153240204 -3.333116538328795e-08
35.34690522726439 0.07225950807332993 3.5350440950647434e-16 0.984626293182373 0.48952123522758484 -3.333116538328795e-08
35.52268647726439 0.07353906333446503 3.5526239991872104e-16 0.984626293182373 0.5013879537582397 -3.333116538328795e-08
35.69846772726439 0.07475206255912781 3.5702036386118813e-16 0.984626293182373 0.512958288192749 -3.333116538328795e-08
35.87424897726439 0.07589980959892273 3.5877835427343483e-16 0.984626293182373 0.5242317914962769 -3.333116538328795e-08
36.40159272726439 0.07895451039075851 3.6405232551017493e-16 0.984626293182373 0.5562267899513245 -3.333116538328795e-08
36.92893647726439 0.08154050260782242 3.6932629674691503e-16 0.984626293182373 0.5859110951423645 -3.333116538328795e-08
37.719952102264386 0.08453312516212463 3.7723724036713537e-16 0.984626293182373 0.6256779432296753 -3.333116538328795e-08
38.510967727264386 0.0866231620311737 3.851481839873557e-16 0.984626293182373 0.6600337624549866 -3.333116538328795e-08
39.038311477264386 0.08764687180519104 3.904221552240958e-16 0.984626293182373 0.6804065704345703 -3.333116538328795e-08
40.180889602264386 0.08902202546596527 4.0184907966880955e-16 0.984626293182373 0.7176068425178528 -3.333116538328795e-08
41.32346772726438 0.08963432163000107 4.132760041135233e-16 0.984626293182373 0.7466819286346436 -3.333116538328795e-08
41.67503022726438 0.08973299711942673 4.167919849380167e-16 0.984626293182373 0.7542935609817505 -3.333116538328795e-08
42.20237397726438 0.08983118832111359 4.220659297049772e-16 0.984626293182373 0.7646893262863159 -3.333116538328795e-08
42.72971772726438 0.08988513052463531 4.273399009417173e-16 0.984626293182373 0.7739516496658325 -3.333116538328795e-08
43.43284272726438 0.08992228657007217 4.3437186259070407e-16 0.984626293182373 0.7849937081336975 -3.333116538328795e-08
44.13596772726437 0.08993444591760635 4.4140382423969087e-16 0.984626293182373 0.7945407629013062 -3.333116538328795e-08
44.66331147726437 0.08993636071681976 4.46677795476431e-16 0.984626293182373 0.8007886409759521 -3.333116538328795e-08
45.45432710226437 0.08993661403656006 4.545887126268717e-16 0.984626293182373 0.8089112043380737 -3.333116538328795e-08
46.24534272726437 0.08993659168481827 4.624996827168716e-16 0.984626293182373 0.816009521484375 -3.333116538328795e-08
47.036358352264365 0.08993659168481827 4.704105998673124e-16 0.984626293182373 0.8221584558486938 -3.333116538328795e-08
47.827373977264365 0.08993659168481827 4.783215699573123e-16 0.984626293182373 0.8274515867233276 -3.333116538328795e-08
48.178936477264365 0.08993659168481827 4.818375507818057e-16 0.984626293182373 0.8295578360557556 -3.333116538328795e-08
48.882061477264365 0.08993659168481827 4.888695124307925e-16 0.984626293182373 0.8334247469902039 -3.333116538328795e-08
49.057842727264365 0.08993659168481827 4.906274763732596e-16 0.984626293182373 0.8343417644500732 -3.333116538328795e-08
49.233623977264365 0.08993659168481827 4.923854932552859e-16 0.984626293182373 0.8352271318435669 -3.333116538328795e-08
49.409405227264365 0.08993659168481827 4.94143457197753e-16 0.984626293182373 0.8360832929611206 -3.333116538328795e-08
50.02463960226436 0.08993659168481827 5.002964104057267e-16 0.984626293182373 0.8388771414756775 -3.333116538328795e-08
50.63987397726436 0.08993659168481827 5.064493636137003e-16 0.984626293182373 0.8414751291275024 -3.333116538328795e-08
50.99143647726436 0.08993659168481827 5.099653444381937e-16 0.984626293182373 0.8428685665130615 -3.333116538328795e-08
51.87034272726436 0.08993659168481827 5.187553229692068e-16 0.984626293182373 0.8461577296257019 -3.333116538328795e-08
52.74924897726436 0.08993659168481827 5.275452485606607e-16 0.984626293182373 0.8490233421325684 -3.333116538328795e-08
54.15549897726435 0.08993659168481827 5.416091189190751e-16 0.984626293182373 0.8530254364013672 -3.333116538328795e-08
55.56174897726435 0.08993659168481827 5.556730422170487e-16 0.984626293182373 0.8563604354858398 -3.333116538328795e-08
56.616436477264344 0.08993659168481827 5.662209846905289e-16 0.984626293182373 0.8585248589515686 -3.333116538328795e-08
57.671123977264344 0.08993659168481827 5.767689271640091e-16 0.984626293182373 0.860435962677002 -3.333116538328795e-08
59.428936477264344 0.08993659168481827 5.943487783469168e-16 0.984626293182373 0.8631278872489929 -3.333116538328795e-08
59.78049897726434 0.08993659168481827 5.978647591714102e-16 0.984626293182373 0.8636355400085449 -3.333116538328795e-08
59.99999999999999 0.08993659168481827 6.000600038728974e-16 0.984626293182373 0.8639519810676575 -3.333116538328795e-08
60.000099999999996 0.08993659168481827 6.000610097245222e-16 0.984626293182373 0.8639520406723022 -3.333116538328795e-08
60.000299999999996 0.08993659168481827 6.00063021427772e-16 0.984626293182373 0.8639521598815918 -3.333116538328795e-08
60.000699999999995 0.08993659168481827 6.000669918947122e-16 0.984626054763794 0.8639522790908813 -3.333116538328795e-08
60.001000000000005 0.08993659168481827 6.000700094495868e-16 0.9846256375312805 0.8639522790908813 -3.333116538328795e-08
60.75110208344669 0.08993659168481827 0.0028810391668230295 0.976074755191803 0.8639522790908813 -3.333116538328795e-08
61.50120416689339 0.08993659168481827 0.005753457546234131 0.9618285298347473 0.8639522790908813 -3.333116538328795e-08
62.116438541893395 0.08993659168481827 0.008102800697088242 0.9431551694869995 0.8639522790908813 -3.333116538328795e-08
62.73167291689338 0.08993659168481827 0.010446161963045597 0.9156607985496521 0.8639522790908813 -3.333116538328795e-08
62.90745416689338 0.08993659168481827 0.011114598251879215 0.9059462547302246 0.8639522790908813 -3.333116538328795e-08
63.25901666689338 0.08993659168481827 0.012450020760297775 0.8839832544326782 0.8639522790908813 -3.333116538328795e-08
63.61057916689338 0.08993659168481827 0.013783522881567478 0.8586910367012024 0.8639522790908813 -3.333116538328795e-08
63.78636041689338 0.08993659168481827 0.014449557289481163 0.8448392152786255 0.8639522790908813 -3.333116538328795e-08
63.96214166689338 0.08993659168481827 0.015115116722881794 0.8302364349365234 0.8639522790908813 -3.333116538328795e-08
64.13792291689337 0.08993659168481827 0.01578020490705967 0.8149219751358032 0.8639522790908813 -3.333116538328795e-08
64.31370416689337 0.08993659168481827 0.016444820910692215 0.798929750919342 0.8639522790908813 -3.333116538328795e-08
64.48948541689337 0.08993659168481827 0.017108965665102005 0.7822972536087036 0.8639522790908813 -3.333116538328795e-08
64.66526666689337 0.08993659168481827 0.017772644758224487 0.7650700807571411 0.8639522790908813 -3.333116538328795e-08
65.01682916689337 0.08993659168481827 0.01909860223531723 0.7289928197860718 0.8639522790908813 -3.333116538328795e-08
65.19261041689337 0.08993659168481827 0.01976088434457779 0.7102027535438538 0.8639522790908813 -3.333116538328795e-08
65.36839166689337 0.08993659168481827 0.02042270265519619 0.6909557580947876 0.8639522790908813 -3.333116538328795e-08
65.71995416689337 0.08993659168481827 0.021744949743151665 0.6512128710746765 0.8639522790908813 -3.333116538328795e-08
66.07151666689337 0.08993659168481827 0.02306535467505455 0.6099952459335327 0.8639522790908813 -3.333116538328795e-08
66.42307916689337 0.08993659168481827 0.024383917450904846 0.5675005912780762 0.8639522790908813 -3.333116538328795e-08
66.77464166689337 0.08993659168481827 0.02570064552128315 0.5238934755325317 0.8639522790908813 -3.333116538328795e-08
67.12620416689337 0.08993659168481827 0.02701554074883461 0.47932231426239014 0.8639522790908813 -3.333116538328795e-08
67.47776666689337 0.08993659168481827 0.028328604996204376 0.4338825047016144 0.8639522790908813 -3.333116538328795e-08
68.00511041689337 0.08993659168481827 0.03029477410018444 0.3643198609352112 0.8639522790908813 -3.333116538328795e-08
68.53245416689337 0.08993659168481827 0.0322568342089653 0.29333457350730896 0.8639522790908813 -3.333116538328795e-08
69.05979791689337 0.08993659168481827 0.03421478718519211 0.2211836576461792 0.8639522790908813 -3.333116538328795e-08
69.49925104189337 0.08993659168481827 0.03584327921271324 0.16043205559253693 0.8639522790908813 -3.333116538328795e-08
69.93870416689337 0.08993659168481827 0.03746892511844635 0.1003732681274414 0.8639522790908813 -3.333116538328795e-08
70.11448541689337 0.08993659168481827 0.0381183847784996 0.07750257104635239 0.8639522790908813 -3.333116538328795e-08
70.29026666689337 0.08993659168481827 0.038767389953136444 0.05615485459566116 0.8639522790908813 -3.333116538328795e-08
70.46604791689337 0.08993659168481827 0.03941594064235687 0.03710205480456352 0.8639522790908813 -3.333116538328795e-08
70.64182916689336 0.08993659168481827 0.04006403684616089 0.020990408957004547 0.8639522790908813 -3.333116538328795e-08
70.81761041689336 0.08993659168481827 0.040711723268032074 0.007764727808535099 0.8639522790908813 -3.333116538328795e-08
70.92287449229866 0.08993659168481827 0.041099388152360916 0.0014315178850665689 0.8639522790908813 -3.333116538328795e-08
70.95680208297628 0.08993659168481827 0.041224297136068344 7.671963248867542e-05 0.8639522790908813 -3.333116538328795e-08
70.96240020696784 0.08993659168481827 0.041244905441999435 -3.338585230494573e-08 0.8639522790908813 -3.333116538328795e-08
78.59041928707084 0.08993659168481827 0.06889468431472778 -3.338585230494573e-08 0.8639522790908813 -3.333116538328795e-08
86.21843836717386 0.08993659168481827 0.09568595886230469 -3.338585230494573e-08 0.8639522790908813 -3.333116538328795e-08
87.62468836717386 0.08993659168481827 0.10053109377622604 -3.338585230494573e-08 0.8639522790908813 -3.333116538328795e-08
89.03093836717386 0.08993659168481827 0.10534697026014328 -3.338585230494573e-08 0.8639522790908813 -3.333116538328795e-08
89.99999999999999 0.08993659168481827 0.10864872485399246 -3.3376181818312034e-08 0.8639522790908813 -3.333116538328795e-08
90.0001 0.08993659168481827 0.10864930599927902 -3.336965548328408e-08 0.8639522790908813 -3.333116538328795e-08
90.0003 0.08993659168481827 0.10865094512701035 -3.335308562668615e-08 0.8639522790908813 -3.333116538328795e-08
90.00047427709346 0.08993659168481827 0.1086534932255745 -1.7425660914227592e-08 0.8639522790908813 -3.333116538328795e-08
90.00082283128039 0.08993659168481827 0.10866102576255798 6.217120329665704e-08 0.8639522790908813 4.835951017412299e-07
90.0009168109182 0.08993659168481827 0.10866331309080124 8.345512725327353e-08 0.8639522790908813 1.7747212268659496e-06
90.00096677189964 0.08993659168481827 0.10866444557905197 8.792469685658943e-08 0.8639522790908813 3.859468961309176e-06
90.001 0.08993659168481827 0.1086651012301445 8.792469685658943e-08 0.8639522790908813 6.182808192534139e-06
90.13381719355723 0.08993659168481827 0.11101257801055908 8.792469685658943e-08 0.8639522790908813 0.01414036750793457
90.26663438711446 0.08993659168481827 0.11331178992986679 8.792469685658943e-08 0.8639522790908813 0.028114356100559235
90.44241563711446 0.08993659168481827 0.11630330979824066 8.792469685658943e-08 0.8639522790908813 0.04643681272864342
90.79397813711446 0.08993659168481827 0.12214179337024689 8.792469685658943e-08 0.8639522790908813 0.08259572088718414
91.14554063711446 0.08993659168481827 0.1277410387992859 8.792469685658943e-08 0.8639522790908813 0.11794161796569824
91.67288438711445 0.08993659168481827 0.13570117950439453 8.792469685658943e-08 0.8639522790908813 0.16945001482963562
92.28811876211445 0.08993659168481827 0.14428000152111053 8.792469685658943e-08 0.8639522790908813 0.22705017030239105
92.90335313711445 0.08993659168481827 0.15203465521335602 8.792469685658943e-08 0.8639522790908813 0.2816709280014038
93.25491563711445 0.08993659168481827 0.15610302984714508 8.792469685658943e-08 0.8639522790908813 0.31153184175491333
93.87015001211446 0.08993659168481827 0.16259072721004486 8.792469685658943e-08 0.8639522790908813 0.36136385798454285
94.48538438711445 0.08993659168481827 0.16839005053043365 8.792469685658943e-08 0.8639522790908813 0.4084664583206177
95.01272813711445 0.08993659168481827 0.17276084423065186 8.792469685658943e-08 0.8639522790908813 0.4463599920272827
95.36429063711445 0.08993659168481827 0.17538610100746155 8.792469685658943e-08 0.8639522790908813 0.47038549184799194
95.89163438711445 0.08993659168481827 0.17886857688426971 8.792469685658943e-08 0.8639522790908813 0.5043811798095703
96.24319688711445 0.08993659168481827 0.18089817464351654 8.792469685658943e-08 0.8639522790908813 0.5256814956665039
96.59475938711445 0.08993659168481827 0.18270331621170044 8.792469685658943e-08 0.8639522790908813 0.5458821654319763
97.29788438711445 0.08993659168481827 0.1857830137014389 8.792469685658943e-08 0.8639522790908813 0.5835455656051636
98.17679063711444 0.08993659168481827 0.18863768875598907 8.792469685658943e-08 0.8639522790908813 0.6250103712081909
99.05569688711444 0.08993659168481827 0.19055907428264618 8.792469685658943e-08 0.8639522790908813 0.6604830026626587
99.58304063711444 0.08993659168481827 0.19138050079345703 8.792469685658943e-08 0.8639522790908813 0.679305374622345
100.28616563711444 0.08993659168481827 0.19218173623085022 8.792469685658943e-08 0.8639522790908813 0.7018497586250305
100.98929063711444 0.08993659168481827 0.19269217550754547 8.792469685658943e-08 0.8639522790908813 0.7214155793190002
101.34085313711444 0.08993659168481827 0.19286087155342102 8.792469685658943e-08 0.8639522790908813 0.7301268577575684
101.86819688711444 0.08993659168481827 0.19304561614990234 8.792469685658943e-08 0.8639522790908813 0.7421730756759644
102.04397813711444 0.08993659168481827 0.19309164583683014 8.792469685658943e-08 0.8639522790908813 0.7459181547164917
102.21975938711444 0.08993659168481827 0.19313013553619385 8.792469685658943e-08 0.8639522790908813 0.7495138049125671
102.39554063711444 0.08993659168481827 0.1931617259979248 8.792469685658943e-08 0.8639522790908813 0.7529599666595459
102.57132188711444 0.08993659168481827 0.1931878626346588 8.792469685658943e-08 0.8639522790908813 0.7562767267227173
103.27444688711444 0.08993659168481827 0.1932569146156311 8.792469685658943e-08 0.8639522790908813 0.76851487159729
103.80179063711444 0.08993659168481827 0.193282812833786 8.792469685658943e-08 0.8639522790908813 0.7767379879951477
104.32913438711444 0.08993659168481827 0.19329605996608734 8.792469685658943e-08 0.8639522790908813 0.7842288017272949
104.85647813711442 0.08993659168481827 0.19330084323883057 8.792469685658943e-08 0.8639522790908813 0.7909745573997498
105.38382188711442 0.08993659168481827 0.19330213963985443 8.792469685658943e-08 0.8639522790908813 0.7970520257949829
105.91116563711442 0.08993659168481827 0.1933022439479828 8.792469685658943e-08 0.8639522790908813 0.802497148513794
106.43850938711442 0.08993659168481827 0.1933022439479828 8.792469685658943e-08 0.8639522790908813 0.8073897361755371
107.05374376211442 0.08993659168481827 0.1933022439479828 8.792469685658943e-08 0.8639522790908813 0.8125050067901611
107.66897813711442 0.08993659168481827 0.1933022439479828 8.792469685658943e-08 0.8639522790908813 0.8172392845153809
108.02054063711442 0.08993659168481827 0.1933022439479828 8.792469685658943e-08 0.8639522790908813 0.8197517395019531
109.16311876211441 0.08993659168481827 0.1933022439479828 8.792469685658943e-08 0.8639522790908813 0.8268968462944031
110.30569688711442 0.08993659168481827 0.1933022439479828 8.792469685658943e-08 0.8639522790908813 0.83273845911026
110.83304063711442 0.08993659168481827 0.1933022439479828 8.792469685658943e-08 0.8639522790908813 0.835155725479126
111.79983751211442 0.08993659168481827 0.1933022439479828 8.792469685658943e-08 0.8639522790908813 0.8390957117080688
112.76663438711441 0.08993659168481827 0.1933022439479828 8.792469685658943e-08 0.8639522790908813 0.8425583839416504
113.29397813711441 0.08993659168481827 0.1933022439479828 8.792469685658943e-08 0.8639522790908813 0.8442973494529724
113.82132188711441 0.08993659168481827 0.1933022439479828 8.792469685658943e-08 0.8639522790908813 0.8459808826446533
115.05179063711441 0.08993659168481827 0.1933022439479828 8.792469685658943e-08 0.8639522790908813 0.8494663238525391
116.28225938711441 0.08993659168481827 0.1933022439479828 8.792469685658943e-08 0.8639522790908813 0.8524758219718933
117.33694688711441 0.08993659168481827 0.1933022439479828 8.792469685658943e-08 0.8639522790908813 0.8547892570495605
118.3916343871144 0.08993659168481827 0.1933022439479828 8.792469685658943e-08 0.8639522790908813 0.8568080067634583
118.9189781371144 0.08993659168481827 0.1933022439479828 8.792469685658943e-08 0.8639522790908813 0.8577253222465515
119.4594890685572 0.08993659168481827 0.1933022439479828 8.792469685658943e-08 0.8639522790908813 0.8586361408233643
119.99999999999999 0.08993659168481827 0.1933022439479828 8.792469685658943e-08 0.8639522790908813 0.8595032691955566
120.0001 0.08993659168481827 0.1933022439479828 8.792469685658943e-08 0.8639522790908813 0.8595033884048462
120.0003 0.08993659168481827 0.1933022439479828 8.792469685658943e-08 0.8639522790908813 0.8595035076141357
120.0007 0.08993218839168549 0.1933022439479828 8.792469685658943e-08 0.8639522790908813 0.8595036268234253
120.001 0.08992116898298264 0.1933022439479828 8.792469685658943e-08 0.8639522790908813 0.8595036268234253
120.05626200382977 0.08270423859357834 0.1933022439479828 0.0002593584649730474 0.8639522790908813 0.8595036268234253
120.11152400765953 0.07564210146665573 0.1933022439479828 0.0005183734465390444 0.8639522790908813 0.8595036268234253
120.22205476158089 0.06212027743458748 0.1933022439479828 0.001035766676068306 0.8639522790908813 0.8595036268234253
120.39783601158089 0.04240262508392334 0.1933022439479828 0.0018572872504591942 0.8639522790908813 0.8595036268234253
120.57361726158089 0.02536390721797943 0.1933022439479828 0.0026776096783578396 0.8639522790908813 0.8595036268234253
120.74939851158089 0.011505592614412308 0.1933022439479828 0.003496979596093297 0.8639522790908813 0.8595036268234253
120.92517976158089 0.0008994301897473633 0.1933022439479828 0.004315786994993687 0.8639522790908813 0.8595036268234253
120.95976111522815 7.238319994939957e-06 0.1933022439479828 0.004476928152143955 0.8639522790908813 0.8595036268234253
122.37510047876464 -3.3385838094091014e-08 0.1933022439479828 0.011040451936423779 0.8639522790908813 0.8595036268234253
122.55088172876465 -3.3385838094091014e-08 0.1933022439479828 0.011851667426526546 0.8639522790908813 0.8595036268234253
122.72666297876467 -3.3385838094091014e-08 0.1933022439479828 0.01266207080334425 0.8639522790908813 0.8595036268234253
122.90244422876468 -3.3385838094091014e-08 0.1933022439479828 0.013471661135554314 0.8639522790908813 0.8595036268234253
125.45127235376486 -3.3385838094091014e-08 0.1933022439479828 0.02511940523982048 0.8639522790908813 0.8595036268234253
128.00010047876506 -3.3385838094091014e-08 0.1933022439479828 0.03659643232822418 0.8639522790908813 0.8595036268234253
128.17588172876506 -3.3385838094091014e-08 0.1933022439479828 0.03738166391849518 0.8639522790908813 0.8595036268234253
128.3516629787651 -3.3385838094091014e-08 0.1933022439479828 0.03816608339548111 0.8639522790908813 0.8595036268234253
128.5274442287651 -3.3385838094091014e-08 0.1933022439479828 0.03894969820976257 0.8639522790908813 0.8595036268234253
133.44931922876546 -3.3385838094091014e-08 0.1933022439479828 0.06056206300854683 0.8639522790908813 0.8595036268234253
133.6251004787655 -3.3385838094091014e-08 0.1933022439479828 0.06132220849394798 0.8639522790908813 0.8595036268234253
133.8008817287655 -3.3385838094091014e-08 0.1933022439479828 0.06208154931664467 0.8639522790908813 0.8595036268234253
133.97666297876552 -3.3385838094091014e-08 0.1933022439479828 0.06284008175134659 0.8639522790908813 0.8595036268234253
138.8985379787659 -3.3385838094091014e-08 0.1933022439479828 0.08375193923711777 0.8639522790908813 0.8595036268234253
139.0743192287659 -3.3385838094091014e-08 0.1933022439479828 0.08448713272809982 0.8639522790908813 0.8595036268234253
139.25010047876592 -3.3385838094091014e-08 0.1933022439479828 0.08522152155637741 0.8639522790908813 0.8595036268234253
139.42588172876592 -3.3385838094091014e-08 0.1933022439479828 0.08595511317253113 0.8639522790908813 0.8595036268234253
140.83213172876603 -3.3385838094091014e-08 0.1933022439479828 0.09179499745368958 0.8639522790908813 0.8595036268234253
142.23838172876611 -3.3385838094091014e-08 0.1933022439479828 0.09758367389440536 0.8639522790908813 0.8595036268234253
144.17197547876626 -3.3385838094091014e-08 0.1933022439479828 0.10545967519283295 0.8639522790908813 0.8595036268234253
144.34775672876629 -3.3385838094091014e-08 0.1933022439479828 0.1061709001660347 0.8639522790908813 0.8595036268234253
144.52353797876629 -3.3385838094091014e-08 0.1933022439479828 0.10688132047653198 0.8639522790908813 0.8595036268234253
144.6993192287663 -3.3385838094091014e-08 0.1933022439479828 0.10759095102548599 0.8639522790908813 0.8595036268234253
149.44541297876665 -3.3385838094091014e-08 0.1933022439479828 0.12645113468170166 0.8639522790908813 0.8595036268234253
149.62119422876668 -3.3385838094091014e-08 0.1933022439479828 0.12713858485221863 0.8639522790908813 0.8595036268234253
149.79697547876668 -3.3385838094091014e-08 0.1933022439479828 0.12782526016235352 0.8639522790908813 0.8595036268234253
149.9727567287667 -3.3385838094091014e-08 0.1933022439479828 0.12851138412952423 0.8639522790908813 0.8595036268234253
150.0 -3.3335361138142616e-08 0.1933022439479828 0.12861773371696472 0.8639522790908813 0.8595036268234253
150.0001 -3.334787734843303e-08 0.1933022439479828 0.12861938774585724 0.8639522790908813 0.8595036268234253
150.0003 -3.332832321234491e-08 0.1933022439479828 0.12862253189086914 0.8639522790908813 0.8595036864280701
150.0007 -3.3251630782160646e-08 0.1933022439479828 0.1286243051290512 0.8639516234397888 0.8595037460327148
150.0008229640488 -3.267057024913811e-08 0.1933022439479828 0.1286247819662094 0.863950252532959 0.8595032691955566
150.00092966723804 1.4994978414506477e-07 0.1933022439479828 0.12862704694271088 0.863947331905365 0.8595016598701477
150.00095154675532 4.5650071456293517e-07 0.1933022439479828 0.12862753868103027 0.8639465570449829 0.8595011234283447
150.0009718865369 1.09513518964377e-06 0.1933022439479828 0.1286279559135437 0.8639457821846008 0.8595004677772522
150.00098902024567 2.04892876354279e-06 0.1933022439479828 0.12862828373908997 0.8639450669288635 0.8594998717308044
150.001 2.9217628707556287e-06 0.1933022439479828 0.12862849235534668 0.8639446496963501 0.859499454498291
150.00500912601672 0.00042749574640765786 0.1933022439479828 0.12869872152805328 0.8637782335281372 0.8593330383300781
150.00901825203346 0.0008518954273313284 0.1933022439479828 0.1287689059972763 0.8636121153831482 0.8591669201850891
150.017038462126 0.00170036475174129 0.1933022439479828 0.1289091408252716 0.863280177116394 0.858834981918335
150.03307888231114 0.0033951541408896446 0.1933022439479828 0.12918895483016968 0.8626128435134888 0.8581676483154297
150.06515972268144 0.0067763542756438255 0.1933022439479828 0.12974607944488525 0.8612618446350098 0.8568166494369507
150.12932140342198 0.013515324331820011 0.1933022439479828 0.1308533102273941 0.8585172295570374 0.8540720343589783
150.25764476490306 0.026938535273075104 0.1933022439479828 0.13305135071277618 0.8528885841369629 0.8484433889389038
150.43342601490306 0.04521377384662628 0.1933022439479828 0.13602879643440247 0.8448742032051086 0.8404290080070496
150.7849885149031 0.08118993043899536 0.1933022439479828 0.14181344211101532 0.8276165723800659 0.8231713771820068
150.96076976490312 0.09883911162614822 0.1933022439479828 0.14460605382919312 0.8183320164680481 0.8138867616653442
151.13655101490312 0.11625681817531586 0.1933022439479828 0.14733120799064636 0.808643102645874 0.8041979074478149
151.31233226490315 0.13346213102340698 0.1933022439479828 0.1499948352575302 0.7985650300979614 0.7941198348999023
151.48811351490315 0.150495246052742 0.1933022439479828 0.15260890126228333 0.7880765199661255 0.7836313247680664
151.66389476490318 0.167352557182312 0.1933022439479828 0.15517278015613556 0.7771434783935547 0.7726982831954956
151.83967601490318 0.1839875429868698 0.1933022439479828 0.1576736569404602 0.7657523155212402 0.7613070607185364
152.01545726490318 0.20037609338760376 0.1933022439479828 0.16010519862174988 0.7539229989051819 0.7494778037071228
152.1912385149032 0.2165159285068512 0.1933022439479828 0.1624673306941986 0.7416893839836121 0.737244188785553
152.3670197649032 0.23240460455417633 0.1933022439479828 0.16476008296012878 0.7290765047073364 0.7246313095092773
152.54280101490323 0.24805068969726562 0.1933022439479828 0.1669863611459732 0.7160770297050476 0.7116318345069885
152.71858226490323 0.2634733319282532 0.1933022439479828 0.16915196180343628 0.7026721239089966 0.6982269287109375
152.89436351490326 0.278669536113739 0.1933022439479828 0.17125673592090607 0.6888535022735596 0.6844083070755005
153.07014476490326 0.29361486434936523 0.1933022439479828 0.1732947677373886 0.6746134757995605 0.6701682806015015
153.2459260149033 0.30829644203186035 0.1933022439479828 0.17526331543922424 0.6599655151367188 0.6555203199386597
153.4217072649033 0.3227124512195587 0.1933022439479828 0.17716272175312042 0.6449649333953857 0.6405197381973267
153.59748851490332 0.33686110377311707 0.1933022439479828 0.1789933145046234 0.629658043384552 0.6252128481864929
153.77326976490332 0.35076236724853516 0.1933022439479828 0.18076092004776 0.6140293478965759 0.6095841526985168
153.94905101490335 0.36445730924606323 0.1933022439479828 0.18247650563716888 0.598051905632019 0.59360671043396
154.12483226490335 0.37794268131256104 0.1933022439479828 0.18413999676704407 0.5817192792892456 0.5772740840911865
154.30061351490335 0.3911939263343811 0.1933022439479828 0.18574582040309906 0.565044641494751 0.5605994462966919
154.47639476490338 0.40423041582107544 0.1933022439479828 0.18729926645755768 0.548069953918457 0.543624758720398
154.65217601490338 0.4170493185520172 0.1933022439479828 0.18880045413970947 0.5308089256286621 0.526363730430603
154.8279572649034 0.4296054244041443 0.1933022439479828 0.1902393102645874 0.5132548213005066 0.5088096261024475
155.0037385149034 0.44187670946121216 0.1933022439479828 0.19161154329776764 0.4954376816749573 0.4909924864768982
155.35530101490343 0.4656170606613159 0.1933022439479828 0.19417214393615723 0.45911598205566406 0.454670786857605
155.53108226490346 0.4771057069301605 0.1933022439479828 0.1953669786453247 0.440615177154541 0.43616998195648193
155.70686351490346 0.48831793665885925 0.1933022439479828 0.19650131464004517 0.42186006903648376 0.4174148738384247
155.8826447649035 0.49926474690437317 0.1933022439479828 0.19757844507694244 0.40284740924835205 0.39840224385261536
156.0584260149035 0.5099879503250122 0.1933022439479828 0.1986081898212433 0.3835999071598053 0.379154771566391
156.40998851490352 0.5307171940803528 0.1933022439479828 0.20051997900009155 0.3444555103778839 0.34001049399375916
156.58576976490352 0.540662407875061 0.1933022439479828 0.20139165222644806 0.3245563805103302 0.3201115131378174
156.76155101490355 0.5503444671630859 0.1933022439479828 0.2022118866443634 0.3044431209564209 0.29999852180480957
156.93733226490355 0.5598052144050598 0.1933022439479828 0.20298971235752106 0.2841399013996124 0.2796957790851593
157.11311351490357 0.5690642595291138 0.1933022439479828 0.2037297785282135 0.26368600130081177 0.2592427730560303
157.4646760149036 0.5869544744491577 0.1933022439479828 0.2050955444574356 0.2223370373249054 0.2178986817598343
157.6404572649036 0.5955280065536499 0.1933022439479828 0.20571297407150269 0.2014390081167221 0.19700664281845093
157.81623851490363 0.6038448214530945 0.1933022439479828 0.2062864750623703 0.18044991791248322 0.176028773188591
157.99201976490363 0.6119468212127686 0.1933022439479828 0.2068241983652115 0.15940919518470764 0.15500906109809875
158.16780101490366 0.6198352575302124 0.1933022439479828 0.20732749998569489 0.13835680484771729 0.13399575650691986
158.34358226490366 0.627474308013916 0.1933022439479828 0.2077917903661728 0.11739952862262726 0.11310983449220657
158.5193635149037 0.6348595023155212 0.1933022439479828 0.20821748673915863 0.09674565494060516 0.09258171916007996
158.6951447649037 0.6420148015022278 0.1933022439479828 0.20860940217971802 0.07673102617263794 0.07277572900056839
158.87092601490372 0.6489439606666565 0.1933022439479828 0.2089693546295166 0.05783706158399582 0.0541980043053627
159.04670726490372 0.655633270740509 0.1933022439479828 0.20929665863513947 0.04063735902309418 0.03742383047938347
159.22248851490372 0.6620975136756897 0.1933022439479828 0.20959433913230896 0.0256469938904047 0.0229325108230114
159.39826976490374 0.6683858633041382 0.1933022439479828 0.2098696082830429 0.013139189220964909 0.010933647863566875
159.57405101490374 0.6745573878288269 0.1933022439479828 0.21013043820858002 0.0026625017635524273 0.001394728198647499
159.61600442060353 0.6760084629058838 0.1933022439479828 0.2101900726556778 0.0005221611354500055 8.910801261663437e-05
159.62803035369117 0.6764197945594788 0.1933022439479828 0.21020661294460297 4.987647844245657e-05 -3.337992637852949e-08
159.63117188747188 0.6765268445014954 0.1933022439479828 0.2102108895778656 -3.337992637852949e-08 -3.337992637852949e-08
159.63281965360662 0.6765829920768738 0.1933022439479828 0.21021312475204468 -3.337992637852949e-08 -3.337992637852949e-08
159.6375737136261 0.6767448782920837 0.1933022439479828 0.2102195918560028 -3.337992637852949e-08 -3.337992637852949e-08
159.64391246031875 0.6769601702690125 0.1933022439479828 0.21022813022136688 -3.337992637852949e-08 -3.337992637852949e-08
159.68194494047452 0.6782416105270386 0.1933022439479828 0.21027818322181702 -3.337992637852949e-08 -3.337992637852949e-08
159.83407486109772 0.6832643151283264 0.1933022439479828 0.21046678721904755 -3.337992637852949e-08 -3.337992637852949e-08
160.18563736109775 0.6943005323410034 0.1933022439479828 0.21084153652191162 -3.337992637852949e-08 -3.337992637852949e-08
160.36141861109775 0.6995552778244019 0.1933022439479828 0.21100197732448578 -3.337992637852949e-08 -3.337992637852949e-08
160.71298111109778 0.7095623016357422 0.1933022439479828 0.2112761288881302 -3.337992637852949e-08 -3.337992637852949e-08
161.2403248610978 0.7233450412750244 0.1933022439479828 0.21158289909362793 -3.337992637852949e-08 -3.337992637852949e-08
161.59188736109783 0.731894314289093 0.1933022439479828 0.21173980832099915 -3.337992637852949e-08 -3.337992637852949e-08
161.76766861109786 0.7359433174133301 0.1933022439479828 0.21180345118045807 -3.337992637852949e-08 -3.337992637852949e-08
162.1192311110979 0.7436192035675049 0.1933022439479828 0.21190553903579712 -3.337992637852949e-08 -3.337992637852949e-08
162.2950123610979 0.7472833395004272 0.1933022439479828 0.21194729208946228 -3.337992637852949e-08 -3.337992637852949e-08
162.47079361109792 0.7508087158203125 0.1933022439479828 0.21198244392871857 -3.337992637852949e-08 -3.337992637852949e-08
162.64657486109792 0.7542016506195068 0.1933022439479828 0.2120116651058197 -3.337992637852949e-08 -3.337992637852949e-08
162.82235611109795 0.7574939727783203 0.1933022439479828 0.21203677356243134 -3.337992637852949e-08 -3.337992637852949e-08
162.99813736109795 0.760688304901123 0.1933022439479828 0.21205829083919525 -3.337992993124317e-08 -3.337992637852949e-08
163.17391861109795 0.7637622356414795 0.1933022439479828 0.2120758444070816 -3.337992993124317e-08 -3.337992637852949e-08
163.34969986109797 0.7667092680931091 0.1933022439479828 0.2120896279811859 -3.337992993124317e-08 -3.337992637852949e-08
163.52548111109797 0.7695419192314148 0.1933022439479828 0.21210038661956787 -3.337992993124317e-08 -3.337992637852949e-08
163.701262361098 0.7722771167755127 0.1933022439479828 0.21210891008377075 -3.337992993124317e-08 -3.337992637852949e-08
163.877043611098 0.7749243378639221 0.1933022439479828 0.21211567521095276 -3.337992993124317e-08 -3.337992637852949e-08
164.05282486109803 0.7774866819381714 0.1933022439479828 0.21212096512317657 -3.337992993124317e-08 -3.337992637852949e-08
164.22860611109803 0.7799617648124695 0.1933022439479828 0.21212497353553772 -3.337992993124317e-08 -3.337992637852949e-08
164.40438736109806 0.7823421955108643 0.1933022439479828 0.21212783455848694 -3.337992993124317e-08 -3.337992637852949e-08
164.58016861109806 0.7846272587776184 0.1933022439479828 0.21212974190711975 -3.337992993124317e-08 -3.337992637852949e-08
164.7559498610981 0.7868218421936035 0.1933022439479828 0.21213096380233765 -3.337992993124317e-08 -3.337992637852949e-08
164.9317311110981 0.7889406085014343 0.1933022439479828 0.21213170886039734 -3.337992993124317e-08 -3.337992993124317e-08
165.10751236109812 0.791007399559021 0.1933022439479828 0.21213221549987793 -3.337992993124317e-08 -3.337992993124317e-08
165.28329361109812 0.7930232286453247 0.1933022439479828 0.2121325433254242 -3.337992993124317e-08 -3.337992993124317e-08
165.45907486109814 0.7949693202972412 0.1933022439479828 0.21213272213935852 -3.337992993124317e-08 -3.337992993124317e-08
165.63485611109814 0.7968396544456482 0.1933022439479828 0.2121327966451645 -3.337992993124317e-08 -3.337992993124317e-08
165.81063736109814 0.7986384630203247 0.1933022439479828 0.21213282644748688 -3.337992993124317e-08 -3.337992993124317e-08
165.98641861109817 0.8003785014152527 0.1933022439479828 0.21213282644748688 -3.337992993124317e-08 -3.337992993124317e-08
166.16219986109817 0.8020807504653931 0.1933022439479828 0.21213282644748688 -3.337992993124317e-08 -3.337992993124317e-08
166.3379811110982 0.8037457466125488 0.1933022439479828 0.21213282644748688 -3.337992993124317e-08 -3.337992993124317e-08
166.5137623610982 0.8053561449050903 0.1933022439479828 0.21213282644748688 -3.337992993124317e-08 -3.337992993124317e-08
166.68954361109823 0.8069061636924744 0.1933022439479828 0.21213282644748688 -3.337992993124317e-08 -3.337992993124317e-08
166.86532486109823 0.8083993196487427 0.1933022439479828 0.21213282644748688 -3.337992993124317e-08 -3.337992993124317e-08
167.04110611109826 0.8098466396331787 0.1933022439479828 0.21213282644748688 -3.337992993124317e-08 -3.337992993124317e-08
167.21688736109826 0.8112668395042419 0.1933022439479828 0.21213282644748688 -3.337992993124317e-08 -3.337992993124317e-08
167.3926686110983 0.8126598596572876 0.1933022439479828 0.21213282644748688 -3.337992993124317e-08 -3.337992993124317e-08
167.5684498610983 0.8140099048614502 0.1933022439479828 0.21213282644748688 -3.337992993124317e-08 -3.337992993124317e-08
167.74423111109832 0.8153193593025208 0.1933022439479828 0.21213282644748688 -3.337992993124317e-08 -3.337992993124317e-08
167.92001236109832 0.8166071772575378 0.1933022439479828 0.21213282644748688 -3.337992993124317e-08 -3.337992993124317e-08
168.09579361109832 0.8178752064704895 0.1933022439479828 0.21213282644748688 -3.337992993124317e-08 -3.337992993124317e-08
168.44735611109834 0.8202980160713196 0.1933022439479828 0.21213282644748688 -3.337992993124317e-08 -3.337992993124317e-08
168.62313736109837 0.8214467167854309 0.1933022439479828 0.21213282644748688 -3.337992993124317e-08 -3.337992993124317e-08
168.79891861109837 0.8225560188293457 0.1933022439479828 0.21213282644748688 -3.337992993124317e-08 -3.337992993124317e-08
168.9746998610984 0.8236340880393982 0.1933022439479828 0.21213282644748688 -3.337992993124317e-08 -3.337992993124317e-08
169.32626236109843 0.8257418274879456 0.1933022439479828 0.21213282644748688 -3.337992993124317e-08 -3.337992993124317e-08
169.50204361109843 0.8267606496810913 0.1933022439479828 0.21213282644748688 -3.337992993124317e-08 -3.337992993124317e-08
169.67782486109846 0.8277459740638733 0.1933022439479828 0.21213282644748688 -3.337992993124317e-08 -3.337992993124317e-08
169.85360611109846 0.8286989331245422 0.1933022439479828 0.21213282644748688 -3.337992993124317e-08 -3.337992993124317e-08
170.0293873610985 0.8296210765838623 0.1933022439479828 0.21213282644748688 -3.337992993124317e-08 -3.337992993124317e-08
170.3809498610985 0.8313781023025513 0.1933022439479828 0.21213282644748688 -3.337992993124317e-08 -3.337992993124317e-08
170.55673111109851 0.8322154879570007 0.1933022439479828 0.21213282644748688 -3.337992993124317e-08 -3.337992993124317e-08
170.73251236109851 0.8330296277999878 0.1933022439479828 0.21213282644748688 -3.337992993124317e-08 -3.337992993124317e-08
170.90829361109854 0.8338268399238586 0.1933022439479828 0.21213282644748688 -3.337992993124317e-08 -3.337992993124317e-08
171.08407486109854 0.8346085548400879 0.1933022439479828 0.21213282644748688 -3.337992993124317e-08 -3.337992993124317e-08
171.25985611109857 0.8353703022003174 0.1933022439479828 0.21213282644748688 -3.337992993124317e-08 -3.337992993124317e-08
171.43563736109857 0.8361095786094666 0.1933022439479828 0.21213282644748688 -3.337992993124317e-08 -3.337992993124317e-08
171.6114186110986 0.8368269801139832 0.1933022439479828 0.21213282644748688 -3.337992993124317e-08 -3.337992993124317e-08
171.7871998610986 0.8375235199928284 0.1933022439479828 0.21213282644748688 -3.337992993124317e-08 -3.337992993124317e-08
171.96298111109863 0.8381999135017395 0.1933022439479828 0.21213282644748688 -3.337992993124317e-08 -3.337992993124317e-08
172.13876236109863 0.838857114315033 0.1933022439479828 0.21213282644748688 -3.337992993124317e-08 -3.337992993124317e-08
172.66610611109869 0.8407227993011475 0.1933022439479828 0.21213282644748688 -3.337992993124317e-08 -3.337992993124317e-08
173.01766861109869 0.8419070243835449 0.1933022439479828 0.21213282644748688 -3.337992993124317e-08 -3.337992993124317e-08
173.1934498610987 0.8424817323684692 0.1933022439479828 0.21213282644748688 -3.337992993124317e-08 -3.337992993124317e-08
173.3692311110987 0.8430413007736206 0.1933022439479828 0.21213282644748688 -3.337992993124317e-08 -3.337992993124317e-08
173.54501236109874 0.8435860276222229 0.1933022439479828 0.21213282644748688 -3.337992993124317e-08 -3.337992993124317e-08
173.72079361109874 0.8441165685653687 0.1933022439479828 0.21213282644748688 -3.337992993124317e-08 -3.337992993124317e-08
173.89657486109877 0.8446378111839294 0.1933022439479828 0.21213282644748688 -3.337992993124317e-08 -3.337992993124317e-08
174.07235611109877 0.8451589941978455 0.1933022439479828 0.21213282644748688 -3.337992993124317e-08 -3.337992993124317e-08
174.2481373610988 0.8456802368164062 0.1933022439479828 0.21213282644748688 -3.337992993124317e-08 -3.337992993124317e-08
174.4239186110988 0.8461927175521851 0.1933022439479828 0.21213282644748688 -3.337992993124317e-08 -3.337992993124317e-08
174.59969986109883 0.8466920852661133 0.1933022439479828 0.21213282644748688 -3.337992993124317e-08 -3.337992993124317e-08
174.77548111109883 0.8471788167953491 0.1933022439479828 0.21213282644748688 -3.337992993124317e-08 -3.337992993124317e-08
174.95126236109886 0.8476532697677612 0.1933022439479828 0.21213282644748688 -3.337992993124317e-08 -3.337992993124317e-08
175.12704361109886 0.8481159806251526 0.1933022439479828 0.21213282644748688 -3.337992993124317e-08 -3.337992993124317e-08
175.30282486109886 0.8485673666000366 0.1933022439479828 0.21213282644748688 -3.337992993124317e-08 -3.337992993124317e-08
175.47860611109888 0.8490078449249268 0.1933022439479828 0.21213282644748688 -3.337992993124317e-08 -3.337992993124317e-08
175.8301686110989 0.8498573303222656 0.1933022439479828 0.21213282644748688 -3.337992993124317e-08 -3.337992993124317e-08
176.18173111109894 0.8506674766540527 0.1933022439479828 0.21213282644748688 -3.337992993124317e-08 -3.337992993124317e-08
176.53329361109897 0.8514407873153687 0.1933022439479828 0.21213282644748688 -3.337992993124317e-08 -3.337992993124317e-08
176.70907486109897 0.8518181443214417 0.1933022439479828 0.21213282644748688 -3.337992993124317e-08 -3.337992993124317e-08
176.884856111099 0.8521981239318848 0.1933022439479828 0.21213282644748688 -3.337992993124317e-08 -3.337992993124317e-08
177.060637361099 0.8525806665420532 0.1933022439479828 0.21213282644748688 -3.337992993124317e-08 -3.337992993124317e-08
178.11532486109908 0.8547245264053345 0.1933022439479828 0.21213282644748688 -3.337992993124317e-08 -3.337992993124317e-08
178.4668873610991 0.8553786277770996 0.1933022439479828 0.21213282644748688 -3.337992993124317e-08 -3.337992993124317e-08
178.6426686110991 0.855695366859436 0.1933022439479828 0.21213282644748688 -3.337992993124317e-08 -3.337992993124317e-08
178.81844986109914 0.8560055494308472 0.1933022439479828 0.21213282644748688 -3.337992993124317e-08 -3.337992993124317e-08
178.99423111109914 0.8563093543052673 0.1933022439479828 0.21213282644748688 -3.337992993124317e-08 -3.337992993124317e-08
179.17001236109917 0.8566069602966309 0.1933022439479828 0.21213282644748688 -3.337992993124317e-08 -3.337992993124317e-08
179.8731373610992 0.8577403426170349 0.1933022439479828 0.21213282644748688 -3.337992993124317e-08 -3.337992993124317e-08
179.99999999999997 0.8579381704330444 0.1933022439479828 0.21213282644748688 -3.337992993124317e-08 -3.337992993124317e-08
