time a b c w1 w2
0.0 0.0 0.0 0.0 0.0 0.0
1.757812428601624e-06 1.757988202426422e-23 1.757988202426422e-23 1.0832566022872925 1.757988202426422e-23 1.757988202426422e-23
1.7648476783160305e-06 1.7650242106122693e-23 1.7650242106122693e-23 1.0055341720581055 1.7650242106122693e-23 1.7650242106122693e-23
1.7789181777448437e-06 1.7790960692117828e-23 1.7790960692117828e-23 0.9905999898910522 1.7790960692117828e-23 1.7790960692117828e-23
1.8070591766024704e-06 1.8072399441829907e-23 1.8072399441829907e-23 0.984626293182373 1.8072399441829907e-23 1.8072399441829907e-23
0.00013281055255599797 1.3282383013875093e-21 1.3282383013875093e-21 0.984626293182373 1.3282383013875093e-21 1.3282383013875093e-21
0.00026381985277929004 2.6384624023353322e-21 2.6384624023353322e-21 0.984626293182373 2.6384624023353322e-21 2.6384624023353322e-21
0.0005258384532258742 5.258910200334195e-21 5.258910200334195e-21 0.984626293182373 -5.9402767149663305e-09 -5.9402767149663305e-09
0.001 1.0000999731091105e-20 1.0000999731091105e-20 0.984626293182373 -3.3380178621200685e-08 -3.3380178621200685e-08
29.999999999999996 3.000300019364487e-16 3.000300019364487e-16 0.984626293182373 -3.338031717703416e-08 -3.338031717703416e-08
30.000099999999996 3.0003100778807355e-16 3.0003100778807355e-16 0.984626293182373 -3.3361402529408224e-08 -3.3361402529408224e-08
30.0003 3.0003299302154367e-16 3.0003299302154367e-16 0.984626293182373 -3.334271880817141e-08 -3.334271880817141e-08
30.0007 3.0003698995826353e-16 3.0003698995826353e-16 0.984626293182373 -3.333283515871699e-08 -3.333283515871699e-08
30.00082296345329 1.0032600528120383e-08 3.000382340379048e-16 0.984626293182373 -3.08122913850184e-08 -3.3331549076365263e-08
30.000893956526504 5.448255890883047e-08 3.0003894872195405e-16 0.984626293182373 2.5796945024580964e-08 -3.333114761971956e-08
30.000929690271118 1.211891458297032e-07 3.000392928290889e-16 0.984626293182373 5.3991914938933405e-08 -3.333114761971956e-08
30.00095176276332 1.9599178813223261e-07 3.000395310571053e-16 0.984626293182373 3.117055058510232e-08 -3.333114761971956e-08
30.000964871553073 2.7646728995023295e-07 3.000396369362237e-16 0.984626293182373 1.7469697866090428e-07 -3.333114761971956e-08
30.000975244244476 3.846551521746733e-07 3.000397428153421e-16 0.984626293182373 6.000606731504377e-07 -3.333114761971956e-08
30.00098677141526 5.523181130229204e-07 3.000398751642401e-16 0.984626293182373 1.4154808241073624e-06 -3.333114761971956e-08
30.001 7.811314617356402e-07 3.000400075131381e-16 0.984626293182373 2.605246663733851e-06 -3.333114761971956e-08
30.17522682893117 0.00363385071977973 3.01782433694979e-16 0.984626293182373 0.02033054828643799 -3.333114761971956e-08
30.34945365786233 0.007205347064882517 3.0352488634659953e-16 0.984626293182373 0.04046357423067093 -3.333114761971956e-08
30.52523490786233 0.010732300579547882 3.052828767588462e-16 0.984626293182373 0.06053327023983002 -3.333114761971956e-08
30.87679740786233 0.01757625862956047 3.087988575833396e-16 0.984626293182373 0.10000097751617432 -3.333114761971956e-08
31.22835990786233 0.024162637069821358 3.12314838407833e-16 0.984626293182373 0.13863500952720642 -3.333114761971956e-08
31.755703657862327 0.03350799158215523 3.175887831747935e-16 0.984626293182373 0.19483375549316406 -3.333114761971956e-08
32.28304740786233 0.04216470196843147 3.228627544115336e-16 0.984626293182373 0.24872617423534393 -3.333114761971956e-08
32.81039115786233 0.05005691573023796 3.281367256482737e-16 0.984626293182373 0.2999947667121887 -3.333114761971956e-08
33.16195365786233 0.05491583049297333 3.316527064727671e-16 0.984626293182373 0.332755446434021 -3.333114761971956e-08
33.33773490786233 0.057214513421058655 3.334106968850138e-16 0.984626293182373 0.34866517782211304 -3.333114761971956e-08
33.68929740786233 0.061576731503009796 3.369266512397276e-16 0.984626293182373 0.37962380051612854 -3.333114761971956e-08
34.39242240786232 0.06942902505397797 3.439586128887144e-16 0.984626293182373 0.43825748562812805 -3.333114761971956e-08
34.74398490786232 0.07288965582847595 3.474745937132078e-16 0.984626293182373 0.4657607674598694 -3.333114761971956e-08
35.27132865786232 0.07752348482608795 3.527485649499479e-16 0.984626293182373 0.5047516822814941 -3.333114761971956e-08
35.79867240786232 0.08145830035209656 3.580225097169084e-16 0.984626293182373 0.5407671928405762 -3.333114761971956e-08
36.41390678286232 0.08522912114858627 3.64175462924882e-16 0.984626293182373 0.579071581363678 -3.333114761971956e-08
37.02914115786231 0.08827001601457596 3.7032844260263527e-16 0.984626293182373 0.6138163805007935 -3.333114761971956e-08
37.38070365786231 0.08968327194452286 3.7384442342712867e-16 0.984626293182373 0.6319636106491089 -3.333114761971956e-08
37.73226615786231 0.09088325500488281 3.7736040425162206e-16 0.984626293182373 0.6489056348800659 -3.333114761971956e-08
38.08382865786231 0.0918978750705719 3.8087635860633586e-16 0.984626293182373 0.6647255420684814 -3.333114761971956e-08
38.61117240786231 0.09311074018478394 3.8615032984307596e-16 0.984626293182373 0.6864399313926697 -3.333114761971956e-08
38.78695365786231 0.09345290809869766 3.8790832025532265e-16 0.984626293182373 0.6932386159896851 -3.333114761971956e-08
38.96273490786231 0.09376028180122375 3.8966631066756935e-16 0.984626293182373 0.6997759342193604 -3.333114761971956e-08
39.13851615786231 0.09403752535581589 3.9142430107981605e-16 0.984626293182373 0.7060778141021729 -3.333114761971956e-08
39.66585990786231 0.09469892084598541 3.9669827231655615e-16 0.984626293182373 0.7235262393951416 -3.333114761971956e-08
40.01742240786231 0.09501442313194275 4.0021425314104955e-16 0.984626293182373 0.7339687347412109 -3.333114761971956e-08
41.599453657862306 0.09570760279893875 4.1603614038149023e-16 0.984626293182373 0.7718556523323059 -3.333114761971956e-08
42.214688032862306 0.09579283744096756 4.221890935894639e-16 0.984626293182373 0.7832819223403931 -3.333114761971956e-08
42.829922407862306 0.09583483636379242 4.283420467974375e-16 0.984626293182373 0.7933304905891418 -3.333114761971956e-08
43.181484907862306 0.09584622830152512 4.318580276219309e-16 0.984626293182373 0.7984963655471802 -3.333114761971956e-08
43.7088286578623 0.09585343301296234 4.37131998858671e-16 0.984626293182373 0.8054662942886353 -3.333114761971956e-08
44.0603911578623 0.09585480391979218 4.406479796831644e-16 0.984626293182373 0.8096568584442139 -3.333114761971956e-08
44.4119536578623 0.09585514664649963 4.441639605076578e-16 0.984626293182373 0.8135072588920593 -3.333114761971956e-08
45.8182036578623 0.09585517644882202 4.582278308660722e-16 0.984626293182373 0.8265652060508728 -3.333114761971956e-08
47.22445365786229 0.09585517644882202 4.722917541640458e-16 0.984626293182373 0.8364342451095581 -3.333114761971956e-08
47.75179740786229 0.09585517644882202 4.775657518705655e-16 0.984626293182373 0.8395233154296875 -3.333114761971956e-08
48.63070365786229 0.09585517644882202 4.863556774620194e-16 0.984626293182373 0.8440874218940735 -3.333114761971956e-08
49.50960990786229 0.09585517644882202 4.951456030534733e-16 0.984626293182373 0.8480311632156372 -3.333114761971956e-08
49.86117240786229 0.09585517644882202 4.986615838779667e-16 0.984626293182373 0.8494778871536255 -3.333114761971956e-08
50.212734907862284 0.09585517644882202 5.021775647024601e-16 0.984626293182373 0.8508836030960083 -3.333114761971956e-08
50.740078657862284 0.09585517644882202 5.074515094694206e-16 0.984626293182373 0.8528661131858826 -3.333114761971956e-08
51.267422407862284 0.09585517644882202 5.127255071759403e-16 0.984626293182373 0.8546687960624695 -3.333114761971956e-08
51.618984907862284 0.09585517644882202 5.162414880004336e-16 0.984626293182373 0.8557818531990051 -3.333114761971956e-08
52.146328657862284 0.09585517644882202 5.215154327673941e-16 0.984626293182373 0.8573851585388184 -3.333114761971956e-08
53.20101615786228 0.09585517644882202 5.320633752408743e-16 0.984626293182373 0.8603009581565857 -3.333114761971956e-08
54.25570365786228 0.09585517644882202 5.426113177143545e-16 0.984626293182373 0.8627758026123047 -3.333114761971956e-08
54.60726615786228 0.09585517644882202 5.461272455992887e-16 0.984626293182373 0.8635377883911133 -3.333114761971956e-08
56.10140678286228 0.09585517644882202 5.610701773382755e-16 0.984626293182373 0.8664242625236511 -3.333114761971956e-08
57.59554740786227 0.09585517644882202 5.76013056137703e-16 0.984626293182373 0.8687999248504639 -3.333114761971956e-08
58.12289115786227 0.09585517644882202 5.812870538442227e-16 0.984626293182373 0.8695938587188721 -3.333114761971956e-08
58.29867240786227 0.09585517644882202 5.830450177866898e-16 0.984626293182373 0.8698521852493286 -3.333114761971956e-08
58.47445365786227 0.09585517644882202 5.848030346687161e-16 0.984626293182373 0.8701050877571106 -3.333114761971956e-08
58.65023490786227 0.09585517644882202 5.865609986111832e-16 0.984626293182373 0.8703527450561523 -3.333114761971956e-08
59.17757865786227 0.09585517644882202 5.918349433781437e-16 0.984626293182373 0.8710658550262451 -3.333114761971956e-08
59.58878932893113 0.09585517644882202 5.959475000953001e-16 0.984626293182373 0.8716023564338684 -3.333114761971956e-08
59.99999999999999 0.09585517644882202 6.000600038728974e-16 0.984626293182373 0.8721286654472351 -3.333114761971956e-08
60.000099999999996 0.09585517644882202 6.000610097245222e-16 0.984626293182373 0.8721287250518799 -3.333114761971956e-08
60.000299999999996 0.09585517644882202 6.00063021427772e-16 0.984626293182373 0.8721288442611694 -3.333114761971956e-08
60.000699999999995 0.09585517644882202 6.000669918947122e-16 0.984626054763794 0.8721289038658142 -3.333114761971956e-08
60.001000000000005 0.09585517644882202 6.000700094495868e-16 0.9846256375312805 0.8721289038658142 -3.333114761971956e-08
60.01944604607011 0.09585517644882202 6.482799653895199e-05 0.9844657778739929 0.8721289038658142 -3.333114761971956e-08
60.037892092140225 0.09585517644882202 0.00012963662447873503 0.9843037128448486 0.8721289038658142 -3.333114761971956e-08
60.33465194896462 0.09585517644882202 0.0011705229990184307 0.9814071655273438 0.8721289038658142 -3.333114761971956e-08
60.40056991771462 0.09585517644882202 0.0014016712084412575 0.9806755185127258 0.8721289038658142 -3.333114761971956e-08
60.84002304271462 0.09585517644882202 0.002940861042588949 0.9747721552848816 0.8721289038658142 -3.333114761971956e-08
61.19158554271462 0.09585517644882202 0.004196183755993843 0.9685158729553223 0.8721289038658142 -3.333114761971956e-08
61.71892929271462 0.09585517644882202 0.006095192860811949 0.9554789662361145 0.8721289038658142 -3.333114761971956e-08
62.07049179271462 0.09585517644882202 0.0073583777993917465 0.9436253309249878 0.8721289038658142 -3.333114761971956e-08
62.26824569896461 0.09585517644882202 0.008065558969974518 0.9358082413673401 0.8721289038658142 -3.333114761971956e-08
62.31219101146461 0.09585517644882202 0.008218995295464993 0.933869481086731 0.8721289038658142 -3.333114761971956e-08
62.40008163646462 0.09585517644882202 0.008529985323548317 0.9297975301742554 0.8721289038658142 -3.333114761971956e-08
62.75164413646462 0.09585517644882202 0.009787414222955704 0.9115434288978577 0.8721289038658142 -3.333114761971956e-08
62.92742538646462 0.09585517644882202 0.010415978729724884 0.9011223316192627 0.8721289038658142 -3.333114761971956e-08
63.10320663646462 0.09585517644882202 0.011043986305594444 0.8898171186447144 0.8721289038658142 -3.333114761971956e-08
63.27898788646462 0.09585517644882202 0.011671440675854683 0.8776366710662842 0.8721289038658142 -3.333114761971956e-08
63.45476913646462 0.09585517644882202 0.012298344634473324 0.8645841479301453 0.8721289038658142 -3.333114761971956e-08
63.63055038646462 0.09585517644882202 0.012924703769385815 0.8506935834884644 0.8721289038658142 -3.333114761971956e-08
63.80633163646462 0.09585517644882202 0.01355052087455988 0.8360243439674377 0.8721289038658142 -3.333114761971956e-08
63.98211288646462 0.09585517644882202 0.01417580060660839 0.8206272125244141 0.8721289038658142 -3.333114761971956e-08
64.15789413646462 0.09585517644882202 0.014800544828176498 0.8045322895050049 0.8721289038658142 -3.333114761971956e-08
64.33367538646462 0.09585517644882202 0.0154247572645545 0.7877574563026428 0.8721289038658142 -3.333114761971956e-08
64.50945663646462 0.09585517644882202 0.016048438847064972 0.7703469395637512 0.8721289038658142 -3.333114761971956e-08
64.68523788646462 0.09585517644882202 0.016671596094965935 0.7523672580718994 0.8721289038658142 -3.333114761971956e-08
64.86101913646462 0.09585517644882202 0.017294228076934814 0.7338545322418213 0.8721289038658142 -3.333114761971956e-08
65.03680038646462 0.09585517644882202 0.01791633665561676 0.7148315906524658 0.8721289038658142 -3.333114761971956e-08
65.21258163646462 0.09585517644882202 0.01853792369365692 0.6953400373458862 0.8721289038658142 -3.333114761971956e-08
65.56414413646462 0.09585517644882202 0.019779548048973083 0.6551260948181152 0.8721289038658142 -3.333114761971956e-08
65.91570663646462 0.09585517644882202 0.021019110456109047 0.6134299039840698 0.8721289038658142 -3.333114761971956e-08
66.09148788646462 0.09585517644882202 0.021638119593262672 0.5920751094818115 0.8721289038658142 -3.333114761971956e-08
66.44305038646462 0.09585517644882202 0.022874604910612106 0.548499345779419 0.8721289038658142 -3.333114761971956e-08
66.79461288646462 0.09585517644882202 0.024109048768877983 0.5039147138595581 0.8721289038658142 -3.333114761971956e-08
67.1461753864646 0.09585517644882202 0.0253414586186409 0.458453893661499 0.8721289038658142 -3.333114761971956e-08
67.4977378864646 0.09585517644882202 0.026571838185191154 0.4121905565261841 0.8721289038658142 -3.333114761971956e-08
68.0250816364646 0.09585517644882202 0.02841360680758953 0.34147265553474426 0.8721289038658142 -3.333114761971956e-08
68.3766441364646 0.09585517644882202 0.029638923704624176 0.29356762766838074 0.8721289038658142 -3.333114761971956e-08
68.7282066364646 0.09585517644882202 0.030862225219607353 0.2451774775981903 0.8721289038658142 -3.333114761971956e-08
69.2555503864646 0.09585517644882202 0.03269357234239578 0.17191359400749207 0.8721289038658142 -3.333114761971956e-08
69.7828941364646 0.09585517644882202 0.034520551562309265 0.09911190718412399 0.8721289038658142 -3.333114761971956e-08
69.9586753864646 0.09585517644882202 0.03512848541140556 0.07608277350664139 0.8721289038658142 -3.333114761971956e-08
70.1344566364646 0.09585517644882202 0.035735875368118286 0.05470358207821846 0.8721289038658142 -3.333114761971956e-08
70.3102378864646 0.09585517644882202 0.03634274750947952 0.035739194601774216 0.8721289038658142 -3.333114761971956e-08
70.4860191364646 0.09585517644882202 0.036949120461940765 0.019793817773461342 0.8721289038658142 -3.333114761971956e-08
70.6618003864646 0.09585517644882202 0.03755512833595276 0.00670624291524291 0.8721289038658142 -3.333114761971956e-08
70.7520402820046 0.09585517644882202 0.03786622732877731 0.0013142201351001859 0.8721289038658142 -3.333114761971956e-08
70.78288327477658 0.09585517644882202 0.03797261789441109 7.642230775672942e-05 0.8721289038658142 -3.333114761971956e-08
70.78830805604566 0.09585517644882202 0.037991344928741455 -3.3386129416612675e-08 0.8721289038658142 -3.333114761971956e-08
76.39502917877107 0.09585517644882202 0.05704876035451889 -3.3386129416612675e-08 0.8721289038658142 -3.333114761971956e-08
82.00175030149649 0.09585517644882202 0.07559870183467865 -3.3386129416612675e-08 0.8721289038658142 -3.333114761971956e-08
82.17753155149649 0.09585517644882202 0.07617214322090149 -3.3386129416612675e-08 0.8721289038658142 -3.333114761971956e-08
82.35331280149649 0.09585517644882202 0.07674509286880493 -3.3386129416612675e-08 0.8721289038658142 -3.333114761971956e-08
82.52909405149649 0.09585517644882202 0.07731755077838898 -3.3386129416612675e-08 0.8721289038658142 -3.333114406700588e-08
89.99999999999999 0.09585517644882202 0.10119309276342392 -3.3398009691154584e-08 0.8721289038658142 -3.333114406700588e-08
90.0003 0.09585517644882202 0.10119523853063583 -3.335318154995548e-08 0.8721289038658142 -3.333114406700588e-08
90.00047380506048 0.09585517644882202 0.10119782388210297 -1.698035667629938e-08 0.8721289038658142 -3.333114406700588e-08
90.00082141518145 0.09585517644882202 0.10120565444231033 6.483939785084658e-08 0.8721289038658142 5.033057277614716e-07
90.00091543699455 0.09585517644882202 0.10120809078216553 8.677090335140747e-08 0.8721289038658142 1.8409962194709806e-06
90.0009656327446 0.09585517644882202 0.10120931267738342 9.139105827671301e-08 0.8721289038658142 4.013944362668553e-06
90.001 0.09585517644882202 0.10121004283428192 9.139105827671301e-08 0.8721289038658142 6.506483259727247e-06
90.0681316105517 0.09585517644882202 0.10251083970069885 9.139105827671301e-08 0.8721289038658142 0.0075235916301608086
90.13526322110339 0.09585517644882202 0.1038079708814621 9.139105827671301e-08 0.8721289038658142 0.015028873458504677
90.44531178972017 0.09585517644882202 0.10966464132070541 9.139105827671301e-08 0.8721289038658142 0.049257513135671616
90.79687428972017 0.09585517644882202 0.11604432761669159 9.139105827671301e-08 0.8721289038658142 0.08721624314785004
90.97265553972017 0.09585517644882202 0.11914567649364471 9.139105827671301e-08 0.8721289038658142 0.10590431839227676
91.14843678972017 0.09585517644882202 0.12219184637069702 9.139105827671301e-08 0.8721289038658142 0.12440897524356842
91.49999928972015 0.09585517644882202 0.12807703018188477 9.139105827671301e-08 0.8721289038658142 0.1607241928577423
91.67578053972015 0.09585517644882202 0.1309274435043335 9.139105827671301e-08 0.8721289038658142 0.1785707175731659
91.85156178972015 0.09585517644882202 0.13371962308883667 9.139105827671301e-08 0.8721289038658142 0.19621852040290833
92.02734303972015 0.09585517644882202 0.1364402323961258 9.139105827671301e-08 0.8721289038658142 0.21362043917179108
92.20312428972015 0.09585517644882202 0.1390826553106308 9.139105827671301e-08 0.8721289038658142 0.23075155913829803
92.73046803972015 0.09585517644882202 0.14654357731342316 9.139105827671301e-08 0.8721289038658142 0.2805057764053345
93.25781178972015 0.09585517644882202 0.15334400534629822 9.139105827671301e-08 0.8721289038658142 0.3278854191303253
93.78515553972015 0.09585517644882202 0.1594543606042862 9.139105827671301e-08 0.8721289038658142 0.3727034032344818
94.40038991472017 0.09585517644882202 0.16582663357257843 9.139105827671301e-08 0.8721289038658142 0.42208409309387207
95.01562428972015 0.09585517644882202 0.1713891476392746 9.139105827671301e-08 0.8721289038658142 0.4682174324989319
95.36718678972015 0.09585517644882202 0.17420707643032074 9.139105827671301e-08 0.8721289038658142 0.49307486414909363
95.71874928972015 0.09585517644882202 0.17675256729125977 9.139105827671301e-08 0.8721289038658142 0.5167464017868042
96.07031178972015 0.09585517644882202 0.17903220653533936 9.139105827671301e-08 0.8721289038658142 0.5392195582389832
96.59765553972015 0.09585517644882202 0.18197500705718994 9.139105827671301e-08 0.8721289038658142 0.5706748962402344
97.12499928972015 0.09585517644882202 0.18445909023284912 9.139105827671301e-08 0.8721289038658142 0.5998364090919495
97.47656178972015 0.09585517644882202 0.18584954738616943 9.139105827671301e-08 0.8721289038658142 0.6178587079048157
97.65234303972015 0.09585517644882202 0.18646739423274994 9.139105827671301e-08 0.8721289038658142 0.6264346837997437
97.82812428972015 0.09585517644882202 0.1870378702878952 9.139105827671301e-08 0.8721289038658142 0.6347321271896362
98.00390553972014 0.09585517644882202 0.187562957406044 9.139105827671301e-08 0.8721289038658142 0.6427550315856934
98.61913991472015 0.09585517644882202 0.1890963315963745 9.139105827671301e-08 0.8721289038658142 0.6688750386238098
99.23437428972014 0.09585517644882202 0.19021758437156677 9.139105827671301e-08 0.8721289038658142 0.6920969486236572
99.58593678972014 0.09585517644882202 0.19071277976036072 9.139105827671301e-08 0.8721289038658142 0.7042093276977539
99.76171803972014 0.09585517644882202 0.19092416763305664 9.139105827671301e-08 0.8721289038658142 0.7099521160125732
100.11328053972014 0.09585517644882202 0.19128289818763733 9.139105827671301e-08 0.8721289038658142 0.7208303809165955
100.28906178972014 0.09585517644882202 0.19143106043338776 9.139105827671301e-08 0.8721289038658142 0.7259541749954224
100.64062428972014 0.09585517644882202 0.19167320430278778 9.139105827671301e-08 0.8721289038658142 0.7355928421020508
101.25585866472012 0.09585517644882202 0.19196370244026184 9.139105827671301e-08 0.8721289038658142 0.7507617473602295
101.87109303972014 0.09585517644882202 0.1921343207359314 9.139105827671301e-08 0.8721289038658142 0.7640153169631958
102.39843678972014 0.09585517644882202 0.19221661984920502 9.139105827671301e-08 0.8721289038658142 0.774044930934906
102.92578053972014 0.09585517644882202 0.19226139783859253 9.139105827671301e-08 0.8721289038658142 0.7830037474632263
103.27734303972014 0.09585517644882202 0.19227996468544006 9.139105827671301e-08 0.8721289038658142 0.7885404825210571
103.80468678972014 0.09585517644882202 0.19229361414909363 9.139106538214037e-08 0.8721289038658142 0.7960452437400818
104.50781178972012 0.09585517644882202 0.19229914247989655 9.139106538214037e-08 0.8721289038658142 0.8048626184463501
105.21093678972012 0.09585517644882202 0.19229963421821594 9.139106538214037e-08 0.8721289038658142 0.8124136924743652
105.56249928972012 0.09585517644882202 0.19229963421821594 9.139106538214037e-08 0.8721289038658142 0.8157599568367004
106.61718678972012 0.09585517644882202 0.19229963421821594 9.139106538214037e-08 0.8721289038658142 0.8246815800666809
107.67187428972012 0.09585517644882202 0.19229963421821594 9.139106538214037e-08 0.8721289038658142 0.8320767879486084
108.28710866472011 0.09585517644882202 0.19229963421821594 9.139106538214037e-08 0.8721289038658142 0.8357741832733154
108.90234303972012 0.09585517644882202 0.19229963421821594 9.139106538214037e-08 0.8721289038658142 0.8390477299690247
109.25390553972012 0.09585517644882202 0.19229963421821594 9.139106538214037e-08 0.8721289038658142 0.8408079147338867
110.13281178972012 0.09585517644882202 0.19229963421821594 9.139106538214037e-08 0.8721289038658142 0.8447932600975037
110.30859303972012 0.09585517644882202 0.19229963421821594 9.139106538214037e-08 0.8721289038658142 0.8455142974853516
110.48437428972012 0.09585517644882202 0.19229963421821594 9.139106538214037e-08 0.8721289038658142 0.8462117910385132
110.66015553972012 0.09585517644882202 0.19229963421821594 9.139106538214037e-08 0.8721289038658142 0.8468925952911377
111.27538991472012 0.09585517644882202 0.19229963421821594 9.139106538214037e-08 0.8721289038658142 0.8492118716239929
111.89062428972011 0.09585517644882202 0.19229963421821594 9.139106538214037e-08 0.8721289038658142 0.8513883352279663
112.41796803972011 0.09585517644882202 0.19229963421821594 9.139106538214037e-08 0.8721289038658142 0.8531407117843628
112.94531178972011 0.09585517644882202 0.19229963421821594 9.139106538214037e-08 0.8721289038658142 0.8547458648681641
113.82421803972011 0.09585517644882202 0.19229963421821594 9.139106538214037e-08 0.8721289038658142 0.8571434020996094
114.17578053972011 0.09585517644882202 0.19229963421821594 9.139106538214037e-08 0.8721289038658142 0.8580584526062012
114.9667961647201 0.09585517644882202 0.19229963421821594 9.139106538214037e-08 0.8721289038658142 0.8599923849105835
115.75781178972011 0.09585517644882202 0.19229963421821594 9.139106538214037e-08 0.8721289038658142 0.8617163896560669
117.6914055397201 0.09585517644882202 0.19229963421821594 9.139106538214037e-08 0.8721289038658142 0.865296483039856
119.6249992897201 0.09585517644882202 0.19229963421821594 9.139106538214037e-08 0.8721289038658142 0.8681790828704834
119.99999999999999 0.09585517644882202 0.19229963421821594 9.139106538214037e-08 0.8721289038658142 0.8686686754226685
120.0001 0.09585517644882202 0.19229963421821594 9.139106538214037e-08 0.8721289038658142 0.868668794631958
120.0003 0.09585517644882202 0.19229963421821594 9.139106538214037e-08 0.8721289038658142 0.8686689138412476
120.0007 0.09585069864988327 0.19229963421821594 9.139106538214037e-08 0.8721289038658142 0.8686689734458923
120.001 0.0958394929766655 0.19229963421821594 9.139106538214037e-08 0.8721289038658142 0.8686689734458923
120.01716685624262 0.09367645531892776 0.19229963421821594 6.492066313512623e-05 0.8721289038658142 0.8686689734458923
120.03333371248524 0.0915231928229332 0.19229963421821594 0.00012973308912478387 0.8721289038658142 0.8686689734458923
120.06567532087094 0.08724824339151382 0.19229963421821594 0.00025933905271813273 0.8721289038658142 0.8686689734458923
120.13035853764235 0.07886802405118942 0.19229963421821594 0.0005183428875170648 0.8721289038658142 0.8686689734458923
120.25972497118518 0.0628720298409462 0.19229963421821594 0.00103569810744375 0.8721289038658142 0.8686689734458923
120.43550622118518 0.042970798909664154 0.19229963421821594 0.0017434145556762815 0.8721289038658142 0.8686689734458923
120.61128747118518 0.025764694437384605 0.19229963421821594 0.002467556158080697 0.8721289038658142 0.8686689734458923
120.78706872118518 0.011747942306101322 0.19229963421821594 0.003208499401807785 0.8721289038658142 0.8686689734458923
120.96284997118518 0.0009959591552615166 0.19229963421821594 0.003953089937567711 0.8721289038658142 0.8686689734458923
120.99830424273962 3.1728031899547204e-05 0.19229963421821594 0.004100010730326176 0.8721289038658142 0.8686689734458923
121.02336790602062 -3.3386164943749463e-08 0.19229963421821594 0.004200909286737442 0.8721289038658142 0.8686689734458923
121.1243610700371 -3.3386164943749463e-08 0.19229963421821594 0.0046035065315663815 0.8721289038658142 0.8686689734458923
121.22546709939307 -3.3386164943749463e-08 0.19229963421821594 0.005010162014514208 0.8721289038658142 0.8686689734458923
121.40124834939307 -3.3386164943749463e-08 0.19229963421821594 0.005733461119234562 0.8721289038658142 0.8686689734458923
121.57702959939307 -3.3386164943749463e-08 0.19229963421821594 0.006471783388406038 0.8721289038658142 0.8686689734458923
122.2801545993931 -3.3386164943749463e-08 0.19229963421821594 0.009442513808608055 0.8721289038658142 0.8686689734458923
122.45593584939311 -3.3386164943749463e-08 0.19229963421821594 0.010183565318584442 0.8721289038658142 0.8686689734458923
122.63171709939313 -3.3386164943749463e-08 0.19229963421821594 0.010923954658210278 0.8721289038658142 0.8686689734458923
122.80749834939314 -3.3386164943749463e-08 0.19229963421821594 0.011663679964840412 0.8721289038658142 0.8686689734458923
124.21374834939324 -3.3386164943749463e-08 0.19229963421821594 0.017557617276906967 0.8721289038658142 0.8686689734458923
125.61999834939336 -3.3386164943749463e-08 0.19229963421821594 0.023409131914377213 0.8721289038658142 0.8686689734458923
128.7840608493936 -3.3386164943749463e-08 0.19229963421821594 0.03641998767852783 0.8721289038658142 0.8686689734458923
128.9598420993936 -3.3386164943749463e-08 0.19229963421821594 0.037136517465114594 0.8721289038658142 0.8686689734458923
129.13562334939363 -3.3386164943749463e-08 0.19229963421821594 0.037852391600608826 0.8721289038658142 0.8686689734458923
129.31140459939363 -3.3386164943749463e-08 0.19229963421821594 0.03856760263442993 0.8721289038658142 0.8686689734458923
134.93640459939405 -3.3386164943749463e-08 0.19229963421821594 0.061105094850063324 0.8721289038658142 0.8686689734458923
135.11218584939405 -3.3386164943749463e-08 0.19229963421821594 0.06179849058389664 0.8721289038658142 0.8686689734458923
135.28796709939408 -3.3386164943749463e-08 0.19229963421821594 0.06249123066663742 0.8721289038658142 0.8686689734458923
135.46374834939408 -3.3386164943749463e-08 0.19229963421821594 0.06318330764770508 0.8721289038658142 0.8686689734458923
141.26452959939454 -3.3386164943749463e-08 0.19229963421821594 0.08565235137939453 0.8721289038658142 0.8686689734458923
141.44031084939454 -3.3386164943749463e-08 0.19229963421821594 0.08632205426692963 0.8721289038658142 0.8686689734458923
141.61609209939456 -3.3386164943749463e-08 0.19229963421821594 0.08699110150337219 0.8721289038658142 0.8686689734458923
141.79187334939456 -3.3386164943749463e-08 0.19229963421821594 0.08765949308872223 0.8721289038658142 0.8686689734458923
147.24109209939496 -3.3386164943749463e-08 0.19229963421821594 0.108054980635643 0.8721289038658142 0.8686689734458923
147.416873349395 -3.3386164943749463e-08 0.19229963421821594 0.10870245099067688 0.8721289038658142 0.8686689734458923
147.592654599395 -3.3386164943749463e-08 0.19229963421821594 0.10934927314519882 0.8721289038658142 0.8686689734458923
147.76843584939502 -3.3386164943749463e-08 0.19229963421821594 0.10999543964862823 0.8721289038658142 0.8686689734458923
150.0 -3.334174536462342e-08 0.19229963421821594 0.11814248561859131 0.8721289038658142 0.8686689734458923
150.0001 -3.33500942417686e-08 0.19229963421821594 0.11814411729574203 0.8721289038658142 0.8686689734458923
150.0003 -3.3330415760701726e-08 0.19229963421821594 0.11814726144075394 0.8721289038658142 0.8686690330505371
150.0007 -3.326236708289798e-08 0.19229963421821594 0.1181490421295166 0.8721283078193665 0.8686690926551819
150.0008229639441 -3.227756550927552e-08 0.19229963421821594 0.11814960092306137 0.8721269369125366 0.8686686158180237
150.00089395693087 1.1458602067193624e-08 0.19229963421821594 0.11815103888511658 0.8721252083778381 0.8686677813529968
150.000929672046 1.7219542769453255e-07 0.19229963421821594 0.11815204471349716 0.8721240758895874 0.8686671257019043
150.0009516044523 5.097572284284979e-07 0.19229963421821594 0.11815258860588074 0.8721233010292053 0.8686665296554565
150.00097179279268 1.2042647767884773e-06 0.19229963421821594 0.11815304309129715 0.872122585773468 0.8686659336090088
150.00098933487416 2.2580072709388332e-06 0.19229963421821594 0.1181534081697464 0.8721219301223755 0.868665337562561
150.001 3.161926088068867e-06 0.19229963421821594 0.11815362423658371 0.8721215128898621 0.8686649203300476
150.0088150496781 0.0008730185800231993 0.19229963421821594 0.11830342561006546 0.8718066215515137 0.868350088596344
150.01663009935626 0.001742703141644597 0.19229963421821594 0.11845318228006363 0.8714898228645325 0.868033230304718
150.0635261220372 0.0069615221582353115 0.19229963421821594 0.1193518415093422 0.8695635795593262 0.8661069869995117
150.1260541522784 0.013887150213122368 0.19229963421821594 0.12053991854190826 0.8669453859329224 0.8634888529777527
150.25111021276086 0.027637245133519173 0.19229963421821594 0.12288492172956467 0.8615479469299316 0.8580913543701172
150.42689146276086 0.04678955674171448 0.19229963421821594 0.1261274218559265 0.8536267876625061 0.8501701951026917
150.6026727127609 0.06573425233364105 0.19229963421821594 0.1293066442012787 0.8452969789505005 0.841840386390686
150.95423521276092 0.10297109931707382 0.19229963421821594 0.13546758890151978 0.8273013234138489 0.8238447904586792
151.13001646276092 0.12127342820167542 0.19229963421821594 0.13845321536064148 0.8176488876342773 0.8141922950744629
151.30579771276092 0.13933883607387543 0.19229963421821594 0.14136840403079987 0.8075752854347229 0.8041186928749084
151.48157896276095 0.15715345740318298 0.19229963421821594 0.1442095786333084 0.7970595955848694 0.7936030030250549
151.65736021276095 0.17472511529922485 0.19229963421821594 0.14697954058647156 0.786068320274353 0.7826117277145386
151.83314146276098 0.19207224249839783 0.19229963421821594 0.14968420565128326 0.7745887041091919 0.7711321711540222
152.00892271276098 0.2091912031173706 0.19229963421821594 0.15232306718826294 0.7626528739929199 0.7591962814331055
152.184703962761 0.22606763243675232 0.19229963421821594 0.15489248931407928 0.7503073215484619 0.7468507289886475
152.360485212761 0.24270924925804138 0.19229963421821594 0.15739521384239197 0.7375686764717102 0.7341120839118958
152.53626646276103 0.2591123878955841 0.19229963421821594 0.15983083844184875 0.7244207859039307 0.7209641933441162
152.71204771276103 0.2752518057823181 0.19229963421821594 0.1621929109096527 0.7108461856842041 0.7073896527290344
152.88782896276106 0.2911245822906494 0.19229963421821594 0.1644812971353531 0.6968384981155396 0.6933819651603699
153.06361021276106 0.30674970149993896 0.19229963421821594 0.16670186817646027 0.6824021339416504 0.6789455413818359
153.2393914627611 0.32212358713150024 0.19229963421821594 0.16885443031787872 0.6675834059715271 0.6641268730163574
153.4151727127611 0.33723217248916626 0.19229963421821594 0.17093585431575775 0.6524301767349243 0.6489736437797546
153.59095396276112 0.3520835340023041 0.19229963421821594 0.17294898629188538 0.6369284391403198 0.6334718465805054
153.76673521276112 0.3666853904724121 0.19229963421821594 0.17489665746688843 0.6210523843765259 0.6175957918167114
153.94251646276112 0.38103440403938293 0.19229963421821594 0.17677871882915497 0.6047970652580261 0.6013405323028564
154.11829771276115 0.3951166272163391 0.19229963421821594 0.17859238386154175 0.5881772041320801 0.5847206115722656
154.29407896276115 0.4089186191558838 0.19229963421821594 0.18033507466316223 0.571236252784729 0.5677797198295593
154.46986021276118 0.42244917154312134 0.19229963421821594 0.18200986087322235 0.5539895296096802 0.5505329370498657
154.64564146276118 0.43572738766670227 0.19229963421821594 0.1836223304271698 0.536431610584259 0.5329750776290894
154.8214227127612 0.4487825036048889 0.19229963421821594 0.18518030643463135 0.518593966960907 0.5151374340057373
155.17298521276123 0.4742078185081482 0.19229963421821594 0.18813222646713257 0.48218581080436707 0.478729248046875
155.34876646276123 0.4865184426307678 0.19229963421821594 0.18951357901096344 0.46362143754959106 0.460164874792099
155.52454771276126 0.4985518157482147 0.19229963421821594 0.1908309906721115 0.44479089975357056 0.4413343667984009
155.70032896276126 0.5103065967559814 0.19229963421821594 0.19208520650863647 0.4256961941719055 0.42223966121673584
155.8761102127613 0.5217816233634949 0.19229963421821594 0.19327706098556519 0.4063650369644165 0.4029085040092468
156.0518914627613 0.5329760909080505 0.19229963421821594 0.19440753757953644 0.3868080973625183 0.383351594209671
156.2276727127613 0.5438898205757141 0.19229963421821594 0.19547773897647858 0.3670189380645752 0.3635624349117279
156.40345396276132 0.5545228123664856 0.19229963421821594 0.1964888870716095 0.3469991087913513 0.3435426652431488
156.57923521276132 0.5648753643035889 0.19229963421821594 0.19744224846363068 0.3267657458782196 0.32330942153930664
156.75501646276135 0.5749480724334717 0.19229963421821594 0.19833919405937195 0.3063507080078125 0.30289456248283386
156.93079771276135 0.5847419500350952 0.19229963421821594 0.1991811990737915 0.28577786684036255 0.28232207894325256
157.10657896276138 0.5942584276199341 0.19229963421821594 0.19996987283229828 0.2650412321090698 0.26158612966537476
157.28236021276138 0.6034992933273315 0.19229963421821594 0.2007068395614624 0.2441427856683731 0.24068894982337952
157.4581414627614 0.6124669313430786 0.19229963421821594 0.20139387249946594 0.22311580181121826 0.21966437995433807
157.6339227127614 0.6211637258529663 0.19229963421821594 0.20203275978565216 0.20197634398937225 0.19852948188781738
157.80970396276143 0.6296023726463318 0.19229963421821594 0.20262694358825684 0.180720254778862 0.17728203535079956
157.98548521276143 0.6377952098846436 0.19229963421821594 0.20317983627319336 0.15937432646751404 0.15595246851444244
158.16126646276146 0.6457349061965942 0.19229963421821594 0.2036914974451065 0.13801050186157227 0.13461934030056
158.33704771276146 0.6534157991409302 0.19229963421821594 0.20416226983070374 0.11675605922937393 0.11342138051986694
158.51282896276146 0.6608425378799438 0.19229963421821594 0.20459423959255219 0.09583096206188202 0.09259650111198425
158.6886102127615 0.6680289506912231 0.19229963421821594 0.2049907147884369 0.0755903497338295 0.072522833943367
158.8643914627615 0.6749885678291321 0.19229963421821594 0.20535491406917572 0.05654086172580719 0.053726471960544586
159.04017271276152 0.6817164421081543 0.19229963421821594 0.20568740367889404 0.03928427770733833 0.03680896386504173
159.21595396276152 0.6882082223892212 0.19229963421821594 0.2059887945652008 0.024349313229322433 0.022268066182732582
159.39173521276155 0.6944695115089417 0.19229963421821594 0.2062610536813736 0.01197922695428133 0.010295450687408447
159.56751646276155 0.7005495429039001 0.19229963421821594 0.20651113986968994 0.0017295125871896744 0.000932080380152911
159.6034452056841 0.7017663717269897 0.19229963421821594 0.2065591812133789 0.00018114531121682376 2.6142437491216697e-05
159.61456936938777 0.7021389603614807 0.19229963421821594 0.20657357573509216 -3.3380320729747837e-08 -3.3380324282461515e-08
159.694766997846 0.7047969698905945 0.19229963421821594 0.20667415857315063 -3.3380320729747837e-08 -3.3380324282461515e-08
159.77496462630418 0.7073988914489746 0.19229963421821594 0.20676851272583008 -3.3380320729747837e-08 -3.3380324282461515e-08
160.11088713872408 0.7178919315338135 0.19229963421821594 0.2071211040019989 -3.3380320729747837e-08 -3.3380324282461515e-08
160.2866683887241 0.7231048941612244 0.19229963421821594 0.2072777897119522 -3.3380320729747837e-08 -3.3380324282461515e-08
160.4624496387241 0.7281200289726257 0.19229963421821594 0.2074158936738968 -3.3380320729747837e-08 -3.3380324282461515e-08
160.63823088872414 0.732947587966919 0.19229963421821594 0.2075374275445938 -3.3380320729747837e-08 -3.3380324282461515e-08
160.98979338872417 0.7420657873153687 0.19229963421821594 0.20773674547672272 -3.3380320729747837e-08 -3.3380324282461515e-08
161.5171371387242 0.7545507550239563 0.19229963421821594 0.20795008540153503 -3.3380324282461515e-08 -3.3380324282461515e-08
161.86869963872422 0.7621245384216309 0.19229963421821594 0.20804691314697266 -3.3380324282461515e-08 -3.3380324282461515e-08
162.22026213872425 0.7691388130187988 0.19229963421821594 0.20811572670936584 -3.3380324282461515e-08 -3.3380324282461515e-08
162.39604338872425 0.77245032787323 0.19229963421821594 0.2081417292356491 -3.3380324282461515e-08 -3.3380324282461515e-08
162.57182463872428 0.7756385803222656 0.19229963421821594 0.20816314220428467 -3.3380324282461515e-08 -3.3380324282461515e-08
162.74760588872428 0.7787088751792908 0.19229963421821594 0.20818059146404266 -3.3380324282461515e-08 -3.3380324282461515e-08
162.9233871387243 0.7816600799560547 0.19229963421821594 0.2081945240497589 -3.3380324282461515e-08 -3.3380324282461515e-08
163.27494963872434 0.7872152924537659 0.19229963421821594 0.2082136571407318 -3.3380324282461515e-08 -3.3380324282461515e-08
163.45073088872434 0.789841890335083 0.19229963421821594 0.20822009444236755 -3.3380324282461515e-08 -3.3380324282461515e-08
163.80229338872437 0.7948195338249207 0.19229963421821594 0.20822860300540924 -3.3380324282461515e-08 -3.3380324282461515e-08
163.9780746387244 0.7971785068511963 0.19229963421821594 0.20823121070861816 -3.3380324282461515e-08 -3.3380324282461515e-08
164.1538558887244 0.7994506359100342 0.19229963421821594 0.2082330286502838 -3.3380324282461515e-08 -3.3380324282461515e-08
164.3296371387244 0.8016347885131836 0.19229963421821594 0.20823417603969574 -3.3380324282461515e-08 -3.3380324282461515e-08
164.50541838872442 0.8037406206130981 0.19229963421821594 0.20823487639427185 -3.3380324282461515e-08 -3.3380324282461515e-08
164.68119963872442 0.805776834487915 0.19229963421821594 0.20823530852794647 -3.3380324282461515e-08 -3.3380324282461515e-08
164.85698088872445 0.8077461123466492 0.19229963421821594 0.20823553204536438 -3.3380324282461515e-08 -3.3380324282461515e-08
165.03276213872445 0.809646487236023 0.19229963421821594 0.20823565125465393 -3.3380324282461515e-08 -3.3380324282461515e-08
165.20854338872448 0.811476469039917 0.19229963421821594 0.20823568105697632 -3.3380324282461515e-08 -3.3380324282461515e-08
165.38432463872448 0.8132444620132446 0.19229963421821594 0.2082356959581375 -3.3380324282461515e-08 -3.3380324282461515e-08
165.5601058887245 0.8149533271789551 0.19229963421821594 0.2082356959581375 -3.3380324282461515e-08 -3.3380324282461515e-08
165.7358871387245 0.8166007995605469 0.19229963421821594 0.2082356959581375 -3.3380324282461515e-08 -3.3380324282461515e-08
165.91166838872454 0.8181946873664856 0.19229963421821594 0.2082356959581375 -3.3380324282461515e-08 -3.3380324282461515e-08
166.08744963872454 0.8197373151779175 0.19229963421821594 0.2082356959581375 -3.3380324282461515e-08 -3.3380324282461515e-08
166.26323088872456 0.8212264180183411 0.19229963421821594 0.2082356959581375 -3.3380324282461515e-08 -3.3380324282461515e-08
166.43901213872456 0.8226690888404846 0.19229963421821594 0.2082356959581375 -3.3380324282461515e-08 -3.3380324282461515e-08
166.6147933887246 0.8240673542022705 0.19229963421821594 0.2082356959581375 -3.3380324282461515e-08 -3.3380324282461515e-08
166.7905746387246 0.8254187703132629 0.19229963421821594 0.2082356959581375 -3.3380324282461515e-08 -3.3380324282461515e-08
166.9663558887246 0.8267298936843872 0.19229963421821594 0.2082356959581375 -3.3380324282461515e-08 -3.3380324282461515e-08
167.14213713872462 0.8280023336410522 0.19229963421821594 0.2082356959581375 -3.3380324282461515e-08 -3.3380324282461515e-08
167.31791838872462 0.8292298316955566 0.19229963421821594 0.2082356959581375 -3.3380324282461515e-08 -3.3380324282461515e-08
167.66948088872465 0.8315673470497131 0.19229963421821594 0.2082356959581375 -3.3380324282461515e-08 -3.3380324282461515e-08
167.84526213872468 0.8326879739761353 0.19229963421821594 0.2082356959581375 -3.3380324282461515e-08 -3.3380324282461515e-08
168.02104338872468 0.8337708115577698 0.19229963421821594 0.2082356959581375 -3.3380324282461515e-08 -3.3380324282461515e-08
168.1968246387247 0.8348178863525391 0.19229963421821594 0.2082356959581375 -3.3380324282461515e-08 -3.3380324282461515e-08
168.54838713872473 0.8368321061134338 0.19229963421821594 0.2082356959581375 -3.3380324282461515e-08 -3.3380324282461515e-08
168.72416838872473 0.8377940654754639 0.19229963421821594 0.2082356959581375 -3.3380324282461515e-08 -3.3380324282461515e-08
168.89994963872476 0.8387256860733032 0.19229963421821594 0.2082356959581375 -3.3380324282461515e-08 -3.3380324282461515e-08
169.07573088872476 0.8396351337432861 0.19229963421821594 0.2082356959581375 -3.3380324282461515e-08 -3.3380324282461515e-08
169.25151213872476 0.840522825717926 0.19229963421821594 0.2082356959581375 -3.3380324282461515e-08 -3.3380324282461515e-08
169.6030746387248 0.8422145247459412 0.19229963421821594 0.2082356959581375 -3.3380324282461515e-08 -3.3380324282461515e-08
169.77885588872482 0.8430216312408447 0.19229963421821594 0.2082356959581375 -3.3380324282461515e-08 -3.3380324282461515e-08
169.95463713872482 0.8438112735748291 0.19229963421821594 0.2082356959581375 -3.3380324282461515e-08 -3.3380324282461515e-08
170.13041838872485 0.8445839285850525 0.19229963421821594 0.2082356959581375 -3.3380324282461515e-08 -3.3380324282461515e-08
170.65776213872488 0.846766471862793 0.19229963421821594 0.2082356959581375 -3.3380324282461515e-08 -3.3380324282461515e-08
170.8335433887249 0.8474594950675964 0.19229963421821594 0.2082356959581375 -3.3380324282461515e-08 -3.3380324282461515e-08
171.0093246387249 0.8481404185295105 0.19229963421821594 0.2082356959581375 -3.3380324282461515e-08 -3.3380324282461515e-08
171.18510588872493 0.8488041162490845 0.19229963421821594 0.2082356959581375 -3.3380324282461515e-08 -3.3380324282461515e-08
171.62455901372496 0.8503838777542114 0.19229963421821594 0.2082356959581375 -3.3380324282461515e-08 -3.3380324282461515e-08
172.064012138725 0.851881742477417 0.19229963421821594 0.2082356959581375 -3.3380324282461515e-08 -3.3380324282461515e-08
172.239793388725 0.8524537086486816 0.19229963421821594 0.2082356959581375 -3.3380324282461515e-08 -3.3380324282461515e-08
172.41557463872502 0.8530092835426331 0.19229963421821594 0.2082356959581375 -3.3380324282461515e-08 -3.3380324282461515e-08
173.4702621387251 0.8561058044433594 0.19229963421821594 0.2082356959581375 -3.3380324282461515e-08 -3.3380324282461515e-08
173.6460433887251 0.85657799243927 0.19229963421821594 0.2082356959581375 -3.3380324282461515e-08 -3.3380324282461515e-08
173.8218246387251 0.8570395708084106 0.19229963421821594 0.2082356959581375 -3.3380324282461515e-08 -3.3380324282461515e-08
173.99760588872513 0.8574949502944946 0.19229963421821594 0.2082356959581375 -3.3380324282461515e-08 -3.3380324282461515e-08
175.05229338872522 0.86003577709198 0.19229963421821594 0.2082356959581375 -3.3380324282461515e-08 -3.3380324282461515e-08
175.22807463872522 0.8604248762130737 0.19229963421821594 0.2082356959581375 -3.3380324282461515e-08 -3.3380324282461515e-08
175.40385588872525 0.860809862613678 0.19229963421821594 0.2082356959581375 -3.3380324282461515e-08 -3.3380324282461515e-08
175.57963713872525 0.8611910343170166 0.19229963421821594 0.2082356959581375 -3.3380324282461515e-08 -3.3380324282461515e-08
175.75541838872527 0.8615649938583374 0.19229963421821594 0.2082356959581375 -3.3380324282461515e-08 -3.3380324282461515e-08
175.93119963872527 0.8619300127029419 0.19229963421821594 0.2082356959581375 -3.3380324282461515e-08 -3.3380324282461515e-08
177.16166838872536 0.8642898797988892 0.19229963421821594 0.2082356959581375 -3.3380324282461515e-08 -3.3380324282461515e-08
177.3374496387254 0.8646054267883301 0.19229963421821594 0.2082356959581375 -3.3380324282461515e-08 -3.3380324282461515e-08
177.5132308887254 0.8649139404296875 0.19229963421821594 0.2082356959581375 -3.3380324282461515e-08 -3.3380324282461515e-08
177.68901213872542 0.8652156591415405 0.19229963421821594 0.2082356959581375 -3.3380324282461515e-08 -3.3380324282461515e-08
179.62260588872556 0.8682137727737427 0.19229963421821594 0.2082356959581375 -3.3380324282461515e-08 -3.3380324282461515e-08
179.79838713872556 0.8684584498405457 0.19229963421821594 0.2082356959581375 -3.3380324282461515e-08 -3.3380324282461515e-08
179.9741683887256 0.8686991930007935 0.19229963421821594 0.2082356959581375 -3.3380324282461515e-08 -3.3380324282461515e-08
179.99999999999997 0.8687341213226318 0.19229963421821594 0.2082356959581375 -3.3380324282461515e-08 -3.3380324282461515e-08
