time a b c w1
0.0 0.0 0.0 0.0 0.0
2.34374997708231e-06 2.34398437508335e-23 1.0801570415496826 1.0801570415496826 2.34398437508335e-23
2.3531289769906394e-06 2.35336424679079e-23 1.0037916898727417 1.0037916898727417 2.35336424679079e-23
2.3718869768072985e-06 2.372124147977851e-23 0.9922298789024353 0.9922298789024353 2.372124147977851e-23
2.449126245505041e-06 2.449371143311084e-23 0.9876051545143127 0.9876051545143127 2.449371143311084e-23
0.00019360463173130613 1.9362399824984054e-21 0.9876051545143127 0.9876051545143127 1.9362399824984054e-21
0.00038480681743822704 3.8484529531415596e-21 0.9876051545143127 0.9876051545143127 -5.559464444360174e-09
0.0007672111888520689 7.672878894427868e-21 0.9876051545143127 0.9876051545143127 -2.705487389675909e-08
0.001 1.0000999731091105e-20 0.9876051545143127 0.9876051545143127 -3.338633192129237e-08
29.999999999999996 3.000300019364487e-16 0.9876051545143127 0.9876051545143127 -3.3386157838322106e-08
30.000099999999996 3.0003100778807355e-16 0.9876051545143127 0.9876051545143127 -3.3364898399668164e-08
30.0003 3.0003299302154367e-16 0.9876051545143127 0.9876051545143127 -3.3343891203685416e-08
30.0007 3.0003698995826353e-16 0.9876051545143127 0.9876051545143127 -3.333277120987077e-08
30.000822963436814 1.0361117297463807e-08 0.9876051545143127 0.9876051545143127 -3.068049281296226e-08
30.000893956510907 5.6006200566116604e-08 0.9876051545143127 0.9876051545143127 2.7048248085748128e-08
30.000929691644814 1.244535638988964e-07 0.9876051545143127 0.9876051545143127 5.7575022083256044e-08
30.00095177274365 2.0116340238018893e-07 0.9876051545143127 0.9876051545143127 3.771705436861339e-08
30.000964849205904 2.8302662258283817e-07 0.9876051545143127 0.9876051545143127 1.839112542256771e-07
30.000975194108918 3.925859175524238e-07 0.9876051545143127 0.9876051545143127 6.118858095760515e-07
30.000986696929644 5.621853915727115e-07 0.9876051545143127 0.9876051545143127 1.4314055079012178e-06
30.000999953811526 7.945384936647315e-07 0.9876051545143127 0.9876051545143127 2.6320960841985652e-06
30.001 7.954490683914628e-07 0.9876051545143127 0.9876051545143127 2.637009856698569e-06
30.09786420909496 0.0020383738446980715 0.9876051545143127 0.9876051545143127 0.011360092088580132
30.19472841818992 0.0040490212850272655 0.9876051545143127 0.9876051545143127 0.02263275906443596
30.388456928756792 0.008006126619875431 0.9876051545143127 0.9876051545143127 0.044975072145462036
30.622831928756792 0.012689623981714249 0.9876051545143127 0.9876051545143127 0.07167482376098633
30.85720692875679 0.017248906195163727 0.9876051545143127 0.9876051545143127 0.09797676652669907
31.09158192875679 0.021676603704690933 0.9876051545143127 0.9876051545143127 0.12385373562574387
31.325956928756785 0.025971125811338425 0.9876051545143127 0.9876051545143127 0.14929668605327606
31.794706928756778 0.03415488824248314 0.9876051545143127 0.9876051545143127 0.1988450586795807
32.029081928756774 0.038041483610868454 0.9876051545143127 0.9876051545143127 0.2229326367378235
32.49783192875677 0.04539833590388298 0.9876051545143127 0.9876051545143127 0.2696901261806488
32.73220692875677 0.04886671155691147 0.9876051545143127 0.9876051545143127 0.2923424243927002
33.20095692875676 0.0553799644112587 0.9876051545143127 0.9876051545143127 0.3361513018608093
33.43533192875676 0.05842409282922745 0.9876051545143127 0.9876051545143127 0.3572915196418762
33.90408192875675 0.06408727914094925 0.9876051545143127 0.9876051545143127 0.3980051279067993
34.607206928756746 0.0715276300907135 0.9876051545143127 0.9876051545143127 0.45505794882774353
35.31033192875674 0.07773350179195404 0.9876051545143127 0.9876051545143127 0.507165789604187
36.01345692875673 0.08276651799678802 0.9876051545143127 0.9876051545143127 0.5542546510696411
36.71658192875672 0.08671892434358597 0.9876051545143127 0.9876051545143127 0.5963401198387146
36.95095692875672 0.08781635016202927 0.9876051545143127 0.9876051545143127 0.6092739701271057
37.18533192875672 0.0888119488954544 0.9876051545143127 0.9876051545143127 0.6216710805892944
37.41970692875671 0.0897110104560852 0.9876051545143127 0.9876051545143127 0.633539617061615
37.8884569287567 0.09124152362346649 0.9876051545143127 0.9876051545143127 0.6557303667068481
38.3572069287567 0.09245296567678452 0.9876051545143127 0.9876051545143127 0.6759360432624817
38.591581928756696 0.09295329451560974 0.9876051545143127 0.9876051545143127 0.6853270530700684
38.825956928756696 0.09339088946580887 0.9876051545143127 0.9876051545143127 0.6942626237869263
39.060331928756696 0.09377126395702362 0.9876051545143127 0.9876051545143127 0.7027578949928284
39.29470692875669 0.09409976750612259 0.9876051545143127 0.9876051545143127 0.7108286619186401
39.52908192875669 0.09438154101371765 0.9876051545143127 0.9876051545143127 0.7184910178184509
40.23220692875668 0.09499424695968628 0.9876051545143127 0.9876051545143127 0.7391928434371948
40.700956928756675 0.09525169432163239 0.9876051545143127 0.9876051545143127 0.7512553334236145
41.87283192875666 0.09556835889816284 0.9876051545143127 0.9876051545143127 0.7762635350227356
43.044706928756646 0.09564817696809769 0.9876051545143127 0.9876051545143127 0.7953552007675171
43.27908192875664 0.09565271437168121 0.9876051545143127 0.9876051545143127 0.7986037731170654
43.51345692875664 0.09565545618534088 0.9876051545143127 0.9876051545143127 0.8016877770423889
43.74783192875664 0.09565697610378265 0.9876051545143127 0.9876051545143127 0.8046169281005859
43.98220692875663 0.09565770626068115 0.9876051545143127 0.9876051545143127 0.8074003458023071
44.45095692875663 0.09565804898738861 0.9876051545143127 0.9876051545143127 0.8125643134117126
45.15408192875662 0.09565800428390503 0.9876051545143127 0.9876051545143127 0.8194175958633423
45.62283192875662 0.09565800428390503 0.9876051545143127 0.9876051545143127 0.8234701156616211
45.85720692875661 0.09565800428390503 0.9876051545143127 0.9876051545143127 0.8253592252731323
46.325956928756604 0.09565800428390503 0.9876051545143127 0.9876051545143127 0.8288891315460205
46.560331928756604 0.09565800428390503 0.9876051545143127 0.9876051545143127 0.8305392861366272
46.794706928756604 0.09565800428390503 0.9876051545143127 0.9876051545143127 0.8321186304092407
47.0290819287566 0.09565800428390503 0.9876051545143127 0.9876051545143127 0.8336312770843506
47.2634569287566 0.09565800428390503 0.9876051545143127 0.9876051545143127 0.8350807428359985
47.49783192875659 0.09565800428390503 0.9876051545143127 0.9876051545143127 0.8364706635475159
47.96658192875659 0.09565800428390503 0.9876051545143127 0.9876051545143127 0.8390846252441406
48.20095692875658 0.09565800428390503 0.9876051545143127 0.9876051545143127 0.8403146266937256
48.43533192875658 0.09565800428390503 0.9876051545143127 0.9876051545143127 0.8414968848228455
48.904081928756575 0.09565800428390503 0.9876051545143127 0.9876051545143127 0.8437278270721436
49.138456928756575 0.09565800428390503 0.9876051545143127 0.9876051545143127 0.8447811007499695
49.37283192875657 0.09565800428390503 0.9876051545143127 0.9876051545143127 0.8457958102226257
49.60720692875657 0.09565800428390503 0.9876051545143127 0.9876051545143127 0.8467738628387451
50.07595692875656 0.09565800428390503 0.9876051545143127 0.9876051545143127 0.8486272692680359
50.31033192875656 0.09565800428390503 0.9876051545143127 0.9876051545143127 0.8495059013366699
50.544706928756554 0.09565800428390503 0.9876051545143127 0.9876051545143127 0.8503544926643372
50.779081928756554 0.09565800428390503 0.9876051545143127 0.9876051545143127 0.8511745929718018
51.24783192875655 0.09565800428390503 0.9876051545143127 0.9876051545143127 0.8527344465255737
51.48220692875655 0.09565800428390503 0.9876051545143127 0.9876051545143127 0.8534767031669617
51.71658192875654 0.09565800428390503 0.9876051545143127 0.9876051545143127 0.8541952967643738
51.95095692875654 0.09565800428390503 0.9876051545143127 0.9876051545143127 0.8548913598060608
52.65408192875653 0.09565800428390503 0.9876051545143127 0.9876051545143127 0.8568540215492249
52.888456928756526 0.09565800428390503 0.9876051545143127 0.9876051545143127 0.857469379901886
53.122831928756526 0.09565800428390503 0.9876051545143127 0.9876051545143127 0.858066737651825
53.357206928756526 0.09565800428390503 0.9876051545143127 0.9876051545143127 0.8586467504501343
54.52908192875651 0.09565800428390503 0.9876051545143127 0.9876051545143127 0.8613115549087524
54.763456928756504 0.09565800428390503 0.9876051545143127 0.9876051545143127 0.86180180311203
54.997831928756504 0.09565800428390503 0.9876051545143127 0.9876051545143127 0.8622790575027466
55.232206928756504 0.09565800428390503 0.9876051545143127 0.9876051545143127 0.8627437949180603
56.63845692875648 0.09565800428390503 0.9876051545143127 0.9876051545143127 0.8652957081794739
56.87283192875648 0.09565800428390503 0.9876051545143127 0.9876051545143127 0.8656852841377258
57.341581928756476 0.09565800428390503 0.9876051545143127 0.9876051545143127 0.8664371371269226
58.04470692875647 0.09565800428390503 0.9876051545143127 0.9876051545143127 0.8675010204315186
58.27908192875647 0.09565800428390503 0.9876051545143127 0.9876051545143127 0.8678397536277771
58.51345692875646 0.09565800428390503 0.9876051545143127 0.9876051545143127 0.868170976638794
58.74783192875646 0.09565800428390503 0.9876051545143127 0.9876051545143127 0.868494987487793
59.216581928756455 0.09565800428390503 0.9876051545143127 0.9876051545143127 0.8691221475601196
59.68533192875645 0.09565800428390503 0.9876051545143127 0.9876051545143127 0.8697229623794556
59.99999999999999 0.09565800428390503 0.9876051545143127 0.9876051545143127 0.8701138496398926
60.000099999999996 0.09565800428390503 0.9876051545143127 0.9876051545143127 0.8701134920120239
60.000299999999996 0.09565769881010056 0.9876051545143127 0.9876051545143127 0.8701131343841553
60.000699999999995 0.09565398842096329 0.9876051545143127 0.9876051545143127 0.8701130151748657
60.001000000000005 0.09564714133739471 0.9876051545143127 0.9876051545143127 0.8701130151748657
60.02144000000019 0.09294795989990234 0.9876051545143127 0.9876051545143127 0.8701130151748657
60.04188000000037 0.0902663990855217 0.9876051545143127 0.9876051545143127 0.8701130151748657
60.082840000000736 0.08495242148637772 0.9876051545143127 0.9876051545143127 0.8701130151748657
60.16476000000147 0.07464095950126648 0.9876051545143127 0.9876051545143127 0.8701130151748657
60.328600000002936 0.055480070412158966 0.9876051545143127 0.9876051545143127 0.8701130151748657
60.562975000002936 0.03162682056427002 0.9876051545143127 0.9876051545143127 0.8701130151748657
60.79735000000293 0.012180754914879799 0.9876051545143127 0.9876051545143127 0.8701130151748657
60.960220553908556 0.0018260926008224487 0.9876051545143127 0.9876051545143127 0.8701130151748657
61.00617266654847 6.380186096066609e-05 0.9876051545143127 0.9876051545143127 0.8701130151748657
61.011766148585544 -3.3386157838322106e-08 0.9876051545143127 0.9876051545143127 0.8701130151748657
89.99999999999999 -3.3389511600034893e-08 0.9876051545143127 0.9876051545143127 0.8701130151748657
90.0001 -3.336601395176331e-08 0.9876051545143127 0.9876051545143127 0.8701130151748657
90.0003 -3.3343891203685416e-08 0.9876051545143127 0.9876051545143127 0.8701130151748657
90.0007 -3.333087761347997e-08 0.9876051545143127 0.9876051545143127 0.8701130151748657
90.001 -3.332231557351406e-08 0.9876051545143127 0.9876051545143127 0.8701130151748657
119.99999999999999 -3.332231557351406e-08 0.9876051545143127 0.9876051545143127 0.8701130151748657
120.0001 -3.332231557351406e-08 0.9876051545143127 0.9876051545143127 0.8701130151748657
120.0003 -3.332231557351406e-08 0.9876051545143127 0.9876051545143127 0.8701130151748657
120.0007 -3.332231557351406e-08 0.9876051545143127 0.9876051545143127 0.8701130151748657
120.001 -3.332231557351406e-08 0.9876051545143127 0.9876051545143127 0.8701130151748657
150.0 -3.332231557351406e-08 0.9876051545143127 0.9876051545143127 0.8701130151748657
150.0001 -3.332231557351406e-08 0.9876051545143127 0.9876051545143127 0.8701130151748657
150.0003 -3.332231557351406e-08 0.9876051545143127 0.9876051545143127 0.8701133728027344
150.0007 -3.332231557351406e-08 0.9876051545143127 0.9876051545143127 0.8701152205467224
150.001 -3.332231557351406e-08 0.9876051545143127 0.9876051545143127 0.8701168894767761
179.99999999999997 -3.332231557351406e-08 0.9876051545143127 0.9876051545143127 0.8701168894767761
180.0001 -3.332231557351406e-08 0.9876051545143127 0.9876051545143127 0.8701168894767761
180.0003 -3.332231557351406e-08 0.9876051545143127 0.9876051545143127 0.8701168894767761
180.0007 -3.332231557351406e-08 0.9876051545143127 0.9876049757003784 0.8701168894767761
180.001 -3.332231557351406e-08 0.9876051545143127 0.9876047372817993 0.8701168894767761
180.00352000000004 -3.332231557351406e-08 0.9876051545143127 0.9875915050506592 0.8701168894767761
180.00604000000007 -3.332231557351406e-08 0.9876051545143127 0.987578272819519 0.8701168894767761
180.02140000000034 -3.332231557351406e-08 0.9876051545143127 0.987497091293335 0.8701168894767761
180.0828400000013 -3.332231557351406e-08 0.9876051545143127 0.9871631860733032 0.8701168894767761
180.1647600000026 -3.332231557351406e-08 0.9876051545143127 0.9866939187049866 0.8701168894767761
180.56297500000517 -3.332231557351406e-08 0.9876051545143127 0.9840529561042786 0.8701168894767761
181.03172500000514 -3.332231557351406e-08 0.9876051545143127 0.9800091981887817 0.8701168894767761
181.26610000000514 -3.332231557351406e-08 0.9876051545143127 0.9774506688117981 0.8701168894767761
181.5004750000051 -3.332231557351406e-08 0.9876051545143127 0.9744297862052917 0.8701168894767761
181.9692250000051 -3.332231557351406e-08 0.9876051545143127 0.9665897488594055 0.8701168894767761
182.67235000000508 -3.332231557351406e-08 0.9876051545143127 0.9483621120452881 0.8701168894767761
182.90672500000505 -3.332231557351406e-08 0.9876051545143127 0.9399704933166504 0.8701168894767761
183.37547500000505 -3.332231557351406e-08 0.9876051545143127 0.9189117550849915 0.8701168894767761
183.60985000000503 -3.332231557351406e-08 0.9876051545143127 0.9060710668563843 0.8701168894767761
183.84422500000503 -3.332231557351406e-08 0.9876051545143127 0.8916399478912354 0.8701168894767761
184.078600000005 -3.332231557351406e-08 0.9876051545143127 0.875632107257843 0.8701168894767761
184.312975000005 -3.332231557351406e-08 0.9876051545143127 0.8580959439277649 0.8701168894767761
184.547350000005 -3.332231557351406e-08 0.9876051545143127 0.8391060829162598 0.8701168894767761
184.78172500000497 -3.332231557351406e-08 0.9876051545143127 0.8187546730041504 0.8701168894767761
185.01610000000497 -3.332231557351406e-08 0.9876051545143127 0.7971434593200684 0.8701168894767761
185.25047500000497 -3.332231557351406e-08 0.9876051545143127 0.7743767499923706 0.8701168894767761
185.48485000000494 -3.332231557351406e-08 0.9876051545143127 0.7505568265914917 0.8701168894767761
185.71922500000494 -3.332231557351406e-08 0.9876051545143127 0.725780725479126 0.8701168894767761
185.95360000000494 -3.332231557351406e-08 0.9876051545143127 0.700138509273529 0.8701168894767761
186.1879750000049 -3.332231557351406e-08 0.9876051545143127 0.6737125515937805 0.8701168894767761
186.4223500000049 -3.332231557351406e-08 0.9876051545143127 0.6465772986412048 0.8701168894767761
186.6567250000049 -3.332231557351406e-08 0.9876051545143127 0.6187995672225952 0.8701168894767761
186.89110000000488 -3.332231557351406e-08 0.9876051545143127 0.5904390811920166 0.8701168894767761
187.12547500000488 -3.332231557351406e-08 0.9876051545143127 0.5615491271018982 0.8701168894767761
187.35985000000488 -3.332231557351406e-08 0.9876051545143127 0.5321770906448364 0.8701168894767761
187.59422500000485 -3.332231557351406e-08 0.9876051545143127 0.502365231513977 0.8701168894767761
187.82860000000485 -3.332231557351406e-08 0.9876051545143127 0.4721510410308838 0.8701168894767761
188.06297500000485 -3.332231557351406e-08 0.9876051545143127 0.4415681064128876 0.8701168894767761
188.29735000000483 -3.332231557351406e-08 0.9876051545143127 0.4106464982032776 0.8701168894767761
188.53172500000483 -3.332231557351406e-08 0.9876051545143127 0.3794131577014923 0.8701168894767761
188.76610000000483 -3.332231557351406e-08 0.9876051545143127 0.3478926718235016 0.8701168894767761
189.2348500000048 -3.332231557351406e-08 0.9876051545143127 0.28408193588256836 0.8701168894767761
189.4692250000048 -3.332231557351406e-08 0.9876051545143127 0.2518406808376312 0.8701168894767761
189.70360000000477 -3.332231557351406e-08 0.9876051545143127 0.21942156553268433 0.8701168894767761
189.93797500000477 -3.332231557351406e-08 0.9876051545143127 0.18689268827438354 0.8701168894767761
190.17235000000477 -3.332231557351406e-08 0.9876051545143127 0.15439915657043457 0.8701168894767761
190.40672500000474 -3.332231557351406e-08 0.9876051545143127 0.12226323038339615 0.8701168894767761
190.64110000000474 -3.332231557351406e-08 0.9876051545143127 0.09115581214427948 0.8701168894767761
190.87547500000474 -3.332231557351406e-08 0.9876051545143127 0.062245842069387436 0.8701168894767761
191.1098500000047 -3.332231557351406e-08 0.9876051545143127 0.03703473508358002 0.8701168894767761
191.3442250000047 -3.332231557351406e-08 0.9876051545143127 0.01670069992542267 0.8701168894767761
191.5786000000047 -3.332231202080038e-08 0.9876051545143127 0.001499200938269496 0.8701168894767761
191.6275794542211 -3.332231202080038e-08 0.9876051545143127 7.130764424800873e-05 0.8701168894767761
191.66243976243283 -3.332231202080038e-08 0.9876051545143127 -3.3386157838322106e-08 0.8701168894767761
204.0150643130708 -3.332231202080038e-08 0.9876051545143127 -3.3386157838322106e-08 0.8701168894767761
209.99999999999997 -3.332231202080038e-08 0.9876051545143127 -3.334683995603882e-08 0.8701168894767761
210.00009999999997 -3.332231202080038e-08 0.9876051545143127 -3.335178888619339e-08 0.8701168894767761
210.0003 -3.332231202080038e-08 0.9876051545143127 -3.333211395784019e-08 0.8701168894767761
210.00070000000002 -3.332231202080038e-08 0.9876051545143127 -3.327136610664638e-08 0.8701168894767761
210.0008229638576 -2.296100554133318e-08 0.9876051545143127 -3.0611669643576533e-08 0.8701168894767761
210.00089395685163 2.268463816790245e-08 0.9876051545143127 2.7117881273852618e-08 0.8701168894767761
210.00092969195066 9.113298204965758e-08 0.9876051545143127 5.76493697224123e-08 0.8701168894767761
210.00095177300338 1.678438650287717e-07 0.9876051545143127 3.779872059794798e-08 0.8701168894767761
210.0009648494302 2.4970765366560954e-07 0.9876051545143127 1.8399737200525124e-07 0.8701168894767761
210.00097519432475 3.5926743180425547e-07 0.9876051545143127 6.119748832134064e-07 0.8701168894767761
210.00098669715823 5.288678721626638e-07 0.9876051545143127 1.4315012322185794e-06 0.8701168894767761
210.00099995418842 7.612244417032343e-07 0.9876051545143127 2.6322111352783395e-06 0.8701168894767761
210.00100000000003 7.621276267855137e-07 0.9876051545143127 2.637084890011465e-06 0.8701168894767761
210.01300914642525 0.00025483936769887805 0.9876051545143127 0.0014153141528367996 0.8701168894767761
210.0250183844737 0.0005085059092380106 0.9876051545143127 0.0028267065063118935 0.8701168894767761
210.0490368605706 0.0010146001586690545 0.9876051545143127 0.005645600147545338 0.8701168894767761
210.0970738127644 0.002021817257627845 0.9876051545143127 0.011267746798694134 0.8701168894767761
210.193147717152 0.004016330931335688 0.9876051545143127 0.02244924008846283 0.8701168894767761
210.38529552592718 0.007941820658743382 0.9876051545143127 0.044611115008592606 0.8701168894767761
210.61967052592718 0.01262587308883667 0.9876051545143127 0.07131171971559525 0.8701168894767761
210.85404552592718 0.017185332253575325 0.9876051545143127 0.09761267900466919 0.8701168894767761
211.08842052592715 0.02161327190697193 0.9876051545143127 0.12348882853984833 0.8701168894767761
211.32279552592715 0.025908563286066055 0.9876051545143127 0.1489330381155014 0.8701168894767761
211.55717052592715 0.03006925620138645 0.9876051545143127 0.17393437027931213 0.8701168894767761
212.02592052592712 0.03798148036003113 0.9876051545143127 0.22257323563098907 0.8701168894767761
212.26029552592712 0.041731301695108414 0.9876051545143127 0.24619616568088531 0.8701168894767761
212.4946705259271 0.045341458171606064 0.9876051545143127 0.26933956146240234 0.8701168894767761
212.7290455259271 0.04881133884191513 0.9876051545143127 0.29199597239494324 0.8701168894767761
212.9634205259271 0.05214070901274681 0.9876051545143127 0.3141591548919678 0.8701168894767761
213.66654552592706 0.061277300119400024 0.9876051545143127 0.37758132815361023 0.8701168894767761
213.90092052592703 0.06403888761997223 0.9876051545143127 0.3976730704307556 0.8701168894767761
214.36967052592703 0.06914043426513672 0.9876051545143127 0.43624991178512573 0.8701168894767761
214.604045525927 0.0714825987815857 0.9876051545143127 0.45472487807273865 0.8701168894767761
215.30717052592698 0.07769492268562317 0.9876051545143127 0.5068514347076416 0.8701168894767761
215.54154552592698 0.07950090616941452 0.9876051545143127 0.5231088399887085 0.8701168894767761
215.77592052592698 0.08117948472499847 0.9876051545143127 0.5388076305389404 0.8701168894767761
216.01029552592695 0.08273422718048096 0.9876051545143127 0.5539519190788269 0.8701168894767761
216.24467052592695 0.08416880667209625 0.9876051545143127 0.5685420036315918 0.8701168894767761
216.94779552592692 0.08779396116733551 0.9876051545143127 0.6090032458305359 0.8701168894767761
217.18217052592692 0.08879224210977554 0.9876051545143127 0.6214056015014648 0.8701168894767761
217.4165455259269 0.08969399333000183 0.9876051545143127 0.6332798004150391 0.8701168894767761
217.6509205259269 0.09050454199314117 0.9876051545143127 0.6446371078491211 0.8701168894767761
217.8852955259269 0.09122966229915619 0.9876051545143127 0.6554864645004272 0.8701168894767761
218.11967052592686 0.09187519550323486 0.9876051545143127 0.6658381223678589 0.8701168894767761
218.35404552592686 0.09244675189256668 0.9876051545143127 0.6757057905197144 0.8701168894767761
218.58842052592686 0.09294992685317993 0.9876051545143127 0.6851037740707397 0.8701168894767761
218.82279552592684 0.09339015185832977 0.9876051545143127 0.6940470933914185 0.8701168894767761
219.05717052592684 0.09377259761095047 0.9876051545143127 0.7025514841079712 0.8701168894767761
219.29154552592684 0.09410271793603897 0.9876051545143127 0.7106320261955261 0.8701168894767761
219.5259205259268 0.09438630193471909 0.9876051545143127 0.7183035016059875 0.8701168894767761
219.9946705259268 0.09483329206705093 0.9876051545143127 0.7324851155281067 0.8701168894767761
220.22904552592678 0.09500489383935928 0.9876051545143127 0.7390297651290894 0.8701168894767761
220.46342052592678 0.09514759480953217 0.9876051545143127 0.745232105255127 0.8701168894767761
220.69779552592678 0.09526544064283371 0.9876051545143127 0.7511082291603088 0.8701168894767761
220.93217052592675 0.09536172449588776 0.9876051545143127 0.7566744089126587 0.8701168894767761
221.16654552592675 0.09543942660093307 0.9876051545143127 0.7619465589523315 0.8701168894767761
221.40092052592675 0.0955013632774353 0.9876051545143127 0.7669399380683899 0.8701168894767761
221.63529552592672 0.0955500602722168 0.9876051545143127 0.7716695070266724 0.8701168894767761
221.86967052592672 0.09558777511119843 0.9876051545143127 0.776149570941925 0.8701168894767761
222.5727955259267 0.09565292298793793 0.9876051545143127 0.7882282137870789 0.8701168894767761
222.8071705259267 0.0956638753414154 0.9876051545143127 0.7918429970741272 0.8701168894767761
223.04154552592667 0.0956714078783989 0.9876051545143127 0.7952717542648315 0.8701168894767761
223.27592052592667 0.09567631781101227 0.9876051545143127 0.7985252141952515 0.8701168894767761
223.51029552592667 0.09567926824092865 0.9876051545143127 0.8016135692596436 0.8701168894767761
223.74467052592664 0.09568087011575699 0.9876051545143127 0.8045465350151062 0.8701168894767761
223.97904552592664 0.09568168222904205 0.9876051545143127 0.8073337078094482 0.8701168894767761
224.21342052592664 0.0956820398569107 0.9876051545143127 0.8099837303161621 0.8701168894767761
224.4477955259266 0.09568215161561966 0.9876051545143127 0.8125046491622925 0.8701168894767761
224.6821705259266 0.09568215906620026 0.9876051545143127 0.8149040937423706 0.8701168894767761
224.9165455259266 0.09568214416503906 0.9876051545143127 0.8171889781951904 0.8701168894767761
225.15092052592658 0.09568213671445847 0.9876051545143127 0.8193663954734802 0.8701168894767761
225.38529552592658 0.09568213671445847 0.9876051545143127 0.8214427828788757 0.8701168894767761
225.61967052592658 0.09568213671445847 0.9876051545143127 0.8234239816665649 0.8701168894767761
225.85404552592655 0.09568213671445847 0.9876051545143127 0.825315535068512 0.8701168894767761
226.08842052592655 0.09568213671445847 0.9876051545143127 0.827122688293457 0.8701168894767761
226.32279552592655 0.09568213671445847 0.9876051545143127 0.8288501501083374 0.8701168894767761
226.55717052592652 0.09568213671445847 0.9876051545143127 0.8305025100708008 0.8701168894767761
226.79154552592652 0.09568213671445847 0.9876051545143127 0.8320838809013367 0.8701168894767761
227.02592052592652 0.09568213671445847 0.9876051545143127 0.8335981369018555 0.8701168894767761
227.4946705259265 0.09568213671445847 0.9876051545143127 0.8364402055740356 0.8701168894767761
227.7290455259265 0.09568213671445847 0.9876051545143127 0.8377750515937805 0.8701168894767761
227.96342052592647 0.09568213671445847 0.9876051545143127 0.8390566110610962 0.8701168894767761
228.43217052592647 0.09568213671445847 0.9876051545143127 0.8414709568023682 0.8701168894767761
228.66654552592644 0.09568213671445847 0.9876051545143127 0.8426089286804199 0.8701168894767761
228.90092052592644 0.09568213671445847 0.9876051545143127 0.843704104423523 0.8701168894767761
229.13529552592644 0.09568213671445847 0.9876051545143127 0.8447583913803101 0.8701168894767761
230.07279552592638 0.09568213671445847 0.9876051545143127 0.8486076593399048 0.8701168894767761
230.30717052592638 0.09568213671445847 0.9876051545143127 0.8494871854782104 0.8701168894767761
230.54154552592638 0.09568213671445847 0.9876051545143127 0.8503366708755493 0.8701168894767761
230.77592052592635 0.09568213671445847 0.9876051545143127 0.851157546043396 0.8701168894767761
232.4165455259263 0.09568213671445847 0.9876051545143127 0.8562062978744507 0.8701168894767761
232.65092052592627 0.09568213671445847 0.9876051545143127 0.8568409085273743 0.8701168894767761
232.88529552592627 0.09568213671445847 0.9876051545143127 0.8574566841125488 0.8701168894767761
233.11967052592627 0.09568213671445847 0.9876051545143127 0.8580543994903564 0.8701168894767761
233.35404552592624 0.09568213671445847 0.9876051545143127 0.8586348295211792 0.8701168894767761
233.58842052592624 0.09568213671445847 0.9876051545143127 0.8591986894607544 0.8701168894767761
233.82279552592624 0.09568213671445847 0.9876051545143127 0.8597466349601746 0.8701168894767761
235.46342052592615 0.09568213671445847 0.9876051545143127 0.8631871938705444 0.8701168894767761
235.69779552592615 0.09568213671445847 0.9876051545143127 0.863628625869751 0.8701168894767761
235.93217052592615 0.09568213671445847 0.9876051545143127 0.8640590310096741 0.8701168894767761
236.16654552592613 0.09568213671445847 0.9876051545143127 0.8644787669181824 0.8701168894767761
236.40092052592613 0.09568213671445847 0.9876051545143127 0.8648881316184998 0.8701168894767761
236.8696705259261 0.09568213671445847 0.9876051545143127 0.8656774163246155 0.8701168894767761
237.3384205259261 0.09568213671445847 0.9876051545143127 0.8664296269416809 0.8701168894767761
237.57279552592607 0.09568213671445847 0.9876051545143127 0.866792619228363 0.8701168894767761
237.80717052592607 0.09568213671445847 0.9876051545143127 0.8671473264694214 0.8701168894767761
238.04154552592607 0.09568213671445847 0.9876051545143127 0.8674939870834351 0.8701168894767761
238.27592052592604 0.09568213671445847 0.9876051545143127 0.8678328990936279 0.8701168894767761
238.51029552592604 0.09568213671445847 0.9876051545143127 0.8681643009185791 0.8701168894767761
238.74467052592604 0.09568213671445847 0.9876051545143127 0.8684884309768677 0.8701168894767761
239.68217052592598 0.09568213671445847 0.9876051545143127 0.8697168827056885 0.8701168894767761
239.91654552592598 0.09568213671445847 0.9876051545143127 0.8700090050697327 0.8701168894767761
239.99999999999997 0.09568213671445847 0.9876051545143127 0.8701117634773254 0.8701168894767761
