time a b c w1
0.0 0.0 0.0 0.0 0.0
2.34374997708231e-06 2.34398437508335e-23 1.0801570415496826 1.0801570415496826 2.34398437508335e-23
2.3531289769906394e-06 2.35336424679079e-23 1.0037916898727417 1.0037916898727417 2.35336424679079e-23
2.3718869768072985e-06 2.372124147977851e-23 0.9922298789024353 0.9922298789024353 2.372124147977851e-23
2.449126245505041e-06 2.449371143311084e-23 0.9876051545143127 0.9876051545143127 2.449371143311084e-23
0.00019360463173130613 1.9362399824984054e-21 0.9876051545143127 0.9876051545143127 1.9362399824984054e-21
0.00038480681743822704 3.8484529531415596e-21 0.9876051545143127 0.9876051545143127 -5.559273485999938e-09
0.0007672111888520689 7.672878894427868e-21 0.9876051545143127 0.9876051545143127 -2.7053506101992753e-08
0.001 1.0000999731091105e-20 0.9876051545143127 0.9876051545143127 -3.338377752015731e-08
29.999999999999996 3.000300019364487e-16 0.9876051545143127 0.9876051545143127 -3.338360343718705e-08
30.000099999999996 3.0003100778807355e-16 0.9876051545143127 0.9876051545143127 -3.33633671800726e-08
30.0003 3.0003299302154367e-16 0.9876051545143127 0.9876051545143127 -3.334337606020199e-08
30.0007 3.0003698995826353e-16 0.9876051545143127 0.9876051545143127 -3.33327996315802e-08
30.000822963459722 1.313462227869877e-09 0.9876051545143127 0.9876051545143127 -3.3304676350098816e-08
30.000893956586015 1.1239760233650031e-08 0.9876051545143127 0.9876051545143127 -1.1387937703943862e-08
30.000929659555634 3.6616924603549705e-08 0.9876051545143127 0.9876051545143127 7.92983598785213e-08
30.00095138401792 8.101181947495206e-08 0.9876051545143127 0.9876051545143127 2.887262269268831e-07
30.00097376388796 1.7195277735027048e-07 0.9876051545143127 0.9876051545143127 8.16556166682858e-07
30.00099274308322 2.9344030849642877e-07 0.9876051545143127 0.9876051545143127 1.6297138927257038e-06
30.001 3.5587586921792536e-07 0.9876051545143127 0.9876051545143127 2.0853524347330676e-06
30.03318257573328 0.00033704392262734473 0.9876051545143127 0.9876051545143127 0.0025986838154494762
30.065365151466562 0.0006720944074913859 0.9876051545143127 0.9876051545143127 0.005188886076211929
30.129732267261605 0.0013373123947530985 0.9876051545143127 0.9876051545143127 0.01035025343298912
30.258466498851696 0.0026491230819374323 0.9876051545143127 0.9876051545143127 0.02059982344508171
30.4928414988517 0.004988688509911299 0.9876051545143127 0.9876051545143127 0.039067890495061874
30.727216498851696 0.0072670429944992065 0.9876051545143127 0.9876051545143127 0.05729212611913681
30.961591498851693 0.00947653129696846 0.9876051545143127 0.9876051545143127 0.07523927837610245
31.19596649885169 0.011617550626397133 0.9876051545143127 0.9876051545143127 0.09290830790996552
31.664716498851686 0.015695935115218163 0.9876051545143127 0.9876051545143127 0.12740802764892578
32.13346649885168 0.019505513831973076 0.9876051545143127 0.9876051545143127 0.16077905893325806
32.367841498851675 0.021310769021511078 0.9876051545143127 0.9876051545143127 0.17703792452812195
32.602216498851675 0.023050431162118912 0.9876051545143127 0.9876051545143127 0.19301056861877441
32.83659149885167 0.024725208058953285 0.9876051545143127 0.9876051545143127 0.20869657397270203
33.07096649885167 0.026335828006267548 0.9876051545143127 0.9876051545143127 0.22409528493881226
33.30534149885167 0.027883034199476242 0.9876051545143127 0.9876051545143127 0.23920577764511108
33.53971649885166 0.02936769276857376 0.9876051545143127 0.9876051545143127 0.2540280818939209
34.242841498851654 0.0334557369351387 0.9876051545143127 0.9876051545143127 0.29676878452301025
34.477216498851654 0.03469976410269737 0.9876051545143127 0.9876051545143127 0.3104419708251953
34.71159149885165 0.03588619828224182 0.9876051545143127 0.9876051545143127 0.3238280117511749
34.94596649885165 0.03701618313789368 0.9876051545143127 0.9876051545143127 0.3369268774986267
35.18034149885165 0.03809093311429024 0.9876051545143127 0.9876051545143127 0.349740207195282
35.64909149885164 0.040079742670059204 0.9876051545143127 0.9876051545143127 0.3745163083076477
35.88346649885163 0.04099644720554352 0.9876051545143127 0.9876051545143127 0.3864809274673462
36.11784149885163 0.04186321794986725 0.9876051545143127 0.9876051545143127 0.3981649875640869
36.35221649885163 0.04268144816160202 0.9876051545143127 0.9876051545143127 0.4095710515975952
36.586591498851625 0.04345255345106125 0.9876051545143127 0.9876051545143127 0.420701801776886
36.820966498851625 0.0441780686378479 0.9876051545143127 0.9876051545143127 0.4315590560436249
37.05534149885162 0.04485958442091942 0.9876051545143127 0.9876051545143127 0.442144513130188
37.28971649885162 0.04549863189458847 0.9876051545143127 0.9876051545143127 0.452461302280426
37.52409149885162 0.04609669744968414 0.9876051545143127 0.9876051545143127 0.46251314878463745
37.75846649885161 0.04665538668632507 0.9876051545143127 0.9876051545143127 0.47230300307273865
37.99284149885161 0.0471763089299202 0.9876051545143127 0.9876051545143127 0.48183387517929077
38.227216498851604 0.04766099527478218 0.9876051545143127 0.9876051545143127 0.49110981822013855
38.461591498851604 0.04811103641986847 0.9876051545143127 0.9876051545143127 0.5001344680786133
38.9303414988516 0.048913463950157166 0.9876051545143127 0.9876051545143127 0.5174453854560852
39.1647164988516 0.04926903918385506 0.9876051545143127 0.9876051545143127 0.5257396697998047
39.39909149885159 0.0495963990688324 0.9876051545143127 0.9876051545143127 0.533798336982727
39.63346649885159 0.04989698529243469 0.9876051545143127 0.9876051545143127 0.5416261553764343
40.33659149885158 0.050652600824832916 0.9876051545143127 0.9876051545143127 0.5637708902359009
40.57096649885158 0.05086073279380798 0.9876051545143127 0.9876051545143127 0.570721447467804
40.805341498851575 0.05104940012097359 0.9876051545143127 0.9876051545143127 0.5774643421173096
41.039716498851575 0.05121983215212822 0.9876051545143127 0.9876051545143127 0.5840045809745789
41.50846649885157 0.05151080712676048 0.9876051545143127 0.9876051545143127 0.596497118473053
41.74284149885157 0.051633913069963455 0.9876051545143127 0.9876051545143127 0.6024590134620667
41.97721649885156 0.05174371227622032 0.9876051545143127 0.9876051545143127 0.6082378029823303
42.445966498851554 0.0519273616373539 0.9876051545143127 0.9876051545143127 0.6192662715911865
42.680341498851554 0.05200325697660446 0.9876051545143127 0.9876051545143127 0.6245255470275879
42.914716498851554 0.052069783210754395 0.9876051545143127 0.9876051545143127 0.6296213865280151
43.38346649885155 0.052177973091602325 0.9876051545143127 0.9876051545143127 0.6393417119979858
43.61784149885154 0.05222134292125702 0.9876051545143127 0.9876051545143127 0.643975555896759
43.85221649885154 0.05225862190127373 0.9876051545143127 0.9876051545143127 0.648464560508728
44.08659149885154 0.05229048430919647 0.9876051545143127 0.9876051545143127 0.6528133153915405
44.32096649885153 0.05231747776269913 0.9876051545143127 0.9876051545143127 0.6570262908935547
44.55534149885153 0.052340149879455566 0.9876051545143127 0.9876051545143127 0.6611076593399048
45.024091498851526 0.05237460881471634 0.9876051545143127 0.9876051545143127 0.6688928604125977
45.258466498851526 0.05238732323050499 0.9876051545143127 0.9876051545143127 0.6726047992706299
45.49284149885152 0.052397578954696655 0.9876051545143127 0.9876051545143127 0.6762017011642456
45.72721649885152 0.05240572616457939 0.9876051545143127 0.9876051545143127 0.6796873211860657
45.96159149885152 0.05241208150982857 0.9876051545143127 0.9876051545143127 0.6830652952194214
46.19596649885151 0.05241696536540985 0.9876051545143127 0.9876051545143127 0.6863394975662231
47.3678414988515 0.05242761969566345 0.9876051545143127 0.9876051545143127 0.7012732028961182
47.6022164988515 0.05242817848920822 0.9876051545143127 0.9876051545143127 0.7039951086044312
47.83659149885149 0.05242850258946419 0.9876051545143127 0.9876051545143127 0.7066358327865601
48.07096649885149 0.05242867022752762 0.9876051545143127 0.9876051545143127 0.7091981768608093
48.30534149885149 0.05242874473333359 0.9876051545143127 0.9876051545143127 0.7116849422454834
48.53971649885148 0.052428774535655975 0.9876051545143127 0.9876051545143127 0.7140986919403076
48.77409149885148 0.052428778260946274 0.9876051545143127 0.9876051545143127 0.7164419889450073
49.008466498851476 0.052428774535655975 0.9876051545143127 0.9876051545143127 0.7187173962593079
49.242841498851476 0.052428774535655975 0.9876051545143127 0.9876051545143127 0.7209272384643555
50.883466498851455 0.052428774535655975 0.9876051545143127 0.9876051545143127 0.7347433567047119
51.117841498851455 0.052428774535655975 0.9876051545143127 0.9876051545143127 0.7365049719810486
51.352216498851455 0.052428774535655975 0.9876051545143127 0.9876051545143127 0.7382189631462097
51.58659149885145 0.052428774535655975 0.9876051545143127 0.9876051545143127 0.739886999130249
53.93034149885142 0.052428774535655975 0.9876051545143127 0.9876051545143127 0.7543560266494751
54.16471649885142 0.052428774535655975 0.9876051545143127 0.9876051545143127 0.7556101083755493
54.39909149885141 0.052428774535655975 0.9876051545143127 0.9876051545143127 0.7568336725234985
54.63346649885141 0.052428774535655975 0.9876051545143127 0.9876051545143127 0.7580276727676392
55.8053414988514 0.052428774535655975 0.9876051545143127 0.9876051545143127 0.7635859847068787
56.0397164988514 0.052428774535655975 0.9876051545143127 0.9876051545143127 0.764621376991272
56.27409149885139 0.052428774535655975 0.9876051545143127 0.9876051545143127 0.7656331658363342
56.50846649885139 0.052428774535655975 0.9876051545143127 0.9876051545143127 0.7666221261024475
59.99999999999999 0.052428774535655975 0.9876051545143127 0.9876051545143127 0.7790664434432983
60.000099999999996 0.052428774535655975 0.9876051545143127 0.9876051545143127 0.7790659070014954
60.000299999999996 0.05242852121591568 0.9876051545143127 0.9876051545143127 0.7790653705596924
60.000699999999995 0.052425481379032135 0.9876051545143127 0.9876051545143127 0.7790651321411133
60.001000000000005 0.05241989344358444 0.9876051545143127 0.9876051545143127 0.7790651321411133
60.16480000000147 0.03612267225980759 0.9876051545143127 0.9876051545143127 0.7790651321411133
60.328600000002936 0.022491440176963806 0.9876051545143127 0.9876051545143127 0.7790651321411133
60.562975000002936 0.006032518111169338 0.9876051545143127 0.9876051545143127 0.7790651321411133
60.657447686029 0.0008559546549804509 0.9876051545143127 0.9876051545143127 0.7790651321411133
60.686119503055934 9.58243035711348e-05 0.9876051545143127 0.9876051545143127 0.7790651321411133
60.71048298470767 -3.338360698990073e-08 0.9876051545143127 0.9876051545143127 0.7790651321411133
89.99999999999999 -3.336186082947279e-08 0.9876051545143127 0.9876051545143127 0.7790651321411133
90.0001 -3.335611964416785e-08 0.9876051545143127 0.9876051545143127 0.7790651321411133
90.0003 -3.333739684308057e-08 0.9876051545143127 0.9876051545143127 0.7790651321411133
90.0007 -2.7829061721718062e-08 0.9876051545143127 0.9876051545143127 0.7790651321411133
90.001 -1.4128877623420522e-08 0.9876051545143127 0.9876051545143127 0.7790651321411133
119.99999999999999 -1.4128876735242102e-08 0.9876051545143127 0.9876051545143127 0.7790651321411133
120.0001 -1.4128876735242102e-08 0.9876051545143127 0.9876051545143127 0.7790651321411133
120.0003 -1.4128876735242102e-08 0.9876051545143127 0.9876051545143127 0.7790651321411133
120.0007 -1.4128876735242102e-08 0.9876051545143127 0.9876051545143127 0.7790651321411133
120.001 -1.4128876735242102e-08 0.9876051545143127 0.9876051545143127 0.7790651321411133
150.0 -1.4128876735242102e-08 0.9876051545143127 0.9876051545143127 0.7790651321411133
150.0001 -1.4128876735242102e-08 0.9876051545143127 0.9876051545143127 0.7790651321411133
150.0003 -1.4128876735242102e-08 0.9876051545143127 0.9876051545143127 0.7790656685829163
150.0007 -1.4128876735242102e-08 0.9876051545143127 0.9876051545143127 0.7790684700012207
150.001 -1.4128876735242102e-08 0.9876051545143127 0.9876051545143127 0.7790709137916565
179.99999999999997 -1.4128876735242102e-08 0.9876051545143127 0.9876051545143127 0.7790709137916565
180.0001 -1.4128876735242102e-08 0.9876051545143127 0.9876051545143127 0.7790709137916565
180.0003 -1.4128876735242102e-08 0.9876051545143127 0.9876051545143127 0.7790709137916565
180.0007 -1.4128876735242102e-08 0.9876051545143127 0.9876050353050232 0.7790709137916565
180.001 -1.4128876735242102e-08 0.9876051545143127 0.9876049160957336 0.7790709137916565
180.0828800000013 -1.4128876735242102e-08 0.9876051545143127 0.9873301982879639 0.7790709137916565
180.1647600000026 -1.4128876735242102e-08 0.9876051545143127 0.98704594373703 0.7790709137916565
180.83261750000383 -1.4128876735242102e-08 0.9876051545143127 0.98441082239151 0.7790709137916565
181.5004750000051 -1.4128876735242102e-08 0.9876051545143127 0.9810523986816406 0.7790709137916565
181.9692250000051 -1.4128876735242102e-08 0.9876051545143127 0.9780946969985962 0.7790709137916565
182.43797500000508 -1.4128876735242102e-08 0.9876051545143127 0.9744712114334106 0.7790709137916565
183.14110000000505 -1.4128876735242102e-08 0.9876051545143127 0.9673261046409607 0.7790709137916565
183.84422500000503 -1.4128876735242102e-08 0.9876051545143127 0.9572116136550903 0.7790709137916565
184.312975000005 -1.4128876735242102e-08 0.9876051545143127 0.9481207132339478 0.7790709137916565
184.78172500000497 -1.4128876735242102e-08 0.9876051545143127 0.9365347623825073 0.7790709137916565
185.25047500000497 -1.4128876735242102e-08 0.9876051545143127 0.9218606948852539 0.7790709137916565
185.71922500000494 -1.4128876735242102e-08 0.9876051545143127 0.9035242199897766 0.7790709137916565
185.95360000000494 -1.4128876735242102e-08 0.9876051545143127 0.8928312659263611 0.7790709137916565
186.1879750000049 -1.4128876735242102e-08 0.9876051545143127 0.881062924861908 0.7790709137916565
186.6567250000049 -1.4128876735242102e-08 0.9876051545143127 0.8542056679725647 0.7790709137916565
187.12547500000488 -1.4128876735242102e-08 0.9876051545143127 0.8229076862335205 0.7790709137916565
187.35985000000488 -1.4128876735242102e-08 0.9876051545143127 0.805637001991272 0.7790709137916565
187.59422500000485 -1.4128876735242102e-08 0.9876051545143127 0.7873292565345764 0.7790709137916565
187.82860000000485 -1.4128876735242102e-08 0.9876051545143127 0.7680269479751587 0.7790709137916565
188.06297500000485 -1.4128876735242102e-08 0.9876051545143127 0.7477771639823914 0.7790709137916565
188.29735000000483 -1.4128876735242102e-08 0.9876051545143127 0.726629912853241 0.7790709137916565
188.53172500000483 -1.4128876735242102e-08 0.9876051545143127 0.7046365141868591 0.7790709137916565
188.76610000000483 -1.4128876735242102e-08 0.9876051545143127 0.6818481087684631 0.7790709137916565
189.2348500000048 -1.4128876735242102e-08 0.9876051545143127 0.6340854167938232 0.7790709137916565
189.4692250000048 -1.4128876735242102e-08 0.9876051545143127 0.6092056035995483 0.7790709137916565
189.93797500000477 -1.4128876735242102e-08 0.9876051545143127 0.5576669573783875 0.7790709137916565
190.17235000000477 -1.4128875847063682e-08 0.9876051545143127 0.5310872793197632 0.7790709137916565
190.40672500000474 -1.4128875847063682e-08 0.9876051545143127 0.5040156245231628 0.7790709137916565
190.64110000000474 -1.4128875847063682e-08 0.9876051545143127 0.47648489475250244 0.7790709137916565
190.87547500000474 -1.4128875847063682e-08 0.9876051545143127 0.4485255181789398 0.7790709137916565
191.1098500000047 -1.4128875847063682e-08 0.9876051545143127 0.42016568779945374 0.7790709137916565
191.3442250000047 -1.4128875847063682e-08 0.9876051545143127 0.39143145084381104 0.7790709137916565
191.81297500000468 -1.4128875847063682e-08 0.9876051545143127 0.33293503522872925 0.7790709137916565
192.04735000000468 -1.4128875847063682e-08 0.9876051545143127 0.30321767926216125 0.7790709137916565
192.28172500000468 -1.4128875847063682e-08 0.9876051545143127 0.2732175886631012 0.7790709137916565
192.51610000000466 -1.4128875847063682e-08 0.9876051545143127 0.24296166002750397 0.7790709137916565
192.75047500000466 -1.4128875847063682e-08 0.9876051545143127 0.21248859167099 0.7790709137916565
192.98485000000466 -1.4128875847063682e-08 0.9876051545143127 0.18186718225479126 0.7790709137916565
193.45360000000463 -1.4128875847063682e-08 0.9876051545143127 0.12089595198631287 0.7790709137916565
193.68797500000463 -1.4128875847063682e-08 0.9876051545143127 0.0914364755153656 0.7790709137916565
193.9223500000046 -1.4128875847063682e-08 0.9876051545143127 0.06387533247470856 0.7790709137916565
194.1567250000046 -1.4128875847063682e-08 0.9876051545143127 0.03953535854816437 0.7790709137916565
194.3911000000046 -1.4128875847063682e-08 0.9876051545143127 0.019528722390532494 0.7790709137916565
194.62547500000457 -1.4128875847063682e-08 0.9876051545143127 0.003980528097599745 0.7790709137916565
194.7096916937361 -1.4128875847063682e-08 0.9876051545143127 0.00027833165950141847 0.7790709137916565
194.7279581483357 -1.4128875847063682e-08 0.9876051545143127 -3.338360698990073e-08 0.7790709137916565
205.78121707489134 -1.4128875847063682e-08 0.9876051545143127 -3.338360698990073e-08 0.7790709137916565
209.99999999999997 -1.4128875847063682e-08 0.9876051545143127 -3.3364067064667324e-08 0.7790709137916565
210.00006585021762 -1.4128875847063682e-08 0.9876051545143127 -3.336176845891714e-08 0.7790709137916565
210.0001975506529 -1.4128875847063682e-08 0.9876051545143127 -3.3349699890550255e-08 0.7790709137916565
210.00046095152345 -1.4128875847063682e-08 0.9876051545143127 -3.3335162186176603e-08 0.7790709137916565
210.0005931779416 -1.4128875847063682e-08 0.9876051545143127 -3.3327165027685623e-08 0.7790709137916565
210.00085763077786 3.2800129279308976e-09 0.9876051545143127 2.1197942956519e-08 0.7790709137916565
210.00093017856986 4.93082730201877e-08 0.9876051545143127 1.6483451759086165e-07 0.7790709137916565
210.0009678410529 1.3433346168767457e-07 0.9876051545143127 5.387308874560404e-07 0.7790709137916565
210.0009892270247 2.426388334697549e-07 0.9876051545143127 1.1921765690203756e-06 0.7790709137916565
210.00100000000003 3.283053615632525e-07 0.9876051545143127 1.7984655187319731e-06 0.7790709137916565
210.02116372499523 0.00021146911603864282 0.9876051545143127 0.0016294241650030017 0.7790709137916565
210.04132744999046 0.00042196683352813125 0.9876051545143127 0.003254539333283901 0.7790709137916565
210.08165736152336 0.0008410606533288956 0.9876051545143127 0.006497433874756098 0.7790709137916565
210.16231718458914 0.001671542413532734 0.9876051545143127 0.012952994555234909 0.7790709137916565
210.32363683072072 0.003306247293949127 0.9876051545143127 0.02576071210205555 0.7790709137916565
210.55801183072072 0.005628896411508322 0.9876051545143127 0.044161222875118256 0.7790709137916565
210.79238683072072 0.00788798462599516 0.9876051545143127 0.06230788305401802 0.7790709137916565
211.0267618307207 0.010078410618007183 0.9876051545143127 0.080177903175354 0.7790709137916565
211.4955118307207 0.014254758134484291 0.9876051545143127 0.11508270353078842 0.7790709137916565
211.96426183072066 0.01816093735396862 0.9876051545143127 0.14886246621608734 0.7790709137916565
212.19863683072066 0.020013926550745964 0.9876051545143127 0.165327250957489 0.7790709137916565
212.43301183072063 0.021800901740789413 0.9876051545143127 0.18150685727596283 0.7790709137916565
212.66738683072063 0.023522432893514633 0.9876051545143127 0.19739961624145508 0.7790709137916565
212.90176183072063 0.025179211050271988 0.9876051545143127 0.21300476789474487 0.7790709137916565
213.1361368307206 0.026772048324346542 0.9876051545143127 0.22832247614860535 0.7790709137916565
213.3705118307206 0.028301766142249107 0.9876051545143127 0.24335265159606934 0.7790709137916565
213.6048868307206 0.029769210144877434 0.9876051545143127 0.2580949664115906 0.7790709137916565
214.30801183072057 0.03380719572305679 0.9876051545143127 0.30059564113616943 0.7790709137916565
214.54238683072055 0.035035111010074615 0.9876051545143127 0.314188688993454 0.7790709137916565
214.77676183072055 0.03620574623346329 0.9876051545143127 0.32749441266059875 0.7790709137916565
215.01113683072055 0.03732026368379593 0.9876051545143127 0.3405138850212097 0.7790709137916565
215.71426183072052 0.04033951461315155 0.9876051545143127 0.3778679370880127 0.7790709137916565
215.9486368307205 0.04124220088124275 0.9876051545143127 0.38975459337234497 0.7790709137916565
216.1830118307205 0.04209534078836441 0.9876051545143127 0.40136122703552246 0.7790709137916565
216.4173868307205 0.04290034621953964 0.9876051545143127 0.4126904606819153 0.7790709137916565
216.65176183072046 0.04365863651037216 0.9876051545143127 0.42374497652053833 0.7790709137916565
216.88613683072046 0.04437175393104553 0.9876051545143127 0.4345266819000244 0.7790709137916565
217.12051183072046 0.04504130408167839 0.9876051545143127 0.4450373649597168 0.7790709137916565
217.35488683072043 0.045668818056583405 0.9876051545143127 0.4552801847457886 0.7790709137916565
217.58926183072043 0.04625577852129936 0.9876051545143127 0.465258926153183 0.7790709137916565
217.82363683072043 0.04680377244949341 0.9876051545143127 0.4749767780303955 0.7790709137916565
218.0580118307204 0.04731440916657448 0.9876051545143127 0.48443686962127686 0.7790709137916565
218.2923868307204 0.0477893240749836 0.9876051545143127 0.49364256858825684 0.7790709137916565
218.99551183072037 0.04901523143053055 0.9876051545143127 0.5197732448577881 0.7790709137916565
219.22988683072037 0.04936278611421585 0.9876051545143127 0.5280017256736755 0.7790709137916565
219.46426183072035 0.049682553857564926 0.9876051545143127 0.5359958410263062 0.7790709137916565
219.69863683072035 0.04997596889734268 0.9876051545143127 0.5437602996826172 0.7790709137916565
220.16738683072032 0.050489455461502075 0.9876051545143127 0.5586192607879639 0.7790709137916565
220.40176183072032 0.050712570548057556 0.9876051545143127 0.5657227039337158 0.7790709137916565
220.63613683072032 0.05091523379087448 0.9876051545143127 0.5726149082183838 0.7790709137916565
220.8705118307203 0.05109870806336403 0.9876051545143127 0.5793009996414185 0.7790709137916565
221.57363683072026 0.05154648423194885 0.9876051545143127 0.5981718301773071 0.7790709137916565
221.80801183072026 0.05166575685143471 0.9876051545143127 0.6040823459625244 0.7790709137916565
222.04238683072023 0.05177202820777893 0.9876051545143127 0.6098112463951111 0.7790709137916565
222.51113683072023 0.051949478685855865 0.9876051545143127 0.6207438707351685 0.7790709137916565
222.7455118307202 0.05202268064022064 0.9876051545143127 0.6259573101997375 0.7790709137916565
222.9798868307202 0.052086763083934784 0.9876051545143127 0.6310085654258728 0.7790709137916565
223.44863683072018 0.05219075083732605 0.9876051545143127 0.6406437158584595 0.7790709137916565
223.68301183072018 0.05223232880234718 0.9876051545143127 0.6452368497848511 0.7790709137916565
223.91738683072018 0.05226801335811615 0.9876051545143127 0.6496864557266235 0.7790709137916565
224.15176183072015 0.05229845270514488 0.9876051545143127 0.6539970636367798 0.7790709137916565
224.38613683072015 0.052324194461107254 0.9876051545143127 0.6581729650497437 0.7790709137916565
224.62051183072015 0.05234576016664505 0.9876051545143127 0.6622186303138733 0.7790709137916565
225.08926183072012 0.05237841606140137 0.9876051545143127 0.6699357032775879 0.7790709137916565
225.32363683072012 0.052390407770872116 0.9876051545143127 0.6736153364181519 0.7790709137916565
225.5580118307201 0.05240004509687424 0.9876051545143127 0.6771809458732605 0.7790709137916565
225.7923868307201 0.05240767449140549 0.9876051545143127 0.6806362867355347 0.7790709137916565
226.0267618307201 0.05241359397768974 0.9876051545143127 0.6839851140975952 0.7790709137916565
226.26113683072006 0.052418120205402374 0.9876051545143127 0.6872310638427734 0.7790709137916565
227.43301183072003 0.05242781341075897 0.9876051545143127 0.7020375728607178 0.7790709137916565
227.66738683072 0.05242829769849777 0.9876051545143127 0.7047366499900818 0.7790709137916565
227.90176183072 0.05242856964468956 0.9876051545143127 0.7073553204536438 0.7790709137916565
228.13613683072 0.0524287074804306 0.9876051545143127 0.7098963856697083 0.7790709137916565
228.37051183071998 0.05242876708507538 0.9876051545143127 0.7123625874519348 0.7790709137916565
228.60488683071998 0.05242878571152687 0.9876051545143127 0.7147566080093384 0.7790709137916565
228.83926183071998 0.05242878943681717 0.9876051545143127 0.71708083152771 0.7790709137916565
229.07363683071995 0.05242878943681717 0.9876051545143127 0.7193378210067749 0.7790709137916565
230.9486368307199 0.05242878943681717 0.9876051545143127 0.7352375984191895 0.7790709137916565
231.18301183071986 0.05242878943681717 0.9876051545143127 0.7369858026504517 0.7790709137916565
231.41738683071986 0.05242878943681717 0.9876051545143127 0.7386868596076965 0.7790709137916565
231.65176183071986 0.05242878943681717 0.9876051545143127 0.740342378616333 0.7790709137916565
233.99551183071975 0.05242878943681717 0.9876051545143127 0.7547075748443604 0.7790709137916565
234.22988683071975 0.05242878943681717 0.9876051545143127 0.7559530138969421 0.7790709137916565
234.46426183071975 0.05242878943681717 0.9876051545143127 0.7571682333946228 0.7790709137916565
234.69863683071972 0.05242878943681717 0.9876051545143127 0.7583541870117188 0.7790709137916565
235.8705118307197 0.05242878943681717 0.9876051545143127 0.7638760209083557 0.7790709137916565
236.10488683071966 0.05242878943681717 0.9876051545143127 0.7649047374725342 0.7790709137916565
236.33926183071966 0.05242878943681717 0.9876051545143127 0.7659101486206055 0.7790709137916565
236.57363683071966 0.05242878943681717 0.9876051545143127 0.7668929100036621 0.7790709137916565
239.62051183071952 0.05242878943681717 0.9876051545143127 0.7778908014297485 0.7790709137916565
239.85488683071952 0.05242878943681717 0.9876051545143127 0.7786204218864441 0.7790709137916565
239.99999999999997 0.05242878943681717 0.9876051545143127 0.779066264629364 0.7790709137916565
