time a b c w1 w2
0.0 0.0 0.0 0.0 0.0 0.0
0.00022499999086100786 2.2502248991058203e-21 2.2502248991058203e-21 2.2502248991058203e-21 2.2502248991058203e-21 2.2502248991058203e-21
0.0004499999817220157 4.5004497982116405e-21 4.5004497982116405e-21 4.5004497982116405e-21 -5.561346938520728e-09 -5.561346938520728e-09
0.0008999999634440314 9.000899596423281e-21 9.000899596423281e-21 9.000899596423281e-21 -3.034011797353742e-08 -3.034011797353742e-08
0.001 1.0000999731091105e-20 1.0000999731091105e-20 1.0000999731091105e-20 -3.338152154697127e-08 -3.338152154697127e-08
29.999999999999996 3.000300019364487e-16 3.000300019364487e-16 3.000300019364487e-16 -3.338137588571044e-08 -3.338137588571044e-08
30.000099999999996 3.0003100778807355e-16 3.0003100778807355e-16 3.0003100778807355e-16 -3.336203491244305e-08 -3.336203491244305e-08
30.0003 3.0003299302154367e-16 3.0003299302154367e-16 3.0003299302154367e-16 -3.334292841827846e-08 -3.334292841827846e-08
30.0007 3.0003698995826353e-16 3.0003698995826353e-16 3.0003698995826353e-16 -3.3332820947862274e-08 -3.3332820947862274e-08
30.00082296344702 1.415014860839392e-08 3.000382340379048e-16 1.3948883825776193e-08 -2.905917284579118e-08 -2.914954322363883e-08
30.000893956511163 7.338288554592509e-08 3.0003894872195405e-16 7.246958233508849e-08 4.130389896772613e-08 4.055797475643885e-08
30.000929706903886 1.6138415048772004e-07 3.000392928290889e-16 1.5946575615544134e-07 9.764129060840787e-08 9.561711777905657e-08
30.000951873910864 2.593377530502039e-07 3.000395310571053e-16 2.5633465838836855e-07 1.1028746627061992e-07 1.0657606708264211e-07
30.000964620943954 3.5614286275631457e-07 3.000396369362237e-16 3.522390841226297e-07 2.844494986220525e-07 2.7892804155271733e-07
30.000974681760898 4.803284809895558e-07 3.000397428153421e-16 4.754691929065302e-07 7.39515428449522e-07 7.316363053178065e-07
30.000985935849435 6.69981545797782e-07 3.000398486944605e-16 6.63801927203167e-07 1.5974850384736783e-06 1.5859853874644614e-06
30.00099883548183 9.276907917410426e-07 3.000399810433585e-16 9.197920576298202e-07 2.84851103060646e-06 2.832070322256186e-06
30.001 9.538239282846916e-07 3.000400075131381e-16 9.457558576286829e-07 2.9812172215315513e-06 2.9642749268532498e-06
30.320155306199794 0.0075844656676054 3.0323186588640874e-16 0.007536114193499088 0.04011028632521629 0.039963386952877045
30.63931061239958 0.014923444017767906 3.0642375072945896e-16 0.01482811663299799 0.07947131246328354 0.07918034493923187
30.81509186239958 0.018843937665224075 3.0818174114170566e-16 0.01872328110039234 0.10077593475580215 0.10040660202503204
30.99087311239958 0.022675083950161934 3.0993973155395236e-16 0.022529520094394684 0.12180343270301819 0.12135651707649231
31.34243561239958 0.03007146157324314 3.1345568590866615e-16 0.02987746149301529 0.16302645206451416 0.1624271273612976
31.693998112399576 0.0371624231338501 3.1697166673315955e-16 0.036922212690114975 0.2032839059829712 0.2025373876094818
32.045560612399576 0.04393637925386429 3.2048764755765295e-16 0.043652355670928955 0.24252548813819885 0.24163752794265747
32.221341862399576 0.047205813229084015 3.2224563796989965e-16 0.046900857239961624 0.26176518201828003 0.26080894470214844
32.397123112399576 0.050382066518068314 3.2400362838214635e-16 0.0500568151473999 0.2806994616985321 0.2796764373779297
32.572904362399576 0.05345769599080086 3.2576161879439305e-16 0.05311278998851776 0.29930123686790466 0.2982128858566284
32.924466862399576 0.059307269752025604 3.2927759961888644e-16 0.058925095945596695 0.3354947566986084 0.33428066968917847
33.276029362399576 0.06477708369493484 3.3279358044337984e-16 0.0643606185913086 0.3703952133655548 0.3690630793571472
33.451810612399576 0.06736385822296143 3.3455157085562654e-16 0.06693141162395477 0.387331485748291 0.38594338297843933
33.627591862399576 0.06984619796276093 3.3630953479809364e-16 0.06939855962991714 0.40389975905418396 0.4024577736854553
33.97915436239957 0.0745270848274231 3.3982551562258703e-16 0.07405159622430801 0.436021089553833 0.4344784617424011
34.33071686239957 0.07887579500675201 3.4334149644708043e-16 0.07837606221437454 0.4669288992881775 0.4652966260910034
34.50649811239957 0.08092310279607773 3.4509948685932713e-16 0.08041541278362274 0.4819086790084839 0.4802466630935669
34.68227936239957 0.08287860453128815 3.4685747727157383e-16 0.08237207680940628 0.4965394139289856 0.4948824346065521
34.85806061239957 0.08474235236644745 3.4861546768382053e-16 0.08424566686153412 0.5108165144920349 0.5091980695724487
35.20962311239957 0.08820962905883789 3.521314485083139e-16 0.0877377837896347 0.538345456123352 0.5368258953094482
35.56118561239957 0.09130340814590454 3.556474293328073e-16 0.09085550159215927 0.5643575191497803 0.5629368424415588
35.91274811239957 0.0940278172492981 3.591633836875211e-16 0.09359804540872574 0.5888080596923828 0.5874646902084351
36.44009186239957 0.09751006215810776 3.644373549242612e-16 0.09708225727081299 0.6227980852127075 0.6214655041694641
36.79165436239957 0.09945098310709 3.679533357487546e-16 0.09904512763023376 0.6436631679534912 0.6424373388290405
36.96743561239957 0.10030476748943329 3.697113261610013e-16 0.09990908205509186 0.6535152196884155 0.6523412466049194
37.14321686239956 0.10108550637960434 3.71469316573248e-16 0.10069947689771652 0.6629871129989624 0.6618640422821045
37.31899811239956 0.10179650783538818 3.732273069854947e-16 0.1014196053147316 0.6720844507217407 0.6710113286972046
37.67056061239956 0.10304215550422668 3.767432878099881e-16 0.10268200933933258 0.6892883777618408 0.6883115172386169
38.02212311239956 0.10408025979995728 3.802592421647019e-16 0.10373489558696747 0.7052533030509949 0.7043677568435669
38.19790436239956 0.10452830791473389 3.820172325769486e-16 0.10418961197137833 0.712784469127655 0.7119425535202026
38.37368561239956 0.1049327626824379 3.837752229891953e-16 0.10460025072097778 0.7200230956077576 0.7192234396934509
38.54946686239956 0.10529644787311554 3.85533213401442e-16 0.10496965795755386 0.7269761562347412 0.7262172698974609
38.98891998739956 0.10603012889623642 3.8992817619716894e-16 0.10571552813053131 0.7430322766304016 0.742368757724762
39.42837311239956 0.10654522478580475 3.943231654626755e-16 0.10623998939990997 0.7572476863861084 0.7566694617271423
39.77993561239956 0.10684558749198914 3.978391462871689e-16 0.10654620826244354 0.7675320506095886 0.7670153379440308
39.95571686239956 0.10696537792682648 3.995971366994156e-16 0.10666842758655548 0.7723361253738403 0.7718479633331299
40.13149811239956 0.1070663332939148 4.013551006418827e-16 0.10677151381969452 0.7769086956977844 0.776447594165802
40.30727936239956 0.10715221613645554 4.031130910541294e-16 0.10685927420854568 0.7812821269035339 0.7808465957641602
40.483060612399555 0.10722480714321136 4.048710814663761e-16 0.10693350434303284 0.7854626178741455 0.7850514054298401
40.834623112399555 0.10733163356781006 4.083870622908695e-16 0.10704289376735687 0.793196976184845 0.7928304672241211
41.186185612399555 0.10740560293197632 4.1190304311536287e-16 0.10711877048015594 0.8003175258636475 0.7999908924102783
41.713529362399555 0.1074737161397934 4.1717701435210297e-16 0.10718736797571182 0.8099491596221924 0.8096256852149963
42.240873112399555 0.10750459134578705 4.2245095911906346e-16 0.1072181761264801 0.8183254599571228 0.8180124759674072
42.416654362399555 0.10750950872898102 4.2420894953131016e-16 0.10722334682941437 0.8208511471748352 0.8205550909042358
42.592435612399555 0.10751284658908844 4.2596693994355686e-16 0.1072268858551979 0.8232612013816833 0.8229811191558838
42.768216862399555 0.10751492530107498 4.2772493035580356e-16 0.10722911357879639 0.8255512118339539 0.8252860307693481
43.119779362399555 0.10751669853925705 4.3124091118029696e-16 0.1072310283780098 0.8297969102859497 0.8295589089393616
43.64712311239955 0.10751726478338242 4.3651488241703705e-16 0.10723166912794113 0.8356147408485413 0.835411787033081
44.17446686239955 0.1075172945857048 4.4178885365377715e-16 0.10723171383142471 0.8408033847808838 0.8406299352645874
44.70181061239955 0.1075172945857048 4.470628248905172e-16 0.10723171383142471 0.845341145992279 0.8451920747756958
45.14126373739955 0.1075172945857048 4.514577612164646e-16 0.10723171383142471 0.8486963510513306 0.8485643863677979
45.58071686239955 0.1075172945857048 4.558527504819711e-16 0.10723171383142471 0.8517319560050964 0.851614773273468
45.75649811239955 0.1075172945857048 4.576107144244382e-16 0.10723171383142471 0.8528900742530823 0.8527782559394836
45.93227936239955 0.1075172945857048 4.593687313064645e-16 0.10723171383142471 0.8540042638778687 0.8538975715637207
46.10806061239955 0.1075172945857048 4.611266952489316e-16 0.10723171383142471 0.8550707101821899 0.854968786239624
46.45962311239955 0.1075172945857048 4.64642676073425e-16 0.10723171383142471 0.8570734262466431 0.8569803237915039
46.98696686239954 0.1075172945857048 4.699166737799447e-16 0.10723171383142471 0.8598681688308716 0.8597866296768188
47.86587311239954 0.1075172945857048 4.787065993713986e-16 0.10723171383142471 0.8640589118003845 0.863993227481842
48.74477936239954 0.1075172945857048 4.874965249628525e-16 0.10723171383142471 0.8676308989524841 0.8675775527954102
49.71157623739954 0.1075172945857048 4.9716545899531955e-16 0.10723171383142471 0.8710460066795349 0.8710031509399414
50.678373112399534 0.1075172945857048 5.068343930277866e-16 0.10723171383142471 0.873904824256897 0.8738700151443481
51.381498112399534 0.1075172945857048 5.138663546767734e-16 0.10723171383142471 0.8757401704788208 0.8757100105285645
51.557279362399534 0.1075172945857048 5.156243715587997e-16 0.10723171383142471 0.8761674761772156 0.87613844871521
51.733060612399534 0.1075172945857048 5.173823355012668e-16 0.10723171383142471 0.8765822649002075 0.8765541911125183
51.908841862399534 0.1075172945857048 5.191403523832931e-16 0.10723171383142471 0.8769849538803101 0.876957893371582
52.084623112399534 0.1075172945857048 5.208983163257602e-16 0.10723171383142471 0.877376139163971 0.8773499727249146
53.49087311239953 0.1075172945857048 5.349622396237338e-16 0.10723171383142471 0.8801463842391968 0.8801263570785522
53.84243561239953 0.1075172945857048 5.384782204482272e-16 0.10723171383142471 0.8807862997055054 0.8807675838470459
54.72134186239953 0.1075172945857048 5.472681460396811e-16 0.10723171383142471 0.8822908401489258 0.8822709321975708
55.60024811239953 0.1075172945857048 5.56058071631135e-16 0.10723171383142471 0.8836610317230225 0.8836364150047302
56.39126373739953 0.1075172945857048 5.639690417211349e-16 0.10723171383142471 0.8847712874412537 0.8847495913505554
57.18227936239952 0.1075172945857048 5.718799588715756e-16 0.10723171383142471 0.885773777961731 0.8857545852661133
57.35806061239952 0.1075172945857048 5.736379757536019e-16 0.10723171383142471 0.8859834671020508 0.8859647512435913
57.53384186239952 0.1075172945857048 5.75395939696069e-16 0.10723171383142471 0.886188805103302 0.8861705660820007
57.70962311239952 0.1075172945857048 5.771539565780953e-16 0.10723171383142471 0.8863898515701294 0.8863720893859863
58.23696686239952 0.1075172945857048 5.824279013450558e-16 0.10723171383142471 0.8869684934616089 0.8869521021842957
58.76431061239952 0.1075172945857048 5.877018461120163e-16 0.10723171383142471 0.8875131607055664 0.8874979615211487
59.11587311239952 0.1075172945857048 5.912178269365097e-16 0.10723171383142471 0.8878704309463501 0.8878559470176697
59.557936556199756 0.1075172945857048 5.956389154047035e-16 0.10723171383142471 0.8883286118507385 0.8883151412010193
59.99999999999999 0.1075172945857048 6.000600038728974e-16 0.10723171383142471 0.888768196105957 0.8887555599212646
60.000099999999996 0.1075172945857048 6.000610097245222e-16 0.10723171383142471 0.8887682557106018 0.8887552618980408
60.000299999999996 0.1075172945857048 6.00063021427772e-16 0.10723140090703964 0.8887683153152466 0.8887549638748169
60.000699999999995 0.1075172945857048 6.000669918947122e-16 0.10722754895687103 0.8887683749198914 0.8887548446655273
60.001000000000005 0.1075172945857048 6.000700094495868e-16 0.10722042620182037 0.8887683749198914 0.8887548446655273
60.02133605488156 0.1075172945857048 6.482903700089082e-05 0.10442578792572021 0.8887683749198914 0.8887548446655273
60.04167210976312 0.1075172945857048 0.00012964084453415126 0.10164465755224228 0.8887683749198914 0.8887548446655273
60.16371823546987 0.1075172945857048 0.0005182379973120987 0.08530528843402863 0.8887683749198914 0.8887548446655273
60.32644640307888 0.1075172945857048 0.00103564013261348 0.0646650418639183 0.8887683749198914 0.8887548446655273
60.50222765307888 0.1075172945857048 0.0015939389122650027 0.04428146034479141 0.8887683749198914 0.8887548446655273
60.67800890307888 0.1075172945857048 0.0021517558488994837 0.026696812361478806 0.8887683749198914 0.8887548446655273
60.85379015307888 0.1075172945857048 0.0027091933880001307 0.012358054518699646 0.8887683749198914 0.8887548446655273
61.02957140307888 0.1075172945857048 0.003266385290771723 0.0012817784445360303 0.8887683749198914 0.8887548446655273
61.06782043318882 0.1075172945857048 0.0033876688685268164 0.0001240713900187984 0.8887683749198914 0.8887548446655273
61.10539560655638 0.1075172945857048 0.0035068977158516645 -3.3386712061656e-08 0.8887683749198914 0.8887548446655273
65.69319661917683 0.1075172945857048 0.017916353419423103 -3.3386712061656e-08 0.8887683749198914 0.8887548446655273
70.28099763179728 0.1075172945857048 0.03207514435052872 -3.3386712061656e-08 0.8887683749198914 0.8887548446655273
70.45677888179728 0.1075172945857048 0.03261268883943558 -3.3386712061656e-08 0.8887683749198914 0.8887548446655273
70.63256013179728 0.1075172945857048 0.03314987197518349 -3.3386712061656e-08 0.8887683749198914 0.8887548446655273
70.80834138179728 0.1075172945857048 0.03368668630719185 -3.3386712061656e-08 0.8887683749198914 0.8887548446655273
80.12474763179726 0.1075172945857048 0.061615362763404846 -3.3386712061656e-08 0.8887683749198914 0.8887548446655273
89.44115388179723 0.1075172945857048 0.08852100372314453 -3.3386712061656e-08 0.8887683749198914 0.8887548446655273
89.79271638179723 0.1075172945857048 0.08951634168624878 -3.3386712061656e-08 0.8887683749198914 0.8887548446655273
89.99999999999999 0.1075172945857048 0.09010271728038788 -3.3414707445444947e-08 0.8887683749198914 0.8887548446655273
90.0003 0.1075172945857048 0.09010478854179382 -3.335339471277621e-08 0.8887683749198914 0.8887548446655273
90.00047291634027 0.1075172945857048 0.09010446816682816 -1.613243938436426e-08 0.8887683749198914 0.8887548446655273
90.00081874902084 0.1075172945857048 0.09009728580713272 6.99208513310623e-08 0.8887683749198914 0.8887548446655273
90.001 0.1075172945857048 0.09009166061878204 1.2402497873154061e-07 0.8887683749198914 0.8887548446655273
90.24452789400623 0.1075172945857048 0.09009166061878204 1.2402497873154061e-07 0.8887683749198914 0.8889786601066589
90.48805578801245 0.1075172945857048 0.09009166061878204 1.2402497873154061e-07 0.8887683749198914 0.8891995549201965
91.01539953801245 0.1075172945857048 0.09009166061878204 1.2402497873154061e-07 0.8887683749198914 0.8896618485450745
91.54274328801245 0.1075172945857048 0.09009166061878204 1.2402497873154061e-07 0.8887683749198914 0.8900995254516602
93.47633703801245 0.1075172945857048 0.09009166061878204 1.2402497873154061e-07 0.8887683749198914 0.8915242552757263
94.00368078801245 0.1075172945857048 0.09009166061878204 1.2402497873154061e-07 0.8887683749198914 0.8918704390525818
94.70680578801245 0.1075172945857048 0.09009166061878204 1.2402497873154061e-07 0.8887683749198914 0.892318606376648
95.40993078801245 0.1075172945857048 0.09009166061878204 1.2402497873154061e-07 0.8887683749198914 0.8927794694900513
96.02516516301243 0.1075172945857048 0.09009166061878204 1.2402497873154061e-07 0.8887683749198914 0.8931629657745361
96.64039953801245 0.1075172945857048 0.09009166061878204 1.2402497873154061e-07 0.8887683749198914 0.893526554107666
97.25563391301245 0.1075172945857048 0.09009166061878204 1.2402497873154061e-07 0.8887683749198914 0.8938717842102051
97.87086828801243 0.1075172945857048 0.09009166061878204 1.2402497873154061e-07 0.8887683749198914 0.894201934337616
98.39821203801243 0.1075172945857048 0.09009166061878204 1.2402497873154061e-07 0.8887683749198914 0.894500195980072
98.92555578801243 0.1075172945857048 0.09009166061878204 1.2402497873154061e-07 0.8887683749198914 0.8947932124137878
99.45289953801243 0.1075172945857048 0.09009166061878204 1.2402497873154061e-07 0.8887683749198914 0.8950738310813904
100.24391516301243 0.1075172945857048 0.09009166061878204 1.2402497873154061e-07 0.8887683749198914 0.8954732418060303
101.03493078801243 0.1075172945857048 0.09009166061878204 1.2402497873154061e-07 0.8887683749198914 0.8958489894866943
101.56227453801243 0.1075172945857048 0.09009166061878204 1.2402497873154061e-07 0.8887683749198914 0.8960873484611511
102.26539953801243 0.1075172945857048 0.09009166061878204 1.2402497873154061e-07 0.8887683749198914 0.8963912129402161
102.96852453801243 0.1075172945857048 0.09009166061878204 1.2402497873154061e-07 0.8887683749198914 0.8966802358627319
104.55055578801242 0.1075172945857048 0.09009166061878204 1.2402497873154061e-07 0.8887683749198914 0.8972819447517395
105.07789953801242 0.1075172945857048 0.09009166061878204 1.2402497873154061e-07 0.8887683749198914 0.8974689245223999
107.01149328801242 0.1075172945857048 0.09009166061878204 1.2402497873154061e-07 0.8887683749198914 0.8981038928031921
107.36305578801242 0.1075172945857048 0.09009166061878204 1.2402497873154061e-07 0.8887683749198914 0.8982126712799072
107.89039953801242 0.1075172945857048 0.09009166061878204 1.2402497873154061e-07 0.8887683749198914 0.8983911275863647
108.85719641301242 0.1075172945857048 0.09009166061878204 1.2402497873154061e-07 0.8887683749198914 0.8987134099006653
109.8239932880124 0.1075172945857048 0.09009166061878204 1.2402497873154061e-07 0.8887683749198914 0.8990169763565063
111.9333682880124 0.1075172945857048 0.09009166061878204 1.2402497873154061e-07 0.8887683749198914 0.8996222615242004
112.2849307880124 0.1075172945857048 0.09009166061878204 1.2402497873154061e-07 0.8887683749198914 0.8997162580490112
112.8122745380124 0.1075172945857048 0.09009166061878204 1.2402497873154061e-07 0.8887683749198914 0.8998539447784424
114.9216495380124 0.1075172945857048 0.09009166061878204 1.2402497873154061e-07 0.8887683749198914 0.9003674983978271
115.4489932880124 0.1075172945857048 0.09009166061878204 1.2402497873154061e-07 0.8887683749198914 0.9004874229431152
118.43727453801239 0.1075172945857048 0.09009166061878204 1.2402497873154061e-07 0.8887683749198914 0.9011114239692688
118.96461828801239 0.1075172945857048 0.09009166061878204 1.2402497873154061e-07 0.8887683749198914 0.901212751865387
119.99999999999999 0.1075172945857048 0.09009166061878204 1.2402497873154061e-07 0.8887683749198914 0.9014049172401428
120.0001 0.1075172945857048 0.09009166061878204 1.2402497873154061e-07 0.8887683749198914 0.9014049768447876
120.0003 0.1075172945857048 0.09009166061878204 1.2402497873154061e-07 0.8887683749198914 0.9014049768447876
120.0007 0.1075126901268959 0.09009166061878204 1.2402497873154061e-07 0.8887683749198914 0.9014049768447876
120.001 0.10750117897987366 0.09009166061878204 1.2402497873154061e-07 0.8887683749198914 0.9014049768447876
120.18816898194915 0.0823800191283226 0.09009166061878204 0.0002444344572722912 0.8887683749198914 0.9014049768447876
120.37533796389826 0.058965712785720825 0.09009166061878204 0.0004884314257651567 0.8887683749198914 0.9014049768447876
120.55111921389826 0.03923282027244568 0.09009166061878204 0.0007174316560849547 0.8887683749198914 0.9014049768447876
120.72690046389826 0.022499283775687218 0.09009166061878204 0.0009463253663852811 0.8887683749198914 0.9014049768447876
120.90268171389826 0.008822323754429817 0.09009166061878204 0.0011751576093956828 0.8887683749198914 0.9014049768447876
121.02616931531529 0.0012658496852964163 0.09009166061878204 0.0013359091244637966 0.8887683749198914 0.9014049768447876
121.059416237936 6.528436642838642e-05 0.09009166061878204 0.0013792042154818773 0.8887683749198914 0.9014049768447876
121.0660994522886 -3.3386726272510714e-08 0.09009166061878204 0.0013879121979698539 0.8887683749198914 0.9014049768447876
128.70237495232777 -3.3386726272510714e-08 0.09009166061878204 0.011248442344367504 0.8887683749198914 0.9014049768447876
136.33865045236698 -3.3386726272510714e-08 0.09009166061878204 0.020957384258508682 0.8887683749198914 0.9014049768447876
136.51443170236698 -3.3386726272510714e-08 0.09009166061878204 0.02117910608649254 0.8887683749198914 0.9014049768447876
136.690212952367 -3.3386726272510714e-08 0.09009166061878204 0.021400749683380127 0.8887683749198914 0.9014049768447876
136.865994202367 -3.3386726272510714e-08 0.09009166061878204 0.02162231132388115 0.8887683749198914 0.9014049768447876
150.0 -3.339441079219796e-08 0.09009166061878204 0.037953026592731476 0.8887683749198914 0.9014049768447876
150.0001 -3.3367797414030065e-08 0.09009166061878204 0.03795425593852997 0.8887683749198914 0.9014049768447876
150.0003 -3.334400133780946e-08 0.09009166061878204 0.0379602387547493 0.8887677788734436 0.9014049172401428
150.0007 -3.333095932589458e-08 0.09009166061878204 0.037978772073984146 0.8887642621994019 0.9014045000076294
150.00082296339596 -3.061218833977364e-08 0.09009166061878204 0.03798476606607437 0.8887621760368347 0.9014039039611816
150.00089395649746 3.017381189351909e-08 0.09009166061878204 0.03798770159482956 0.8887603878974915 0.9014031887054443
150.0009296903967 6.067183022651079e-08 0.09009166061878204 0.037988901138305664 0.8887593746185303 0.9014025330543518
150.00095176390843 3.610895404904113e-08 0.09009166061878204 0.03798955678939819 0.8887587189674377 0.9014020562171936
150.00096458009506 1.848045485530747e-07 0.09009166061878204 0.03798991069197655 0.8887583017349243 0.901401698589325
150.00097461767876 6.194064781084307e-07 0.09009166061878204 0.03799017518758774 0.8887579441070557 0.9014014601707458
150.00098578024955 1.4441645816987148e-06 0.09009166061878204 0.03799045830965042 0.888757586479187 0.9014011025428772
150.0009982606018 2.6239965791319264e-06 0.09009166061878204 0.037990763783454895 0.8887571096420288 0.9014006853103638
150.001 2.8180613753647776e-06 0.09009166061878204 0.03799080476164818 0.888757050037384 0.901400625705719
150.03716163518658 0.004523844458162785 0.09009166061878204 0.03884236142039299 0.8874510526657104 0.9000946283340454
150.07332327037315 0.00902883056551218 0.09009166061878204 0.039688654243946075 0.8861280679702759 0.8987715840339661
150.14564788122277 0.017996005713939667 0.09009166061878204 0.04136721044778824 0.8834125995635986 0.8960561156272888
150.29029710292207 0.03580516204237938 0.09009166061878204 0.04468346759676933 0.8777621388435364 0.8904056549072266
150.4660783529221 0.057241469621658325 0.09009166061878204 0.04864659160375595 0.8705472946166992 0.8831908106803894
150.8176408529221 0.09938964992761612 0.09009166061878204 0.0563388355076313 0.85481196641922 0.8674554824829102
150.99342210292212 0.12010394781827927 0.09009166061878204 0.060069676488637924 0.84621262550354 0.858856201171875
151.16920335292212 0.14055135846138 0.09009166061878204 0.06371572613716125 0.8371303081512451 0.8497738242149353
151.34498460292215 0.16072697937488556 0.09009166061878204 0.06727595627307892 0.8275772333145142 0.8402208089828491
151.52076585292215 0.18066787719726562 0.09009166061878204 0.07076247036457062 0.8175375461578369 0.8301810622215271
151.69654710292218 0.20041030645370483 0.09009166061878204 0.07418706268072128 0.8069894313812256 0.8196329474449158
151.87232835292218 0.2199370265007019 0.09009166061878204 0.07754482328891754 0.7959165573120117 0.8085601329803467
152.0481096029222 0.23920994997024536 0.09009166061878204 0.08082444220781326 0.7843254804611206 0.7969689965248108
152.2238908529222 0.2582019567489624 0.09009166061878204 0.08401820063591003 0.7722470164299011 0.7848905324935913
152.39967210292224 0.27689674496650696 0.09009166061878204 0.08712181448936462 0.7597150802612305 0.7723586559295654
152.57545335292224 0.29529935121536255 0.09009166061878204 0.0901375263929367 0.7467437982559204 0.7593873143196106
152.75123460292227 0.3134036362171173 0.09009166061878204 0.09306438267230988 0.7333147525787354 0.7459582090377808
152.92701585292227 0.33119305968284607 0.09009166061878204 0.09589826315641403 0.7194083333015442 0.7320518493652344
153.1027971029223 0.3486727774143219 0.09009166061878204 0.09864157438278198 0.7050526142120361 0.7176961898803711
153.2785783529223 0.36583682894706726 0.09009166061878204 0.10129358619451523 0.6902985572814941 0.7029420733451843
153.4543596029223 0.382668673992157 0.09009166061878204 0.10385051369667053 0.6751509308815002 0.6877944469451904
153.63014085292232 0.39917391538619995 0.09009166061878204 0.10631495714187622 0.659582257270813 0.672225832939148
153.80592210292232 0.41535770893096924 0.09009166061878204 0.10868947207927704 0.6435900926589966 0.6562336087226868
153.98170335292235 0.4312143325805664 0.09009166061878204 0.11097358167171478 0.6271926164627075 0.6398361325263977
154.15748460292235 0.44673848152160645 0.09009166061878204 0.113166943192482 0.6104175448417664 0.6230610609054565
154.33326585292238 0.4619249999523163 0.09009166061878204 0.11526936292648315 0.5932924151420593 0.6059359312057495
154.50904710292238 0.47676903009414673 0.09009166061878204 0.11728081107139587 0.5758343935012817 0.5884779095649719
154.8606096029224 0.505411684513092 0.09009166061878204 0.1210315003991127 0.5400569438934326 0.5527004599571228
155.03639085292244 0.5192022919654846 0.09009166061878204 0.12277155369520187 0.5217685699462891 0.5344120860099792
155.21217210292244 0.5326344966888428 0.09009166061878204 0.12442225962877274 0.5031910538673401 0.5158345699310303
155.38795335292247 0.5457053780555725 0.09009166061878204 0.12598451972007751 0.4843158721923828 0.496959388256073
155.56373460292247 0.5584126710891724 0.09009166061878204 0.12745946645736694 0.4651603698730469 0.47780391573905945
155.73951585292247 0.5707651972770691 0.09009166061878204 0.1288507878780365 0.44574618339538574 0.4583896994590759
156.0910783529225 0.594420313835144 0.09009166061878204 0.13139304518699646 0.40615391731262207 0.4187973737716675
156.26685960292252 0.6057001948356628 0.09009166061878204 0.13254240155220032 0.3859904706478119 0.3986339271068573
156.44264085292252 0.6166124939918518 0.09009166061878204 0.13361263275146484 0.36562079191207886 0.3782641291618347
156.79420335292255 0.6373822093009949 0.09009166061878204 0.13553354144096375 0.3243401348590851 0.33698296546936035
157.14576585292258 0.6567552089691162 0.09009166061878204 0.13717712461948395 0.2823841869831085 0.29502519965171814
157.3215471029226 0.6659425497055054 0.09009166061878204 0.13790442049503326 0.2611694633960724 0.27380824089050293
157.4973283529226 0.674808144569397 0.09009166061878204 0.13857346773147583 0.23978444933891296 0.2524189352989197
157.67310960292264 0.6833364367485046 0.09009166061878204 0.13918349146842957 0.21823564171791077 0.2308618724346161
157.84889085292264 0.6915339231491089 0.09009166061878204 0.1397375464439392 0.19654220342636108 0.20915250480175018
158.02467210292264 0.699416995048523 0.09009166061878204 0.14024047553539276 0.17473414540290833 0.1873137503862381
158.20045335292266 0.7069825530052185 0.09009166061878204 0.14069390296936035 0.15286871790885925 0.1653892993927002
158.37623460292266 0.7142384052276611 0.09009166061878204 0.1411009132862091 0.13105477392673492 0.143463134765625
158.5520158529227 0.7212110757827759 0.09009166061878204 0.14146728813648224 0.10946477949619293 0.12166422605514526
158.7277971029227 0.7279073596000671 0.09009166061878204 0.14179590344429016 0.08836066722869873 0.10018597543239594
158.90357835292272 0.7343169450759888 0.09009166061878204 0.14208722114562988 0.06815403699874878 0.07935203611850739
159.07935960292272 0.7404496073722839 0.09009166061878204 0.1423441767692566 0.049417074769735336 0.059661854058504105
159.25514085292275 0.7463237643241882 0.09009166061878204 0.1425708532333374 0.032764144241809845 0.04173452779650688
159.43092210292275 0.751939594745636 0.09009166061878204 0.14276903867721558 0.018641773611307144 0.02613897994160652
159.60670335292278 0.7573274970054626 0.09009166061878204 0.14294326305389404 0.0069174449890851974 0.012917122803628445
159.7092819644228 0.7603757977485657 0.09009166061878204 0.14303532242774963 0.0013555356999859214 0.006307200528681278
159.74376316761945 0.7613799571990967 0.09009166061878204 0.14306427538394928 8.306097151944414e-05 0.0043216366320848465
159.75014212279757 0.7615638971328735 0.09009166061878204 0.14306946098804474 -3.3381358122142046e-08 0.003973348997533321
159.78557811034037 0.7625810503959656 0.09009166061878204 0.14309784770011902 -3.3381365227569404e-08 0.0021212699357420206
159.8210140978832 0.7635930776596069 0.09009166061878204 0.1431257426738739 -3.338137588571044e-08 0.0003519008168950677
159.8258854410835 0.7637315988540649 0.09009166061878204 0.14312952756881714 -3.338137588571044e-08 0.00011564132000785321
159.82824966113535 0.7637985348701477 0.09009166061878204 0.1431313455104828 -3.338137588571044e-08 1.2323770533839706e-05
159.8362953100603 0.7640252709388733 0.09009166061878204 0.1431373953819275 -3.338137588571044e-08 -7.207601811387576e-06
159.84434095898533 0.7642527222633362 0.09009166061878204 0.14314351975917816 -3.338137588571044e-08 -3.338137588571044e-08
159.95099456809436 0.7672131061553955 0.09009166061878204 0.1432199329137802 -3.338137588571044e-08 -3.338137588571044e-08
160.07288440707615 0.7704828977584839 0.09009166061878204 0.14329777657985687 -3.338137588571044e-08 -3.338137588571044e-08
160.24866565707617 0.7750341892242432 0.09009166061878204 0.1433970183134079 -3.338137588571044e-08 -3.338137588571044e-08
160.42444690707617 0.7793951034545898 0.09009166061878204 0.14348210394382477 -3.338137588571044e-08 -3.338137588571044e-08
160.60022815707617 0.7835623025894165 0.09009166061878204 0.1435537189245224 -3.338137588571044e-08 -3.338137588571044e-08
161.47913440707626 0.8017662167549133 0.09009166061878204 0.1437634825706482 -3.338137588571044e-08 -3.338137588571044e-08
161.8306969070763 0.807945728302002 0.09009166061878204 0.14380021393299103 -3.338137588571044e-08 -3.338137588571044e-08
162.35804065707632 0.8162738084793091 0.09009166061878204 0.1438296139240265 -3.338137588571044e-08 -3.338137588571044e-08
162.53382190707634 0.81881183385849 0.09009166061878204 0.14383471012115479 -3.338137588571044e-08 -3.338137588571044e-08
162.70960315707634 0.8212407231330872 0.09009166061878204 0.14383824169635773 -3.338137588571044e-08 -3.338137588571044e-08
162.88538440707634 0.8235664367675781 0.09009166061878204 0.14384061098098755 -3.338137588571044e-08 -3.338137588571044e-08
163.06116565707637 0.8257946968078613 0.09009166061878204 0.14384213089942932 -3.338137588571044e-08 -3.338137588571044e-08
163.23694690707637 0.8279256224632263 0.09009166061878204 0.14384303987026215 -3.338137588571044e-08 -3.338137588571044e-08
163.4127281570764 0.8299596905708313 0.09009166061878204 0.14384350180625916 -3.338137588571044e-08 -3.338137588571044e-08
163.5885094070764 0.8319079279899597 0.09009166061878204 0.14384371042251587 -3.338137588571044e-08 -3.338137588571044e-08
163.76429065707643 0.8337798118591309 0.09009166061878204 0.14384379982948303 -3.338137588571044e-08 -3.338137588571044e-08
163.94007190707643 0.8355791568756104 0.09009166061878204 0.14384382963180542 -3.338137588571044e-08 -3.338137588571044e-08
164.11585315707646 0.8373051285743713 0.09009166061878204 0.14384382963180542 -3.338137588571044e-08 -3.338137588571044e-08
164.29163440707646 0.8389573097229004 0.09009166061878204 0.14384382963180542 -3.338137588571044e-08 -3.338137588571044e-08
164.4674156570765 0.8405447602272034 0.09009166061878204 0.14384382963180542 -3.338137588571044e-08 -3.338137588571044e-08
164.81897815707651 0.8435512781143188 0.09009166061878204 0.14384382963180542 -3.338137588571044e-08 -3.338137588571044e-08
164.99475940707651 0.8449716567993164 0.09009166061878204 0.14384382963180542 -3.338137588571044e-08 -3.338137588571044e-08
165.17054065707651 0.8463351726531982 0.09009166061878204 0.14384382963180542 -3.338137588571044e-08 -3.338137588571044e-08
165.34632190707654 0.8476494550704956 0.09009166061878204 0.14384382963180542 -3.338137943842412e-08 -3.338137588571044e-08
165.52210315707654 0.8489168882369995 0.09009166061878204 0.14384382963180542 -3.338137943842412e-08 -3.338137943842412e-08
165.69788440707657 0.850135862827301 0.09009166061878204 0.14384382963180542 -3.338137943842412e-08 -3.338137943842412e-08
165.87366565707657 0.8513131141662598 0.09009166061878204 0.14384382963180542 -3.338137943842412e-08 -3.338137943842412e-08
166.0494469070766 0.8524506092071533 0.09009166061878204 0.14384382963180542 -3.338137943842412e-08 -3.338137943842412e-08
166.2252281570766 0.8535429835319519 0.09009166061878204 0.14384382963180542 -3.338137943842412e-08 -3.338137943842412e-08
166.40100940707663 0.8545930981636047 0.09009166061878204 0.14384382963180542 -3.338137943842412e-08 -3.338137943842412e-08
166.57679065707663 0.8556112051010132 0.09009166061878204 0.14384382963180542 -3.338137943842412e-08 -3.338137943842412e-08
166.75257190707666 0.8566001653671265 0.09009166061878204 0.14384382963180542 -3.338137943842412e-08 -3.338137943842412e-08
166.92835315707666 0.8575543761253357 0.09009166061878204 0.14384382963180542 -3.338137943842412e-08 -3.338137943842412e-08
167.10413440707669 0.8584733009338379 0.09009166061878204 0.14384382963180542 -3.338137943842412e-08 -3.338137943842412e-08
167.27991565707669 0.8593641519546509 0.09009166061878204 0.14384382963180542 -3.338137943842412e-08 -3.338137943842412e-08
167.6314781570767 0.8610647916793823 0.09009166061878204 0.14384382963180542 -3.338137943842412e-08 -3.338137943842412e-08
167.8072594070767 0.8618711829185486 0.09009166061878204 0.14384382963180542 -3.338137943842412e-08 -3.338137943842412e-08
167.98304065707674 0.8626548647880554 0.09009166061878204 0.14384382963180542 -3.338137943842412e-08 -3.338137943842412e-08
168.15882190707674 0.8634177446365356 0.09009166061878204 0.14384382963180542 -3.338137943842412e-08 -3.338137943842412e-08
168.6861656570768 0.8655653595924377 0.09009166061878204 0.14384382963180542 -3.338137943842412e-08 -3.338137943842412e-08
168.8619469070768 0.866243839263916 0.09009166061878204 0.14384382963180542 -3.338137943842412e-08 -3.338137943842412e-08
169.03772815707683 0.8669015169143677 0.09009166061878204 0.14384382963180542 -3.338137943842412e-08 -3.338137943842412e-08
169.21350940707683 0.8675365447998047 0.09009166061878204 0.14384382963180542 -3.338137943842412e-08 -3.338137943842412e-08
169.65296253207686 0.8690491914749146 0.09009166061878204 0.14384382963180542 -3.338137943842412e-08 -3.338137943842412e-08
170.09241565707688 0.8704650402069092 0.09009166061878204 0.14384382963180542 -3.338137943842412e-08 -3.338137943842412e-08
170.2681969070769 0.8709996938705444 0.09009166061878204 0.14384382963180542 -3.338137943842412e-08 -3.338137943842412e-08
170.4439781570769 0.8715193271636963 0.09009166061878204 0.14384382963180542 -3.338137943842412e-08 -3.338137943842412e-08
170.88343128207697 0.8727730512619019 0.09009166061878204 0.14384382963180542 -3.338137943842412e-08 -3.338137943842412e-08
171.322884407077 0.8739444017410278 0.09009166061878204 0.14384382963180542 -3.338137943842412e-08 -3.338137943842412e-08
171.498665657077 0.8743900060653687 0.09009166061878204 0.14384382963180542 -3.338137943842412e-08 -3.338137943842412e-08
171.67444690707703 0.8748281002044678 0.09009166061878204 0.14384382963180542 -3.338137943842412e-08 -3.338137943842412e-08
171.85022815707703 0.875259280204773 0.09009166061878204 0.14384382963180542 -3.338137943842412e-08 -3.338137943842412e-08
172.02600940707705 0.8756799697875977 0.09009166061878204 0.14384382963180542 -3.338137943842412e-08 -3.338137943842412e-08
172.20179065707705 0.8760886192321777 0.09009166061878204 0.14384382963180542 -3.338137943842412e-08 -3.338137943842412e-08
172.37757190707705 0.8764855265617371 0.09009166061878204 0.14384382963180542 -3.338137943842412e-08 -3.338137943842412e-08
172.72913440707708 0.8772480487823486 0.09009166061878204 0.14384382963180542 -3.338137943842412e-08 -3.338137943842412e-08
172.9049156570771 0.8776196241378784 0.09009166061878204 0.14384382963180542 -3.338137943842412e-08 -3.338137943842412e-08
173.0806969070771 0.8779863715171814 0.09009166061878204 0.14384382963180542 -3.338137943842412e-08 -3.338137943842412e-08
173.25647815707714 0.8783450722694397 0.09009166061878204 0.14384382963180542 -3.338137943842412e-08 -3.338137943842412e-08
174.48694690707723 0.8806241750717163 0.09009166061878204 0.14384382963180542 -3.338137943842412e-08 -3.338137943842412e-08
174.66272815707723 0.8809272646903992 0.09009166061878204 0.14384382963180542 -3.338137943842412e-08 -3.338137943842412e-08
174.83850940707725 0.8812228441238403 0.09009166061878204 0.14384382963180542 -3.338137943842412e-08 -3.338137943842412e-08
175.01429065707725 0.8815112113952637 0.09009166061878204 0.14384382963180542 -3.338137943842412e-08 -3.338137943842412e-08
176.7721031570774 0.8841039538383484 0.09009166061878204 0.14384382963180542 -3.338137943842412e-08 -3.338137943842412e-08
176.94788440707742 0.8843365907669067 0.09009166061878204 0.14384382963180542 -3.338137943842412e-08 -3.338137943842412e-08
177.29944690707742 0.8847866058349609 0.09009166061878204 0.14384382963180542 -3.338137943842412e-08 -3.338137943842412e-08
179.5846031570776 0.8873860836029053 0.09009166061878204 0.14384382963180542 -3.338137943842412e-08 -3.338137943842412e-08
179.76038440707762 0.8875608444213867 0.09009166061878204 0.14384382963180542 -3.338137943842412e-08 -3.338137943842412e-08
179.93616565707762 0.887732982635498 0.09009166061878204 0.14384382963180542 -3.338137943842412e-08 -3.338137943842412e-08
179.99999999999997 0.8877950310707092 0.09009166061878204 0.14384382963180542 -3.338137943842412e-08 -3.338137943842412e-08
