time a b c w1 w2
0.0 0.0 0.0 0.0 0.0 0.0
0.00022499999086100786 2.2502248991058203e-21 2.2502248991058203e-21 2.2502248991058203e-21 2.2502248991058203e-21 2.2502248991058203e-21
0.0004499999817220157 4.5004497982116405e-21 4.5004497982116405e-21 4.5004497982116405e-21 -5.5612185967390815e-09 -5.5612185967390815e-09
0.0008999999634440314 9.000899596423281e-21 9.000899596423281e-21 9.000899596423281e-21 -3.033930084939129e-08 -3.033930084939129e-08
0.001 1.0000999731091105e-20 1.0000999731091105e-20 1.0000999731091105e-20 -3.338046639100867e-08 -3.338046639100867e-08
29.999999999999996 3.000300019364487e-16 3.000300019364487e-16 3.000300019364487e-16 -3.338031717703416e-08 -3.338031717703416e-08
30.000099999999996 3.0003100778807355e-16 3.0003100778807355e-16 3.0003100778807355e-16 -3.3361402529408224e-08 -3.3361402529408224e-08
30.0003 3.0003299302154367e-16 3.0003299302154367e-16 3.0003299302154367e-16 -3.334271880817141e-08 -3.334271880817141e-08
30.0007 3.0003698995826353e-16 3.0003698995826353e-16 3.0003698995826353e-16 -3.333283515871699e-08 -3.333283515871699e-08
30.000822963453246 1.0082348289586207e-08 3.000382340379048e-16 9.905915199226456e-09 -3.079247079540437e-08 -3.0862590705282855e-08
30.000893956526333 5.4711048136368845e-08 3.0003894872195405e-16 5.389143709066957e-08 2.5980938289649202e-08 2.5309061513212328e-08
30.000929689739902 1.216687053329224e-07 3.000392928290889e-16 1.1991973281055834e-07 5.4481862576949425e-08 5.260223190362012e-08
30.000951758895617 1.967274698699839e-07 3.000395310571053e-16 1.9395844219616265e-07 3.202828935400248e-08 2.8523921002943098e-08
30.000964863983164 2.774064569166512e-07 3.000396369362237e-16 2.7374215960662696e-07 1.7591574419384415e-07 1.7054009049388696e-07
30.000975233219688 3.85794237445225e-07 3.000397428153421e-16 3.811586282154167e-07 6.016562679178605e-07 5.937693572377611e-07
30.000986756409773 5.537300467040041e-07 3.000398751642401e-16 5.477435820466781e-07 1.417640078216209e-06 1.4058686019779998e-06
30.001 7.832393293938367e-07 3.000400075131381e-16 7.754853186270338e-07 2.609939429021324e-06 2.592851160443388e-06
30.175110747639618 0.003638441674411297 3.0178126902467655e-16 0.00362009066157043 0.02033909410238266 0.02028130367398262
30.34922149527923 0.007214548997581005 3.035225570059946e-16 0.007195095997303724 0.0404808446764946 0.040419578552246094
30.525002745279235 0.010748501867055893 3.0528054741824128e-16 0.010729322209954262 0.06057284399867058 0.060512445867061615
30.876565245279235 0.017606226727366447 3.0879652824273467e-16 0.017587576061487198 0.1000848114490509 0.10002610832452774
31.22812774527923 0.024206047877669334 3.1231250906722807e-16 0.024187933653593063 0.13876254856586456 0.13870559632778168
31.75547149527923 0.033570948988199234 3.1758648030396817e-16 0.03355364874005318 0.19502590596675873 0.19497163593769073
32.28281524527923 0.04224642738699913 3.2286042507092866e-16 0.04222995042800903 0.24898186326026917 0.24893036484718323
32.63437774527923 0.04760003462433815 3.2637640589542206e-16 0.047584109008312225 0.2834818363189697 0.2834322452545166
33.16172149527923 0.055026981979608536 3.3165037713216215e-16 0.05501188337802887 0.33311453461647034 0.3330678939819336
33.513283995279224 0.05955319106578827 3.3516635795665555e-16 0.05953863635659218 0.3646743893623352 0.36462974548339844
33.689065245279224 0.06170438230037689 3.3692434836890225e-16 0.06169009953737259 0.38004347681999207 0.3799998164176941
33.864846495279224 0.06378446519374847 3.3868233878114895e-16 0.06377045065164566 0.395146906375885 0.3951042890548706
34.392190245279224 0.06957733631134033 3.4395628354810944e-16 0.06956413388252258 0.4387561082839966 0.4387165606021881
34.567971495279224 0.07135365903377533 3.4571427396035614e-16 0.07134071737527847 0.45269066095352173 0.4526521563529968
35.095315245279224 0.07622313499450684 3.5098824519709624e-16 0.07621095329523087 0.49265018105506897 0.4926147758960724
35.798440245279224 0.08163905888795853 3.5802020684608303e-16 0.08162783086299896 0.5413992404937744 0.5413679480552673
36.501565245279224 0.08590330183506012 3.650521420252902e-16 0.0858929231762886 0.5849590301513672 0.5849317312240601
36.85312774527922 0.08768156170845032 3.685681228497836e-16 0.08767157047986984 0.6050238013267517 0.6049984693527222
37.38047149527922 0.0898987203836441 3.738420940865237e-16 0.08988925069570541 0.632767915725708 0.6327453851699829
37.73203399527922 0.09110411256551743 3.773580749110171e-16 0.09109494090080261 0.649741530418396 0.6497207880020142
37.90781524527922 0.09163825213909149 3.791160653232638e-16 0.09162922948598862 0.657819390296936 0.6577995419502258
38.08359649527922 0.0921236053109169 3.808740557355105e-16 0.09211470931768417 0.665591835975647 0.6655728220939636
38.25937774527922 0.09256286174058914 3.826320461477572e-16 0.09255409240722656 0.6730663180351257 0.6730481386184692
38.43515899527922 0.09296689927577972 3.843900365600039e-16 0.0929582491517067 0.6803057193756104 0.6802883744239807
38.61094024527922 0.09334278106689453 3.86148000502471e-16 0.09333424270153046 0.6873493790626526 0.6873327493667603
38.78672149527922 0.09368684142827988 3.879059909147177e-16 0.09367839992046356 0.6941618919372559 0.6941460371017456
38.96250274527922 0.09399597346782684 3.896639813269644e-16 0.09398762881755829 0.7007126808166504 0.7006975412368774
39.13828399527922 0.0942748561501503 3.914219717392111e-16 0.09426659345626831 0.7070276141166687 0.7070131897926331
39.75351837027922 0.09502831101417542 3.9757492494718475e-16 0.09502030909061432 0.7272135019302368 0.7272012829780579
40.36875274527921 0.09549997001886368 4.03727904624938e-16 0.09549213945865631 0.7446157336235046 0.744605541229248
40.54453399527921 0.09559962153434753 4.054858950371847e-16 0.09559182822704315 0.749176025390625 0.7491662502288818
40.72031524527921 0.09568596631288528 4.072438854494314e-16 0.09567821025848389 0.7535587549209595 0.7535494565963745
40.89609649527921 0.09575943648815155 4.090018493918985e-16 0.09575171023607254 0.7577565908432007 0.7577477693557739
41.68711212027921 0.09597305208444595 4.1691279301211883e-16 0.0959654226899147 0.7746676802635193 0.7746607065200806
42.47812774527921 0.09606659412384033 4.2482376310211878e-16 0.09605901688337326 0.7889047861099243 0.7888991832733154
42.82969024527921 0.09608624130487442 4.2833974392661217e-16 0.09607867896556854 0.7944767475128174 0.7944717407226562
43.00547149527921 0.09609277546405792 4.3009770786907927e-16 0.09608521312475204 0.7971100211143494 0.7971052527427673
43.1812527452792 0.09609784185886383 4.3185569828132597e-16 0.09609028697013855 0.7996546626091003 0.7996501326560974
43.3570339952792 0.09610143303871155 4.3361368869357267e-16 0.09609387814998627 0.8020915389060974 0.8020872473716736
43.5328152452792 0.09610376507043839 4.3537167910581937e-16 0.0960962101817131 0.8044161796569824 0.8044121265411377
44.0601589952792 0.0961066335439682 4.4064565034255946e-16 0.09609908610582352 0.8108412623405457 0.8108377456665039
44.4117214952792 0.09610699862241745 4.441616311670529e-16 0.09609945118427277 0.8147006034851074 0.8146973848342896
45.5542996202792 0.09610704332590103 4.55588529141987e-16 0.09609948098659515 0.8255931735038757 0.8255907893180847
46.696877745279195 0.09610703587532043 4.670154800564803e-16 0.09609948098659515 0.8343106508255005 0.834308922290802
46.872658995279195 0.09610703587532043 4.687734439989474e-16 0.09609948098659515 0.8354758024215698 0.8354741334915161
47.048440245279195 0.09610703587532043 4.705314608809737e-16 0.09609948098659515 0.8365974426269531 0.8365958333015442
47.224221495279195 0.09610703587532043 4.722894248234408e-16 0.09609948098659515 0.8376796245574951 0.837678074836731
47.751565245279195 0.09610703587532043 4.775634225299605e-16 0.09609948098659515 0.8407754302024841 0.8407741189002991
48.630471495279195 0.09610703587532043 4.863533481214144e-16 0.09609948098659515 0.8453495502471924 0.8453484773635864
49.509377745279195 0.09610703587532043 4.951432737128683e-16 0.09609948098659515 0.8493016958236694 0.8493008017539978
49.86094024527919 0.09610703587532043 4.986592545373617e-16 0.09609948098659515 0.8507514595985413 0.8507506251335144
50.21250274527919 0.09610703587532043 5.021752353618551e-16 0.09609948098659515 0.8521600365638733 0.852159321308136
50.56406524527919 0.09610703587532043 5.056912161863485e-16 0.09609948098659515 0.8535056710243225 0.85350501537323
50.91562774527919 0.09610703587532043 5.092071970108419e-16 0.09609948098659515 0.8547676205635071 0.8547669649124146
51.53086212027919 0.09610703587532043 5.153601502188155e-16 0.09609948098659515 0.8567937016487122 0.8567931652069092
52.14609649527919 0.09610703587532043 5.215131034267892e-16 0.09609948098659515 0.8586748242378235 0.8586744070053101
52.76133087027919 0.09610703587532043 5.276660566347628e-16 0.09609948098659515 0.8604393601417542 0.8604389429092407
53.37656524527918 0.09610703587532043 5.338190098427365e-16 0.09609948098659515 0.8620374798774719 0.8620371222496033
53.55234649527918 0.09610703587532043 5.355770267247628e-16 0.09609948098659515 0.8624666929244995 0.8624663352966309
53.72812774527918 0.09610703587532043 5.373349906672299e-16 0.09609948098659515 0.862884521484375 0.8628841638565063
53.90390899527918 0.09610703587532043 5.390930075492562e-16 0.09609948098659515 0.8632915019989014 0.8632912039756775
54.25547149527918 0.09610703587532043 5.426089883737496e-16 0.09609948098659515 0.8640762567520142 0.8640759587287903
54.60703399527918 0.09610703587532043 5.46124969198243e-16 0.09609948098659515 0.8648397326469421 0.8648394346237183
56.101174620279174 0.09610703587532043 5.610678479976705e-16 0.09609948098659515 0.8677318692207336 0.8677316904067993
57.595315245279174 0.09610703587532043 5.76010726797098e-16 0.09609948098659515 0.8701121807098389 0.8701120615005493
58.122658995279174 0.09610703587532043 5.812847245036177e-16 0.09609948098659515 0.8709076642990112 0.8709075450897217
58.298440245279174 0.09610703587532043 5.830426884460848e-16 0.09609948098659515 0.8711663484573364 0.8711662292480469
58.474221495279174 0.09610703587532043 5.848007053281111e-16 0.09609948098659515 0.8714194297790527 0.8714193105697632
58.650002745279174 0.09610703587532043 5.865586692705782e-16 0.09609948098659515 0.871667206287384 0.8716671466827393
59.177346495279174 0.09610703587532043 5.918326669770979e-16 0.09609948098659515 0.8723816871643066 0.8723815679550171
59.58867324763958 0.09610703587532043 5.959462824854384e-16 0.09609948098659515 0.8729193806648254 0.8729192614555359
59.99999999999999 0.09610703587532043 6.000600038728974e-16 0.09609948098659515 0.8734468221664429 0.8734467625617981
60.000099999999996 0.09610703587532043 6.000610097245222e-16 0.09609948098659515 0.8734469413757324 0.8734464049339294
60.000299999999996 0.09610703587532043 6.00063021427772e-16 0.09609917551279068 0.8734470009803772 0.8734461069107056
60.000699999999995 0.09610703587532043 6.000669918947122e-16 0.09609542042016983 0.873447060585022 0.873445987701416
60.001000000000005 0.09610703587532043 6.000700094495868e-16 0.0960884839296341 0.873447060585022 0.873445987701416
60.2368269376155 0.09610703587532043 0.0008256841683760285 0.06587662547826767 0.873447060585022 0.873445987701416
60.47265387523098 0.09610703587532043 0.001649372512474656 0.039257921278476715 0.873447060585022 0.873445987701416
60.64843512523098 0.09610703587532043 0.002262585097923875 0.02268691547214985 0.873447060585022 0.873445987701416
60.82421637523098 0.09610703587532043 0.002875356702134013 0.00915873609483242 0.873447060585022 0.873445987701416
60.960179368712225 0.09610703587532043 0.0033491801004856825 0.001023684162646532 0.873447060585022 0.873445987701416
60.99212918130606 0.09610703587532043 0.003460576990619302 0.00010376676800660789 0.873447060585022 0.873445987701416
61.02330115128827 0.09610703587532043 0.0035693380050361156 -3.3386129416612675e-08 0.873447060585022 0.873445987701416
63.3047455495729 0.09610703587532043 0.011714455671608448 -3.3386129416612675e-08 0.873447060585022 0.873445987701416
65.58618994785752 0.09610703587532043 0.019812433049082756 -3.3386129416612675e-08 0.873447060585022 0.873445987701416
70.15650244785752 0.09610703587532043 0.0357741080224514 -3.3386129416612675e-08 0.873447060585022 0.873445987701416
71.6506430728575 0.09610703587532043 0.04091915115714073 -3.3386129416612675e-08 0.873447060585022 0.873445987701416
73.1447836978575 0.09610703587532043 0.04602818936109543 -3.3386129416612675e-08 0.873447060585022 0.873445987701416
77.62720557285749 0.09610703587532043 0.06113972142338753 -3.3386129416612675e-08 0.873447060585022 0.873445987701416
82.10962744785749 0.09610703587532043 0.0759289488196373 -3.3386129416612675e-08 0.873447060585022 0.873445987701416
82.28540869785749 0.09610703587532043 0.07650236785411835 -3.3386129416612675e-08 0.873447060585022 0.873445987701416
82.46118994785749 0.09610703587532043 0.0770753026008606 -3.3386129416612675e-08 0.873447060585022 0.873445987701416
82.63697119785749 0.09610703587532043 0.07764773070812225 -3.3386129416612675e-08 0.873447060585022 0.873445987701416
89.99999999999999 0.09610703587532043 0.1011844128370285 -3.341327570183239e-08 0.873447060585022 0.873445987701416
90.0003 0.09610703587532043 0.10118655860424042 -3.335318154995548e-08 0.873447060585022 0.873445987701416
90.00047384443637 0.09610703587532043 0.1011863499879837 -1.7025566734218955e-08 0.873447060585022 0.873445987701416
90.00082153330912 0.09610703587532043 0.10117961466312408 6.456167511714739e-08 0.873447060585022 0.873445987701416
90.001 0.09610703587532043 0.10117437690496445 1.1479970396521821e-07 0.873447060585022 0.873445987701416
90.0059990919282 0.09610703587532043 0.10117437690496445 1.1479970396521821e-07 0.873447060585022 0.8734518885612488
90.01099818385639 0.09610703587532043 0.10117437690496445 1.1479970396521821e-07 0.873447060585022 0.8734578490257263
90.0210355762769 0.09610703587532043 0.10117437690496445 1.1479970396521821e-07 0.873447060585022 0.8734696507453918
90.0812599308 0.09610703587532043 0.10117437690496445 1.1479970396521821e-07 0.873447060585022 0.8735401630401611
90.32215734889238 0.09610703587532043 0.10117437690496445 1.1479970396521821e-07 0.873447060585022 0.8738308548927307
90.49793859889238 0.09610703587532043 0.10117437690496445 1.1479970396521821e-07 0.873447060585022 0.8740411996841431
90.67371984889238 0.09610703587532043 0.10117437690496445 1.1479970396521821e-07 0.873447060585022 0.8742469549179077
90.84950109889238 0.09610703587532043 0.10117437690496445 1.1479970396521821e-07 0.873447060585022 0.8744486570358276
91.02528234889238 0.09610703587532043 0.10117437690496445 1.1479970396521821e-07 0.873447060585022 0.8746466636657715
91.72840734889238 0.09610703587532043 0.10117437690496445 1.1479970396521821e-07 0.873447060585022 0.8754032254219055
92.43153234889236 0.09610703587532043 0.10117437690496445 1.1479970396521821e-07 0.873447060585022 0.8761075735092163
92.95887609889236 0.09610703587532043 0.10117437690496445 1.1479970396521821e-07 0.873447060585022 0.8766047954559326
93.48621984889236 0.09610703587532043 0.10117437690496445 1.1479970396521821e-07 0.873447060585022 0.8770776391029358
94.01356359889236 0.09610703587532043 0.10117437690496445 1.1479970396521821e-07 0.873447060585022 0.8775278925895691
94.54090734889236 0.09610703587532043 0.10117437690496445 1.1479970396521821e-07 0.873447060585022 0.8779571652412415
95.06825109889236 0.09610703587532043 0.10117437690496445 1.1479970396521821e-07 0.873447060585022 0.8783912062644958
95.77137609889236 0.09610703587532043 0.10117437690496445 1.1479970396521821e-07 0.873447060585022 0.878970205783844
96.47450109889236 0.09610703587532043 0.10117437690496445 1.1479970396521821e-07 0.873447060585022 0.8795139789581299
97.26551672389235 0.09610703587532043 0.10117437690496445 1.1479970396521821e-07 0.873447060585022 0.880087673664093
98.05653234889236 0.09610703587532043 0.10117437690496445 1.1479970396521821e-07 0.873447060585022 0.8806247711181641
98.58387609889236 0.09610703587532043 0.10117437690496445 1.1479970396521821e-07 0.873447060585022 0.8809642791748047
99.37489172389235 0.09610703587532043 0.10117437690496445 1.1479970396521821e-07 0.873447060585022 0.881447970867157
100.16590734889235 0.09610703587532043 0.10117437690496445 1.1479970396521821e-07 0.873447060585022 0.8819034695625305
101.04481359889235 0.09610703587532043 0.10117437690496445 1.1479970396521821e-07 0.873447060585022 0.8823794722557068
101.92371984889235 0.09610703587532043 0.10117437690496445 1.1479970396521821e-07 0.873447060585022 0.8828266859054565
102.71473547389235 0.09610703587532043 0.10117437690496445 1.1479970396521821e-07 0.873447060585022 0.8832414150238037
103.50575109889235 0.09610703587532043 0.10117437690496445 1.1479970396521821e-07 0.873447060585022 0.8836537599563599
106.49403234889233 0.09610703587532043 0.10117437690496445 1.1479970396521821e-07 0.873447060585022 0.8850220441818237
107.02137609889233 0.09610703587532043 0.10117437690496445 1.1479970396521821e-07 0.873447060585022 0.8852628469467163
107.98817297389235 0.09610703587532043 0.10117437690496445 1.1479970396521821e-07 0.873447060585022 0.8856952786445618
108.95496984889233 0.09610703587532043 0.10117437690496445 1.1479970396521821e-07 0.873447060585022 0.886101484298706
109.83387609889233 0.09610703587532043 0.10117437690496445 1.1479970396521821e-07 0.873447060585022 0.886449933052063
110.71278234889233 0.09610703587532043 0.10117437690496445 1.1479970396521821e-07 0.873447060585022 0.8867802619934082
111.41590734889233 0.09610703587532043 0.10117437690496445 1.1479970396521821e-07 0.873447060585022 0.8870324492454529
112.11903234889232 0.09610703587532043 0.10117437690496445 1.1479970396521821e-07 0.873447060585022 0.8872746229171753
114.22840734889232 0.09610703587532043 0.10117437690496445 1.1479970396521821e-07 0.873447060585022 0.8879469037055969
114.75575109889232 0.09610703587532043 0.10117437690496445 1.1479970396521821e-07 0.873447060585022 0.8881033658981323
117.39246984889232 0.09610703587532043 0.10117437690496445 1.1479970396521821e-07 0.873447060585022 0.8888258934020996
117.74403234889232 0.09610703587532043 0.10117437690496445 1.1479970396521821e-07 0.873447060585022 0.8889153003692627
118.7987198488923 0.09610703587532043 0.10117437690496445 1.1479970396521821e-07 0.873447060585022 0.8891742825508118
119.8534073488923 0.09610703587532043 0.10117437690496445 1.1479970396521821e-07 0.873447060585022 0.8894491195678711
119.99999999999999 0.09610703587532043 0.10117437690496445 1.1479970396521821e-07 0.873447060585022 0.8894891142845154
120.0001 0.09610703587532043 0.10117437690496445 1.1479970396521821e-07 0.873447060585022 0.8894891142845154
120.0003 0.09610703587532043 0.10117437690496445 1.1479970396521821e-07 0.873447060585022 0.8894891142845154
120.0007 0.09610255062580109 0.10117437690496445 1.1479970396521821e-07 0.873447060585022 0.8894891142845154
120.001 0.09609133750200272 0.10117437690496445 1.1479970396521821e-07 0.873447060585022 0.8894891142845154
120.02459353225696 0.09293656796216965 0.10117437690496445 3.252178794355132e-05 0.873447060585022 0.8894891142845154
120.0481870645139 0.08980311453342438 0.10117437690496445 6.492096144938841e-05 0.873447060585022 0.8894891142845154
120.09539718084241 0.08360781520605087 0.10117437690496445 0.00012972750118933618 0.873447060585022 0.8894891142845154
120.18981741349944 0.07162275910377502 0.10117437690496445 0.00025924984947778285 0.873447060585022 0.8894891142845154
120.36559866349943 0.05079493671655655 0.10117437690496445 0.0005001665558665991 0.873447060585022 0.8894891142845154
120.54137991349943 0.032363034784793854 0.10117437690496445 0.0007408995879814029 0.873447060585022 0.8894891142845154
120.71716116349943 0.017039483413100243 0.10117437690496445 0.000981503282673657 0.873447060585022 0.8894891142845154
120.89294241349943 0.004489123821258545 0.10117437690496445 0.0012220460921525955 0.873447060585022 0.8894891142845154
120.96443430193824 0.0005400862428359687 0.10117437690496445 0.0013198937522247434 0.873447060585022 0.8894891142845154
120.98468549295507 2.978423799504526e-05 0.10117437690496445 0.0013476276071742177 0.873447060585022 0.8894891142845154
120.99698637067503 -3.3386164943749463e-08 0.10117437690496445 0.0013644819846376777 0.873447060585022 0.8894891142845154
125.67543801521516 -3.3386164943749463e-08 0.10117437690496445 0.0077296975068748 0.873447060585022 0.8894891142845154
125.85121926521518 -3.3386164943749463e-08 0.10117437690496445 0.007970456033945084 0.873447060585022 0.8894891142845154
126.02700051521519 -3.3386164943749463e-08 0.10117437690496445 0.008220067247748375 0.873447060585022 0.8894891142845154
126.2027817652152 -3.3386164943749463e-08 0.10117437690496445 0.008478720672428608 0.873447060585022 0.8894891142845154
128.13637551521535 -3.3386164943749463e-08 0.10117437690496445 0.011353162117302418 0.873447060585022 0.8894891142845154
128.31215676521538 -3.3386164943749463e-08 0.10117437690496445 0.011613810434937477 0.873447060585022 0.8894891142845154
128.48793801521538 -3.3386164943749463e-08 0.10117437690496445 0.011874346062541008 0.873447060585022 0.8894891142845154
128.6637192652154 -3.3386164943749463e-08 0.10117437690496445 0.012134769931435585 0.873447060585022 0.8894891142845154
137.62856301521606 -3.3386164943749463e-08 0.10117437690496445 0.02526821382343769 0.873447060585022 0.8894891142845154
146.59340676521674 -3.3386164943749463e-08 0.10117437690496445 0.0381130687892437 0.873447060585022 0.8894891142845154
146.76918801521674 -3.3386164943749463e-08 0.10117437690496445 0.038362063467502594 0.873447060585022 0.8894891142845154
146.94496926521677 -3.3386164943749463e-08 0.10117437690496445 0.038610950112342834 0.873447060585022 0.8894891142845154
147.12075051521677 -3.3386164943749463e-08 0.10117437690496445 0.03885972872376442 0.873447060585022 0.8894891142845154
150.0 -3.33486696035834e-08 0.10117437690496445 0.04291912540793419 0.873447060585022 0.8894891142845154
150.0001 -3.3352399952946143e-08 0.10117437690496445 0.04292036220431328 0.873447060585022 0.8894891142845154
150.0003 -3.3332725024592946e-08 0.10117437690496445 0.04292209446430206 0.873447060585022 0.8894891738891602
150.0007 -3.3274588417953055e-08 0.10117437690496445 0.042919330298900604 0.8734464645385742 0.8894892334938049
150.00082296384403 -3.18095381146577e-08 0.10117437690496445 0.04291876405477524 0.8734452128410339 0.8894888162612915
150.00089395684188 1.724460574337172e-08 0.10117437690496445 0.042920056730508804 0.873443603515625 0.8894880414009094
150.00092967751786 1.9270858331310592e-07 0.10117437690496445 0.04292113333940506 0.8734425902366638 0.8894873261451721
150.00095165848617 5.574326564783405e-07 0.10117437690496445 0.04292171075940132 0.8734418749809265 0.8894868493080139
150.00097175114337 1.299380983255105e-06 0.10117437690496445 0.04292219132184982 0.8734411597251892 0.8894862532615662
150.00098960946897 2.4366597699554404e-06 0.10117437690496445 0.04292259365320206 0.8734405636787415 0.8894857168197632
150.001 3.3617236567806685e-06 0.10117437690496445 0.042922813445329666 0.873440146446228 0.8894853591918945
150.01637429494008 0.0017823103116825223 0.10117437690496445 0.043238699436187744 0.8728697299957275 0.8889148831367493
150.03174858988018 0.003561874618753791 0.10117437690496445 0.04355478286743164 0.8722935318946838 0.8883387446403503
150.06249905661988 0.007117980159819126 0.10117437690496445 0.04418596252799034 0.8711360096931458 0.8871811628341675
150.1239999900993 0.014198794960975647 0.10117437690496445 0.045438434928655624 0.8687864542007446 0.8848316669464111
150.24700185705817 0.028255566954612732 0.10117437690496445 0.047910433262586594 0.8639310002326965 0.879976212978363
150.42278310705817 0.04816220700740814 0.10117437690496445 0.05138625577092171 0.8566726446151733 0.8727178573608398
150.5985643570582 0.06785465031862259 0.10117437690496445 0.05479539930820465 0.8490281105041504 0.8650733232498169
150.7743456070582 0.08731460571289062 0.10117437690496445 0.05813254415988922 0.8409568071365356 0.8570020198822021
150.9501268570582 0.10655329376459122 0.10117437690496445 0.06140158325433731 0.8324475288391113 0.8484927415847778
151.12590810705822 0.1255665272474289 0.10117437690496445 0.06460171937942505 0.8234835863113403 0.8395287394523621
151.30168935705822 0.14432893693447113 0.10117437690496445 0.06772570312023163 0.8140592575073242 0.8301044702529907
151.47747060705825 0.16283687949180603 0.10117437690496445 0.07077294588088989 0.8042076826095581 0.8202528953552246
151.65325185705825 0.1811079978942871 0.10117437690496445 0.07374925911426544 0.7939399480819702 0.8099851608276367
151.82903310705828 0.199137881398201 0.10117437690496445 0.07665394991636276 0.7832084894180298 0.7992537021636963
152.00481435705828 0.2169007956981659 0.10117437690496445 0.07947997748851776 0.7719839811325073 0.788029134273529
152.1805956070583 0.23439311981201172 0.10117437690496445 0.08222686499357224 0.760291337966919 0.7763364911079407
152.53215810705834 0.268615186214447 0.10117437690496445 0.08750023692846298 0.7356546521186829 0.7516998052597046
152.70793935705834 0.28532564640045166 0.10117437690496445 0.09002254903316498 0.722743034362793 0.7387881875038147
152.88372060705836 0.3017711639404297 0.10117437690496445 0.09247006475925446 0.7094030976295471 0.7254482507705688
153.23528310705836 0.3338400721549988 0.10117437690496445 0.09713630378246307 0.6814142465591431 0.6974594593048096
153.4110643570584 0.3494560718536377 0.10117437690496445 0.09935446083545685 0.6668060421943665 0.682851254940033
153.5868456070584 0.36480262875556946 0.10117437690496445 0.10149966180324554 0.6518394351005554 0.6678846478462219
153.76262685705842 0.37987571954727173 0.10117437690496445 0.10357164591550827 0.6365310549736023 0.6525762677192688
153.93840810705842 0.39466074109077454 0.10117437690496445 0.10556743294000626 0.6208609938621521 0.6369062066078186
154.11418935705845 0.4091436266899109 0.10117437690496445 0.10748425871133804 0.6048139333724976 0.6208590865135193
154.28997060705845 0.4233325123786926 0.10117437690496445 0.10932520031929016 0.5883945822715759 0.6044397354125977
154.46575185705848 0.4372352063655853 0.10117437690496445 0.11109329760074615 0.5716322064399719 0.5876773595809937
154.64153310705848 0.4508485794067383 0.10117437690496445 0.11278877407312393 0.554556131362915 0.5706012845039368
154.8173143570585 0.4641699492931366 0.10117437690496445 0.11441196501255035 0.5371712446212769 0.5532163977622986
154.9930956070585 0.4771967828273773 0.10117437690496445 0.11596334725618362 0.519490659236908 0.5355358719825745
155.16887685705854 0.48991620540618896 0.10117437690496445 0.11744102090597153 0.5015459060668945 0.517591118812561
155.34465810705854 0.5023161768913269 0.10117437690496445 0.11884333193302155 0.48335862159729004 0.49940380454063416
155.52043935705854 0.514406681060791 0.10117437690496445 0.12017390131950378 0.4649319052696228 0.48097705841064453
155.69622060705856 0.5261975526809692 0.10117437690496445 0.12143629789352417 0.44625067710876465 0.46229586005210876
155.87200185705856 0.5376877188682556 0.10117437690496445 0.12263157963752747 0.4273040294647217 0.4433491826057434
156.0477831070586 0.5488767623901367 0.10117437690496445 0.12376094609498978 0.40810683369636536 0.4241519570350647
156.2235643570586 0.5597750544548035 0.10117437690496445 0.12482786923646927 0.38867831230163574 0.4047233760356903
156.39934560705862 0.5703929662704468 0.10117437690496445 0.12583588063716888 0.3690204322338104 0.3850654065608978
156.57512685705862 0.5807201266288757 0.10117437690496445 0.12678414583206177 0.3491308093070984 0.36517560482025146
156.75090810705865 0.5907471179962158 0.10117437690496445 0.12767207622528076 0.3290151059627533 0.3450595736503601
156.92668935705865 0.6004759073257446 0.10117437690496445 0.1285015344619751 0.3086979389190674 0.32474175095558167
157.10247060705868 0.6099087595939636 0.10117437690496445 0.1292744278907776 0.28821858763694763 0.3042612373828888
157.27825185705868 0.6190482378005981 0.10117437690496445 0.1299927830696106 0.26758623123168945 0.2836267054080963
157.4540331070587 0.627907395362854 0.10117437690496445 0.13066038489341736 0.2467878758907318 0.26282423734664917
157.6298143570587 0.6364989280700684 0.10117437690496445 0.13128091394901276 0.22584189474582672 0.24187052249908447
157.80559560705873 0.6448156833648682 0.10117437690496445 0.13185462355613708 0.20477817952632904 0.22079217433929443
158.15715810705873 0.6606131792068481 0.10117437690496445 0.13286533951759338 0.16233952343463898 0.1782732903957367
158.33293935705876 0.6681133508682251 0.10117437690496445 0.13330839574337006 0.14103955030441284 0.15687419474124908
158.50872060705876 0.6753668189048767 0.10117437690496445 0.1337146908044815 0.11982172727584839 0.1354716718196869
158.6845018570588 0.6823686361312866 0.10117437690496445 0.13408495485782623 0.09888805449008942 0.11420270800590515
158.8602831070588 0.6891154050827026 0.10117437690496445 0.13442005217075348 0.07856876403093338 0.09330282360315323
159.03606435705882 0.6956139206886292 0.10117437690496445 0.13472235202789307 0.05934577435255051 0.07314783334732056
159.21184560705882 0.7018793821334839 0.10117437690496445 0.13499513268470764 0.04180923476815224 0.05426707863807678
159.38762685705885 0.7079265117645264 0.10117437690496445 0.13524150848388672 0.026508869603276253 0.037268172949552536
159.56340810705885 0.7137522101402283 0.10117437690496445 0.13546237349510193 0.013747401535511017 0.022645937278866768
159.73918935705888 0.7193898558616638 0.10117437690496445 0.13566233217716217 0.003237391822040081 0.010213031433522701
159.80441591246569 0.7214338779449463 0.10117437690496445 0.13573138415813446 0.00028378228307701647 0.006196814123541117
159.82010530615577 0.721919059753418 0.10117437690496445 0.13574731349945068 -3.3380292308038406e-08 0.005316275637596846
159.85512406945475 0.7229933142662048 0.10117437690496445 0.13578198850154877 -3.338030296617944e-08 0.0034643819089978933
159.88983683766864 0.7240467071533203 0.10117437690496445 0.13581518828868866 -3.338031362432048e-08 0.0017081547994166613
159.91881228153647 0.7249203324317932 0.10117437690496445 0.13584235310554504 -3.3380320729747837e-08 0.0002960315905511379
159.9241007833353 0.7250795364379883 0.10117437690496445 0.1358472853899002 -3.3380320729747837e-08 5.8358011301606894e-05
159.92621030744687 0.7251431345939636 0.10117437690496445 0.135849267244339 -3.3380324282461515e-08 -3.3380324282461515e-08
160.11931650467582 0.7307960391044617 0.10117437690496445 0.1360141485929489 -3.3380324282461515e-08 -3.3380324282461515e-08
160.31242270190475 0.736203670501709 0.10117437690496445 0.13615655899047852 -3.3380324282461515e-08 -3.3380324282461515e-08
160.66398520190478 0.7455236911773682 0.10117437690496445 0.13637205958366394 -3.3380324282461515e-08 -3.3380324282461515e-08
161.0155477019048 0.7541337609291077 0.10117437690496445 0.1365337073802948 -3.3380324282461515e-08 -3.3380324282461515e-08
161.36711020190484 0.7621220350265503 0.10117437690496445 0.13665451109409332 -3.3380324282461515e-08 -3.3380324282461515e-08
161.89445395190486 0.7729753851890564 0.10117437690496445 0.1367740035057068 -3.3380324282461515e-08 -3.3380324282461515e-08
162.2460164519049 0.779525637626648 0.10117437690496445 0.13682343065738678 -3.3380324282461515e-08 -3.3380324282461515e-08
162.4217977019049 0.7826129198074341 0.10117437690496445 0.13684144616127014 -3.3380324282461515e-08 -3.3380324282461515e-08
162.77336020190492 0.7884395122528076 0.10117437690496445 0.13686729967594147 -3.3380324282461515e-08 -3.3380324282461515e-08
162.94914145190495 0.7911891937255859 0.10117437690496445 0.1368762105703354 -3.3380324282461515e-08 -3.3380324282461515e-08
163.12492270190495 0.7938306331634521 0.10117437690496445 0.1368829756975174 -3.3380324282461515e-08 -3.3380324282461515e-08
163.30070395190498 0.796363353729248 0.10117437690496445 0.13688787817955017 -3.3380324282461515e-08 -3.3380324282461515e-08
163.47648520190498 0.798798680305481 0.10117437690496445 0.1368914097547531 -3.3380324282461515e-08 -3.3380324282461515e-08
163.652266451905 0.8011467456817627 0.10117437690496445 0.13689392805099487 -3.3380324282461515e-08 -3.3380324282461515e-08
163.828047701905 0.8034112453460693 0.10117437690496445 0.13689565658569336 -3.3380324282461515e-08 -3.3380324282461515e-08
164.00382895190504 0.8055906295776367 0.10117437690496445 0.1368967890739441 -3.3380324282461515e-08 -3.3380324282461515e-08
164.17961020190504 0.8076840043067932 0.10117437690496445 0.13689745962619781 -3.3380324282461515e-08 -3.3380324282461515e-08
164.35539145190506 0.8097010254859924 0.10117437690496445 0.13689783215522766 -3.3380324282461515e-08 -3.3380324282461515e-08
164.53117270190506 0.8116503357887268 0.10117437690496445 0.136898010969162 -3.3380324282461515e-08 -3.3380324282461515e-08
164.8827352019051 0.8153520226478577 0.10117437690496445 0.13689813017845154 -3.3380324282461515e-08 -3.3380324282461515e-08
165.0585164519051 0.8171011209487915 0.10117437690496445 0.13689813017845154 -3.3380324282461515e-08 -3.3380324282461515e-08
165.23429770190512 0.8187903165817261 0.10117437690496445 0.13689813017845154 -3.3380324282461515e-08 -3.3380324282461515e-08
165.41007895190512 0.8204222321510315 0.10117437690496445 0.13689813017845154 -3.3380324282461515e-08 -3.3380324282461515e-08
165.58586020190515 0.8219949007034302 0.10117437690496445 0.13689813017845154 -3.3380324282461515e-08 -3.3380324282461515e-08
165.76164145190515 0.8235159516334534 0.10117437690496445 0.13689813017845154 -3.3380324282461515e-08 -3.3380324282461515e-08
165.93742270190518 0.8249876499176025 0.10117437690496445 0.13689813017845154 -3.3380324282461515e-08 -3.3380324282461515e-08
166.11320395190518 0.8264079093933105 0.10117437690496445 0.13689813017845154 -3.3380324282461515e-08 -3.3380324282461515e-08
166.2889852019052 0.8277835845947266 0.10117437690496445 0.13689813017845154 -3.3380324282461515e-08 -3.3380324282461515e-08
166.4647664519052 0.8291165828704834 0.10117437690496445 0.13689813017845154 -3.3380324282461515e-08 -3.3380324282461515e-08
166.64054770190523 0.8304046392440796 0.10117437690496445 0.13689813017845154 -3.3380324282461515e-08 -3.3380324282461515e-08
166.81632895190523 0.8316541910171509 0.10117437690496445 0.13689813017845154 -3.3380324282461515e-08 -3.3380324282461515e-08
166.99211020190526 0.8328666687011719 0.10117437690496445 0.13689813017845154 -3.3380324282461515e-08 -3.3380324282461515e-08
167.16789145190526 0.834036111831665 0.10117437690496445 0.13689813017845154 -3.3380324282461515e-08 -3.3380324282461515e-08
167.34367270190526 0.8351649641990662 0.10117437690496445 0.13689813017845154 -3.3380324282461515e-08 -3.3380324282461515e-08
167.5194539519053 0.836262583732605 0.10117437690496445 0.13689813017845154 -3.3380324282461515e-08 -3.3380324282461515e-08
167.6952352019053 0.8373299241065979 0.10117437690496445 0.13689813017845154 -3.3380324282461515e-08 -3.3380324282461515e-08
167.87101645190532 0.8383610844612122 0.10117437690496445 0.13689813017845154 -3.3380324282461515e-08 -3.3380324282461515e-08
168.04679770190532 0.8393580913543701 0.10117437690496445 0.13689813017845154 -3.3380324282461515e-08 -3.3380324282461515e-08
168.22257895190535 0.8403295874595642 0.10117437690496445 0.13689813017845154 -3.3380324282461515e-08 -3.3380324282461515e-08
168.74992270190538 0.8430793285369873 0.10117437690496445 0.13689813017845154 -3.3380324282461515e-08 -3.3380324282461515e-08
168.9257039519054 0.8439453840255737 0.10117437690496445 0.13689813017845154 -3.3380324282461515e-08 -3.3380324282461515e-08
169.1014852019054 0.8447908163070679 0.10117437690496445 0.13689813017845154 -3.3380324282461515e-08 -3.3380324282461515e-08
169.27726645190543 0.8456102013587952 0.10117437690496445 0.13689813017845154 -3.3380324282461515e-08 -3.3380324282461515e-08
169.80461020190546 0.8479226231575012 0.10117437690496445 0.13689813017845154 -3.3380324282461515e-08 -3.3380324282461515e-08
169.98039145190546 0.8486586809158325 0.10117437690496445 0.13689813017845154 -3.3380324282461515e-08 -3.3380324282461515e-08
170.1561727019055 0.8493734002113342 0.10117437690496445 0.13689813017845154 -3.3380324282461515e-08 -3.3380324282461515e-08
170.3319539519055 0.8500651121139526 0.10117437690496445 0.13689813017845154 -3.3380324282461515e-08 -3.3380324282461515e-08
170.77140707690552 0.8517249226570129 0.10117437690496445 0.13689813017845154 -3.3380324282461515e-08 -3.3380324282461515e-08
171.21086020190558 0.8532934188842773 0.10117437690496445 0.13689813017845154 -3.3380324282461515e-08 -3.3380324282461515e-08
171.38664145190558 0.8538883924484253 0.10117437690496445 0.13689813017845154 -3.3380324282461515e-08 -3.3380324282461515e-08
171.5624227019056 0.8544678092002869 0.10117437690496445 0.13689813017845154 -3.3380324282461515e-08 -3.3380324282461515e-08
172.44132895190566 0.8571879863739014 0.10117437690496445 0.13689813017845154 -3.3380324282461515e-08 -3.3380324282461515e-08
172.61711020190566 0.8576889038085938 0.10117437690496445 0.13689813017845154 -3.3380324282461515e-08 -3.3380324282461515e-08
172.7928914519057 0.858177900314331 0.10117437690496445 0.13689813017845154 -3.3380324282461515e-08 -3.3380324282461515e-08
172.9686727019057 0.8586595058441162 0.10117437690496445 0.13689813017845154 -3.3380324282461515e-08 -3.3380324282461515e-08
173.40812582690572 0.8598262071609497 0.10117437690496445 0.13689813017845154 -3.3380324282461515e-08 -3.3380324282461515e-08
173.84757895190577 0.8609194755554199 0.10117437690496445 0.13689813017845154 -3.3380324282461515e-08 -3.3380324282461515e-08
174.02336020190577 0.86133873462677 0.10117437690496445 0.13689813017845154 -3.3380324282461515e-08 -3.3380324282461515e-08
174.1991414519058 0.8617527484893799 0.10117437690496445 0.13689813017845154 -3.3380324282461515e-08 -3.3380324282461515e-08
174.3749227019058 0.8621621131896973 0.10117437690496445 0.13689813017845154 -3.3380324282461515e-08 -3.3380324282461515e-08
174.5507039519058 0.8625631332397461 0.10117437690496445 0.13689813017845154 -3.3380324282461515e-08 -3.3380324282461515e-08
175.16593832690586 0.8638889193534851 0.10117437690496445 0.13689813017845154 -3.3380324282461515e-08 -3.3380324282461515e-08
175.78117270190592 0.8651273250579834 0.10117437690496445 0.13689813017845154 -3.3380324282461515e-08 -3.3380324282461515e-08
175.95695395190592 0.8654701709747314 0.10117437690496445 0.13689813017845154 -3.3380324282461515e-08 -3.3380324282461515e-08
176.13273520190594 0.8658050298690796 0.10117437690496445 0.13689813017845154 -3.3380324282461515e-08 -3.3380324282461515e-08
176.30851645190594 0.8661320805549622 0.10117437690496445 0.13689813017845154 -3.3380324282461515e-08 -3.3380324282461515e-08
178.0663289519061 0.8690912127494812 0.10117437690496445 0.13689813017845154 -3.3380324282461515e-08 -3.3380324282461515e-08
178.2421102019061 0.8693583011627197 0.10117437690496445 0.13689813017845154 -3.3380324282461515e-08 -3.3380324282461515e-08
178.59367270190612 0.8698758482933044 0.10117437690496445 0.13689813017845154 -3.3380324282461515e-08 -3.3380324282461515e-08
179.99992270190623 0.8718066811561584 0.10117437690496445 0.13689813017845154 -3.3380324282461515e-08 -3.3380324282461515e-08
179.99999999999997 0.871806800365448 0.10117437690496445 0.13689813017845154 -3.3380324282461515e-08 -3.3380324282461515e-08
