time a b c w1 w2
0.0 0.0 0.0 0.0 0.0 0.0
0.00022499999086100786 2.2502248991058203e-21 2.2502248991058203e-21 2.2502248991058203e-21 2.2502248991058203e-21 2.2502248991058203e-21
0.0004499999817220157 4.5004497982116405e-21 4.5004497982116405e-21 4.5004497982116405e-21 -5.561346938520728e-09 -5.561346938520728e-09
0.0008999999634440314 9.000899596423281e-21 9.000899596423281e-21 9.000899596423281e-21 -3.034011797353742e-08 -3.034011797353742e-08
0.001 1.0000999731091105e-20 1.0000999731091105e-20 1.0000999731091105e-20 -3.338152154697127e-08 -3.338152154697127e-08
29.999999999999996 3.000300019364487e-16 3.000300019364487e-16 3.000300019364487e-16 -3.338137588571044e-08 -3.338137588571044e-08
30.000099999999996 3.0003100778807355e-16 3.0003100778807355e-16 3.0003100778807355e-16 -3.336203491244305e-08 -3.336203491244305e-08
30.0003 3.0003299302154367e-16 3.0003299302154367e-16 3.0003299302154367e-16 -3.334292841827846e-08 -3.334292841827846e-08
30.0007 3.0003698995826353e-16 3.0003698995826353e-16 3.0003698995826353e-16 -3.3332820947862274e-08 -3.3332820947862274e-08
30.000822963447025 1.4145916438224049e-08 3.000382340379048e-16 1.3944676524602073e-08 -2.9061078876679858e-08 -2.9151426161888594e-08
30.000893956511174 7.336366536492278e-08 3.0003894872195405e-16 7.245045452464183e-08 4.128813557713329e-08 4.054228952554695e-08
30.000929706885955 1.613435500757987e-07 3.000392928290889e-16 1.594253404846313e-07 9.759751407045769e-08 9.557350466593562e-08
30.000951873799355 2.5927405999937037e-07 3.000395310571053e-16 2.5627119271121046e-07 1.1020859602695054e-07 1.064974384235029e-07
30.00096462116323 3.560634240784566e-07 3.000396369362237e-16 3.521599012401566e-07 2.8434178034331126e-07 2.788205222259421e-07
30.000974682264665 4.802338366971526e-07 3.000397428153421e-16 4.753747759878024e-07 7.393801979560521e-07 7.315011316677555e-07
30.00098593659899 6.698659262838191e-07 3.000398486944605e-16 6.636865919062984e-07 1.5973101881172624e-06 1.58581030973437e-06
30.00099883656732 9.27548512663634e-07 3.000399810433585e-16 9.19650005926087e-07 2.8482825200626394e-06 2.8318418117123656e-06
30.001 9.536539664622978e-07 3.000400075131381e-16 9.455862368668022e-07 2.980855924761272e-06 2.963913857456646e-06
30.32009861564949 0.007581970654428005 3.032313100210371e-16 0.007533629424870014 0.040099672973155975 0.039952799677848816
30.63919723129897 0.014918282628059387 3.064226125289361e-16 0.014822975732386112 0.07944952696561813 0.07915860414505005
30.81497848129897 0.018837928771972656 3.081806029411828e-16 0.018717296421527863 0.10075153410434723 0.1003822535276413
30.99075973129897 0.022668153047561646 3.099385933534295e-16 0.022522613406181335 0.12177616357803345 0.12132930010557175
31.34232223129897 0.030062444508075714 3.134545741779229e-16 0.0298684760928154 0.16299261152744293 0.16239334642887115
31.69388473129897 0.037150997668504715 3.169705285326367e-16 0.03691082447767258 0.20324239134788513 0.20249594748020172
32.045447231298965 0.04392220452427864 3.204865093571301e-16 0.043638233095407486 0.24247512221336365 0.24158725142478943
32.221228481298965 0.04719013720750809 3.2224449976937678e-16 0.04688523709774017 0.26170989871025085 0.2607537508010864
32.572790981298965 0.05343874916434288 3.2576048059387017e-16 0.05309391766786575 0.29923513531684875 0.29814693331718445
32.924353481298965 0.059284694492816925 3.2927646141836357e-16 0.05890261381864548 0.33541640639305115 0.33420252799987793
33.275915981298965 0.064750537276268 3.3279244224285697e-16 0.06433418393135071 0.370303213596344 0.3689713180065155
33.451697231298965 0.06733519583940506 3.3455043265510367e-16 0.06690287590026855 0.38723206520080566 0.38584423065185547
33.627478481298965 0.06981533765792847 3.3630842306735036e-16 0.06936784088611603 0.4037925601005554 0.40235087275505066
33.979040981298965 0.07449159771203995 3.3982437742206416e-16 0.0740162804722786 0.4358971118927002 0.43435490131378174
34.330603481298965 0.0788353830575943 3.4334035824655756e-16 0.07833585143089294 0.4667867422103882 0.4651549160480499
34.50638473129896 0.08088011294603348 3.4509834865880426e-16 0.080372653901577 0.4817568063735962 0.4800952970981598
34.68216598129896 0.08283297717571259 3.4685633907105095e-16 0.08232669532299042 0.49637743830680847 0.49472105503082275
34.85794723129896 0.084694042801857 3.4861432948329765e-16 0.08419761061668396 0.5106440782546997 0.509026288986206
35.20950973129896 0.08815579116344452 3.5213031030779105e-16 0.08768421411514282 0.5381510257720947 0.5366321802139282
35.56107223129896 0.0912439227104187 3.5564629113228445e-16 0.09079628437757492 0.5641396641731262 0.5627198219299316
35.91263473129896 0.09396262466907501 3.5916227195677785e-16 0.09353778511285782 0.5885655283927917 0.5872441530227661
36.43997848129896 0.09743636101484299 3.6443621672373834e-16 0.09704332053661346 0.6225166320800781 0.6213405132293701
37.31888473129896 0.10170502215623856 3.7322616878497183e-16 0.10135689377784729 0.6717169284820557 0.6707701086997986
37.67044723129896 0.10294616222381592 3.7674214960946523e-16 0.10261283814907074 0.6888949275016785 0.6880332827568054
38.02200973129895 0.10398009419441223 3.8025813043395863e-16 0.10365982353687286 0.704833984375 0.7040531635284424
38.19779098129895 0.10442619025707245 3.820160943764257e-16 0.10411180555820465 0.7123523354530334 0.7116101384162903
38.37357223129895 0.10482880473136902 3.837740847886724e-16 0.10451987385749817 0.7195783257484436 0.7188735008239746
38.54935348129895 0.10519073903560638 3.855320752009191e-16 0.10488685220479965 0.7265188694000244 0.7258501052856445
39.07669723129895 0.10603833943605423 3.908060464376592e-16 0.1057470366358757 0.7455218434333801 0.7449530363082886
39.42825973129895 0.1064324900507927 3.943220272621526e-16 0.10614760220050812 0.7567312717437744 0.756222128868103
39.95560348129895 0.10684968531131744 3.995959984988927e-16 0.10657207667827606 0.7717876434326172 0.7713580131530762
40.13138473129895 0.10694984346628189 4.013539889111394e-16 0.10667411237955093 0.776350200176239 0.7759444117546082
40.30716598129895 0.10703502595424652 4.031119793233861e-16 0.10676093399524689 0.7807139158248901 0.7803307771682739
40.48294723129895 0.10710698366165161 4.048699432658532e-16 0.10683432966470718 0.784885048866272 0.7845233082771301
40.83450973129895 0.10721557587385178 4.083859240903466e-16 0.10694237798452377 0.7926561236381531 0.7922793626785278
41.186072231298944 0.10729105770587921 4.1190190491484e-16 0.10701723396778107 0.7998030185699463 0.7994186282157898
41.537634731298944 0.10734062641859055 4.154178857393334e-16 0.10706807672977448 0.8063415288925171 0.8059871196746826
41.889197231298944 0.10737119615077972 4.189338665638268e-16 0.10709772258996964 0.8123229742050171 0.8119368553161621
42.240759731298944 0.10738788545131683 4.224498473883202e-16 0.10711497813463211 0.817740797996521 0.817387044429779
42.416540981298944 0.10739263892173767 4.242078378005669e-16 0.10712002962827682 0.8202568888664246 0.8199222087860107
42.592322231298944 0.10739586502313614 4.25965801743034e-16 0.1071234792470932 0.8226578235626221 0.8223410844802856
42.768103481298944 0.10739786922931671 4.277237921552807e-16 0.10712563246488571 0.8249392509460449 0.8246392011642456
42.943884731298944 0.10739897936582565 4.294817825675274e-16 0.10712684690952301 0.8271036744117737 0.8268193602561951
43.119665981298944 0.10739955306053162 4.312397729797741e-16 0.10712748020887375 0.8291690349578857 0.8288995027542114
43.647009731298944 0.1074000746011734 4.365137442165142e-16 0.1071280837059021 0.8349656462669373 0.834735631942749
44.17435348129894 0.10740010440349579 4.417877154532543e-16 0.10712812095880508 0.8401359915733337 0.8399391174316406
44.70169723129894 0.10740010440349579 4.470616602202148e-16 0.10712812095880508 0.8446580767631531 0.8444886207580566
45.14115035629894 0.10740010440349579 4.514566494857213e-16 0.10712812095880508 0.8480018973350525 0.8478517532348633
45.58060348129894 0.10740010440349579 4.558516387512279e-16 0.10712812095880508 0.8510274291038513 0.850894033908844
45.75638473129894 0.10740010440349579 4.57609602693695e-16 0.10712812095880508 0.8521817922592163 0.8520544767379761
45.93216598129894 0.10740010440349579 4.593675666361621e-16 0.10712812095880508 0.8532924652099609 0.8531708717346191
46.10794723129894 0.10740010440349579 4.611255835181884e-16 0.10712812095880508 0.8543554544448853 0.854239284992218
46.45950973129894 0.10740010440349579 4.646415643426818e-16 0.10712812095880508 0.8563519716262817 0.8562456369400024
47.07474410629894 0.10740010440349579 4.707945175506554e-16 0.10712812095880508 0.8595836758613586 0.8594850897789001
47.68997848129893 0.10740010440349579 4.76947470758629e-16 0.10712812095880508 0.8625665903091431 0.8624435663223267
48.30521285629893 0.10740010440349579 4.831004239666027e-16 0.10712812095880508 0.8652130961418152 0.8651065826416016
48.92044723129893 0.10740010440349579 4.892533771745763e-16 0.10712812095880508 0.8675636053085327 0.8674705028533936
50.15091598129893 0.10740010440349579 5.015593365300828e-16 0.10712812095880508 0.8716667294502258 0.8715949058532715
51.38138473129892 0.10740010440349579 5.138652429460301e-16 0.10712812095880508 0.8749861121177673 0.8749296069145203
51.55716598129892 0.10740010440349579 5.156232068884972e-16 0.10712812095880508 0.875411868095398 0.8753571510314941
51.73294723129892 0.10740010440349579 5.173812237705235e-16 0.10712812095880508 0.8758251070976257 0.8757721185684204
51.90872848129892 0.10740010440349579 5.191391877129906e-16 0.10712812095880508 0.8762263059616089 0.876175045967102
52.69974410629892 0.10740010440349579 5.270501578029906e-16 0.10712812095880508 0.8778948783874512 0.8778516054153442
53.49075973129892 0.10740010440349579 5.349610749534313e-16 0.10712812095880508 0.8793894648551941 0.8793367147445679
54.018103481298915 0.10740010440349579 5.40235072659951e-16 0.10712812095880508 0.8803523778915405 0.8802918791770935
55.424353481298915 0.10740010440349579 5.542989430183654e-16 0.10712812095880508 0.8826359510421753 0.8825872540473938
56.830603481298915 0.10740010440349579 5.68362866316339e-16 0.10712812095880508 0.8845713138580322 0.8845316171646118
57.006384731298915 0.10740010440349579 5.701208302588061e-16 0.10712812095880508 0.8847892880439758 0.8847505450248718
57.18216598129891 0.10740010440349579 5.718788471408324e-16 0.10712812095880508 0.885002613067627 0.8849648237228394
57.35794723129891 0.10740010440349579 5.736368110832995e-16 0.10712812095880508 0.8852113485336304 0.8851745128631592
57.53372848129891 0.10740010440349579 5.753948279653258e-16 0.10712812095880508 0.8854157328605652 0.8853797316551208
58.06107223129891 0.10740010440349579 5.806687727322863e-16 0.10712812095880508 0.886003851890564 0.8859702348709106
58.58841598129891 0.10740010440349579 5.85942770438806e-16 0.10712812095880508 0.8865571022033691 0.8865257501602173
58.93997848129891 0.10740010440349579 5.894586983237401e-16 0.10712812095880508 0.8869196176528931 0.8868800401687622
59.29154098129891 0.10740010440349579 5.929746791482335e-16 0.10712812095880508 0.8872905969619751 0.8872437477111816
59.99999999999999 0.10740010440349579 6.000600038728974e-16 0.10712812095880508 0.88800048828125 0.8879576325416565
60.000099999999996 0.10740010440349579 6.000610097245222e-16 0.10712812095880508 0.8880006074905396 0.8879573941230774
60.000299999999996 0.10740010440349579 6.00063021427772e-16 0.10712780803442001 0.8880006670951843 0.8879570960998535
60.000699999999995 0.10740010440349579 6.000669918947122e-16 0.1071239560842514 0.8880007266998291 0.887956976890564
60.001000000000005 0.10740010440349579 6.000700094495868e-16 0.10711683332920074 0.8880006670951843 0.887956976890564
60.02141127187204 0.10740010440349579 6.482901517301798e-05 0.10431214421987534 0.8880006670951843 0.887956976890564
60.041822543744075 0.10740010440349579 0.00012964075722265989 0.1015210822224617 0.8880006670951843 0.887956976890564
60.16432008160176 0.10740010440349579 0.0005182359600439668 0.0851263776421547 0.8880006670951843 0.887956976890564
60.32765013207866 0.10740010440349579 0.0010356336133554578 0.06442451477050781 0.8880006670951843 0.887956976890564
60.50343138207866 0.10740010440349579 0.00159187032841146 0.04406669735908508 0.8880006670951843 0.887956976890564
60.67921263207866 0.10740010440349579 0.0021476277615875006 0.02651659958064556 0.8880006670951843 0.887956976890564
60.85499388207866 0.10740010440349579 0.0027030075434595346 0.012214457616209984 0.8880006670951843 0.887956976890564
61.03077513207866 0.10740010440349579 0.003258142387494445 0.0011945553123950958 0.8880006670951843 0.887956976890564
61.06810772021525 0.10740010440349579 0.0033760827500373125 8.914716454455629e-05 0.8880006670951843 0.887956976890564
61.0992544911897 0.10740010440349579 0.0034745510201901197 -3.3386719167083356e-08 0.8880006670951843 0.887956976890564
65.7006207106136 0.10740010440349579 0.017873523756861687 -3.3386719167083356e-08 0.8880006670951843 0.887956976890564
70.3019869300375 0.10740010440349579 0.032021645456552505 -3.3386719167083356e-08 0.8880006670951843 0.887956976890564
70.4777681800375 0.10740010440349579 0.03255719691514969 -3.3386719167083356e-08 0.8880006670951843 0.887956976890564
70.65354943003749 0.10740010440349579 0.03309238329529762 -3.3386719167083356e-08 0.8880006670951843 0.887956976890564
70.82933068003749 0.10740010440349579 0.03362720459699631 -3.3386719167083356e-08 0.8880006670951843 0.887956976890564
79.70628380503747 0.10740010440349579 0.06016350910067558 -3.3386719167083356e-08 0.8880006670951843 0.887956976890564
88.58323693003746 0.10740010440349579 0.08577577024698257 -3.3386719167083356e-08 0.8880006670951843 0.887956976890564
89.29161846501873 0.10740010440349579 0.0877799317240715 -3.3382782760327245e-08 0.8880006670951843 0.887956976890564
89.99999999999999 0.10740010440349579 0.08977840095758438 -3.3419720324445734e-08 0.8880006670951843 0.887956976890564
90.0001 0.10740010440349579 0.08977892249822617 -3.3384530695457215e-08 0.8880006670951843 0.887956976890564
90.0003 0.10740010440349579 0.08978046476840973 -3.335339471277621e-08 0.8880006670951843 0.887956976890564
90.00047290740063 0.10740010440349579 0.08978015184402466 -1.6122953638841864e-08 0.8880006670951843 0.887956976890564
90.00081872220191 0.10740010440349579 0.08977296203374863 6.997628076987894e-08 0.8880006670951843 0.887956976890564
90.001 0.10740010440349579 0.08976732939481735 1.2411800298650633e-07 0.8880006670951843 0.887956976890564
90.24447809563205 0.10740010440349579 0.08976732939481735 1.2411800298650633e-07 0.8880006670951843 0.8881804943084717
90.48795619126409 0.10740010440349579 0.08976732939481735 1.2411800298650633e-07 0.8880006670951843 0.8884010314941406
91.01529994126409 0.10740010440349579 0.08976732939481735 1.2411800298650633e-07 0.8880006670951843 0.8888627290725708
91.54264369126409 0.10740010440349579 0.08976732939481735 1.2411800298650633e-07 0.8880006670951843 0.889299750328064
93.47623744126409 0.10740010440349579 0.08976732939481735 1.2411800298650633e-07 0.8880006670951843 0.8907225728034973
94.00358119126409 0.10740010440349579 0.08976732939481735 1.2411800298650633e-07 0.8880006670951843 0.8910682797431946
94.70670619126409 0.10740010440349579 0.08976732939481735 1.2411800298650633e-07 0.8880006670951843 0.891515851020813
95.40983119126409 0.10740010440349579 0.08976732939481735 1.2411800298650633e-07 0.8880006670951843 0.8919760584831238
96.02506556626408 0.10740010440349579 0.08976732939481735 1.2411800298650633e-07 0.8880006670951843 0.8923590183258057
96.64029994126409 0.10740010440349579 0.08976732939481735 1.2411800298650633e-07 0.8880006670951843 0.8927221894264221
97.25553431626409 0.10740010440349579 0.08976732939481735 1.2411800298650633e-07 0.8880006670951843 0.8930668830871582
97.87076869126408 0.10740010440349579 0.08976732939481735 1.2411800298650633e-07 0.8880006670951843 0.8933965563774109
98.39811244126408 0.10740010440349579 0.08976732939481735 1.2411800298650633e-07 0.8880006670951843 0.8936944603919983
98.92545619126408 0.10740010440349579 0.08976732939481735 1.2411800298650633e-07 0.8880006670951843 0.8939870595932007
99.45279994126408 0.10740010440349579 0.08976732939481735 1.2411800298650633e-07 0.8880006670951843 0.8942673206329346
100.24381556626406 0.10740010440349579 0.08976732939481735 1.2411800298650633e-07 0.8880006670951843 0.8946661949157715
101.03483119126408 0.10740010440349579 0.08976732939481735 1.2411800298650633e-07 0.8880006670951843 0.8950414061546326
101.56217494126408 0.10740010440349579 0.08976732939481735 1.2411800298650633e-07 0.8880006670951843 0.8952794075012207
102.26529994126408 0.10740010440349579 0.08976732939481735 1.2411800298650633e-07 0.8880006670951843 0.8955828547477722
102.96842494126408 0.10740010440349579 0.08976732939481735 1.2411800298650633e-07 0.8880006670951843 0.8958715200424194
104.55045619126406 0.10740010440349579 0.08976732939481735 1.2411800298650633e-07 0.8880006670951843 0.8964723348617554
105.07779994126406 0.10740010440349579 0.08976732939481735 1.2411800298650633e-07 0.8880006670951843 0.8966590166091919
106.13248744126406 0.10740010440349579 0.08976732939481735 1.2411800298650633e-07 0.8880006670951843 0.8970140814781189
107.18717494126406 0.10740010440349579 0.08976732939481735 1.2411800298650633e-07 0.8880006670951843 0.8973482251167297
108.15397181626406 0.10740010440349579 0.08976732939481735 1.2411800298650633e-07 0.8880006670951843 0.8976776599884033
109.12076869126406 0.10740010440349579 0.08976732939481735 1.2411800298650633e-07 0.8880006670951843 0.897994339466095
109.64811244126406 0.10740010440349579 0.08976732939481735 1.2411800298650633e-07 0.8880006670951843 0.8981590270996094
111.75748744126405 0.10740010440349579 0.08976732939481735 1.2411800298650633e-07 0.8880006670951843 0.8987686038017273
112.10904994126405 0.10740010440349579 0.08976732939481735 1.2411800298650633e-07 0.8880006670951843 0.8988633155822754
113.07584681626405 0.10740010440349579 0.08976732939481735 1.2411800298650633e-07 0.8880006670951843 0.8991143703460693
114.04264369126405 0.10740010440349579 0.08976732939481735 1.2411800298650633e-07 0.8880006670951843 0.8993527889251709
114.74576869126405 0.10740010440349579 0.08976732939481735 1.2411800298650633e-07 0.8880006670951843 0.8995187878608704
115.44889369126405 0.10740010440349579 0.08976732939481735 1.2411800298650633e-07 0.8880006670951843 0.8996789455413818
118.43717494126403 0.10740010440349579 0.08976732939481735 1.2411800298650633e-07 0.8880006670951843 0.9003012180328369
118.96451869126403 0.10740010440349579 0.08976732939481735 1.2411800298650633e-07 0.8880006670951843 0.9004021883010864
119.99999999999999 0.10740010440349579 0.08976732939481735 1.2411800298650633e-07 0.8880006670951843 0.9005939364433289
120.0001 0.10740010440349579 0.08976732939481735 1.2411800298650633e-07 0.8880006670951843 0.9005939364433289
120.0003 0.10740010440349579 0.08976732939481735 1.2411800298650633e-07 0.8880006670951843 0.9005939364433289
120.0007 0.10739549994468689 0.08976732939481735 1.2411800298650633e-07 0.8880006670951843 0.9005939364433289
120.001 0.10738398879766464 0.08976732939481735 1.2411800298650633e-07 0.8880006670951843 0.9005939364433289
120.18838388069268 0.08223927021026611 0.08976732939481735 0.00024418620159849524 0.8880006670951843 0.9005939364433289
120.37576776138535 0.05881043151021004 0.08976732939481735 0.00048793444875627756 0.8880006670951843 0.9005939364433289
120.55154901138535 0.03909667208790779 0.08976732939481735 0.0007164383423514664 0.8880006670951843 0.9005939364433289
120.72733026138535 0.02238655835390091 0.08976732939481735 0.0009448357741348445 0.8880006670951843 0.9005939364433289
120.90311151138535 0.00872362032532692 0.08976732939481735 0.001173172378912568 0.8880006670951843 0.9005939364433289
121.0242513468469 0.0013022045604884624 0.08976732939481735 0.0013305273605510592 0.8880006670951843 0.9005939364433289
121.05770153827157 5.471853000926785e-05 0.08976732939481735 0.0013739928836002946 0.8880006670951843 0.9005939364433289
121.0627357264541 -3.3386726272510714e-08 0.08976732939481735 0.0013805379858240485 0.8880006670951843 0.9005939364433289
128.7409249695142 -3.3386726272510714e-08 0.08976732939481735 0.011273379437625408 0.8880006670951843 0.9005939364433289
136.4191142125743 -3.3386726272510714e-08 0.08976732939481735 0.021013367921113968 0.8880006670951843 0.9005939364433289
136.59489546257433 -3.3386726272510714e-08 0.08976732939481735 0.021234577521681786 0.8880006670951843 0.9005939364433289
136.77067671257433 -3.3386726272510714e-08 0.08976732939481735 0.021455707028508186 0.8880006670951843 0.9005939364433289
136.94645796257436 -3.3386726272510714e-08 0.08976732939481735 0.02167675644159317 0.8880006670951843 0.9005939364433289
150.0 -3.3382047348595734e-08 0.08976732939481735 0.03787125647068024 0.8880006670951843 0.9005939364433289
150.0001 -3.3363676266162656e-08 0.08976732939481735 0.03787248209118843 0.8880006670951843 0.9005939364433289
150.0003 -3.334378817498873e-08 0.08976732939481735 0.0378742553293705 0.8880006670951843 0.9005939960479736
150.0007 -3.3332575810618437e-08 0.08976732939481735 0.03787172958254814 0.8880001306533813 0.9005939960479736
150.00082296346034 -3.061149911331995e-08 0.08976732939481735 0.03787137567996979 0.8879989385604858 0.9005935788154602
150.00092969046887 6.081101133759148e-08 0.08976732939481735 0.037874091416597366 0.8879963159561157 0.9005922079086304
150.0009517643033 3.636901269032933e-08 0.08976732939481735 0.037874747067689896 0.8879956007003784 0.9005917310714722
150.0009645793033 1.8517137334583822e-07 0.08976732939481735 0.03787510097026825 0.887995183467865 0.9005914330482483
150.00097461589547 6.198770847731794e-07 0.08976732939481735 0.03787536546587944 0.8879948854446411 0.9005911350250244
150.0009857775931 1.444780309611815e-06 0.08976732939481735 0.03787564858794212 0.8879944682121277 0.9005907773971558
150.00099825670756 2.6247957976011094e-06 0.08976732939481735 0.037875957787036896 0.8879940509796143 0.9005903601646423
150.001 2.8193446723889792e-06 0.08976732939481735 0.03787599876523018 0.8879939913749695 0.9005903005599976
150.0371665563213 0.0045257206074893475 0.08976732939481735 0.03872808814048767 0.8866885900497437 0.8992848992347717
150.07333311264264 0.009032546542584896 0.08976732939481735 0.03957489877939224 0.8853660821914673 0.8979623913764954
150.14566756770614 0.01800328865647316 0.08976732939481735 0.041254449635744095 0.8826515078544617 0.8952478170394897
150.29033647783308 0.03581923246383667 0.08976732939481735 0.044572580605745316 0.877002477645874 0.8895987868309021
150.6418989778331 0.07845769822597504 0.08976732939481735 0.052423059940338135 0.8621581792831421 0.8747544884681702
150.81768022783314 0.09941641986370087 0.08976732939481735 0.05623205006122589 0.8540570735931396 0.8666534423828125
150.99346147783314 0.12013377249240875 0.08976732939481735 0.05996386706829071 0.8454581499099731 0.858054518699646
151.16924272783316 0.14058364927768707 0.08976732939481735 0.06361070275306702 0.8363755941390991 0.8489719033241272
151.34502397783316 0.16076113283634186 0.08976732939481735 0.06717151403427124 0.8268216848373413 0.8394179940223694
151.5208052278332 0.1807033121585846 0.08976732939481735 0.07065843045711517 0.8167804479598999 0.8293768167495728
151.6965864778332 0.20044641196727753 0.08976732939481735 0.07408323138952255 0.8062302470207214 0.8188265562057495
151.87236772783322 0.21997317671775818 0.08976732939481735 0.07744100689888 0.7951546907424927 0.8077509999275208
152.04814897783322 0.23924553394317627 0.08976732939481735 0.080720454454422 0.7835603952407837 0.7961567044258118
152.22393022783322 0.2582363784313202 0.08976732939481735 0.08391386270523071 0.7714781165122986 0.7840744256973267
152.39971147783325 0.2769293785095215 0.08976732939481735 0.08701694011688232 0.7589418888092041 0.771538257598877
152.57549272783325 0.29532963037490845 0.08976732939481735 0.0900319442152977 0.745965838432312 0.7585622072219849
152.75127397783328 0.31343093514442444 0.08976732939481735 0.09295791387557983 0.7325316667556763 0.7451279759407043
152.92705522783328 0.3312167227268219 0.08976732939481735 0.09579073637723923 0.718619704246521 0.7312160134315491
153.1028364778333 0.34869223833084106 0.08976732939481735 0.09853281080722809 0.7042582035064697 0.716854453086853
153.2786177278333 0.36585143208503723 0.08976732939481735 0.10118342936038971 0.6894979476928711 0.7020942568778992
153.45439897783334 0.3826777935028076 0.08976732939481735 0.10373879224061966 0.6743489503860474 0.6869452595710754
153.63018022783334 0.39917677640914917 0.08976732939481735 0.10620148479938507 0.6587889194488525 0.6713851690292358
153.80596147783336 0.4153536856174469 0.08976732939481735 0.10857410728931427 0.6428055763244629 0.6554019451141357
153.98174272783336 0.4312029778957367 0.08976732939481735 0.11085619032382965 0.626407265663147 0.6390036344528198
154.1575239778334 0.446719229221344 0.08976732939481735 0.11304740607738495 0.609626293182373 0.6222226023674011
154.3333052278334 0.46189722418785095 0.08976732939481735 0.11514754593372345 0.5924950838088989 0.605091392993927
154.5090864778334 0.47673213481903076 0.08976732939481735 0.11715660244226456 0.5750308036804199 0.587627112865448
154.68486772783342 0.4912194013595581 0.08976732939481735 0.11907470226287842 0.557267963886261 0.5698642730712891
154.86064897783342 0.5053548812866211 0.08976732939481735 0.1209021657705307 0.5392406582832336 0.5518369674682617
155.03643022783345 0.5191347002983093 0.08976732939481735 0.122639499604702 0.5209457874298096 0.5335420966148376
155.21221147783345 0.5325555801391602 0.08976732939481735 0.12428741157054901 0.5023617744445801 0.5149580836296082
155.38799272783348 0.5456146001815796 0.08976732939481735 0.12584680318832397 0.4834800660610199 0.496076375246048
155.56377397783348 0.5583094954490662 0.08976732939481735 0.12731879949569702 0.46431803703308105 0.47691434621810913
155.9153364778335 0.5826427340507507 0.08976732939481735 0.13001568615436554 0.42522209882736206 0.43781840801239014
156.09111772783353 0.5942781567573547 0.08976732939481735 0.131243497133255 0.4052920639514923 0.4178883135318756
156.26689897783353 0.6055549383163452 0.08976732939481735 0.13239210844039917 0.3851222097873688 0.3977183997631073
156.61846147783356 0.6270540356636047 0.08976732939481735 0.13446426391601562 0.3441891074180603 0.35678499937057495
156.7942427278336 0.6372689008712769 0.08976732939481735 0.13538998365402222 0.32345283031463623 0.3360483944416046
156.9700239778336 0.6471408009529114 0.08976732939481735 0.13624751567840576 0.3025458753108978 0.31514081358909607
157.1458052278336 0.6566622257232666 0.08976732939481735 0.1370375156402588 0.281484454870224 0.29407820105552673
157.32158647783362 0.6658371686935425 0.08976732939481735 0.13776260614395142 0.26026371121406555 0.27285516262054443
157.67314897783365 0.6831871271133423 0.08976732939481735 0.1390339881181717 0.2173188030719757 0.2298973649740219
158.02471147783368 0.6992247700691223 0.08976732939481735 0.14008399844169617 0.17380955815315247 0.1863403469324112
158.20049272783368 0.7067691683769226 0.08976732939481735 0.1405341923236847 0.151943638920784 0.1644139438867569
158.3762739778337 0.7140041589736938 0.08976732939481735 0.1409381479024887 0.13013410568237305 0.142489492893219
158.5520552278337 0.7209563255310059 0.08976732939481735 0.14130164682865143 0.1085573360323906 0.12069904059171677
158.72783647783373 0.7276324033737183 0.08976732939481735 0.14162757992744446 0.08748118579387665 0.09924107789993286
158.90361772783373 0.7340222597122192 0.08976732939481735 0.14191637933254242 0.06732430309057236 0.07844629138708115
159.07939897783376 0.740135669708252 0.08976732939481735 0.1421710103750229 0.048663586378097534 0.05882110446691513
159.25518022783376 0.7459909915924072 0.08976732939481735 0.14239554107189178 0.032110802829265594 0.040986668318510056
159.43096147783376 0.7515885829925537 0.08976732939481735 0.14259177446365356 0.0181008018553257 0.025504637509584427
159.6067427278338 0.7569625973701477 0.08976732939481735 0.14276456832885742 0.006461815908551216 0.012375393882393837
159.70187804681967 0.7597863078117371 0.08976732939481735 0.14284959435462952 0.0013253031065687537 0.006277173757553101
159.73522098751053 0.760757327079773 0.08976732939481735 0.14287759363651276 8.607447671238333e-05 0.004362082574516535
159.74166687177814 0.7609431743621826 0.08976732939481735 0.142882838845253 -3.3381358122142046e-08 0.004009937401860952
159.7776436077538 0.7619749307632446 0.08976732939481735 0.14291155338287354 -3.338136878028308e-08 0.0021285072434693575
159.81362034372944 0.7630013227462769 0.08976732939481735 0.14293979108333588 -3.338137588571044e-08 0.0003322866396047175
159.81832120194423 0.7631348371505737 0.08976732939481735 0.14294342696666718 -3.338137588571044e-08 0.00010596254287520424
159.8205837660178 0.7631988525390625 0.08976732939481735 0.14294515550136566 -3.338137943842412e-08 1.0130355803994462e-05
159.84119497877467 0.7637786269187927 0.08976732939481735 0.1429605931043625 -3.338137233299676e-08 -6.098166977608344e-06
159.86180619153154 0.7643561363220215 0.08976732939481735 0.1429758220911026 -3.338137588571044e-08 -3.338137943842412e-08
159.90247209698165 0.7654830813407898 0.08976732939481735 0.14300478994846344 -3.338137588571044e-08 -3.338137943842412e-08
159.98380390788188 0.7676973342895508 0.08976732939481735 0.1430593729019165 -3.338137588571044e-08 -3.338137943842412e-08
160.1464675296823 0.7719991207122803 0.08976732939481735 0.14315830171108246 -3.338137588571044e-08 -3.338137943842412e-08
160.3222487796823 0.7764702439308167 0.08976732939481735 0.1432514786720276 -3.338137588571044e-08 -3.338137943842412e-08
160.49803002968233 0.7807444334030151 0.08976732939481735 0.1433303952217102 -3.338137588571044e-08 -3.338137943842412e-08
160.93748315468235 0.7905867099761963 0.08976732939481735 0.14347410202026367 -3.338137588571044e-08 -3.338137943842412e-08
161.37693627968238 0.799359917640686 0.08976732939481735 0.1435611993074417 -3.338137943842412e-08 -3.338137943842412e-08
161.7284987796824 0.8057047128677368 0.08976732939481735 0.1436035931110382 -3.33813829911378e-08 -3.338137943842412e-08
162.25584252968244 0.81419438123703 0.08976732939481735 0.14363685250282288 -3.33813829911378e-08 -3.338137943842412e-08
162.43162377968247 0.8167792558670044 0.08976732939481735 0.14364270865917206 -3.33813829911378e-08 -3.338137943842412e-08
162.60740502968247 0.819252610206604 0.08976732939481735 0.14364683628082275 -3.33813829911378e-08 -3.338137943842412e-08
162.7831862796825 0.8216204643249512 0.08976732939481735 0.1436496526002884 -3.33813829911378e-08 -3.338137943842412e-08
162.9589675296825 0.8238886594772339 0.08976732939481735 0.14365148544311523 -3.33813829911378e-08 -3.338137943842412e-08
163.13474877968252 0.8260625600814819 0.08976732939481735 0.14365261793136597 -3.33813829911378e-08 -3.338137943842412e-08
163.48631127968255 0.8301478028297424 0.08976732939481735 0.14365361630916595 -3.33813829911378e-08 -3.338137943842412e-08
163.66209252968255 0.832063615322113 0.08976732939481735 0.1436537653207779 -3.33813829911378e-08 -3.338137943842412e-08
164.01365502968258 0.8356513977050781 0.08976732939481735 0.14365383982658386 -3.33813829911378e-08 -3.338137943842412e-08
164.1894362796826 0.8373419046401978 0.08976732939481735 0.14365383982658386 -3.33813829911378e-08 -3.338137943842412e-08
164.3652175296826 0.8389695286750793 0.08976732939481735 0.14365383982658386 -3.33813829911378e-08 -3.338137943842412e-08
164.5409987796826 0.8405331373214722 0.08976732939481735 0.14365383982658386 -3.33813829911378e-08 -3.338137943842412e-08
164.71678002968264 0.8420320153236389 0.08976732939481735 0.14365383982658386 -3.33813829911378e-08 -3.338137943842412e-08
164.89256127968264 0.8434743881225586 0.08976732939481735 0.14365383982658386 -3.33813829911378e-08 -3.338137943842412e-08
165.24412377968267 0.8461969494819641 0.08976732939481735 0.14365383982658386 -3.33813829911378e-08 -3.338137943842412e-08
165.4199050296827 0.8474829792976379 0.08976732939481735 0.14365383982658386 -3.33813829911378e-08 -3.338137943842412e-08
165.5956862796827 0.8487237095832825 0.08976732939481735 0.14365383982658386 -3.33813829911378e-08 -3.338137943842412e-08
165.77146752968272 0.849917471408844 0.08976732939481735 0.14365383982658386 -3.33813829911378e-08 -3.338137943842412e-08
165.94724877968272 0.8510707020759583 0.08976732939481735 0.14365383982658386 -3.33813829911378e-08 -3.338137943842412e-08
166.12303002968275 0.8521854877471924 0.08976732939481735 0.14365383982658386 -3.33813829911378e-08 -3.338137943842412e-08
166.29881127968275 0.8532599210739136 0.08976732939481735 0.14365383982658386 -3.33813829911378e-08 -3.338137943842412e-08
166.47459252968278 0.8542998433113098 0.08976732939481735 0.14365383982658386 -3.33813829911378e-08 -3.338137943842412e-08
166.65037377968278 0.8553069233894348 0.08976732939481735 0.14365383982658386 -3.33813829911378e-08 -3.338137943842412e-08
166.82615502968278 0.8562757968902588 0.08976732939481735 0.14365383982658386 -3.33813829911378e-08 -3.338137943842412e-08
167.0019362796828 0.8572088479995728 0.08976732939481735 0.14365383982658386 -3.33813829911378e-08 -3.338137943842412e-08
167.35349877968284 0.8589941263198853 0.08976732939481735 0.14365383982658386 -3.33813829911378e-08 -3.338137943842412e-08
167.52928002968284 0.8598420023918152 0.08976732939481735 0.14365383982658386 -3.33813829911378e-08 -3.338137943842412e-08
167.70506127968287 0.8606603145599365 0.08976732939481735 0.14365383982658386 -3.33813829911378e-08 -3.338137943842412e-08
167.88084252968287 0.8614566326141357 0.08976732939481735 0.14365383982658386 -3.33813829911378e-08 -3.338137943842412e-08
168.40818627968292 0.8637014031410217 0.08976732939481735 0.14365383982658386 -3.33813829911378e-08 -3.338137943842412e-08
168.58396752968292 0.8643994331359863 0.08976732939481735 0.14365383982658386 -3.33813829911378e-08 -3.338137943842412e-08
168.75974877968295 0.865080714225769 0.08976732939481735 0.14365383982658386 -3.33813829911378e-08 -3.338137943842412e-08
168.93553002968295 0.8657457828521729 0.08976732939481735 0.14365383982658386 -3.33813829911378e-08 -3.338137943842412e-08
169.46287377968298 0.8676162958145142 0.08976732939481735 0.14365383982658386 -3.33813829911378e-08 -3.338137943842412e-08
169.638655029683 0.8682085275650024 0.08976732939481735 0.14365383982658386 -3.33813829911378e-08 -3.338137943842412e-08
169.814436279683 0.8687883615493774 0.08976732939481735 0.14365383982658386 -3.33813829911378e-08 -3.338137943842412e-08
169.99021752968304 0.8693517446517944 0.08976732939481735 0.14365383982658386 -3.33813829911378e-08 -3.338137943842412e-08
170.42967065468306 0.87068772315979 0.08976732939481735 0.14365383982658386 -3.33813829911378e-08 -3.338137943842412e-08
170.8691237796831 0.8719491958618164 0.08976732939481735 0.14365383982658386 -3.33813829911378e-08 -3.338137943842412e-08
171.04490502968312 0.8724293112754822 0.08976732939481735 0.14365383982658386 -3.33813829911378e-08 -3.338137943842412e-08
171.22068627968312 0.8728947043418884 0.08976732939481735 0.14365383982658386 -3.33813829911378e-08 -3.338137943842412e-08
171.74803002968315 0.8742181062698364 0.08976732939481735 0.14365383982658386 -3.33813829911378e-08 -3.338137943842412e-08
171.92381127968318 0.8746437430381775 0.08976732939481735 0.14365383982658386 -3.33813829911378e-08 -3.338137943842412e-08
172.09959252968318 0.8750591278076172 0.08976732939481735 0.14365383982658386 -3.33813829911378e-08 -3.338137943842412e-08
172.2753737796832 0.8754627108573914 0.08976732939481735 0.14365383982658386 -3.33813829911378e-08 -3.33813829911378e-08
172.4511550296832 0.8758547306060791 0.08976732939481735 0.14365383982658386 -3.33813829911378e-08 -3.33813829911378e-08
172.62693627968324 0.8762357831001282 0.08976732939481735 0.14365383982658386 -3.33813829911378e-08 -3.33813829911378e-08
172.80271752968324 0.8766080141067505 0.08976732939481735 0.14365383982658386 -3.33813829911378e-08 -3.33813829911378e-08
174.03318627968332 0.8790193200111389 0.08976732939481735 0.14365383982658386 -3.33813829911378e-08 -3.33813829911378e-08
174.20896752968335 0.8793314695358276 0.08976732939481735 0.14365383982658386 -3.33813829911378e-08 -3.33813829911378e-08
174.56053002968338 0.8799463510513306 0.08976732939481735 0.14365383982658386 -3.33813829911378e-08 -3.33813829911378e-08
175.26365502968343 0.8811020851135254 0.08976732939481735 0.14365383982658386 -3.33813829911378e-08 -3.33813829911378e-08
175.9667800296835 0.8821589946746826 0.08976732939481735 0.14365383982658386 -3.33813829911378e-08 -3.33813829911378e-08
176.49412377968352 0.8829153180122375 0.08976732939481735 0.14365383982658386 -3.33813829911378e-08 -3.33813829911378e-08
177.5488112796836 0.8842861652374268 0.08976732939481735 0.14365383982658386 -3.33813829911378e-08 -3.33813829911378e-08
178.6034987796837 0.8855316042900085 0.08976732939481735 0.14365383982658386 -3.33813829911378e-08 -3.33813829911378e-08
179.13084252968372 0.8861061334609985 0.08976732939481735 0.14365383982658386 -3.33813829911378e-08 -3.33813829911378e-08
179.83396752968378 0.8868206739425659 0.08976732939481735 0.14365383982658386 -3.33813829911378e-08 -3.33813829911378e-08
179.99999999999997 0.8869825601577759 0.08976732939481735 0.14365383982658386 -3.33813829911378e-08 -3.33813829911378e-08
