time a b c w1
0.0 0.0 0.0 0.0 0.0
2.34374997708231e-06 1.0801570415496826 1.0801570415496826 2.34398437508335e-23 2.34398437508335e-23
2.3531289769906394e-06 1.0037916898727417 1.0037916898727417 2.35336424679079e-23 2.35336424679079e-23
2.3718869768072985e-06 0.9922298789024353 0.9922298789024353 2.372124147977851e-23 2.372124147977851e-23
2.449126245505041e-06 0.9876051545143127 0.9876051545143127 2.449371143311084e-23 2.449371143311084e-23
0.00019360463173130613 0.9876051545143127 0.9876051545143127 1.9362399824984054e-21 1.9362399824984054e-21
0.00038480681743822704 0.9876051545143127 0.9876051545143127 3.8484529531415596e-21 -5.559351645700872e-09
0.0007672111888520689 0.9876051545143127 0.9876051545143127 7.672878894427868e-21 -2.7054065654397164e-08
0.001 0.9876051545143127 0.9876051545143127 1.0000999731091105e-20 -3.338482201797888e-08
29.999999999999996 0.9876051545143127 0.9876051545143127 3.000300019364487e-16 -3.3384647935008616e-08
30.000099999999996 0.9876051545143127 0.9876051545143127 3.0003100778807355e-16 -3.336399245768007e-08
30.0003 0.9876051545143127 0.9876051545143127 3.0003299302154367e-16 -3.334358567030904e-08
30.0007 0.9876051545143127 0.9876051545143127 3.0003698995826353e-16 -3.3332341331515636e-08
30.001 0.9876051545143127 0.9876051545143127 3.000400075131381e-16 -3.3327513193626146e-08
59.99999999999999 0.9876051545143127 0.9876051545143127 6.000600038728974e-16 -3.3327513193626146e-08
60.000099999999996 0.9876051545143127 0.9876051545143127 6.000610097245222e-16 -3.3327513193626146e-08
60.000299999999996 0.9876051545143127 0.9876051545143127 6.00063021427772e-16 -3.3327513193626146e-08
60.000699999999995 0.9876049757003784 0.9876051545143127 6.000669918947122e-16 -3.3327513193626146e-08
60.001000000000005 0.9876046776771545 0.9876051545143127 6.000700094495868e-16 -3.3327513193626146e-08
60.00124000000001 0.9876033663749695 0.9876051545143127 6.00072391729751e-16 -3.3327513193626146e-08
60.04204000000038 0.9873756766319275 0.9876051545143127 6.004804498520907e-16 -3.3327513193626146e-08
60.082840000000736 0.9871425628662109 0.9876051545143127 6.008885079744305e-16 -3.3327513193626146e-08
60.16476000000147 0.9866570830345154 0.9876051545143127 6.01707747653103e-16 -3.3327513193626146e-08
60.79735000000293 0.9822046160697937 0.9876051545143127 6.080342896757046e-16 -3.3327513193626146e-08
61.50047500000293 0.975242018699646 0.9876051545143127 6.150662513246914e-16 -3.3327513193626146e-08
62.20360000000294 0.9648976922035217 0.9876051545143127 6.220982129736782e-16 -3.3327513193626146e-08
62.43797500000295 0.9603862166404724 0.9876051545143127 6.244421648969676e-16 -3.3327513193626146e-08
63.14110000000296 0.9424459934234619 0.9876051545143127 6.314741265459544e-16 -3.3327513193626146e-08
63.84422500000297 0.9159066677093506 0.9876051545143127 6.385060881949412e-16 -3.3327513193626146e-08
64.31297500000298 0.8923736214637756 0.9876051545143127 6.431940449810793e-16 -3.3327513193626146e-08
64.54735000000298 0.8787205219268799 0.9876051545143127 6.45538049843928e-16 -3.3327513193626146e-08
64.781725000003 0.8637981414794922 0.9876051545143127 6.478820547067767e-16 -3.3327513193626146e-08
65.016100000003 0.8476229310035706 0.9876051545143127 6.502260066300661e-16 -3.3327513193626146e-08
65.250475000003 0.8302284479141235 0.9876051545143127 6.525700114929148e-16 -3.3327513193626146e-08
65.484850000003 0.8116614818572998 0.9876051545143127 6.549139634162043e-16 -3.3327513193626146e-08
65.71922500000301 0.7919787168502808 0.9876051545143127 6.572579682790529e-16 -3.3327513193626146e-08
65.95360000000301 0.7712427973747253 0.9876051545143127 6.596019731419016e-16 -3.3327513193626146e-08
66.18797500000301 0.7495195865631104 0.9876051545143127 6.619459250651911e-16 -3.3327513193626146e-08
66.42235000000302 0.7268755435943604 0.9876051545143127 6.642899299280397e-16 -3.3327513193626146e-08
66.65672500000302 0.7033761739730835 0.9876051545143127 6.666338818513292e-16 -3.3327513193626146e-08
66.89110000000302 0.6790842413902283 0.9876051545143127 6.689778867141778e-16 -3.3327513193626146e-08
67.12547500000302 0.6540594100952148 0.9876051545143127 6.713218915770265e-16 -3.3327513193626146e-08
67.35985000000304 0.6283575296401978 0.9876051545143127 6.73665843500316e-16 -3.3327513193626146e-08
67.59422500000304 0.602030336856842 0.9876051545143127 6.760098483631646e-16 -3.3327513193626146e-08
67.82860000000304 0.5751256942749023 0.9876051545143127 6.783538532260133e-16 -3.3327513193626146e-08
68.06297500000305 0.5476875305175781 0.9876051545143127 6.806978051493028e-16 -3.3327513193626146e-08
68.29735000000305 0.5197560787200928 0.9876051545143127 6.830418100121514e-16 -3.3327513193626146e-08
68.53172500000305 0.49136802554130554 0.9876051545143127 6.853857619354409e-16 -3.3327513193626146e-08
68.76610000000305 0.4625568389892578 0.9876051545143127 6.877297667982896e-16 -3.3327513193626146e-08
69.00047500000306 0.43335309624671936 0.9876051545143127 6.900737716611382e-16 -3.3327513193626146e-08
69.23485000000306 0.40378475189208984 0.9876051545143127 6.924177235844277e-16 -3.3327513193626146e-08
69.46922500000306 0.3738774061203003 0.9876051545143127 6.947617284472764e-16 -3.3327513193626146e-08
69.70360000000306 0.34365472197532654 0.9876051545143127 6.971056803705658e-16 -3.3327513193626146e-08
69.93797500000308 0.31313925981521606 0.9876051545143127 6.994496852334145e-16 -3.3327513193626146e-08
70.17235000000308 0.28235355019569397 0.9876051545143127 7.017936900962632e-16 -3.3327513193626146e-08
70.40672500000308 0.25132331252098083 0.9876051545143127 7.041376420195526e-16 -3.3327513193626146e-08
70.64110000000309 0.22008416056632996 0.9876051545143127 7.064816468824013e-16 -3.3327513193626146e-08
70.87547500000309 0.18869814276695251 0.9876051545143127 7.0882565174524995e-16 -3.3327513193626146e-08
71.10985000000309 0.15729190409183502 0.9876051545143127 7.111696036685394e-16 -3.3327513193626146e-08
71.34422500000309 0.12613897025585175 0.9876051545143127 7.135136085313881e-16 -3.3327513193626146e-08
71.5786000000031 0.0958045944571495 0.9876051545143127 7.158575604546775e-16 -3.3327513193626146e-08
71.8129750000031 0.0672956258058548 0.9876051545143127 7.182015653175262e-16 -3.3327513193626146e-08
72.0473500000031 0.041985780000686646 0.9876051545143127 7.205455701803749e-16 -3.3327513193626146e-08
72.28172500000312 0.02110189199447632 0.9876051545143127 7.228895221036643e-16 -3.3327513193626146e-08
72.51610000000312 0.0046919286251068115 0.9876051545143127 7.25233526966513e-16 -3.3327513193626146e-08
72.60448204994002 0.00039399455999955535 0.9876051545143127 7.261174058469729e-16 -3.3327513193626146e-08
72.62645770326544 -3.3384647935008616e-08 0.9876051545143127 7.263372108967854e-16 -3.3327513193626146e-08
89.99999999999999 -3.335205889243298e-08 0.9876051545143127 9.000900322791256e-16 -3.3327513193626146e-08
90.0001 -3.33531282592503e-08 0.9876051545143127 9.000909851911913e-16 -3.3327513193626146e-08
90.0003 -3.333401821237203e-08 0.9876051545143127 9.00092996894441e-16 -3.3327513193626146e-08
90.0007 -3.2891737333784477e-08 0.9876051545143127 9.000970203009405e-16 -3.3327513193626146e-08
90.001 -3.188588237890144e-08 0.9876051545143127 9.000999849162559e-16 -3.3327513193626146e-08
119.99999999999999 -3.188588237890144e-08 0.9876051545143127 1.2001200077457947e-15 -3.3327513193626146e-08
120.0001 -3.188588237890144e-08 0.9876051545143127 1.2001209606578604e-15 -3.3327513193626146e-08
120.0003 -3.188588237890144e-08 0.9876051545143127 1.2001229723611101e-15 -3.3327513193626146e-08
120.0007 -3.188588237890144e-08 0.9876051545143127 3.191219732912032e-08 -3.3327513193626146e-08
120.00082296362545 -3.188588237890144e-08 0.9876051545143127 2.591177690192126e-07 -3.1024249835809314e-08
120.00089425015203 -3.188588237890144e-08 0.9876051545143127 8.827463489069487e-07 -1.4575451068310485e-08
120.00093140586368 -3.188588237890144e-08 0.9876051545143127 1.7881317262435914e-06 3.78274904733189e-08
120.00096591988012 -3.188588237890144e-08 0.9876051545143127 3.412743353692349e-06 1.885384079969299e-07
120.00099919561444 -3.188588237890144e-08 0.9876051545143127 5.629061888612341e-06 4.438672647211206e-07
120.001 -3.188588237890144e-08 0.9876051545143127 5.695633717550663e-06 4.527696830791683e-07
120.01417824879654 -3.188588237890144e-08 0.9876051545143127 0.001253897906281054 0.0001882332726381719
120.02735649759306 -3.188588237890144e-08 0.9876051545143127 0.002500826260074973 0.0003756535588763654
120.05371460395726 -3.188588237890144e-08 0.9876051545143127 0.004991012159734964 0.0007494367309845984
120.10643081668566 -3.188588237890144e-08 0.9876051545143127 0.009956076741218567 0.0014926836593076587
120.21186324214246 -3.188588237890144e-08 0.9876051545143127 0.019824858754873276 0.0029619133565574884
120.42272809305605 -3.188588237890144e-08 0.9876051545143127 0.03937423601746559 0.005847638472914696
120.65710309305605 -3.188588237890144e-08 0.9876051545143127 0.060828518122434616 0.008978630416095257
120.89147809305607 -3.188588237890144e-08 0.9876051545143127 0.08195926249027252 0.012020308524370193
121.36022809305607 -3.188588237890144e-08 0.9876051545143127 0.12320969998836517 0.017828185111284256
121.59460309305608 -3.188588237890144e-08 0.9876051545143127 0.14332178235054016 0.020594261586666107
121.82897809305608 -3.188588237890144e-08 0.9876051545143127 0.16308656334877014 0.023268427699804306
122.06335309305608 -3.188588237890144e-08 0.9876051545143127 0.18250201642513275 0.025851046666502953
122.53210309305608 -3.188588237890144e-08 0.9876051545143127 0.22027570009231567 0.030743151903152466
122.76647809305607 -3.188588237890144e-08 0.9876051545143127 0.2386263757944107 0.033053141087293625
123.00085309305605 -3.188588237890144e-08 0.9876051545143127 0.2566145360469818 0.03527290001511574
123.23522809305605 -3.188588237890144e-08 0.9876051545143127 0.27423781156539917 0.03740307688713074
123.70397809305602 -3.188588237890144e-08 0.9876051545143127 0.30838584899902344 0.0413983091711998
123.93835309305602 -3.188588237890144e-08 0.9876051545143127 0.3249082863330841 0.04326528683304787
124.17272809305601 -3.188588237890144e-08 0.9876051545143127 0.3410625457763672 0.04504665359854698
124.641478093056 -3.188588237890144e-08 0.9876051545143127 0.372261106967926 0.04835711792111397
124.87585309305598 -3.188588237890144e-08 0.9876051545143127 0.38730186223983765 0.04988871142268181
125.11022809305597 -3.188588237890144e-08 0.9876051545143127 0.40196919441223145 0.05133984982967377
125.34460309305597 -3.188588237890144e-08 0.9876051545143127 0.41626468300819397 0.052712228149175644
125.57897809305595 -3.188588237890144e-08 0.9876051545143127 0.4301901161670685 0.054007627069950104
125.81335309305594 -3.188588237890144e-08 0.9876051545143127 0.44374555349349976 0.05522787570953369
126.04772809305594 -3.188588237890144e-08 0.9876051545143127 0.4569309949874878 0.05637495964765549
126.28210309305592 -3.188588237890144e-08 0.9876051545143127 0.46974852681159973 0.05745099484920502
126.51647809305591 -3.188588237890144e-08 0.9876051545143127 0.4822017252445221 0.05845816060900688
126.75085309305591 -3.188588237890144e-08 0.9876051545143127 0.4942939281463623 0.05939871445298195
126.9852280930559 -3.188588237890144e-08 0.9876051545143127 0.5060288310050964 0.060274962335824966
127.21960309305588 -3.188588237890144e-08 0.9876051545143127 0.5174109935760498 0.061089225113391876
127.45397809305588 -3.188588237890144e-08 0.9876051545143127 0.5284440517425537 0.06184399127960205
127.68835309305587 -3.188588237890144e-08 0.9876051545143127 0.5391311049461365 0.06254187971353531
127.92272809305585 -3.188588237890144e-08 0.9876051545143127 0.5494775176048279 0.06318540871143341
128.39147809305584 -3.188588237890144e-08 0.9876051545143127 0.5691715478897095 0.06431946903467178
128.62585309305584 -3.188588237890144e-08 0.9876051545143127 0.5785297751426697 0.06481538712978363
128.8602280930558 -3.188588237890144e-08 0.9876051545143127 0.5875700116157532 0.06526751071214676
129.0946030930558 -3.188588237890144e-08 0.9876051545143127 0.5962992310523987 0.06567837297916412
129.3289780930558 -3.188588237890144e-08 0.9876051545143127 0.6047243475914001 0.06605052947998047
129.56335309305578 -3.188588237890144e-08 0.9876051545143127 0.6128522157669067 0.06638656556606293
129.79772809305578 -3.188588237890144e-08 0.9876051545143127 0.6206903457641602 0.06668886542320251
130.03210309305578 -3.188588237890144e-08 0.9876051545143127 0.628246545791626 0.06695976853370667
130.50085309305575 -3.188588237890144e-08 0.9876051545143127 0.6425435543060303 0.06741665303707123
130.73522809305575 -3.188588237890144e-08 0.9876051545143127 0.6492998003959656 0.06760704517364502
131.43835309305572 -3.188588237890144e-08 0.9876051545143127 0.6680939197540283 0.06805064529180527
131.6727280930557 -3.188588237890144e-08 0.9876051545143127 0.6738933324813843 0.06816205382347107
132.1414780930557 -3.188588237890144e-08 0.9876051545143127 0.6848407983779907 0.06834036856889725
132.37585309305567 -3.188588237890144e-08 0.9876051545143127 0.6900039315223694 0.06841059029102325
132.61022809305567 -3.188588237890144e-08 0.9876051545143127 0.6949700117111206 0.06847016513347626
132.84460309305567 -3.188588237890144e-08 0.9876051545143127 0.6997464895248413 0.06852024048566818
133.31335309305564 -3.188588237890144e-08 0.9876051545143127 0.7087589502334595 0.06859621405601501
133.54772809305564 -3.188588237890144e-08 0.9876051545143127 0.7130089402198792 0.06862431019544601
133.7821030930556 -3.188588237890144e-08 0.9876051545143127 0.7170971632003784 0.068647101521492
134.0164780930556 -3.188588237890144e-08 0.9876051545143127 0.7210299968719482 0.06866531074047089
134.95397809305558 -3.188588237890144e-08 0.9876051545143127 0.7353308200836182 0.06870510429143906
135.18835309305555 -3.188588237890144e-08 0.9876051545143127 0.7385774850845337 0.06870958209037781
135.42272809305555 -3.188588237890144e-08 0.9876051545143127 0.7417038679122925 0.0687127560377121
135.89147809305553 -3.188588237890144e-08 0.9876051545143127 0.7476152181625366 0.06871624290943146
136.12585309305553 -3.188588237890144e-08 0.9876051545143127 0.7504099607467651 0.06871705502271652
136.36022809305553 -3.188588237890144e-08 0.9876051545143127 0.7531034350395203 0.06871749460697174
137.53210309305547 -3.188588237890144e-08 0.9876051545143127 0.765197217464447 0.06871774047613144
137.76647809305547 -3.188588237890144e-08 0.9876051545143127 0.7673680782318115 0.06871774047613144
138.00085309305544 -3.188588237890144e-08 0.9876051545143127 0.7694645524024963 0.06871774047613144
138.23522809305544 -3.188588237890144e-08 0.9876051545143127 0.771489679813385 0.06871774047613144
139.87585309305538 -3.188588237890144e-08 0.9876051545143127 0.7839062809944153 0.06871774047613144
140.11022809305535 -3.188588237890144e-08 0.9876051545143127 0.7854591012001038 0.06871774047613144
140.34460309305535 -3.188588237890144e-08 0.9876051545143127 0.7869633436203003 0.06871774047613144
140.57897809305535 -3.188588237890144e-08 0.9876051545143127 0.7884210348129272 0.06871774047613144
141.04772809305533 -3.188588237890144e-08 0.9876051545143127 0.7912040948867798 0.06871774047613144
141.28210309305533 -3.188588237890144e-08 0.9876051545143127 0.7925329804420471 0.06871774047613144
141.5164780930553 -3.188588237890144e-08 0.9876051545143127 0.7938222885131836 0.06871774047613144
141.7508530930553 -3.188588237890144e-08 0.9876051545143127 0.7950736284255981 0.06871774047613144
141.9852280930553 -3.188588237890144e-08 0.9876051545143127 0.7962884902954102 0.06871774047613144
144.79772809305516 -3.188588237890144e-08 0.9876051545143127 0.8084813356399536 0.06871774047613144
145.03210309305516 -3.188588237890144e-08 0.9876051545143127 0.809330940246582 0.06871774047613144
145.26647809305516 -3.188588237890144e-08 0.9876051545143127 0.8101592063903809 0.06871774047613144
145.50085309305513 -3.188588237890144e-08 0.9876051545143127 0.8109667301177979 0.06871774047613144
149.48522809305499 -3.188588237890144e-08 0.9876051545143127 0.8221256136894226 0.06871774047613144
149.71960309305496 -3.188588237890144e-08 0.9876051545143127 0.8226593732833862 0.06871774047613144
150.0 -3.188588237890144e-08 0.9876051545143127 0.8232861757278442 0.06871774047613144
150.0001 -3.188588237890144e-08 0.9876051545143127 0.8232863545417786 0.06871774047613144
150.0003 -3.188588237890144e-08 0.9876051545143127 0.8232865333557129 0.06871774047613144
150.0007 -3.188588237890144e-08 0.9876051545143127 0.8232867121696472 0.06871774047613144
150.001 -3.188588237890144e-08 0.9876051545143127 0.8232867121696472 0.06871774047613144
150.01432713595486 6.47869092063047e-05 0.9876051545143127 0.8232867121696472 0.06871774047613144
150.02766078247927 0.00012963157496415079 0.9876051545143127 0.8232867121696472 0.06871774047613144
150.05432807552816 0.0002593034878373146 0.9876051545143127 0.8232867121696472 0.06871774047613144
150.1076626616259 0.0005185776972211897 0.9876051545143127 0.8232867121696472 0.06871774047613144
150.21433183382146 0.001036847592331469 0.9876051545143127 0.8232867121696472 0.06871774047613144
150.42767017821254 0.0020725412759929895 0.9876051545143127 0.8232867121696472 0.06871774047613144
157.92767017821222 0.03773335739970207 0.9876051545143127 0.8232867121696472 0.06871774047613144
165.4276701782119 0.07192523032426834 0.9876051545143127 0.8232867121696472 0.06871774047613144
165.6620451782119 0.07297009229660034 0.9876051545143127 0.8232867121696472 0.06871774047613144
165.89642017821188 0.07401352375745773 0.9876051545143127 0.8232867121696472 0.06871774047613144
166.13079517821188 0.07505551725625992 0.9876051545143127 0.8232867121696472 0.06871774047613144
173.0653975891059 0.10523974150419235 0.9876051545143127 0.8232867121696472 0.06871774047613144
179.99999999999997 0.13418060541152954 0.9876051545143127 0.8232867121696472 0.06871774047613144
180.0001 0.13418015837669373 0.9876051545143127 0.8232867121696472 0.06871774047613144
180.0003 0.13417963683605194 0.9876051545143127 0.8232865333557129 0.06871774047613144
180.0007 0.13417929410934448 0.9876051545143127 0.8232842087745667 0.06871774047613144
180.001 0.1341792494058609 0.9876051545143127 0.8232800960540771 0.06871774047613144
180.0828800000013 0.1341792494058609 0.9876051545143127 0.8167403340339661 0.06871774047613144
180.1647600000026 0.1341792494058609 0.9876051545143127 0.810029149055481 0.06871774047613144
180.56297500000517 0.1341792494058609 0.9876051545143127 0.7755721211433411 0.06871774047613144
180.79735000000514 0.1341792494058609 0.9876051545143127 0.7540456652641296 0.06871774047613144
181.03172500000514 0.1341792494058609 0.9876051545143127 0.7315848469734192 0.06871774047613144
181.26610000000514 0.1341792494058609 0.9876051545143127 0.708255410194397 0.06871774047613144
181.5004750000051 0.1341792494058609 0.9876051545143127 0.6841208338737488 0.06871774047613144
181.7348500000051 0.1341792494058609 0.9876051545143127 0.6592414379119873 0.06871774047613144
181.9692250000051 0.1341792494058609 0.9876051545143127 0.6336738467216492 0.06871774047613144
182.20360000000508 0.1341792494058609 0.9876051545143127 0.607470691204071 0.06871774047613144
182.43797500000508 0.1341792494058609 0.9876051545143127 0.5806806683540344 0.06871774047613144
182.67235000000508 0.1341792494058609 0.9876051545143127 0.5533483624458313 0.06871774047613144
182.90672500000505 0.1341792494058609 0.9876051545143127 0.5255148410797119 0.06871774047613144
183.14110000000505 0.1341792494058609 0.9876051545143127 0.49721741676330566 0.06871774047613144
183.37547500000505 0.1341792494058609 0.9876051545143127 0.4684903025627136 0.06871774047613144
183.84422500000503 0.1341792494058609 0.9876051545143127 0.4098688066005707 0.06871774047613144
184.078600000005 0.1341792494058609 0.9876051545143127 0.3800289034843445 0.06871774047613144
184.312975000005 0.1341792494058609 0.9876051545143127 0.3498689532279968 0.06871774047613144
184.547350000005 0.1341792494058609 0.9876051545143127 0.31941160559654236 0.06871774047613144
184.78172500000497 0.1341792494058609 0.9876051545143127 0.2886793315410614 0.06871774047613144
185.25047500000497 0.1341792494058609 0.9876051545143127 0.2264965921640396 0.06871774047613144
185.48485000000494 0.1341792494058609 0.9876051545143127 0.1951332688331604 0.06871774047613144
185.71922500000494 0.1341792494058609 0.9876051545143127 0.1637154221534729 0.06871774047613144
185.95360000000494 0.1341792494058609 0.9876051545143127 0.13247671723365784 0.06871774047613144
186.1879750000049 0.1341792494058609 0.9876051545143127 0.10190848261117935 0.06871774047613144
186.4223500000049 0.1341792494058609 0.9876051545143127 0.07292120903730392 0.06871774047613144
186.6567250000049 0.1341792494058609 0.9876051545143127 0.04684070870280266 0.06871774047613144
186.89110000000488 0.1341792494058609 0.9876051545143127 0.02498268336057663 0.06871774047613144
187.12547500000488 0.1341792494058609 0.9876051545143127 0.007374096661806107 0.06871774047613144
187.23266150802206 0.1341792494058609 0.9876051545143127 0.0011761982459574938 0.06871774047613144
187.26608664480307 0.1341792494058609 0.9876051545143127 6.681294325971976e-05 0.06871774047613144
187.27353269813136 0.1341792494058609 0.9876051545143127 -3.3384647935008616e-08 0.06871774047613144
204.51721046519248 0.1341792494058609 0.9876051545143127 -3.3384647935008616e-08 0.06871774047613144
209.99999999999997 0.1341792494058609 0.9876051545143127 -3.337619247645307e-08 0.06871774047613144
210.00009999999997 0.1341792494058609 0.9876051545143127 -3.336117515573278e-08 0.06871774047613144
210.0003 0.1341792494058609 0.9876051545143127 -3.3342061556140834e-08 0.06871774047613144
210.00070000000002 0.1341792494058609 0.9876051545143127 -3.3325623149949024e-08 0.06871774047613144
210.00082296354893 0.1341792494058609 0.9876051545143127 -3.3198112703303195e-08 0.06871774047613144
210.00089395662727 0.1341792643070221 0.9876051545143127 -6.576878597286395e-09 0.06871774047613144
210.0009296611971 0.13417930901050568 0.9876051545143127 9.987243743125873e-08 0.06871774047613144
210.00095144519307 0.13417936861515045 0.9876051545143127 3.334916414132749e-07 0.06871774047613144
210.0009729882979 0.13417945802211761 0.9876051545143127 8.736162726563634e-07 0.06871774047613144
210.00099098105656 0.13417959213256836 0.9876051545143127 1.6928819377426407e-06 0.06871774047613144
210.00100000000003 0.13417968153953552 0.9876051545143127 2.2937324501981493e-06 0.06871774047613144
210.0030064668761 0.13420426845550537 0.9876051545143127 0.0001778363948687911 0.06871774047613144
210.0050129337521 0.13422885537147522 0.9876051545143127 0.0003533528361003846 0.06871774047613144
210.00902782790172 0.13427799940109253 0.9876051545143127 0.0007044784724712372 0.06871774047613144
210.0652363459965 0.13496318459510803 0.9876051545143127 0.005609214771538973 0.06871774047613144
210.12947465239057 0.13573947548866272 0.9876051545143127 0.0111894141882658 0.06871774047613144
210.25795126517863 0.13727140426635742 0.9876051545143127 0.02227279171347618 0.06871774047613144
210.4923262651786 0.14001187682151794 0.9876051545143127 0.04228851944208145 0.06871774047613144
210.9610762651786 0.14527951180934906 0.9876051545143127 0.08151154965162277 0.06871774047613144
211.42982626517858 0.15024003386497498 0.9876051545143127 0.11955219507217407 0.06871774047613144
211.66420126517858 0.15260562300682068 0.9876051545143127 0.13812348246574402 0.06871774047613144
211.89857626517855 0.15489505231380463 0.9876051545143127 0.1563921570777893 0.06871774047613144
212.13295126517855 0.1571086198091507 0.9876051545143127 0.17435573041439056 0.06871774047613144
212.36732626517855 0.15924683213233948 0.9876051545143127 0.19201324880123138 0.06871774047613144
212.83607626517852 0.1632992923259735 0.9876051545143127 0.22640517354011536 0.06871774047613144
213.07045126517852 0.1652144193649292 0.9876051545143127 0.24313487112522125 0.06871774047613144
213.3048262651785 0.16705620288848877 0.9876051545143127 0.259550541639328 0.06871774047613144
213.5392012651785 0.16882534325122833 0.9876051545143127 0.27565088868141174 0.06871774047613144
213.7735762651785 0.17052271962165833 0.9876051545143127 0.29143577814102173 0.06871774047613144
214.24232626517846 0.17370566725730896 0.9876051545143127 0.32205700874328613 0.06871774047613144
214.47670126517846 0.1751931607723236 0.9876051545143127 0.3368924856185913 0.06871774047613144
214.71107626517843 0.1766127645969391 0.9876051545143127 0.35141170024871826 0.06871774047613144
215.17982626517843 0.1792527139186859 0.9876051545143127 0.3794998228549957 0.06871774047613144
215.4142012651784 0.1804754137992859 0.9876051545143127 0.393067330121994 0.06871774047613144
215.6485762651784 0.1816350370645523 0.9876051545143127 0.40631717443466187 0.06871774047613144
215.8829512651784 0.18273299932479858 0.9876051545143127 0.41925105452537537 0.06871774047613144
216.35170126517838 0.18474990129470825 0.9876051545143127 0.44417768716812134 0.06871774047613144
216.58607626517838 0.18567200005054474 0.9876051545143127 0.45617225766181946 0.06871774047613144
216.82045126517835 0.18653878569602966 0.9876051545143127 0.467855840921402 0.06871774047613144
217.05482626517835 0.1873520165681839 0.9876051545143127 0.4792308211326599 0.06871774047613144
217.52357626517832 0.18882478773593903 0.9876051545143127 0.5010679960250854 0.06871774047613144
217.75795126517832 0.18948796391487122 0.9876051545143127 0.5115368366241455 0.06871774047613144
217.99232626517832 0.19010473787784576 0.9876051545143127 0.521710991859436 0.06871774047613144
218.2267012651783 0.1906770020723343 0.9876051545143127 0.531593918800354 0.06871774047613144
218.4610762651783 0.19120679795742035 0.9876051545143127 0.5411887168884277 0.06871774047613144
218.6954512651783 0.1916961520910263 0.9876051545143127 0.550498902797699 0.06871774047613144
218.92982626517826 0.19214694201946259 0.9876051545143127 0.5595294237136841 0.06871774047613144
219.39857626517826 0.19294032454490662 0.9876051545143127 0.5767715573310852 0.06871774047613144
219.63295126517824 0.1932869255542755 0.9876051545143127 0.5849922895431519 0.06871774047613144
219.86732626517824 0.1936028003692627 0.9876051545143127 0.5929528474807739 0.06871774047613144
220.10170126517824 0.19388969242572784 0.9876051545143127 0.6006588935852051 0.06871774047613144
220.3360762651782 0.19414937496185303 0.9876051545143127 0.6081162691116333 0.06871774047613144
220.5704512651782 0.19438382983207703 0.9876051545143127 0.615330159664154 0.06871774047613144
220.8048262651782 0.1945948749780655 0.9876051545143127 0.622306227684021 0.06871774047613144
221.03920126517818 0.19478406012058258 0.9876051545143127 0.6290506720542908 0.06871774047613144
221.74232626517815 0.19523629546165466 0.9876051545143127 0.6479551196098328 0.06871774047613144
221.97670126517815 0.19535362720489502 0.9876051545143127 0.6538337469100952 0.06871774047613144
222.67982626517812 0.19562478363513947 0.9876051545143127 0.6702855229377747 0.06871774047613144
222.91420126517812 0.19569233059883118 0.9876051545143127 0.6753948330879211 0.06871774047613144
223.6173262651781 0.19584131240844727 0.9876051545143127 0.6896814107894897 0.06871774047613144
223.85170126517806 0.19587630033493042 0.9876051545143127 0.6941155791282654 0.06871774047613144
224.08607626517806 0.19590550661087036 0.9876051545143127 0.6983950138092041 0.06871774047613144
224.32045126517806 0.1959296315908432 0.9876051545143127 0.7025251984596252 0.06871774047613144
224.55482626517804 0.1959492713212967 0.9876051545143127 0.7065114378929138 0.06871774047613144
224.78920126517804 0.19596508145332336 0.9876051545143127 0.7103588581085205 0.06871774047613144
225.02357626517804 0.19597767293453217 0.9876051545143127 0.714072585105896 0.06871774047613144
225.257951265178 0.19598756730556488 0.9876051545143127 0.7176575660705566 0.06871774047613144
225.492326265178 0.19599522650241852 0.9876051545143127 0.721118688583374 0.06871774047613144
225.72670126517798 0.19600102305412292 0.9876051545143127 0.7244604229927063 0.06871774047613144
226.66420126517795 0.1960117518901825 0.9876051545143127 0.7367221117019653 0.06871774047613144
226.89857626517795 0.19601261615753174 0.9876051545143127 0.7395321130752563 0.06871774047613144
227.13295126517792 0.19601312279701233 0.9876051545143127 0.7422478199005127 0.06871774047613144
227.36732626517792 0.19601339101791382 0.9876051545143127 0.7448728680610657 0.06871774047613144
227.60170126517792 0.19601349532604218 0.9876051545143127 0.7474107146263123 0.06871774047613144
227.8360762651779 0.19601352512836456 0.9876051545143127 0.7498648166656494 0.06871774047613144
228.0704512651779 0.19601352512836456 0.9876051545143127 0.7522385120391846 0.06871774047613144
228.3048262651779 0.19601352512836456 0.9876051545143127 0.7545349597930908 0.06871774047613144
229.9454512651778 0.19601351022720337 0.9876051545143127 0.7686845064163208 0.06871774047613144
230.1798262651778 0.19601351022720337 0.9876051545143127 0.770461916923523 0.06871774047613144
230.4142012651778 0.19601351022720337 0.9876051545143127 0.7721853256225586 0.06871774047613144
230.64857626517778 0.19601351022720337 0.9876051545143127 0.7738567590713501 0.06871774047613144
232.52357626517772 0.19601351022720337 0.9876051545143127 0.7855803966522217 0.06871774047613144
232.7579512651777 0.19601351022720337 0.9876051545143127 0.7868646383285522 0.06871774047613144
232.9923262651777 0.19601351022720337 0.9876051545143127 0.7881133556365967 0.06871774047613144
233.2267012651777 0.19601351022720337 0.9876051545143127 0.7893279790878296 0.06871774047613144
233.46107626517767 0.19601351022720337 0.9876051545143127 0.7905097007751465 0.06871774047613144
233.69545126517767 0.19601351022720337 0.9876051545143127 0.7916597127914429 0.06871774047613144
233.92982626517767 0.19601351022720337 0.9876051545143127 0.7927790880203247 0.06871774047613144
234.16420126517764 0.19601351022720337 0.9876051545143127 0.7938690185546875 0.06871774047613144
234.39857626517764 0.19601351022720337 0.9876051545143127 0.7949303984642029 0.06871774047613144
234.63295126517764 0.19601351022720337 0.9876051545143127 0.7959644198417664 0.06871774047613144
234.8673262651776 0.19601351022720337 0.9876051545143127 0.7969720363616943 0.06871774047613144
235.1017012651776 0.19601351022720337 0.9876051545143127 0.7979540824890137 0.06871774047613144
238.61732626517747 0.19601351022720337 0.9876051545143127 0.8101410865783691 0.06871774047613144
238.85170126517747 0.19601351022720337 0.9876051545143127 0.8108131289482117 0.06871774047613144
239.08607626517744 0.19601351022720337 0.9876051545143127 0.811470627784729 0.06871774047613144
239.32045126517744 0.19601351022720337 0.9876051545143127 0.8121140003204346 0.06871774047613144
239.7892012651774 0.19601351022720337 0.9876051545143127 0.8133604526519775 0.06871774047613144
239.99999999999997 0.19601351022720337 0.9876051545143127 0.813906729221344 0.06871774047613144
