time a b c w1
0.0 0.0 0.0 0.0 0.0
0.00018749998775824395 1.0 1.0 1.8751873486053863e-21 1.8751873486053863e-21
0.0003749999755164879 1.0 1.0 3.7503746972107726e-21 -5.559092741691529e-09
0.0007499999510329758 1.0 1.0 7.500749394421545e-21 -2.6692712040699007e-08
0.001 1.0 1.0 1.0000999731091105e-20 -3.338478293812841e-08
29.999999999999996 1.0 1.0 3.000300019364487e-16 -3.338460530244447e-08
30.000099999999996 1.0 1.0 3.0003100778807355e-16 -3.336396758868432e-08
30.0003 1.0 1.0 3.0003299302154367e-16 -3.334358211759536e-08
30.0007 1.0 1.0 3.0003698995826353e-16 -3.333236620051139e-08
30.001 1.0 1.0 3.000400075131381e-16 -3.332756293161765e-08
59.99999999999999 1.0 1.0 6.000600038728974e-16 -3.332756293161765e-08
60.000099999999996 1.0 1.0 6.000610097245222e-16 -3.332756293161765e-08
60.000299999999996 1.0 1.0 6.00063021427772e-16 -3.332756293161765e-08
60.000699999999995 1.0 1.0 6.000669918947122e-16 -3.332756293161765e-08
60.001000000000005 1.0 1.0 6.000700094495868e-16 -3.332756293161765e-08
89.99999999999999 1.0 1.0 9.000900322791256e-16 -3.332756293161765e-08
90.0001 1.0 1.0 9.000909851911913e-16 -3.332756293161765e-08
90.0003 1.0 1.0 9.00092996894441e-16 2.2132749677439278e-07
90.00042564836679 1.0 1.0 9.00094267443862e-16 2.017758561123628e-06
90.00047405524951 1.0 1.0 9.000946909603355e-16 6.129803296062164e-06
90.00049617269686 1.0 1.0 9.000950085976908e-16 9.271513590647373e-06
90.00051027975553 1.0 1.0 9.000951144768092e-16 1.0941798791463953e-05
90.00052603632729 1.0 1.0 9.000952203559276e-16 1.2085564776498359e-05
90.00058496342413 1.0 1.0 9.00095855630638e-16 1.5131111467781011e-05
90.00082642756841 0.9999999403953552 1.0 5.776429290449414e-08 2.3749813408358023e-05
90.00090430127842 0.9999999403953552 1.0 6.599099720006052e-07 2.5495530280750245e-05
90.001 0.9999997615814209 1.0 5.072117801319109e-06 2.710806074901484e-05
90.01772866371755 0.9999696612358093 1.0 0.0015862222062423825 0.0002645376371219754
90.0344573274351 0.9999393820762634 1.0 0.00318064889870584 0.0005057192756794393
90.1287420201235 0.9997653365135193 1.0 0.012122287414968014 0.0018523996695876122
90.25039210356181 0.9995332956314087 1.0 0.02359997294843197 0.003573198104277253
90.3968764785618 0.9992438554763794 1.0 0.037334565073251724 0.005621054209768772
90.6898452285618 0.9986261129379272 1.0 0.06439680606126785 0.009603035636246204
90.9828139785618 0.9979490041732788 1.0 0.09088359028100967 0.013425610959529877
91.27578272856178 0.9972038865089417 1.0 0.11678105592727661 0.017087191343307495
91.71523585356178 0.995935320854187 1.0 0.1545400768518448 0.022287191823124886
92.00820460356177 0.9949701428413391 1.0 0.17905929684638977 0.025580979883670807
92.44765772856177 0.9933019280433655 1.0 0.21469347178936005 0.030224740505218506
92.88711085356175 0.9913045167922974 1.0 0.24892133474349976 0.03451178967952728
93.18007960356175 0.989743709564209 1.0 0.2710404694080353 0.03719618171453476
93.61953272856174 0.9869665503501892 1.0 0.3033110797405243 0.04100266844034195
93.91250147856174 0.9847545623779297 1.0 0.32420724630355835 0.043393030762672424
94.35195460356174 0.9807395935058594 1.0 0.35444575548171997 0.046722039580345154
94.64492335356172 0.9774805307388306 1.0 0.373794287443161 0.04875774309039116
94.93789210356172 0.9736375212669373 1.0 0.3926536738872528 0.05068527162075043
95.23086085356171 0.9690865278244019 1.0 0.41093015670776367 0.052487216889858246
95.37734522856171 0.9665007591247559 1.0 0.41981756687164307 0.05333518981933594
95.67031397856171 0.9606072902679443 1.0 0.43710213899612427 0.05492999404668808
95.96328272856171 0.9536028504371643 1.0 0.4538102447986603 0.056408628821372986
96.1097671035617 0.9496254324913025 1.0 0.4619377553462982 0.057103488594293594
96.2562514785617 0.9452992081642151 1.0 0.46990102529525757 0.05776675418019295
96.4027358535617 0.9406004548072815 1.0 0.47770121693611145 0.05839920789003372
96.6957046035617 0.929995059967041 1.0 0.49289998412132263 0.05958954989910126
96.84218897856168 0.9240468740463257 1.0 0.5003320574760437 0.06015438213944435
97.13515772856168 0.9107723236083984 1.0 0.5148271918296814 0.06121864169836044
97.28164210356168 0.9034192562103271 1.0 0.5219071507453918 0.061721689999103546
97.42812647856168 0.8955762386322021 1.0 0.5288429856300354 0.062200360000133514
97.57461085356168 0.8872381448745728 1.0 0.5356202125549316 0.06265265494585037
97.86757960356167 0.8690716624259949 1.0 0.5487143993377686 0.06348290294408798
98.01406397856167 0.859248697757721 1.0 0.5550585985183716 0.06386616080999374
98.30703272856167 0.8381575345993042 1.0 0.5673477649688721 0.06457246840000153
98.45351710356165 0.8269098997116089 1.0 0.573272705078125 0.06489350646734238
98.60000147856165 0.8152109384536743 1.0 0.5790517926216125 0.06519395858049393
98.74648585356165 0.8030747175216675 1.0 0.5847026109695435 0.0654766783118248
98.89297022856165 0.7905165553092957 1.0 0.5902568101882935 0.06574632972478867
99.03945460356165 0.7775521278381348 1.0 0.595714807510376 0.06600336730480194
99.18593897856165 0.7641977071762085 1.0 0.6010475158691406 0.06624437868595123
99.33242335356164 0.7504695653915405 1.0 0.6062424182891846 0.06646820902824402
99.47890772856164 0.7363839149475098 1.0 0.6113025546073914 0.06667575240135193
99.62539210356164 0.7219569087028503 1.0 0.6162447333335876 0.06686942279338837
99.77187647856164 0.7072041034698486 1.0 0.6210991144180298 0.06705302745103836
99.91836085356164 0.6921408176422119 1.0 0.6258804202079773 0.06722848117351532
100.06484522856162 0.6767818927764893 1.0 0.6305887699127197 0.06739595532417297
100.21132960356162 0.6611413955688477 1.0 0.6352109909057617 0.0675542950630188
100.35781397856162 0.6452329158782959 1.0 0.6397207975387573 0.06770104169845581
100.50429835356162 0.6290695667266846 1.0 0.6441068649291992 0.06783543527126312
100.65078272856162 0.6126636266708374 1.0 0.6483722925186157 0.06795825064182281
100.79726710356162 0.5960268974304199 1.0 0.6525331139564514 0.06807136535644531
100.94375147856161 0.5791705846786499 1.0 0.6566179394721985 0.06817761808633804
101.09023585356161 0.562105119228363 1.0 0.6606274247169495 0.06827741116285324
101.23672022856161 0.5448405742645264 1.0 0.6645364761352539 0.06836890429258347
101.38320460356161 0.5273864269256592 1.0 0.6683348417282104 0.06845156848430634
101.52968897856161 0.5097516179084778 1.0 0.6720259189605713 0.06852608174085617
101.6761733535616 0.49194449186325073 1.0 0.6756187677383423 0.06859345734119415
101.8226577285616 0.4739730954170227 1.0 0.6791282892227173 0.06865505874156952
101.9691421035616 0.455844908952713 1.0 0.6825560927391052 0.0687112882733345
102.2621108535616 0.41914618015289307 1.0 0.6891321539878845 0.06880658119916916
102.4085952285616 0.4005886912345886 1.0 0.6922800540924072 0.06884624063968658
102.55507960356158 0.3819005489349365 1.0 0.6953498125076294 0.06888172775506973
102.84804835356158 0.3441547751426697 1.0 0.7013305425643921 0.0689447745680809
102.99453272856158 0.32510775327682495 1.0 0.7042255401611328 0.06897193193435669
103.28750147856157 0.2866910994052887 1.0 0.7098167538642883 0.06901782751083374
103.43398585356157 0.2673318386077881 1.0 0.7125052809715271 0.06903666257858276
103.58047022856157 0.2478797435760498 1.0 0.7151162624359131 0.06905277073383331
103.72695460356157 0.22834210097789764 1.0 0.717652440071106 0.06906647980213165
103.87343897856157 0.20872896909713745 1.0 0.720116138458252 0.06907805800437927
104.01992335356157 0.189055398106575 1.0 0.7225198745727539 0.06908798217773438
104.16640772856155 0.1693456470966339 1.0 0.7248858213424683 0.06909693032503128
104.31289210356155 0.14964058995246887 1.0 0.7272142171859741 0.06910500675439835
104.60586085356155 0.11057229340076447 1.0 0.7316915392875671 0.069117471575737
104.75234522856155 0.09152050316333771 1.0 0.7338350415229797 0.06912197172641754
104.89882960356154 0.0731484442949295 1.0 0.7359179258346558 0.06912554800510406
105.04531397856154 0.05585397407412529 1.0 0.7379517555236816 0.06912843883037567
105.19179835356154 0.04008917137980461 1.0 0.7399565577507019 0.06913094967603683
105.33828272856154 0.026248138397932053 1.0 0.7419325113296509 0.06913314759731293
105.48476710356154 0.014540119096636772 1.0 0.7438704967498779 0.06913497298955917
105.63125147856154 0.004685013554990292 1.0 0.7457784414291382 0.06913650780916214
105.69822638460496 0.0009586672531440854 1.0 0.7466357350349426 0.0691370964050293
105.72184680038237 5.550662535824813e-05 1.0 0.7469322681427002 0.06913726031780243
105.72592210354827 -3.3384651487722294e-08 1.0 0.7469832897186279 0.06913728266954422
105.91937254359468 -3.3384651487722294e-08 1.0 0.7493664026260376 0.06913834065198898
106.11282298364108 -3.3384651487722294e-08 1.0 0.7517080903053284 0.06913915276527405
106.47903392114108 -3.3384651487722294e-08 1.0 0.7559321522712708 0.06913995742797852
106.84524485864107 -3.3384651487722294e-08 1.0 0.7599141597747803 0.06914016604423523
106.99172923364107 -3.3384651487722294e-08 1.0 0.7614709138870239 0.06914020329713821
107.13821360864105 -3.3384651487722294e-08 1.0 0.7629926204681396 0.06914022564888
107.28469798364105 -3.3384651487722294e-08 1.0 0.7644726037979126 0.0691402330994606
107.79739329614104 -3.3384651487722294e-08 1.0 0.769345223903656 0.0691402330994606
108.31008860864104 -3.3384651487722294e-08 1.0 0.7738296389579773 0.0691402330994606
108.82278392114104 -3.3384651487722294e-08 1.0 0.7779792547225952 0.0691402330994606
109.33547923364102 -3.3384651487722294e-08 1.0 0.7817842960357666 0.0691402330994606
109.77493235864101 -3.3384651487722294e-08 1.0 0.7848634719848633 0.0691402330994606
110.06790110864101 -3.3384651487722294e-08 1.0 0.7868430614471436 0.0691402330994606
110.507354233641 -3.3384651487722294e-08 1.0 0.7897055745124817 0.0691402330994606
110.946807358641 -3.3384651487722294e-08 1.0 0.7924371957778931 0.0691402330994606
111.38626048364098 -3.3384651487722294e-08 1.0 0.7949787378311157 0.0691402330994606
111.53274485864098 -3.3384651487722294e-08 1.0 0.7957866787910461 0.0691402330994606
111.67922923364098 -3.3384651487722294e-08 1.0 0.7965760231018066 0.0691402330994606
111.82571360864098 -3.3384651487722294e-08 1.0 0.7973474264144897 0.0691402330994606
111.97219798364097 -3.3384651487722294e-08 1.0 0.7981037497520447 0.0691402330994606
112.77786204614095 -3.3384651487722294e-08 1.0 0.8020545244216919 0.0691402330994606
113.58352610864095 -3.3384651487722294e-08 1.0 0.8055721521377563 0.0691402330994606
114.02297923364094 -3.3384651487722294e-08 1.0 0.8073291778564453 0.0691402330994606
114.46243235864092 -3.3384651487722294e-08 1.0 0.8090606927871704 0.0691402330994606
115.48782298364091 -3.338465504043597e-08 1.0 0.8127630352973938 0.0691402330994606
116.5132136086409 -3.338465504043597e-08 1.0 0.8159977197647095 0.0691402330994606
116.95266673364088 -3.338465504043597e-08 1.0 0.8173300623893738 0.0691402330994606
117.61184642114088 -3.338465504043597e-08 1.0 0.8192204236984253 0.0691402330994606
118.27102610864087 -3.338465504043597e-08 1.0 0.8210117816925049 0.0691402330994606
119.99999999999999 -3.339609833119539e-08 1.0 0.8252906203269958 0.0691402330994606
120.0001 -3.336781162488478e-08 1.0 0.8252907991409302 0.0691402330994606
120.0003 -3.334358922302272e-08 1.0 0.8252911567687988 0.06913992762565613
120.0007 -3.332898046437549e-08 1.0 0.825291633605957 0.06913655251264572
120.00088503960491 -3.332187148430421e-08 1.0 0.8252917528152466 0.06913046538829803
120.001 -3.331915721105361e-08 1.0 0.8252917528152466 0.06912275403738022
120.23890162584378 0.001166307833045721 1.0 0.8252917528152466 0.04239603504538536
120.47680325168754 0.002331208437681198 1.0 0.8252917528152466 0.02048785798251629
120.62328762668754 0.0030477577820420265 1.0 0.8252917528152466 0.009783007204532623
120.76977200168753 0.003763848450034857 1.0 0.8252917528152466 0.00120406539645046
120.80384021890748 0.003930314444005489 1.0 0.8252917528152466 9.660753858042881e-05
120.81797817294378 0.003999377600848675 1.0 0.8252917528152466 -3.338460885515815e-08
123.52929474877564 0.017145667225122452 1.0 0.8252917528152466 -3.338460885515815e-08
126.24061132460751 0.03009781613945961 1.0 0.8252917528152466 -3.338460885515815e-08
126.38709569960753 0.030792048200964928 1.0 0.8252917528152466 -3.338460885515815e-08
126.53358007460753 0.03148571401834488 1.0 0.8252917528152466 -3.338460885515815e-08
126.68006444960754 0.032178811728954315 1.0 0.8252917528152466 -3.338460885515815e-08
132.39295507460798 0.05876726284623146 1.0 0.8252917528152466 -3.338460885515815e-08
137.22693944960832 0.08059223741292953 1.0 0.8252917528152466 -3.338460885515815e-08
138.32557226210844 0.08546659350395203 1.0 0.8252917528152466 -3.338460885515815e-08
139.4242050746085 0.09030920267105103 1.0 0.8252917528152466 -3.338460885515815e-08
146.162486324609 0.11931788921356201 1.0 0.8252917528152466 -3.338460885515815e-08
146.308970699609 0.11993532627820969 1.0 0.8252917528152466 -3.338460885515815e-08
146.45545507460903 0.120552197098732 1.0 0.8252917528152466 -3.338460885515815e-08
146.60193944960903 0.12116850912570953 1.0 0.8252917528152466 -3.338460885515815e-08
149.9710800746093 0.13518965244293213 1.0 0.8252917528152466 -3.338460885515815e-08
150.0 0.13530875742435455 1.0 0.8252917528152466 -3.338460885515815e-08
