time a b c w1
0.0 0.0 0.0 0.0 0.0
2.34374997708231e-06 1.0801570415496826 2.34398437508335e-23 2.34398437508335e-23 2.34398437508335e-23
2.3531289769906394e-06 1.0037916898727417 2.35336424679079e-23 2.35336424679079e-23 2.35336424679079e-23
2.3718869768072985e-06 0.9922298789024353 2.372124147977851e-23 2.372124147977851e-23 2.372124147977851e-23
2.449126245505041e-06 0.9876051545143127 2.449371143311084e-23 2.449371143311084e-23 2.449371143311084e-23
0.00019360463173130613 0.9876051545143127 1.9362399824984054e-21 1.9362399824984054e-21 1.9362399824984054e-21
0.00038480681743822704 0.9876051545143127 3.8484529531415596e-21 3.8484529531415596e-21 -5.559464444360174e-09
0.0007672111888520689 0.9876051545143127 7.672878894427868e-21 7.672878894427868e-21 -2.705487389675909e-08
0.001 0.9876051545143127 1.0000999731091105e-20 1.0000999731091105e-20 -3.338633192129237e-08
29.999999999999996 0.9876051545143127 3.000300019364487e-16 3.000300019364487e-16 -3.3386157838322106e-08
30.000099999999996 0.9876051545143127 3.0003100778807355e-16 3.0003100778807355e-16 -3.3364898399668164e-08
30.0003 0.9876051545143127 3.0003299302154367e-16 3.0003299302154367e-16 -3.3343891203685416e-08
30.0007 0.9876051545143127 3.0003698995826353e-16 3.0003698995826353e-16 -3.3332312909806205e-08
30.001 0.9876051545143127 3.000400075131381e-16 3.000400075131381e-16 -3.332734621608324e-08
59.99999999999999 0.9876051545143127 6.000600038728974e-16 6.000600038728974e-16 -3.332734621608324e-08
60.000099999999996 0.9876051545143127 6.000610097245222e-16 6.000610097245222e-16 -3.332734621608324e-08
60.000299999999996 0.9876051545143127 6.00063021427772e-16 6.00063021427772e-16 -3.332734621608324e-08
60.000699999999995 0.9876049160957336 6.000669918947122e-16 6.000669918947122e-16 -3.332734621608324e-08
60.001000000000005 0.987604558467865 6.000700094495868e-16 6.000700094495868e-16 -3.332734621608324e-08
60.02144000000019 0.987460196018219 6.002744090876711e-16 6.002744090876711e-16 -3.332734621608324e-08
60.04188000000037 0.9873135685920715 6.004788616653146e-16 6.004788616653146e-16 -3.332734621608324e-08
60.328600000002936 0.9849971532821655 6.033463328895664e-16 6.033463328895664e-16 -3.332734621608324e-08
60.562975000002936 0.9827632904052734 6.056903377524151e-16 6.056903377524151e-16 -3.332734621608324e-08
61.03172500000293 0.9771014451980591 6.103782945385532e-16 6.103782945385532e-16 -3.332734621608324e-08
61.50047500000293 0.9691501259803772 6.150662513246914e-16 6.150662513246914e-16 -3.332734621608324e-08
62.20360000000294 0.9506930112838745 6.220982129736782e-16 6.220982129736782e-16 -3.332734621608324e-08
62.67235000000295 0.9323346018791199 6.267861697598163e-16 6.267861697598163e-16 -3.332734621608324e-08
62.90672500000296 0.920961856842041 6.2913017462266495e-16 6.2913017462266495e-16 -3.332734621608324e-08
63.14110000000296 0.9080274105072021 6.314741265459544e-16 6.314741265459544e-16 -3.332734621608324e-08
63.375475000002965 0.8935070633888245 6.338181314088031e-16 6.338181314088031e-16 -3.332734621608324e-08
63.609850000002965 0.8774164915084839 6.361621362716517e-16 6.361621362716517e-16 -3.332734621608324e-08
63.84422500000297 0.8598052859306335 6.385060881949412e-16 6.385060881949412e-16 -3.332734621608324e-08
64.07860000000298 0.8407489061355591 6.408500930577899e-16 6.408500930577899e-16 -3.332734621608324e-08
64.31297500000298 0.8203395009040833 6.431940449810793e-16 6.431940449810793e-16 -3.332734621608324e-08
64.54735000000298 0.7986785173416138 6.45538049843928e-16 6.45538049843928e-16 -3.332734621608324e-08
64.781725000003 0.7758696675300598 6.478820547067767e-16 6.478820547067767e-16 -3.332734621608324e-08
65.016100000003 0.7520143985748291 6.502260066300661e-16 6.502260066300661e-16 -3.332734621608324e-08
65.250475000003 0.7272089719772339 6.525700114929148e-16 6.525700114929148e-16 -3.332734621608324e-08
65.484850000003 0.7015427350997925 6.549139634162043e-16 6.549139634162043e-16 -3.332734621608324e-08
65.71922500000301 0.6750972867012024 6.572579682790529e-16 6.572579682790529e-16 -3.332734621608324e-08
65.95360000000301 0.6479463577270508 6.596019731419016e-16 6.596019731419016e-16 -3.332734621608324e-08
66.18797500000301 0.6201563477516174 6.619459250651911e-16 6.619459250651911e-16 -3.332734621608324e-08
66.42235000000302 0.5917863845825195 6.642899299280397e-16 6.642899299280397e-16 -3.332734621608324e-08
66.65672500000302 0.5628893375396729 6.666338818513292e-16 6.666338818513292e-16 -3.332734621608324e-08
66.89110000000302 0.5335121750831604 6.689778867141778e-16 6.689778867141778e-16 -3.332734621608324e-08
67.12547500000302 0.5036969184875488 6.713218915770265e-16 6.713218915770265e-16 -3.332734621608324e-08
67.35985000000304 0.47348079085350037 6.73665843500316e-16 6.73665843500316e-16 -3.332734621608324e-08
67.59422500000304 0.44289714097976685 6.760098483631646e-16 6.760098483631646e-16 -3.332734621608324e-08
67.82860000000304 0.4119758605957031 6.783538532260133e-16 6.783538532260133e-16 -3.332734621608324e-08
68.06297500000305 0.38074371218681335 6.806978051493028e-16 6.806978051493028e-16 -3.332734621608324e-08
68.53172500000305 0.3174428939819336 6.853857619354409e-16 6.853857619354409e-16 -3.332734621608324e-08
68.76610000000305 0.28541961312294006 6.877297667982896e-16 6.877297667982896e-16 -3.332734621608324e-08
69.00047500000306 0.2531810402870178 6.900737716611382e-16 6.900737716611382e-16 -3.332734621608324e-08
69.46922500000306 0.18823353946208954 6.947617284472764e-16 6.947617284472764e-16 -3.332734621608324e-08
69.70360000000306 0.15573105216026306 6.971056803705658e-16 6.971056803705658e-16 -3.332734621608324e-08
69.93797500000308 0.12356816977262497 6.994496852334145e-16 6.994496852334145e-16 -3.332734621608324e-08
70.17235000000308 0.09239762276411057 7.017936900962632e-16 7.017936900962632e-16 -3.332734621608324e-08
70.40672500000308 0.0633678138256073 7.041376420195526e-16 7.041376420195526e-16 -3.332734621608324e-08
70.64110000000309 0.03797655925154686 7.064816468824013e-16 7.064816468824013e-16 -3.332734621608324e-08
70.87547500000309 0.017431093379855156 7.0882565174524995e-16 7.0882565174524995e-16 -3.332734621608324e-08
71.10985000000309 0.001923943287692964 7.111696036685394e-16 7.111696036685394e-16 -3.332734621608324e-08
71.16323736150203 0.00021511154773179442 7.117035520626648e-16 7.117035520626648e-16 -3.332734621608324e-08
71.21626485964438 -3.3386157838322106e-08 7.122338476272052e-16 7.122338476272052e-16 -3.332734621608324e-08
89.99999999999999 -3.340790755146372e-08 9.000900322791256e-16 9.000900322791256e-16 -3.332734621608324e-08
90.0001 -3.3372145935572917e-08 9.000909851911913e-16 9.000909851911913e-16 -3.332734621608324e-08
90.0003 -3.3343891203685416e-08 9.00092996894441e-16 9.00092996894441e-16 -3.332734621608324e-08
90.0007 -3.332765885488698e-08 9.000970203009405e-16 9.000970203009405e-16 -3.332734621608324e-08
90.00082296332319 -3.06695753238273e-08 1.0361115521106967e-08 9.00098184971243e-16 -3.332734621608324e-08
90.00089395650052 2.7061521024052126e-08 5.6006197013402925e-08 9.000989261250718e-16 -3.332734621608324e-08
90.00092969161564 5.75877656672219e-08 1.2445342179034924e-07 9.000993496415454e-16 -3.332734621608324e-08
90.00095177272037 3.772904832999302e-08 2.0116314658480405e-07 9.000995613997823e-16 -3.332734621608324e-08
90.0009648491832 1.83922736596287e-07 2.83026281522325e-07 9.000996672789007e-16 -3.332734621608324e-08
90.0009751940864 6.118968940427294e-07 3.9258551964849175e-07 9.00099773158019e-16 -3.332734621608324e-08
90.00098669690534 1.4314158534034505e-06 5.621848231385229e-07 9.000998790371375e-16 -3.332734621608324e-08
90.00099995377332 2.632104269650881e-06 7.945375273266109e-07 9.000999849162559e-16 -3.332734621608324e-08
90.001 2.6370223622507183e-06 7.954488410177873e-07 9.000999849162559e-16 -3.332734621608324e-08
90.02523605489932 0.002852283651009202 0.0005131355719640851 9.00342342218289e-16 -3.332734621608324e-08
90.04947210979863 0.005696666426956654 0.0010237994138151407 9.005848053994406e-16 -3.332734621608324e-08
90.09794431205064 0.011369605548679829 0.002040092833340168 9.010695200035068e-16 -3.332734621608324e-08
90.19488871655467 0.022651858627796173 0.004052489064633846 9.020390550907578e-16 -3.332734621608324e-08
90.38877752556273 0.04501289129257202 0.008013002574443817 9.039781252652597e-16 -3.332734621608324e-08
90.62315252556274 0.07171199470758438 0.012696504592895508 9.063221830676676e-16 -3.332734621608324e-08
90.85752752556274 0.09801364690065384 0.01725597120821476 9.08666134990957e-16 -3.332734621608324e-08
91.09190252556274 0.12389165908098221 0.02168429084122181 9.110100869142465e-16 -3.332734621608324e-08
91.32627752556274 0.14933809638023376 0.025980107486248016 9.133541447166544e-16 -3.332734621608324e-08
91.56065252556276 0.17434406280517578 0.030141953378915787 9.156980966399438e-16 -3.332734621608324e-08
91.79502752556276 0.19889865815639496 0.03416799381375313 9.180420485632333e-16 -3.332734621608324e-08
92.02940252556276 0.22299422323703766 0.038057222962379456 9.203861063656412e-16 -3.332734621608324e-08
92.26377752556277 0.24662403762340546 0.041808947920799255 9.227300582889306e-16 -3.332734621608324e-08
92.49815252556277 0.26977694034576416 0.04542165994644165 9.2507401021222e-16 -3.332734621608324e-08
92.73252752556277 0.29244083166122437 0.04889381676912308 9.274179621355095e-16 -3.332734621608324e-08
92.96690252556277 0.3146072030067444 0.052224788814783096 9.297620199379174e-16 -3.332734621608324e-08
93.20127752556279 0.33627015352249146 0.055414579808712006 9.321059718612069e-16 -3.332734621608324e-08
93.43565252556279 0.35742291808128357 0.05846317484974861 9.344499237844963e-16 -3.332734621608324e-08
93.67002752556279 0.3780578374862671 0.06137055531144142 9.367939815869042e-16 -3.332734621608324e-08
94.3731525255628 0.4367966949939728 0.06925083696842194 9.43825943235891e-16 -3.332734621608324e-08
94.6075275255628 0.4552989602088928 0.07159943878650665 9.461698951591805e-16 -3.332734621608324e-08
94.84190252556282 0.4732520282268524 0.07381092756986618 9.4851384708247e-16 -3.332734621608324e-08
95.07627752556282 0.49065083265304565 0.075887031853199 9.508577990057594e-16 -3.332734621608324e-08
95.31065252556282 0.5074940323829651 0.07783018797636032 9.532018568081673e-16 -3.332734621608324e-08
95.77940252556283 0.5395162105560303 0.0813293531537056 9.578897606547462e-16 -3.332734621608324e-08
96.01377752556283 0.5546947121620178 0.08289167284965515 9.60233818457154e-16 -3.332734621608324e-08
96.24815252556283 0.5693182945251465 0.08433383703231812 9.625777703804435e-16 -3.332734621608324e-08
96.48252752556284 0.5833897590637207 0.08565995842218399 9.64921722303733e-16 -3.332734621608324e-08
96.71690252556284 0.5969134569168091 0.08687445521354675 9.672657801061408e-16 -3.332734621608324e-08
97.18565252556286 0.6223378777503967 0.08898790925741196 9.719536839527198e-16 -3.332734621608324e-08
97.42002752556286 0.6342561841011047 0.08989686518907547 9.742977417551276e-16 -3.332734621608324e-08
97.65440252556286 0.6456580758094788 0.09071440249681473 9.766416936784171e-16 -3.332734621608324e-08
97.88877752556286 0.6565515995025635 0.09144629538059235 9.789856456017066e-16 -3.332734621608324e-08
98.12315252556287 0.6669487953186035 0.09209807217121124 9.81329597524996e-16 -3.332734621608324e-08
98.35752752556287 0.6768633127212524 0.09267528355121613 9.836736553274039e-16 -3.332734621608324e-08
98.59190252556287 0.6863068342208862 0.09318400919437408 9.860176072506934e-16 -3.332734621608324e-08
98.82627752556289 0.6952933073043823 0.09363003820180893 9.883615591739828e-16 -3.332734621608324e-08
99.06065252556289 0.7038390636444092 0.09401856362819672 9.907056169763907e-16 -3.332734621608324e-08
99.29502752556289 0.7119601964950562 0.09435476362705231 9.930495688996802e-16 -3.332734621608324e-08
99.52940252556289 0.7196726202964783 0.094643734395504 9.953935208229696e-16 -3.332734621608324e-08
99.7637775255629 0.7269926071166992 0.09489037841558456 9.977375786253775e-16 -3.332734621608324e-08
99.9981525255629 0.7339364886283875 0.09509932994842529 1.000081530548667e-15 -3.332734621608324e-08
100.2325275255629 0.7405210137367249 0.09527480602264404 1.0024254824719564e-15 -3.332734621608324e-08
100.4669025255629 0.7467626333236694 0.09542059898376465 1.0047695402743643e-15 -3.332734621608324e-08
100.70127752556292 0.7526774406433105 0.09554046392440796 1.0071134921976537e-15 -3.332734621608324e-08
100.93565252556292 0.7582812309265137 0.09563829004764557 1.0094574441209432e-15 -3.332734621608324e-08
101.17002752556292 0.76358962059021 0.09571753442287445 1.0118013960442327e-15 -3.332734621608324e-08
101.40440252556293 0.768618106842041 0.09578081220388412 1.0141454538466405e-15 -3.332734621608324e-08
101.63877752556293 0.7733813524246216 0.09583041071891785 1.01648940576993e-15 -3.332734621608324e-08
101.87315252556293 0.7778939008712769 0.0958687961101532 1.0188333576932195e-15 -3.332734621608324e-08
102.57627752556294 0.7900635004043579 0.09593626856803894 1.0258653193422063e-15 -3.332734621608324e-08
102.81065252556294 0.7937061190605164 0.09594760835170746 1.0282093771446141e-15 -3.332734621608324e-08
103.27940252556296 0.8004400730133057 0.09596019983291626 1.032897280991193e-15 -3.332734621608324e-08
103.51377752556296 0.8035529255867004 0.095963254570961 1.035241338793601e-15 -3.332734621608324e-08
103.74815252556296 0.8065099716186523 0.09596506506204605 1.0375852907168904e-15 -3.332734621608324e-08
103.98252752556297 0.809320330619812 0.09596607834100723 1.0399292426401799e-15 -3.332734621608324e-08
104.92002752556299 0.8192590475082397 0.09596683084964752 1.0493051562124561e-15 -3.332734621608324e-08
105.15440252556299 0.8214552402496338 0.09596683084964752 1.051649214014864e-15 -3.332734621608324e-08
105.38877752556299 0.8235493898391724 0.09596683084964752 1.0539931659381534e-15 -3.332734621608324e-08
105.623152525563 0.825547456741333 0.09596683084964752 1.056337117861443e-15 -3.332734621608324e-08
105.857527525563 0.8274548649787903 0.09596683084964752 1.0586811756638508e-15 -3.332734621608324e-08
106.091902525563 0.8292769193649292 0.09596683084964752 1.0610251275871402e-15 -3.332734621608324e-08
106.32627752556301 0.8310186266899109 0.09596683084964752 1.0633690795104297e-15 -3.332734621608324e-08
107.73252752556303 0.8400176763534546 0.09596683084964752 1.0774330028084033e-15 -3.332734621608324e-08
107.96690252556303 0.8413099050521851 0.09596683084964752 1.0797769547316927e-15 -3.332734621608324e-08
108.20127752556304 0.8425514101982117 0.09596683084964752 1.0821210125341006e-15 -3.332734621608324e-08
108.43565252556304 0.8437446355819702 0.09596683084964752 1.08446496445739e-15 -3.332734621608324e-08
110.54502752556309 0.8526839017868042 0.09596683084964752 1.1055608494043505e-15 -3.332734621608324e-08
110.77940252556309 0.8535115718841553 0.09596683084964752 1.10790480132764e-15 -3.332734621608324e-08
111.01377752556309 0.8543116450309753 0.09596683084964752 1.1102487532509294e-15 -3.332734621608324e-08
111.24815252556309 0.8550854921340942 0.09596683084964752 1.1125928110533373e-15 -3.332734621608324e-08
111.4825275255631 0.8558343648910522 0.09596683084964752 1.1149367629766267e-15 -3.332734621608324e-08
115.23252752556316 0.865181565284729 0.09596683084964752 1.1524405231448502e-15 -3.332734621608324e-08
115.46690252556316 0.8656381368637085 0.09596683084964752 1.1547844750681396e-15 -3.332734621608324e-08
115.70127752556317 0.8660830855369568 0.09596683084964752 1.157128426991429e-15 -3.332734621608324e-08
115.93565252556317 0.8665168285369873 0.09596683084964752 1.159472484793837e-15 -3.332734621608324e-08
118.04502752556321 0.8699781894683838 0.09596683084964752 1.1805683697407973e-15 -3.332734621608324e-08
118.27940252556321 0.870319664478302 0.09596683084964752 1.1829123216640868e-15 -3.332734621608324e-08
118.51377752556321 0.8706536293029785 0.09596683084964752 1.1852562735873763e-15 -3.332734621608324e-08
118.74815252556321 0.8709802031517029 0.09596683084964752 1.1876002255106657e-15 -3.332734621608324e-08
118.98252752556323 0.8712997436523438 0.09596683084964752 1.1899442833130736e-15 -3.332734621608324e-08
119.21690252556323 0.8716124296188354 0.09596683084964752 1.192288235236363e-15 -3.332734621608324e-08
119.68565252556324 0.8722180724143982 0.09596683084964752 1.1969762449620604e-15 -3.332734621608324e-08
119.92002752556324 0.8725124001502991 0.09596683084964752 1.1993201968853499e-15 -3.332734621608324e-08
119.99999999999999 0.8726116418838501 0.09596683084964752 1.2001200077457947e-15 -3.332734621608324e-08
120.0001 0.8726112842559814 0.09596683084964752 1.2001209606578604e-15 -3.332734621608324e-08
120.0003 0.8726109266281128 0.09596683084964752 1.2001229723611101e-15 -3.332734621608324e-08
120.0007 0.8726108074188232 0.09596683084964752 6.289099019340938e-08 -3.332734621608324e-08
120.00082296358333 0.8726108074188232 0.09596683084964752 4.1056333088818064e-07 -2.5423599225860016e-08
120.00089395709954 0.8726108074188232 0.09596683084964752 1.250447553502454e-06 -3.9813037311375865e-09
120.00093234148503 0.8726108074188232 0.09596683084964752 2.392871692791232e-06 5.641892286689654e-08
120.00096487894284 0.8726108074188232 0.09596683084964752 4.243890998623101e-06 2.4958183075796114e-07
120.001 0.8726108074188232 0.09596683084964752 7.203316727100173e-06 6.729652568537858e-07
120.06228643893162 0.8726108074188232 0.09596683084964752 0.007202989887446165 0.0012929962249472737
120.12357287786323 0.8726108074188232 0.09596683084964752 0.014365024864673615 0.002574585611000657
120.24614949646798 0.8726108074188232 0.09596683084964752 0.028589939698576927 0.0051062763668596745
120.48052449646798 0.8726108074188232 0.09596683084964752 0.055509187281131744 0.009858718141913414
120.71489949646799 0.8726108074188232 0.09596683084964752 0.08206784725189209 0.014498046599328518
120.94927449646799 0.8726108074188232 0.09596683084964752 0.10820851475000381 0.01900724694132805
121.18364949646799 0.8726108074188232 0.09596683084964752 0.13392189145088196 0.02338460460305214
121.418024496468 0.8726108074188232 0.09596683084964752 0.15919923782348633 0.02762863039970398
121.652399496468 0.8726108074188232 0.09596683084964752 0.18403171002864838 0.031737904995679855
121.886774496468 0.8726108074188232 0.09596683084964752 0.20841047167778015 0.03571109473705292
122.121149496468 0.8726108074188232 0.09596683084964752 0.23232662677764893 0.03954697772860527
122.58989949646799 0.8726108074188232 0.09596683084964752 0.278735876083374 0.04680255800485611
122.82427449646798 0.8726108074188232 0.09596683084964752 0.30121156573295593 0.05022050067782402
123.29302449646796 0.8726108074188232 0.09596683084964752 0.34466293454170227 0.05663365125656128
123.99614949646794 0.8726108074188232 0.09596683084964752 0.40597203373908997 0.06519399583339691
124.46489949646792 0.8726108074188232 0.09596683084964752 0.44418463110923767 0.07019883394241333
125.1680244964679 0.8726108074188232 0.09596683084964752 0.49740445613861084 0.07667572796344757
125.87114949646786 0.8726108074188232 0.09596683084964752 0.5456298589706421 0.08196684718132019
126.33989949646784 0.8726108074188232 0.09596683084964752 0.5749984383583069 0.0848761796951294
126.80864949646782 0.8726108074188232 0.09596683084964752 0.6021648645401001 0.08732806146144867
127.04302449646781 0.8726108074188232 0.09596683084964752 0.6149348616600037 0.08839400857686996
127.27739949646781 0.8726108074188232 0.09596683084964752 0.62717205286026 0.08936000615358353
127.5117744964678 0.8726108074188232 0.09596683084964752 0.6388850212097168 0.09023137390613556
127.98052449646778 0.8726108074188232 0.09596683084964752 0.6607786417007446 0.09171226620674133
128.68364949646775 0.8726108074188232 0.09596683084964752 0.6899682283401489 0.0933636799454689
128.91802449646772 0.8726108074188232 0.09596683084964752 0.6987789869308472 0.09378473460674286
129.15239949646772 0.8726108074188232 0.09596683084964752 0.7071552276611328 0.09415024518966675
129.38677449646772 0.8726108074188232 0.09596683084964752 0.7151125073432922 0.0944654643535614
129.8555244964677 0.8726108074188232 0.09596683084964752 0.7298352718353271 0.09496503323316574
130.32427449646767 0.8726108074188232 0.09596683084964752 0.7430787086486816 0.09532081335783005
131.49614949646764 0.8726108074188232 0.09596683084964752 0.7705705165863037 0.09578467160463333
131.9648994964676 0.8726108074188232 0.09596683084964752 0.7796463370323181 0.09586374461650848
132.90239949646758 0.8726108074188232 0.09596683084964752 0.7951207160949707 0.09593217819929123
133.13677449646755 0.8726108074188232 0.09596683084964752 0.7985034584999084 0.09593859314918518
133.37114949646755 0.8726108074188232 0.09596683084964752 0.8017141222953796 0.09594268351793289
133.60552449646755 0.8726108074188232 0.09596683084964752 0.8047628998756409 0.09594511985778809
133.83989949646752 0.8726108074188232 0.09596683084964752 0.8076592683792114 0.09594643115997314
134.5430244964675 0.8726108074188232 0.09596683084964752 0.815521776676178 0.09594731032848358
135.0117744964675 0.8726108074188232 0.09596683084964752 0.8201532959938049 0.095947265625
135.24614949646747 0.8726108074188232 0.09596683084964752 0.8223071694374084 0.0959472581744194
135.71489949646747 0.8726108074188232 0.09596683084964752 0.826322078704834 0.0959472581744194
135.94927449646744 0.8726108074188232 0.09596683084964752 0.8281943798065186 0.0959472581744194
136.41802449646744 0.8726108074188232 0.09596683084964752 0.8316941261291504 0.0959472581744194
136.6523994964674 0.8726108074188232 0.09596683084964752 0.8333307504653931 0.0959472581744194
136.8867744964674 0.8726108074188232 0.09596683084964752 0.8348976373672485 0.0959472581744194
137.1211494964674 0.8726108074188232 0.09596683084964752 0.8363985419273376 0.0959472581744194
137.35552449646738 0.8726108074188232 0.09596683084964752 0.8378372192382812 0.0959472581744194
137.58989949646738 0.8726108074188232 0.09596683084964752 0.8392170071601868 0.0959472581744194
138.05864949646735 0.8726108074188232 0.09596683084964752 0.8418127298355103 0.0959472581744194
138.29302449646735 0.8726108074188232 0.09596683084964752 0.8430344462394714 0.0959472581744194
138.52739949646735 0.8726108074188232 0.09596683084964752 0.8442090153694153 0.0959472581744194
138.99614949646732 0.8726108074188232 0.09596683084964752 0.846426248550415 0.0959472581744194
139.23052449646732 0.8726108074188232 0.09596683084964752 0.8474734425544739 0.0959472581744194
139.4648994964673 0.8726108074188232 0.09596683084964752 0.8484824299812317 0.0959472581744194
139.6992744964673 0.8726108074188232 0.09596683084964752 0.8494551777839661 0.0959472581744194
139.9336494964673 0.8726108074188232 0.09596683084964752 0.8503934741020203 0.0959472581744194
140.16802449646727 0.8726108074188232 0.09596683084964752 0.8512989282608032 0.0959472581744194
140.40239949646727 0.8726108074188232 0.09596683084964752 0.8521732687950134 0.0959472581744194
140.63677449646727 0.8726108074188232 0.09596683084964752 0.8530178666114807 0.0959472581744194
141.33989949646724 0.8726108074188232 0.09596683084964752 0.8553873300552368 0.0959472581744194
141.5742744964672 0.8726108074188232 0.09596683084964752 0.8561264872550964 0.0959472581744194
141.8086494964672 0.8726108074188232 0.09596683084964752 0.8568422198295593 0.0959472581744194
142.0430244964672 0.8726108074188232 0.09596683084964752 0.8575356006622314 0.0959472581744194
142.74614949646718 0.8726108074188232 0.09596683084964752 0.8594913482666016 0.0959472581744194
142.98052449646715 0.8726108074188232 0.09596683084964752 0.8601047396659851 0.0959472581744194
143.21489949646715 0.8726108074188232 0.09596683084964752 0.8607001900672913 0.0959472581744194
143.44927449646715 0.8726108074188232 0.09596683084964752 0.8612784743309021 0.0959472581744194
144.6211494964671 0.8726108074188232 0.09596683084964752 0.8639363050460815 0.0959472581744194
144.8555244964671 0.8726108074188232 0.09596683084964752 0.8644253611564636 0.0959472581744194
145.08989949646707 0.8726108074188232 0.09596683084964752 0.8649015426635742 0.0959472581744194
145.32427449646707 0.8726108074188232 0.09596683084964752 0.8653653264045715 0.0959472581744194
146.730524496467 0.8726108074188232 0.09596683084964752 0.867912769317627 0.0959472581744194
146.964899496467 0.8726108074188232 0.09596683084964752 0.8683018684387207 0.0959472581744194
147.43364949646698 0.8726108074188232 0.09596683084964752 0.8690527677536011 0.0959472581744194
148.13677449646696 0.8726108074188232 0.09596683084964752 0.8701155185699463 0.0959472581744194
148.37114949646696 0.8726108074188232 0.09596683084964752 0.8704540133476257 0.0959472581744194
148.60552449646693 0.8726108074188232 0.09596683084964752 0.8707849979400635 0.0959472581744194
148.83989949646693 0.8726108074188232 0.09596683084964752 0.8711087107658386 0.0959472581744194
149.3086494964669 0.8726108074188232 0.09596683084964752 0.8717354536056519 0.0959472581744194
149.7773994964669 0.8726108074188232 0.09596683084964752 0.8723360896110535 0.0959472581744194
150.0 0.8726108074188232 0.09596683084964752 0.8726140260696411 0.0959472581744194
150.0001 0.8726108074188232 0.09596683084964752 0.8726140856742859 0.0959472581744194
150.0003 0.8726108074188232 0.09596683084964752 0.8726141452789307 0.0959472581744194
150.0007 0.8726108074188232 0.09596683084964752 0.8726141452789307 0.0959472581744194
150.001 0.8726108074188232 0.09596683084964752 0.8726140260696411 0.0959472581744194
179.99999999999997 0.8726108074188232 0.09596683084964752 0.8726140260696411 0.0959472581744194
180.0001 0.8726108074188232 0.09596683084964752 0.8726140260696411 0.0959472581744194
180.0003 0.8726108074188232 0.09596683084964752 0.8726139068603516 0.0959472581744194
180.0007 0.8726108074188232 0.09596683084964752 0.8726118803024292 0.0959472581744194
180.001 0.8726108074188232 0.09596683084964752 0.8726081848144531 0.0959472581744194
180.02144000000035 0.8726108074188232 0.09596683084964752 0.8710882663726807 0.0959472581744194
180.04188000000067 0.8726108074188232 0.09596683084964752 0.8695540428161621 0.0959472581744194
180.0828400000013 0.8726108074188232 0.09596683084964752 0.8664369583129883 0.0959472581744194
180.1647600000026 0.8726108074188232 0.09596683084964752 0.860036313533783 0.0959472581744194
180.32860000000517 0.8726108074188232 0.09596683084964752 0.8466880321502686 0.0959472581744194
180.56297500000517 0.8726108074188232 0.09596683084964752 0.8265652656555176 0.0959472581744194
180.79735000000514 0.8726108074188232 0.09596683084964752 0.8052668571472168 0.0959472581744194
181.03172500000514 0.8726108074188232 0.09596683084964752 0.7827897071838379 0.0959472581744194
181.26610000000514 0.8726108074188232 0.09596683084964752 0.7592363357543945 0.0959472581744194
181.5004750000051 0.8726108074188232 0.09596683084964752 0.7347047328948975 0.0959472581744194
181.7348500000051 0.8726108074188232 0.09596683084964752 0.7092864513397217 0.0959472581744194
181.9692250000051 0.8726108074188232 0.09596683084964752 0.6830654144287109 0.0959472581744194
182.20360000000508 0.8726108074188232 0.09596683084964752 0.6561177372932434 0.0959472581744194
182.43797500000508 0.8726108074188232 0.09596683084964752 0.628511905670166 0.0959472581744194
182.67235000000508 0.8726108074188232 0.09596683084964752 0.6003091931343079 0.0959472581744194
182.90672500000505 0.8726108074188232 0.09596683084964752 0.5715641975402832 0.0959472581744194
183.14110000000505 0.8726108074188232 0.09596683084964752 0.5423257350921631 0.0959472581744194
183.37547500000505 0.8726108074188232 0.09596683084964752 0.5126370787620544 0.0959472581744194
183.84422500000503 0.8726108074188232 0.09596683084964752 0.45205965638160706 0.0959472581744194
184.078600000005 0.8726108074188232 0.09596683084964752 0.42123618721961975 0.0959472581744194
184.547350000005 0.8726108074188232 0.09596683084964752 0.3586585819721222 0.0959472581744194
185.01610000000497 0.8726108074188232 0.09596683084964752 0.2949988842010498 0.0959472581744194
185.48485000000494 0.8726108074188232 0.09596683084964752 0.23045238852500916 0.0959472581744194
185.95360000000494 0.8726108074188232 0.09596683084964752 0.16541290283203125 0.0959472581744194
186.1879750000049 0.8726108074188232 0.09596683084964752 0.13309966027736664 0.0959472581744194
186.4223500000049 0.8726108074188232 0.09596683084964752 0.10153660178184509 0.0959472581744194
186.6567250000049 0.8726108074188232 0.09596683084964752 0.07171881198883057 0.0959472581744194
186.89110000000488 0.8726108074188232 0.09596683084964752 0.045086152851581573 0.0959472581744194
187.12547500000488 0.8726108074188232 0.09596683084964752 0.023018229752779007 0.0959472581744194
187.35985000000488 0.8726108074188232 0.09596683084964752 0.005521858111023903 0.0959472581744194
187.45298503115276 0.8726108074188232 0.09596683084964752 0.00047050125431269407 0.0959472581744194
187.475199198755 0.8726108074188232 0.09596683084964752 -3.3386157838322106e-08 0.0959472581744194
202.40118645933654 0.8726108074188232 0.09596683084964752 -3.3386157838322106e-08 0.0959472581744194
209.99999999999997 0.8726108074188232 0.09596683084964752 -3.3341230221139995e-08 0.0959472581744194
210.00009999999997 0.8726108074188232 0.09596683084964752 -3.334992015879834e-08 0.0959472581744194
210.0003 0.8726108074188232 0.09596683084964752 -3.3330245230445144e-08 0.0959472581744194
210.00070000000002 0.8726108074188232 0.09596683084964752 -3.3269699883931025e-08 0.0959472581744194
210.00100000000003 0.8726108074188232 0.09596683084964752 -3.325146380461774e-08 0.0959472581744194
220.8095381436116 0.8726108074188232 0.09596683084964752 0.038088876754045486 0.0959472581744194
231.61807628722318 0.8726108074188232 0.09596683084964752 0.0747196227312088 0.0959472581744194
231.85245128722318 0.8726108074188232 0.09596683084964752 0.07549768686294556 0.0959472581744194
232.08682628722315 0.8726108074188232 0.09596683084964752 0.0762750580906868 0.0959472581744194
232.32120128722315 0.8726108074188232 0.09596683084964752 0.07705173641443253 0.0959472581744194
239.82120128722283 0.8726108074188232 0.09596683084964752 0.10153990238904953 0.0959472581744194
239.99999999999997 0.8726108074188232 0.09596683084964752 0.10211516916751862 0.0959472581744194
