time a b c w1 w2
0.0 0.0 0.0 0.0 0.0 0.0
1.757812428601624e-06 1.0832566022872925 1.757988202426422e-23 1.757988202426422e-23 1.757988202426422e-23 1.757988202426422e-23
1.7648476783160305e-06 1.0055341720581055 1.7650242106122693e-23 1.7650242106122693e-23 1.7650242106122693e-23 1.7650242106122693e-23
1.7789181777448437e-06 0.9905999898910522 1.7790960692117828e-23 1.7790960692117828e-23 1.7790960692117828e-23 1.7790960692117828e-23
1.8070591766024704e-06 0.984626293182373 1.8072399441829907e-23 1.8072399441829907e-23 1.8072399441829907e-23 1.8072399441829907e-23
0.00013281055255599797 0.984626293182373 1.3282383013875093e-21 1.3282383013875093e-21 1.3282383013875093e-21 1.3282383013875093e-21
0.00026381985277929004 0.984626293182373 2.6384624023353322e-21 2.6384624023353322e-21 2.6384624023353322e-21 2.6384624023353322e-21
0.0005258384532258742 0.984626293182373 5.258910200334195e-21 5.258910200334195e-21 -5.940464564702097e-09 -5.940464564702097e-09
0.001 0.984626293182373 1.0000999731091105e-20 1.0000999731091105e-20 -3.338123377716329e-08 -3.338123377716329e-08
29.999999999999996 0.984626293182373 3.000300019364487e-16 3.000300019364487e-16 -3.338137588571044e-08 -3.338137588571044e-08
30.000099999999996 0.984626293182373 3.0003100778807355e-16 3.0003100778807355e-16 -3.336203491244305e-08 -3.336203491244305e-08
30.0003 0.984626293182373 3.0003299302154367e-16 3.0003299302154367e-16 -3.334292841827846e-08 -3.334292841827846e-08
30.0007 0.984626293182373 3.0003698995826353e-16 3.0003698995826353e-16 -3.3332820947862274e-08 -3.3332820947862274e-08
30.000822963447202 0.984626293182373 3.000382340379048e-16 1.3883236782419317e-08 -3.333150644380112e-08 -2.917892594211935e-08
30.000893956511856 0.984626293182373 3.0003894872195405e-16 7.217322917085767e-08 -3.3331097881728056e-08 4.03167454976483e-08
30.000929706621072 0.984626293182373 3.000392928290889e-16 1.5884097592788748e-07 -3.3331097881728056e-08 9.49393168525603e-08
30.000951872147812 0.984626293182373 3.000395310571053e-16 2.553744025135529e-07 -3.3331097881728056e-08 1.0545402062689391e-07
30.000964638472535 0.984626293182373 3.000396369362237e-16 3.511872250783199e-07 -3.3331097881728056e-08 2.7780575351243897e-07
30.000974716142473 0.984626293182373 3.000397428153421e-16 4.7441074002563255e-07 -3.3331097881728056e-08 7.311026593015413e-07
30.000998910481265 0.984626293182373 3.000399810433585e-16 9.189039928969578e-07 -3.3331097881728056e-08 2.8348385967547074e-06
30.001 0.984626293182373 3.000400075131381e-16 9.431595344722155e-07 -3.3331097881728056e-08 2.958470986413886e-06
30.316388097773686 0.984626293182373 3.0319419939003553e-16 0.007437702268362045 -3.3331097881728056e-08 0.03946295380592346
30.63177619554737 0.984626293182373 3.0634839126693293e-16 0.01463796105235815 -3.3331097881728056e-08 0.07819955050945282
30.80755744554737 0.984626293182373 3.0810638167917963e-16 0.01852947659790516 -3.3331097881728056e-08 0.09941451251506805
30.983338695547367 0.984626293182373 3.0986437209142633e-16 0.02233235165476799 -3.3331097881728056e-08 0.12035395205020905
31.334901195547367 0.984626293182373 3.1338035291591973e-16 0.029674438759684563 -3.3331097881728056e-08 0.16140612959861755
31.686463695547367 0.984626293182373 3.168963337404131e-16 0.03671451658010483 -3.3331097881728056e-08 0.2015014886856079
32.03802619554737 0.984626293182373 3.204122880951269e-16 0.04344119131565094 -3.3331097881728056e-08 0.240590438246727
32.21380744554737 0.984626293182373 3.221702785073736e-16 0.046688418835401535 -3.3331097881728056e-08 0.2597576975822449
32.56536994554737 0.984626293182373 3.25686259331867e-16 0.05289873480796814 -3.3331097881728056e-08 0.29715633392333984
32.91693244554737 0.984626293182373 3.292022401563604e-16 0.05871066451072693 -3.3331097881728056e-08 0.3332228362560272
33.26849494554736 0.984626293182373 3.327182209808538e-16 0.06414702534675598 -3.3331097881728056e-08 0.36800819635391235
33.44427619554736 0.984626293182373 3.344762113931005e-16 0.0667186975479126 -3.3331097881728056e-08 0.384891539812088
33.62005744554736 0.984626293182373 3.362342018053472e-16 0.06918700039386749 -3.3331097881728056e-08 0.4014100730419159
33.97161994554736 0.984626293182373 3.397501826298406e-16 0.07384321093559265 -3.3331097881728056e-08 0.43344223499298096
34.32318244554736 0.984626293182373 3.432661369845544e-16 0.07817192375659943 -3.3331097881728056e-08 0.46427619457244873
34.49896369554736 0.984626293182373 3.450241273968011e-16 0.0802081823348999 -3.3331097881728056e-08 0.479214072227478
34.85052619554736 0.984626293182373 3.485401082212945e-16 0.08401163667440414 -3.3331097881728056e-08 0.5080621242523193
35.02630744554736 0.984626293182373 3.502980986335412e-16 0.08580087870359421 -3.3331097881728056e-08 0.5220484733581543
35.37786994554736 0.984626293182373 3.538140794580346e-16 0.08911828696727753 -3.3331097881728056e-08 0.5489750504493713
35.72943244554736 0.984626293182373 3.57330060282528e-16 0.09205895662307739 -3.3331097881728056e-08 0.574347972869873
36.08099494554736 0.984626293182373 3.608460411070214e-16 0.0946253091096878 -3.3331097881728056e-08 0.5981078743934631
36.43255744554736 0.984626293182373 3.643619954617352e-16 0.09688718616962433 -3.3331097881728056e-08 0.620499312877655
36.78411994554735 0.984626293182373 3.678779762862286e-16 0.09885972738265991 -3.3331097881728056e-08 0.6415185928344727
37.31146369554735 0.984626293182373 3.7315194752296867e-16 0.10124492645263672 -3.3331097881728056e-08 0.6701539754867554
37.66302619554735 0.984626293182373 3.7666792834746207e-16 0.10251356661319733 -3.3331097881728056e-08 0.6874885559082031
38.01458869554735 0.984626293182373 3.8018390917195547e-16 0.10355761647224426 -3.3331097881728056e-08 0.7034903764724731
38.19036994554735 0.984626293182373 3.8194189958420217e-16 0.10401451587677002 -3.3331097881728056e-08 0.7110806703567505
38.36615119554735 0.984626293182373 3.8369988999644887e-16 0.10442759841680527 -3.3331097881728056e-08 0.718376874923706
38.54193244554735 0.984626293182373 3.8545785393891596e-16 0.10479430109262466 -3.3331097881728056e-08 0.7253503203392029
39.06927619554735 0.984626293182373 3.9073182517565606e-16 0.1056651920080185 -3.3331097881728056e-08 0.7445441484451294
39.948182445547346 0.984626293182373 3.9952177723688955e-16 0.10651008784770966 -3.3331097881728056e-08 0.7711406350135803
40.123963695547346 0.984626293182373 4.0127976764913625e-16 0.10661349445581436 -3.3331097881728056e-08 0.7757453918457031
40.299744945547346 0.984626293182373 4.0303775806138295e-16 0.10670022666454315 -3.3331097881728056e-08 0.7801300287246704
40.475526195547346 0.984626293182373 4.0479574847362965e-16 0.10677365958690643 -3.3331097881728056e-08 0.7843252420425415
40.827088695547346 0.984626293182373 4.0831170282834344e-16 0.10688603669404984 -3.3331097881728056e-08 0.7921587824821472
41.178651195547346 0.984626293182373 4.1182768365283684e-16 0.10696485638618469 -3.3331097881728056e-08 0.7993797659873962
41.705994945547346 0.984626293182373 4.1710165488957694e-16 0.10703641176223755 -3.3331097881728056e-08 0.8090946674346924
42.233338695547346 0.984626293182373 4.2237562612631703e-16 0.10706876963376999 -3.3331097881728056e-08 0.8175438642501831
42.409119945547346 0.984626293182373 4.2413361653856373e-16 0.10707402974367142 -3.3331097881728056e-08 0.8200901746749878
42.584901195547346 0.984626293182373 4.2589160695081043e-16 0.10707759857177734 -3.3331097881728056e-08 0.8225204944610596
42.760682445547346 0.984626293182373 4.2764959736305713e-16 0.10707994550466537 -3.3331097881728056e-08 0.8248410224914551
43.28802619554734 0.984626293182373 4.329235421300176e-16 0.10708249360322952 -3.3331097881728056e-08 0.831180214881897
44.25482307054734 0.984626293182373 4.4259247616248467e-16 0.10708292573690414 -3.3331097881728056e-08 0.8411163091659546
45.22161994554734 0.984626293182373 4.522614366647313e-16 0.10708289593458176 -3.3331097881728056e-08 0.8489429354667664
45.57318244554734 0.984626293182373 4.557774174892247e-16 0.10708289593458176 -3.3331097881728056e-08 0.8513791561126709
45.74896369554734 0.984626293182373 4.575353814316918e-16 0.10708289593458176 -3.3331097881728056e-08 0.8525506258010864
45.92474494554734 0.984626293182373 4.592933983137181e-16 0.10708289593458176 -3.3331097881728056e-08 0.8536775708198547
46.10052619554734 0.984626293182373 4.610513622561852e-16 0.10708289593458176 -3.3331097881728056e-08 0.8547559380531311
46.62786994554733 0.984626293182373 4.663253070231457e-16 0.10708289593458176 -3.3331097881728056e-08 0.8577369451522827
47.15521369554733 0.984626293182373 4.715993047296654e-16 0.10708289593458176 -3.3331097881728056e-08 0.8604874014854431
47.68255744554733 0.984626293182373 4.768732494966259e-16 0.10708289593458176 -3.3331097881728056e-08 0.8630313873291016
48.03411994554733 0.984626293182373 4.803892303211193e-16 0.10708289593458176 -3.3331097881728056e-08 0.864610493183136
48.82513557054733 0.984626293182373 4.883002004111192e-16 0.10708289593458176 -3.3331097881728056e-08 0.8677613735198975
49.616151195547324 0.984626293182373 4.9621111756156e-16 0.10708289593458176 -3.3331097881728056e-08 0.8705581426620483
50.407166820547324 0.984626293182373 5.041220876515599e-16 0.10708289593458176 -3.3331097881728056e-08 0.8729925751686096
51.198182445547324 0.984626293182373 5.120330048020007e-16 0.10708289593458176 -3.3331097881728056e-08 0.8751230835914612
51.549744945547324 0.984626293182373 5.155489856264941e-16 0.10708289593458176 -3.3331097881728056e-08 0.8759994506835938
51.725526195547324 0.984626293182373 5.173070025085204e-16 0.10708289593458176 -3.3331097881728056e-08 0.8764182329177856
51.901307445547324 0.984626293182373 5.190649664509875e-16 0.10708289593458176 -3.3331097881728056e-08 0.8768247961997986
52.077088695547324 0.984626293182373 5.208229833330138e-16 0.10708289593458176 -3.3331097881728056e-08 0.8772196769714355
53.04388557054732 0.984626293182373 5.304918644259216e-16 0.10708289593458176 -3.3331097881728056e-08 0.8791998624801636
54.01068244554732 0.984626293182373 5.401608513979478e-16 0.10708289593458176 -3.3331097881728056e-08 0.8809781074523926
54.71380744554732 0.984626293182373 5.471928130469346e-16 0.10708289593458176 -3.3331097881728056e-08 0.8821719288825989
55.41693244554732 0.984626293182373 5.542247217563622e-16 0.10708289593458176 -3.3331097881728056e-08 0.8832811117172241
56.29583869554731 0.984626293182373 5.630147002873753e-16 0.10708289593458176 -3.3331097881728056e-08 0.8845467567443848
57.17474494554731 0.984626293182373 5.718046258788292e-16 0.10708289593458176 -3.3331097881728056e-08 0.8856753706932068
57.35052619554731 0.984626293182373 5.735625898212963e-16 0.10708289593458176 -3.3331097881728056e-08 0.8858866095542908
57.52630744554731 0.984626293182373 5.753206067033226e-16 0.10708289593458176 -3.3331097881728056e-08 0.8860933780670166
57.70208869554731 0.984626293182373 5.770785706457897e-16 0.10708289593458176 -3.3331097881728056e-08 0.8862957954406738
58.22943244554731 0.984626293182373 5.823525683523094e-16 0.10708289593458176 -3.3331097881728056e-08 0.8868785500526428
58.75677619554731 0.984626293182373 5.876265131192699e-16 0.10708289593458176 -3.3331097881728056e-08 0.8874269723892212
59.10833869554731 0.984626293182373 5.911424939437633e-16 0.10708289593458176 -3.3331097881728056e-08 0.8877865076065063
59.55416934777365 0.984626293182373 5.956012224385507e-16 0.10708289593458176 -3.3331097881728056e-08 0.8882514834403992
59.99999999999999 0.984626293182373 6.000600038728974e-16 0.10708289593458176 -3.3331097881728056e-08 0.8886971473693848
60.000099999999996 0.984626293182373 6.000610097245222e-16 0.10708289593458176 -3.3331097881728056e-08 0.8886969089508057
60.000299999999996 0.984626293182373 6.00063021427772e-16 0.10708289593458176 -3.3331097881728056e-08 0.888696551322937
60.00040039952589 0.984626293182373 6.000640272793968e-16 0.10708289593458176 -3.3331097881728056e-08 0.8886964917182922
60.0004605914355 0.984626293182373 6.000646096145481e-16 0.10708288848400116 -3.3331097881728056e-08 0.8886964917182922
60.00049548701598 0.984626293182373 6.000649801914625e-16 0.10708288103342056 1.9547610463632736e-07 0.8886964917182922
60.00051363935739 0.984626293182373 6.000651390101401e-16 0.10708287358283997 8.318647246596811e-07 0.8886964917182922
60.000532224460514 0.984626293182373 6.000652978288177e-16 0.10708287358283997 2.0536597276077373e-06 0.8886964917182922
60.0005555612632 0.984626293182373 6.000655625266137e-16 0.10708287358283997 3.7328700273064896e-06 0.8886964917182922
60.00058152857293 0.984626293182373 6.000658272244097e-16 0.10708284378051758 5.480756499309791e-06 0.8886964917182922
60.0006334631924 0.984626293182373 6.000663566200018e-16 0.10708267241716385 8.638547114969697e-06 0.8886964917182922
60.00073733243133 0.984626293182373 2.6337747538462963e-09 0.1070818305015564 1.418587544321781e-05 0.8886964917182922
60.00078947452293 0.984626293182373 2.4349901650566608e-08 0.1070808544754982 1.660936322878115e-05 0.8886964917182922
60.00082685649705 0.984626293182373 1.30351978100407e-07 0.10707955062389374 1.8118285879609175e-05 0.8886964917182922
60.000874654910724 0.984626293182373 5.734428327741625e-07 0.10707712173461914 1.985513881663792e-05 0.8886964917182922
60.0009110837613 0.984626293182373 1.41519353746844e-06 0.10707463324069977 2.105122803186532e-05 0.8886964917182922
60.000946965283816 0.984626293182373 3.033860139112221e-06 0.10707145929336548 2.2114611056167632e-05 0.8886964917182922
60.00097934387329 0.984626293182373 5.374687589210225e-06 0.10706797987222672 2.299423977092374e-05 0.8886964917182922
60.001000000000005 0.984626293182373 7.389312031591544e-06 0.10706543922424316 2.352104456804227e-05 0.8886964917182922
60.01648984441451 0.984626293182373 0.001974622020497918 0.10493618994951248 0.0003983959904871881 0.8886964917182922
60.03197968882902 0.984626293182373 0.003938975278288126 0.10281503200531006 0.0007723176386207342 0.8886964917182922
60.124930101802015 0.984626293182373 0.015668833628296852 0.09027689695358276 0.0029970654286444187 0.8886964917182922
60.24886398576601 0.984626293182373 0.03118949383497238 0.07420060783624649 0.005924175027757883 0.8886964917182922
60.42464523576601 0.984626293182373 0.05300380662083626 0.05289757251739502 0.010010500438511372 0.8886964917182922
60.60042648576601 0.984626293182373 0.0745755210518837 0.034000661224126816 0.014017641544342041 0.8886964917182922
60.77620773576601 0.984626293182373 0.09590407460927963 0.01822335086762905 0.01794581301510334 0.8886964917182922
60.95198898576601 0.984626293182373 0.11702689528465271 0.005304340273141861 0.021807527169585228 0.8886964917182922
61.02882999011707 0.984626293182373 0.12618617713451385 0.0008491165353916585 0.023471716791391373 0.8886964917182922
61.05268931858474 0.984626293182373 0.12901580333709717 5.439832602860406e-05 0.023983843624591827 0.8886964917182922
61.05895944285378 0.984626293182373 0.12975852191448212 -3.3386712061656e-08 0.024118144065141678 0.8886964917182922
61.36132033414459 0.984626293182373 0.1650528460741043 -3.3386712061656e-08 0.030428525060415268 0.8886964917182922
61.53710158414458 0.984626293182373 0.18522785604000092 -3.3386712061656e-08 0.033988527953624725 0.8886964917182922
61.71288283414458 0.984626293182373 0.20513971149921417 -3.3386712061656e-08 0.03746609762310982 0.8886964917182922
61.88866408414458 0.984626293182373 0.22476398944854736 -3.3386712061656e-08 0.04085417091846466 0.8886964917182922
62.24022658414458 0.984626293182373 0.2631654739379883 -3.3386712061656e-08 0.04736938700079918 0.8886964917182922
62.41600783414458 0.984626293182373 0.2819196283817291 -3.3386712061656e-08 0.05049096420407295 0.8886964917182922
62.59178908414458 0.984626293182373 0.300375372171402 -3.3386712061656e-08 0.05352261662483215 0.8886964917182922
62.94335158414458 0.984626293182373 0.33635568618774414 -3.3386712061656e-08 0.0593089796602726 0.8886964917182922
63.11913283414458 0.984626293182373 0.35386842489242554 -3.3386712061656e-08 0.06206190958619118 0.8886964917182922
63.29491408414458 0.984626293182373 0.3710692524909973 -3.3386712061656e-08 0.06472448259592056 0.8886964917182922
63.47069533414458 0.984626293182373 0.38795197010040283 -3.3386712061656e-08 0.0672958567738533 0.8886964917182922
63.64647658414458 0.984626293182373 0.40449953079223633 -3.3386712061656e-08 0.06977230310440063 0.8886964917182922
63.82225783414458 0.984626293182373 0.42069557309150696 -3.3386712061656e-08 0.07215031236410141 0.8886964917182922
64.17382033414458 0.984626293182373 0.45205628871917725 -3.3386712061656e-08 0.07662235200405121 0.8886964917182922
64.34960158414458 0.984626293182373 0.4672211706638336 -3.3386712061656e-08 0.07871900498867035 0.8886964917182922
64.70116408414458 0.984626293182373 0.4966024160385132 -3.3386712061656e-08 0.08266112953424454 0.8886964917182922
65.05272658414458 0.984626293182373 0.5247613191604614 -3.3386712061656e-08 0.08628760278224945 0.8886964917182922
65.58007033414458 0.984626293182373 0.5643325448036194 -3.338671561436968e-08 0.0910634696483612 0.8886964917182922
65.93163283414458 0.984626293182373 0.5888330936431885 -3.338671561436968e-08 0.09379927068948746 0.8886964917182922
66.28319533414458 0.984626293182373 0.6118679046630859 -3.338671561436968e-08 0.09620292484760284 0.8886964917182922
66.81053908414457 0.984626293182373 0.6436578631401062 -3.338671561436968e-08 0.09921680390834808 0.8886964917182922
66.98632033414457 0.984626293182373 0.6535210609436035 -3.338671561436968e-08 0.10007259249687195 0.8886964917182922
67.16210158414457 0.984626293182373 0.663028359413147 -3.338671561436968e-08 0.10085950046777725 0.8886964917182922
67.33788283414457 0.984626293182373 0.6721762418746948 -3.338671561436968e-08 0.10157924890518188 0.8886964917182922
67.68944533414457 0.984626293182373 0.6894350647926331 -3.338671561436968e-08 0.10283318161964417 0.8886964917182922
68.04100783414457 0.984626293182373 0.7053937315940857 -3.338671561436968e-08 0.10386921465396881 0.8886964917182922
68.21678908414457 0.984626293182373 0.7128826975822449 -3.338671561436968e-08 0.10431038588285446 0.8886964917182922
68.39257033414457 0.984626293182373 0.720069408416748 -3.338671561436968e-08 0.10470650345087051 0.8886964917182922
68.56835158414457 0.984626293182373 0.7269653081893921 -3.338671561436968e-08 0.10506153106689453 0.8886964917182922
69.27147658414457 0.984626293182373 0.7516963481903076 -3.338671561436968e-08 0.10611620545387268 0.8886964917182922
69.97460158414457 0.984626293182373 0.772377610206604 -3.338671561436968e-08 0.10673133283853531 0.8886964917182922
70.15038283414457 0.984626293182373 0.7769746780395508 -3.338671561436968e-08 0.1068342924118042 0.8886964917182922
70.32616408414457 0.984626293182373 0.7813680768013 -3.338671561436968e-08 0.1069217398762703 0.8886964917182922
70.50194533414457 0.984626293182373 0.7855592370033264 -3.338671561436968e-08 0.10699508339166641 0.8886964917182922
71.55663283414457 0.984626293182373 0.8069876432418823 -3.338671561436968e-08 0.1072288453578949 0.8886964917182922
71.90819533414457 0.984626293182373 0.8129212856292725 -3.338671561436968e-08 0.10725811868906021 0.8886964917182922
72.08397658414457 0.984626293182373 0.8156895637512207 -3.338671561436968e-08 0.10726762562990189 0.8886964917182922
72.25975783414457 0.984626293182373 0.8183337450027466 -3.338671561436968e-08 0.10727456212043762 0.8886964917182922
72.43553908414457 0.984626293182373 0.8208606839179993 -3.338671561436968e-08 0.10727949440479279 0.8886964917182922
72.61132033414457 0.984626293182373 0.823276937007904 -3.338671561436968e-08 0.10728289186954498 0.8886964917182922
72.78710158414457 0.984626293182373 0.8255887031555176 -3.338671561436968e-08 0.10728513449430466 0.8886964917182922
73.31444533414455 0.984626293182373 0.8319485187530518 -3.338671561436968e-08 0.10728781670331955 0.8886964917182922
73.66600783414455 0.984626293182373 0.8357353806495667 -3.338671561436968e-08 0.10728807747364044 0.8886964917182922
73.84178908414455 0.984626293182373 0.8375154137611389 -3.338671561436968e-08 0.10728809237480164 0.8886964917182922
74.01757033414455 0.984626293182373 0.8392263650894165 -3.338671561436968e-08 0.10728809237480164 0.8886964917182922
74.19335158414455 0.984626293182373 0.8408675789833069 -3.338671561436968e-08 0.10728809237480164 0.8886964917182922
74.36913283414455 0.984626293182373 0.8424385786056519 -3.338671561436968e-08 0.10728809237480164 0.8886964917182922
74.54491408414455 0.984626293182373 0.8439481854438782 -3.338671561436968e-08 0.10728809237480164 0.8886964917182922
74.89647658414455 0.984626293182373 0.846791684627533 -3.338671561436968e-08 0.10728809237480164 0.8886964917182922
75.07225783414455 0.984626293182373 0.8481321334838867 -3.338671561436968e-08 0.10728809237480164 0.8886964917182922
75.24803908414455 0.984626293182373 0.8494235277175903 -3.338671561436968e-08 0.10728809237480164 0.8886964917182922
75.42382033414455 0.984626293182373 0.850664496421814 -3.338671561436968e-08 0.10728809237480164 0.8886964917182922
75.59960158414455 0.984626293182373 0.8518618941307068 -3.338671561436968e-08 0.10728809237480164 0.8886964917182922
75.77538283414455 0.984626293182373 0.8530179262161255 -3.3386719167083356e-08 0.10728809237480164 0.8886964917182922
75.95116408414455 0.984626293182373 0.854130744934082 -3.3386719167083356e-08 0.10728809237480164 0.8886964917182922
76.12694533414455 0.984626293182373 0.8552066087722778 -3.3386719167083356e-08 0.10728809237480164 0.8886964917182922
76.30272658414455 0.984626293182373 0.8562472462654114 -3.3386719167083356e-08 0.10728809237480164 0.8886964917182922
76.47850783414455 0.984626293182373 0.8572508096694946 -3.3386719167083356e-08 0.10728809237480164 0.8886964917182922
76.65428908414455 0.984626293182373 0.8582228422164917 -3.3386719167083356e-08 0.10728809237480164 0.8886964917182922
77.00585158414455 0.984626293182373 0.8600715398788452 -3.3386719167083356e-08 0.10728809237480164 0.8886964917182922
77.18163283414455 0.984626293182373 0.8609452247619629 -3.3386719167083356e-08 0.10728809237480164 0.8886964917182922
77.35741408414455 0.984626293182373 0.8617939949035645 -3.3386719167083356e-08 0.10728809237480164 0.8886964917182922
77.53319533414455 0.984626293182373 0.862618625164032 -3.3386719167083356e-08 0.10728809237480164 0.8886964917182922
77.88475783414455 0.984626293182373 0.8641798496246338 -3.3386719167083356e-08 0.10728809237480164 0.8886964917182922
78.06053908414455 0.984626293182373 0.8649213314056396 -3.3386719167083356e-08 0.10728809237480164 0.8886964917182922
78.23632033414455 0.984626293182373 0.8656445741653442 -3.3386719167083356e-08 0.10728809237480164 0.8886964917182922
78.41210158414455 0.984626293182373 0.8663498163223267 -3.3386719167083356e-08 0.10728809237480164 0.8886964917182922
78.93944533414455 0.984626293182373 0.868337869644165 -3.3386719167083356e-08 0.10728809237480164 0.8886964917182922
79.11522658414455 0.984626293182373 0.8689671754837036 -3.3386719167083356e-08 0.10728809237480164 0.8886964917182922
79.29100783414455 0.984626293182373 0.8695776462554932 -3.3386719167083356e-08 0.10728809237480164 0.8886964917182922
79.46678908414454 0.984626293182373 0.8701673746109009 -3.3386719167083356e-08 0.10728809237480164 0.8886964917182922
79.99413283414454 0.984626293182373 0.8718311190605164 -3.3386719167083356e-08 0.10728809237480164 0.8886964917182922
80.16991408414454 0.984626293182373 0.8723613023757935 -3.3386719167083356e-08 0.10728809237480164 0.8886964917182922
80.34569533414454 0.984626293182373 0.8728768825531006 -3.3386719167083356e-08 0.10728809237480164 0.8886964917182922
80.52147658414454 0.984626293182373 0.8733761310577393 -3.3386719167083356e-08 0.10728809237480164 0.8886964917182922
81.40038283414454 0.984626293182373 0.8757035732269287 -3.3386719167083356e-08 0.10728809237480164 0.8886964917182922
81.57616408414454 0.984626293182373 0.8761323690414429 -3.3386719167083356e-08 0.10728809237480164 0.8886964917182922
81.75194533414454 0.984626293182373 0.8765485286712646 -3.3386719167083356e-08 0.10728809237480164 0.8886964917182922
81.92772658414454 0.984626293182373 0.8769543766975403 -3.3386719167083356e-08 0.10728809237480164 0.8886964917182922
82.10350783414454 0.984626293182373 0.8773539066314697 -3.3386719167083356e-08 0.10728809237480164 0.8886964917182922
83.15819533414454 0.984626293182373 0.8795666694641113 -3.3386719167083356e-08 0.10728809237480164 0.8886964917182922
83.33397658414454 0.984626293182373 0.8799030184745789 -3.3386719167083356e-08 0.10728809237480164 0.8886964917182922
83.68553908414454 0.984626293182373 0.8805638551712036 -3.3386719167083356e-08 0.10728809237480164 0.8886964917182922
84.91600783414454 0.984626293182373 0.882658839225769 -3.3386719167083356e-08 0.10728809237480164 0.8886964917182922
85.44335158414454 0.984626293182373 0.8834807276725769 -3.3386719167083356e-08 0.10728809237480164 0.8886964917182922
87.37694533414452 0.984626293182373 0.8860958218574524 -3.3386719167083356e-08 0.10728809237480164 0.8886964917182922
87.55272658414452 0.984626293182373 0.8863091468811035 -3.3386719167083356e-08 0.10728809237480164 0.8886964917182922
87.72850783414452 0.984626293182373 0.8865178823471069 -3.3386719167083356e-08 0.10728809237480164 0.8886964917182922
87.90428908414452 0.984626293182373 0.8867222666740417 -3.3386719167083356e-08 0.10728809237480164 0.8886964917182922
89.99999999999999 0.984626293182373 0.8889287114143372 -3.339708243288442e-08 0.10728809237480164 0.8886964917182922
90.0001 0.984626293182373 0.8889287710189819 -3.337698473160344e-08 0.10728809237480164 0.8886964917182922
90.0003 0.984626293182373 0.8889288306236267 -3.3353398265489886e-08 0.10728809237480164 0.8886964917182922
90.00047297143333 0.984626293182373 0.8889288902282715 -1.6191661345033026e-08 0.10728809237480164 0.8886964917182922
90.00081891429996 0.984626293182373 0.8889288902282715 6.95707669251533e-08 0.10728809982538223 0.8886964917182922
90.001 0.984626293182373 0.8889288902282715 1.234330540000883e-07 0.10728809982538223 0.8886964917182922
119.99999999999999 0.984626293182373 0.8889288902282715 1.234330540000883e-07 0.10728809982538223 0.8886964917182922
120.0001 0.984626293182373 0.8889288902282715 1.234330540000883e-07 0.10728809982538223 0.8886964917182922
120.0003 0.984626293182373 0.8889288902282715 1.234330540000883e-07 0.10728809982538223 0.8886964917182922
120.0007 0.9846259951591492 0.8889288902282715 1.234330540000883e-07 0.10728809982538223 0.8886964917182922
120.001 0.9846251606941223 0.8889288902282715 1.234330540000883e-07 0.10728809982538223 0.8886964917182922
120.08470372997583 0.9837576150894165 0.8889288902282715 0.00025937092141248286 0.10728809982538223 0.8886964917182922
120.16840745995165 0.9828170537948608 0.8889288902282715 0.0005183178000152111 0.10728809982538223 0.8886964917182922
120.33582513826745 0.9807502031326294 0.8889288902282715 0.0010356310522183776 0.10728809982538223 0.8886964917182922
120.68738763826745 0.9754824638366699 0.8889288902282715 0.0021201977506279945 0.10728809982538223 0.8886964917182922
120.86316888826745 0.972231924533844 0.8889288902282715 0.0026618149131536484 0.10728809982538223 0.8886964917182922
121.21473138826745 0.9641512036323547 0.8889288902282715 0.0037438222207129 0.10728809982538223 0.8886964917182922
121.56629388826745 0.9534544944763184 0.8889288902282715 0.004824180155992508 0.10728809982538223 0.8886964917182922
121.74207513826745 0.946934163570404 0.8889288902282715 0.0053637376986444 0.10728809982538223 0.8886964917182922
121.91785638826745 0.9395421743392944 0.8889288902282715 0.005902881734073162 0.10728809982538223 0.8886964917182922
122.09363763826745 0.9312254190444946 0.8889288902282715 0.00644161319360137 0.10728809982538223 0.8886964917182922
122.26941888826747 0.9219464063644409 0.8889288902282715 0.006979934871196747 0.10728809982538223 0.8886964917182922
122.44520013826748 0.9116851091384888 0.8889288902282715 0.007517850026488304 0.10728809982538223 0.8886964917182922
122.62098138826748 0.9004392027854919 0.8889288902282715 0.008055361919105053 0.10728809982538223 0.8886964917182922
122.7967626382675 0.8882226943969727 0.8889288902282715 0.008592473343014717 0.10728809982538223 0.8886964917182922
122.97254388826751 0.8750633597373962 0.8889288902282715 0.009129189886152744 0.10728809982538223 0.8886964917182922
123.14832513826752 0.8610000610351562 0.8889288902282715 0.009665515273809433 0.10728809982538223 0.8886964917182922
123.32410638826754 0.8460789918899536 0.8889288902282715 0.010201452299952507 0.10728809982538223 0.8886964917182922
123.49988763826755 0.8303512930870056 0.8889288902282715 0.010737006552517414 0.10728809982538223 0.8886964917182922
123.67566888826757 0.8138699531555176 0.8889288902282715 0.011272179894149303 0.10728809982538223 0.8886964917182922
123.85145013826758 0.7966883182525635 0.8889288902282715 0.011806976050138474 0.10728809982538223 0.8886964917182922
124.0272313882676 0.7788584232330322 0.8889288902282715 0.012341396883130074 0.10728809982538223 0.8886964917182922
124.20301263826761 0.760429859161377 0.8889288902282715 0.012875447049736977 0.10728809982538223 0.8886964917182922
124.37879388826762 0.7414494752883911 0.8889288902282715 0.013409128412604332 0.10728809982538223 0.8886964917182922
124.55457513826764 0.721960723400116 0.8889288902282715 0.01394244097173214 0.10728809982538223 0.8886964917182922
124.73035638826765 0.7020039558410645 0.8889288902282715 0.014475388452410698 0.10728809982538223 0.8886964917182922
124.90613763826767 0.681615948677063 0.8889288902282715 0.015007970854640007 0.10728809982538223 0.8886964917182922
125.08191888826767 0.6608306169509888 0.8889288902282715 0.015540191903710365 0.10728809982538223 0.8886964917182922
125.25770013826768 0.6396785378456116 0.8889288902282715 0.016072051599621773 0.10728809982538223 0.8886964917182922
125.4334813882677 0.6181877851486206 0.8889288902282715 0.01660355180501938 0.10728809982538223 0.8886964917182922
125.60926263826771 0.5963836908340454 0.8889288902282715 0.017134690657258034 0.10728809982538223 0.8886964917182922
125.78504388826772 0.5742894411087036 0.8889288902282715 0.017665473744273186 0.10728809982538223 0.8886964917182922
125.96082513826774 0.5519259572029114 0.8889288902282715 0.018195897340774536 0.10728809982538223 0.8886964917182922
126.13660638826775 0.5293123126029968 0.8889288902282715 0.018725965172052383 0.10728809982538223 0.8886964917182922
126.31238763826777 0.5064659714698792 0.8889288902282715 0.01925567537546158 0.10728809982538223 0.8886964917182922
126.48816888826778 0.4834026098251343 0.8889288902282715 0.01978503167629242 0.10728809982538223 0.8886964917182922
126.6639501382678 0.460136741399765 0.8889288902282715 0.020314034074544907 0.10728809982538223 0.8886964917182922
126.83973138826781 0.43668150901794434 0.8889288902282715 0.02084268257021904 0.10728809982538223 0.8886964917182922
127.01551263826782 0.4130489230155945 0.8889288902282715 0.02137097343802452 0.10728809982538223 0.8886964917182922
127.36707513826784 0.3652952313423157 0.8889288902282715 0.02242649905383587 0.10728809982538223 0.8886964917182922
127.54285638826785 0.3411937654018402 0.8889288902282715 0.022953731939196587 0.10728809982538223 0.8886964917182922
127.71863763826786 0.31695467233657837 0.8889288902282715 0.0234806127846241 0.10728809982538223 0.8886964917182922
127.89441888826788 0.2925867438316345 0.8889288902282715 0.024007141590118408 0.10728809982538223 0.8886964917182922
128.0702001382679 0.26809898018836975 0.8889288902282715 0.024533316493034363 0.10728809982538223 0.8886964917182922
128.24598138826792 0.24350090324878693 0.8889288902282715 0.025059150531888008 0.10728809982538223 0.8886964917182922
128.42176263826792 0.2188037633895874 0.8889288902282715 0.025584664195775986 0.10728809982538223 0.8886964917182922
128.59754388826792 0.1940309703350067 0.8889288902282715 0.02610984817147255 0.10728809982538223 0.8886964917182922
128.77332513826795 0.1692230999469757 0.8889288902282715 0.026634668931365013 0.10728809982538223 0.8886964917182922
128.94910638826795 0.14444182813167572 0.8889288902282715 0.02715913951396942 0.10728809982538223 0.8886964917182922
129.30066888826798 0.09576399624347687 0.8889288902282715 0.028207026422023773 0.10728809982538223 0.8886964917182922
129.476450138268 0.07273747771978378 0.8889288902282715 0.028730403631925583 0.10728809982538223 0.8886964917182922
129.652231388268 0.05147511884570122 0.8889288902282715 0.02925342135131359 0.10728809982538223 0.8886964917182922
129.82801263826804 0.03277657553553581 0.8889288902282715 0.029776087030768394 0.10728809982538223 0.8886964917182922
130.00379388826804 0.017227744683623314 0.8889288902282715 0.030298404395580292 0.10728809982538223 0.8886964917182922
130.17957513826806 0.004512016661465168 0.8889288902282715 0.030820485204458237 0.10728809982538223 0.8886964917182922
130.25097777954278 0.0005288529791869223 0.8889288902282715 0.03103257529437542 0.10728809982538223 0.8886964917182922
130.27107455469292 2.5369379727635533e-05 0.8889288902282715 0.031092310324311256 0.10728809982538223 0.8886964917182922
130.28300459928812 -3.3386726272510714e-08 0.8889288902282715 0.031127791851758957 0.10728809982538223 0.8886964917182922
136.0448866708073 -3.3386726272510714e-08 0.8889288902282715 0.048041850328445435 0.10728809982538223 0.8886964917182922
136.2206679208073 -3.3386726272510714e-08 0.8889288902282715 0.04855194687843323 0.10728809982538223 0.8886964917182922
136.39644917080733 -3.3386726272510714e-08 0.8889288902282715 0.04906170070171356 0.10728809982538223 0.8886964917182922
136.57223042080733 -3.3386726272510714e-08 0.8889288902282715 0.04957110434770584 0.10728809982538223 0.8886964917182922
142.19723042080776 -3.3386726272510714e-08 0.8889288902282715 0.0656888335943222 0.10728809982538223 0.8886964917182922
143.77926167080787 -3.3386726272510714e-08 0.8889288902282715 0.07015801966190338 0.10728809982538223 0.8886964917182922
145.36129292080798 -3.3386726272510714e-08 0.8889288902282715 0.07459917664527893 0.10728809982538223 0.8886964917182922
145.712855420808 -3.3386726272510714e-08 0.8889288902282715 0.07558229565620422 0.10728809982538223 0.8886964917182922
145.88863667080804 -3.3386726272510714e-08 0.8889288902282715 0.07607334107160568 0.10728809982538223 0.8886964917182922
146.06441792080804 -3.3386726272510714e-08 0.8889288902282715 0.07656404376029968 0.10728809982538223 0.8886964917182922
146.24019917080807 -3.3386726272510714e-08 0.8889288902282715 0.07705439627170563 0.10728809982538223 0.8886964917182922
150.0 -3.3426765355670796e-08 0.8889288902282715 0.08746020495891571 0.10728809982538223 0.8886964917182922
150.0001 -3.33785834527589e-08 0.8889288902282715 0.08746173977851868 0.10728809982538223 0.8886964917182922
150.0003 -3.334400133780946e-08 0.8889288902282715 0.08746819198131561 0.10728710144758224 0.8886963129043579
150.0007 -3.332335296590827e-08 0.8889288902282715 0.08748708665370941 0.10728113353252411 0.8886951208114624
150.00082296323305 -3.107525969880953e-08 0.8889288902282715 0.08749299496412277 0.10727749019861221 0.8886938095092773
150.00092968541605 2.2198913995907787e-07 0.8889288902282715 0.08749699592590332 0.10727259516716003 0.8886909484863281
150.00095172689944 6.244283667911077e-07 0.8889288902282715 0.08749762922525406 0.10727138072252274 0.8886899948120117
150.00097165360987 1.4282501297202543e-06 0.8889288902282715 0.08749815076589584 0.10727022588253021 0.8886889219284058
150.0009898008347 2.674031975402613e-06 0.8889288902282715 0.08749859035015106 0.10726913064718246 0.8886879086494446
150.001 3.6430278669286054e-06 0.8889288902282715 0.08749882876873016 0.10726849734783173 0.888687252998352
150.03114769048864 0.003687760327011347 0.8889288902282715 0.08818098902702332 0.10535140335559845 0.8866888284683228
150.06129538097724 0.007362980395555496 0.8889288902282715 0.08886025100946426 0.10342039167881012 0.8846696019172668
150.12159260207963 0.014696137048304081 0.8889288902282715 0.09021314978599548 0.09950057417154312 0.8805474042892456
150.2421870442844 0.029315130785107613 0.8889288902282715 0.09290363639593124 0.09149064868688583 0.8720232844352722
150.41796829428444 0.05049436539411545 0.8889288902282715 0.09678351879119873 0.07956699281930923 0.8590686321258545
150.59374954428444 0.0714668557047844 0.8889288902282715 0.10059694945812225 0.06747976690530777 0.845486581325531
150.76953079428446 0.09219653904438019 0.8889288902282715 0.10433268547058105 0.05541952699422836 0.8312364816665649
150.94531204428446 0.11268056929111481 0.8889288902282715 0.10799029469490051 0.04366730898618698 0.8163431882858276
151.1210932942845 0.1329149603843689 0.8889288902282715 0.11156900227069855 0.032530948519706726 0.8008383512496948
151.2968745442845 0.15289562940597534 0.8889288902282715 0.11506804823875427 0.022299259901046753 0.7847720384597778
151.47265579428452 0.17261850833892822 0.8889288902282715 0.118486687541008 0.013188538141548634 0.768217146396637
151.64843704428452 0.19210979342460632 0.8889288902282715 0.12183350324630737 0.005157850217074156 0.7512702941894531
151.74721995324492 0.20296117663383484 0.8889288902282715 0.12368281930685043 0.0013179051456972957 0.7415757775306702
151.79187050848753 0.20783647894859314 0.8889288902282715 0.12450961768627167 8.111525676213205e-05 0.7371403574943542
151.799743383642 0.20869378745555878 0.8889288902282715 0.12465468794107437 -3.337018128490854e-08 0.7363534569740295
151.80384782457594 0.20914030075073242 0.8889288902282715 0.1247301921248436 -3.3370191943049576e-08 0.7359423041343689
151.8158142642561 0.2104409635066986 0.8889288902282715 0.12494996190071106 -3.3370255891895795e-08 0.7347419261932373
151.83176951716294 0.21217261254787445 0.8889288902282715 0.1252422034740448 -3.337032694616937e-08 0.7331379652023315
151.86368002297664 0.21562707424163818 0.8889288902282715 0.1258239895105362 -3.337044418572077e-08 0.7299201488494873
151.92750103460403 0.22250056266784668 0.8889288902282715 0.12697678804397583 -3.337074616638347e-08 0.7234358191490173
152.05514305785886 0.23612919449806213 0.8889288902282715 0.1292465329170227 -3.337132881142679e-08 0.7103087902069092
152.23092430785888 0.2546769082546234 0.8889288902282715 0.13230575621128082 -3.337199672159841e-08 0.6919712424278259
152.40670555785888 0.2729593515396118 0.8889288902282715 0.13528555631637573 -3.33726681844837e-08 0.6733360290527344
152.5824868078589 0.29095616936683655 0.8889288902282715 0.13818052411079407 -3.337332543651428e-08 0.6543840169906616
152.7582680578589 0.3086640238761902 0.8889288902282715 0.14099043607711792 -3.337391518698496e-08 0.6351342797279358
153.10983055785894 0.3431958556175232 0.8889288902282715 0.14635327458381653 -3.3374959684806527e-08 0.5958526134490967
153.28561180785894 0.36001139879226685 0.8889288902282715 0.14890548586845398 -3.3375439301153165e-08 0.5758485198020935
153.46139305785897 0.3765212893486023 0.8889288902282715 0.15137122571468353 -3.3375819441516796e-08 0.5556383728981018
153.63717430785897 0.3927214741706848 0.8889288902282715 0.15375030040740967 -3.3376171160171e-08 0.5352534055709839
153.812955557859 0.40860819816589355 0.8889288902282715 0.15604263544082642 -3.337655840596199e-08 0.5146926045417786
153.988736807859 0.4241776168346405 0.8889288902282715 0.15824826061725616 -3.3376949204466655e-08 0.4939461350440979
154.16451805785903 0.4394262433052063 0.8889288902282715 0.16036728024482727 -3.3377300923120856e-08 0.4730221629142761
154.34029930785903 0.45435070991516113 0.8889288902282715 0.16239994764328003 -3.337761356192459e-08 0.4519392251968384
154.51608055785906 0.4689479172229767 0.8889288902282715 0.1643466055393219 -3.3377922648014646e-08 0.43070757389068604
154.69186180785906 0.48321494460105896 0.8889288902282715 0.16620773077011108 -3.3378224628677344e-08 0.40932968258857727
154.86764305785908 0.4971492290496826 0.8889288902282715 0.16798396408557892 -3.33784839767759e-08 0.38781747221946716
155.04342430785908 0.5107484459877014 0.8889288902282715 0.1696760356426239 -3.3378697139596625e-08 0.36619246006011963
155.21920555785908 0.5240106582641602 0.8889288902282715 0.17128485441207886 -3.337892451327207e-08 0.34446215629577637
155.3949868078591 0.5369341969490051 0.8889288902282715 0.17281146347522736 -3.3379141228806475e-08 0.3226265609264374
155.5707680578591 0.5495179891586304 0.8889288902282715 0.1742570400238037 -3.3379315311776736e-08 0.30069881677627563
155.74654930785914 0.5617611408233643 0.8889288902282715 0.17562295496463776 -3.337950715831539e-08 0.27868571877479553
155.92233055785914 0.5736632943153381 0.8889288902282715 0.1769106686115265 -3.337971321570876e-08 0.2565816342830658
156.09811180785917 0.5852245688438416 0.8889288902282715 0.17812186479568481 -3.3379912167674775e-08 0.23438911139965057
156.27389305785917 0.5964455604553223 0.8889288902282715 0.179258331656456 -3.338009690878607e-08 0.21212077140808105
156.4496743078592 0.607327401638031 0.8889288902282715 0.18032199144363403 -3.338027454447001e-08 0.18979641795158386
156.6254555578592 0.6178716421127319 0.8889288902282715 0.18131494522094727 -3.3380445074726595e-08 0.1674501746892929
156.80123680785923 0.6280804872512817 0.8889288902282715 0.18223941326141357 -3.338058007784639e-08 0.1451496034860611
156.97701805785923 0.6379565000534058 0.8889288902282715 0.183097705245018 -3.3380683106543074e-08 0.12301906198263168
157.15279930785925 0.6475028395652771 0.8889288902282715 0.18389229476451874 -3.3380800346094475e-08 0.10125936567783356
157.32858055785925 0.6567232608795166 0.8889288902282715 0.18462572991847992 -3.338093179650059e-08 0.08019458502531052
157.50436180785925 0.6656219959259033 0.8889288902282715 0.18530061841011047 -3.338104903605199e-08 0.060317330062389374
157.68014305785928 0.674203634262085 0.8889288902282715 0.18591970205307007 -3.3381155617462355e-08 0.042240019887685776
157.85592430785928 0.682473361492157 0.8889288902282715 0.18648573756217957 -3.3381240882590646e-08 0.02652638405561447
158.0317055578593 0.690436840057373 0.8889288902282715 0.18700148165225983 -3.338131193686422e-08 0.01348093431442976
158.2074868078593 0.6981476545333862 0.8889288902282715 0.1874769628047943 -3.3381365227569404e-08 0.0029145602602511644
158.2699096238738 0.7008218765258789 0.8889288902282715 0.1876358538866043 -3.338137588571044e-08 0.0002408968284726143
158.28502056719748 0.7014600038528442 0.8889288902282715 0.1876729279756546 -3.338137588571044e-08 -3.338137943842412e-08
158.3001620991875 0.7020955681800842 0.8889288902282715 0.18770946562290192 -3.338137588571044e-08 -3.338137943842412e-08
158.34478146757192 0.7039517760276794 0.8889288902282715 0.18781472742557526 -3.338137588571044e-08 -3.338137943842412e-08
158.40427395875116 0.7063904404640198 0.8889288902282715 0.1879497617483139 -3.338137588571044e-08 -3.338137943842412e-08
158.52325894110965 0.7111618518829346 0.8889288902282715 0.1882047951221466 -3.338137588571044e-08 -3.338137943842412e-08
158.69904019110965 0.7179990410804749 0.8889288902282715 0.18855229020118713 -3.338137588571044e-08 -3.338137943842412e-08
158.87482144110967 0.7245842814445496 0.8889288902282715 0.18886613845825195 -3.338137588571044e-08 -3.338137943842412e-08
159.2263839411097 0.7369630932807922 0.8889288902282715 0.18939407169818878 -3.338137588571044e-08 -3.338137943842412e-08
159.75372769110973 0.7536735534667969 0.8889288902282715 0.1899743676185608 -3.338137588571044e-08 -3.338137943842412e-08
159.92950894110976 0.7587807774543762 0.8889288902282715 0.1901208758354187 -3.338137588571044e-08 -3.338137943842412e-08
160.10529019110976 0.7636702060699463 0.8889288902282715 0.19024750590324402 -3.338137588571044e-08 -3.338137943842412e-08
160.2810714411098 0.7683499455451965 0.8889288902282715 0.19035635888576508 -3.338137588571044e-08 -3.338137943842412e-08
160.4568526911098 0.7728280425071716 0.8889288902282715 0.19044947624206543 -3.338137943842412e-08 -3.338137943842412e-08
160.6326339411098 0.7771126627922058 0.8889288902282715 0.19052869081497192 -3.338137943842412e-08 -3.338137943842412e-08
160.80841519110982 0.7812117338180542 0.8889288902282715 0.19059552252292633 -3.338137943842412e-08 -3.338137943842412e-08
160.98419644110982 0.7851330041885376 0.8889288902282715 0.1906513273715973 -3.338137943842412e-08 -3.338137943842412e-08
161.15997769110984 0.788884162902832 0.8889288902282715 0.1906975954771042 -3.338137943842412e-08 -3.338137943842412e-08
161.33575894110984 0.7924726009368896 0.8889288902282715 0.19073572754859924 -3.338137943842412e-08 -3.338137943842412e-08
161.51154019110987 0.795905590057373 0.8889288902282715 0.19076678156852722 -3.338137943842412e-08 -3.338137943842412e-08
161.8631026911099 0.8023327589035034 0.8889288902282715 0.1908113807439804 -3.338137943842412e-08 -3.338137943842412e-08
162.0388839411099 0.8053403496742249 0.8889288902282715 0.19082683324813843 -3.338137943842412e-08 -3.338137943842412e-08
162.21466519110993 0.808219313621521 0.8889288902282715 0.1908387839794159 -3.338137943842412e-08 -3.338137943842412e-08
162.56622769110996 0.8136147856712341 0.8889288902282715 0.1908544898033142 -3.338137943842412e-08 -3.338137943842412e-08
162.74200894110996 0.8161428570747375 0.8889288902282715 0.19085928797721863 -3.338137943842412e-08 -3.338137943842412e-08
162.91779019110996 0.8185650110244751 0.8889288902282715 0.19086262583732605 -3.338137943842412e-08 -3.338137943842412e-08
163.09357144111 0.8208861947059631 0.8889288902282715 0.19086483120918274 -3.338137943842412e-08 -3.338137943842412e-08
163.62091519111002 0.8272926807403564 0.8889288902282715 0.19086742401123047 -3.338137943842412e-08 -3.338137943842412e-08
163.79669644111004 0.8292573690414429 0.8889288902282715 0.190867617726326 -3.338137943842412e-08 -3.338137943842412e-08
163.97247769111004 0.8311436772346497 0.8889288902282715 0.19086769223213196 -3.338137943842412e-08 -3.338137943842412e-08
164.14825894111007 0.8329551815986633 0.8889288902282715 0.19086772203445435 -3.338137943842412e-08 -3.338137943842412e-08
165.02716519111013 0.8410123586654663 0.8889288902282715 0.19086770713329315 -3.33813829911378e-08 -3.338137943842412e-08
165.20294644111016 0.8424456119537354 0.8889288902282715 0.19086770713329315 -3.33813829911378e-08 -3.338137943842412e-08
165.37872769111016 0.8438261151313782 0.8889288902282715 0.19086770713329315 -3.33813829911378e-08 -3.338137943842412e-08
165.55450894111016 0.8451563119888306 0.8889288902282715 0.19086770713329315 -3.33813829911378e-08 -3.338137943842412e-08
165.90607144111019 0.847675085067749 0.8889288902282715 0.19086770713329315 -3.33813829911378e-08 -3.338137943842412e-08
166.0818526911102 0.8488679528236389 0.8889288902282715 0.19086770713329315 -3.33813829911378e-08 -3.338137943842412e-08
166.2576339411102 0.8500192165374756 0.8889288902282715 0.19086770713329315 -3.33813829911378e-08 -3.338137943842412e-08
166.43341519111024 0.8511307239532471 0.8889288902282715 0.19086770713329315 -3.33813829911378e-08 -3.338137943842412e-08
166.60919644111024 0.8522043228149414 0.8889288902282715 0.19086770713329315 -3.33813829911378e-08 -3.338137943842412e-08
166.78497769111027 0.8532416820526123 0.8889288902282715 0.19086770713329315 -3.33813829911378e-08 -3.338137943842412e-08
166.96075894111027 0.8542444705963135 0.8889288902282715 0.19086770713329315 -3.33813829911378e-08 -3.338137943842412e-08
167.83966519111033 0.8587911128997803 0.8889288902282715 0.19086770713329315 -3.33813829911378e-08 -3.338137943842412e-08
168.01544644111036 0.8596163392066956 0.8889288902282715 0.19086770713329315 -3.33813829911378e-08 -3.338137943842412e-08
168.19122769111036 0.8604162931442261 0.8889288902282715 0.19086770713329315 -3.33813829911378e-08 -3.338137943842412e-08
168.36700894111038 0.861191987991333 0.8889288902282715 0.19086770713329315 -3.33813829911378e-08 -3.338137943842412e-08
170.82794644111056 0.8699913620948792 0.8889288902282715 0.19086770713329315 -3.33813829911378e-08 -3.338137943842412e-08
171.00372769111058 0.870500922203064 0.8889288902282715 0.19086770713329315 -3.33813829911378e-08 -3.338137943842412e-08
171.17950894111058 0.8709976077079773 0.8889288902282715 0.19086770713329315 -3.33813829911378e-08 -3.338137943842412e-08
171.3552901911106 0.8714819550514221 0.8889288902282715 0.19086770713329315 -3.33813829911378e-08 -3.338137943842412e-08
172.23419644111067 0.8737327456474304 0.8889288902282715 0.19086770713329315 -3.33813829911378e-08 -3.338137943842412e-08
172.4099776911107 0.8741514682769775 0.8889288902282715 0.19086770713329315 -3.33813829911378e-08 -3.338137943842412e-08
172.5857589411107 0.8745604753494263 0.8889288902282715 0.19086770713329315 -3.33813829911378e-08 -3.338137943842412e-08
172.7615401911107 0.87496018409729 0.8889288902282715 0.19086770713329315 -3.33813829911378e-08 -3.338137943842412e-08
174.69513394111087 0.8788206577301025 0.8889288902282715 0.19086770713329315 -3.33813829911378e-08 -3.338137943842412e-08
174.87091519111087 0.8791291117668152 0.8889288902282715 0.19086770713329315 -3.33813829911378e-08 -3.338137943842412e-08
175.04669644111087 0.8794314861297607 0.8889288902282715 0.19086770713329315 -3.33813829911378e-08 -3.338137943842412e-08
175.3982589411109 0.8800182342529297 0.8889288902282715 0.19086770713329315 -3.33813829911378e-08 -3.338137943842412e-08
175.57404019111092 0.880303144454956 0.8889288902282715 0.19086770713329315 -3.33813829911378e-08 -3.338137943842412e-08
175.74982144111092 0.8805825114250183 0.8889288902282715 0.19086770713329315 -3.33813829911378e-08 -3.338137943842412e-08
178.21075894111112 0.883996307849884 0.8889288902282715 0.19086770713329315 -3.33813829911378e-08 -3.33813829911378e-08
178.38654019111112 0.884209394454956 0.8889288902282715 0.19086770713329315 -3.33813829911378e-08 -3.33813829911378e-08
178.56232144111115 0.8844189643859863 0.8889288902282715 0.19086770713329315 -3.33813829911378e-08 -3.33813829911378e-08
178.73810269111115 0.8846250176429749 0.8889288902282715 0.19086770713329315 -3.33813829911378e-08 -3.33813829911378e-08
179.96857144111124 0.8859782814979553 0.8889288902282715 0.19086770713329315 -3.33813829911378e-08 -3.33813829911378e-08
179.99999999999997 0.886011004447937 0.8889288902282715 0.19086770713329315 -3.33813829911378e-08 -3.33813829911378e-08
