time a b c w1 w2
0.0 0.0 0.0 0.0 0.0 0.0
1.757812428601624e-06 1.0832566022872925 1.757988202426422e-23 1.757988202426422e-23 1.757988202426422e-23 1.757988202426422e-23
1.7648476783160305e-06 1.0055341720581055 1.7650242106122693e-23 1.7650242106122693e-23 1.7650242106122693e-23 1.7650242106122693e-23
1.7789181777448437e-06 0.9905999898910522 1.7790960692117828e-23 1.7790960692117828e-23 1.7790960692117828e-23 1.7790960692117828e-23
1.8070591766024704e-06 0.984626293182373 1.8072399441829907e-23 1.8072399441829907e-23 1.8072399441829907e-23 1.8072399441829907e-23
0.00013281055255599797 0.984626293182373 1.3282383013875093e-21 1.3282383013875093e-21 1.3282383013875093e-21 1.3282383013875093e-21
0.00026381985277929004 0.984626293182373 2.6384624023353322e-21 2.6384624023353322e-21 2.6384624023353322e-21 2.6384624023353322e-21
0.0005258384532258742 0.984626293182373 5.258910200334195e-21 5.258910200334195e-21 -5.9402767149663305e-09 -5.9402767149663305e-09
0.001 0.984626293182373 1.0000999731091105e-20 1.0000999731091105e-20 -3.3380178621200685e-08 -3.3380178621200685e-08
29.999999999999996 0.984626293182373 3.000300019364487e-16 3.000300019364487e-16 -3.338031717703416e-08 -3.338031717703416e-08
30.000099999999996 0.984626293182373 3.0003100778807355e-16 3.0003100778807355e-16 -3.3361402529408224e-08 -3.3361402529408224e-08
30.0003 0.984626293182373 3.0003299302154367e-16 3.0003299302154367e-16 -3.334271880817141e-08 -3.334271880817141e-08
30.0007 0.984626293182373 3.0003698995826353e-16 3.0003698995826353e-16 -3.333283515871699e-08 -3.333283515871699e-08
30.000822963453455 0.984626293182373 3.000382340379048e-16 9.87741177738144e-09 -3.3331549076365263e-08 -3.087387057121305e-08
30.000893956527094 0.984626293182373 3.0003894872195405e-16 5.3760008000836024e-08 -3.333114761971956e-08 2.5202030684567944e-08
30.000929689619113 0.984626293182373 3.000392928290889e-16 1.1963835788719734e-07 -3.333114761971956e-08 5.229056654343367e-08
30.000951758007588 0.984626293182373 3.000395310571053e-16 1.9353248603692919e-07 -3.333114761971956e-08 2.8066622803635255e-08
30.000964882613744 0.984626293182373 3.000396369362237e-16 2.7334226615494117e-07 -3.333114761971956e-08 1.70314848446651e-07
30.000975268994733 0.984626293182373 3.000397428153421e-16 3.80868954152902e-07 -3.333114761971956e-08 5.944208965047437e-07
30.000986808252947 0.984626293182373 3.000398751642401e-16 5.475752118400123e-07 -3.333114761971956e-08 1.4077161267778138e-06
30.001001331059772 0.984626293182373 3.000400075131381e-16 8.018902235562564e-07 -3.333114761971956e-08 2.7448918444861192e-06
30.175464666298353 0.984626293182373 3.017848424449228e-16 0.003623395226895809 -3.333114761971956e-08 0.02030973881483078
30.349928001536938 0.984626293182373 3.0352962443714823e-16 0.007201565429568291 -3.333114761971956e-08 0.04047589376568794
30.52570925153694 0.984626293182373 3.0528761484939493e-16 0.01073175948113203 -3.333114761971956e-08 0.06055591255426407
30.877271751536938 0.984626293182373 3.0880359567388833e-16 0.01758228987455368 -3.333114761971956e-08 0.10004475712776184
31.228834251536938 0.984626293182373 3.123195764983817e-16 0.02417542226612568 -3.333114761971956e-08 0.13870075345039368
31.756178001536938 0.984626293182373 3.175935477351218e-16 0.03353125602006912 -3.333114761971956e-08 0.19493414461612701
32.28352175153694 0.984626293182373 3.228674925020823e-16 0.04219886288046837 -3.333114761971956e-08 0.24886347353458405
32.63508425153694 0.984626293182373 3.263834733265757e-16 0.04754790663719177 -3.333114761971956e-08 0.2833476662635803
33.16242800153693 0.984626293182373 3.316574445633158e-16 0.054969027638435364 -3.333114761971956e-08 0.33295971155166626
33.51399050153693 0.984626293182373 3.351734253878092e-16 0.05949202552437782 -3.333114761971956e-08 0.3645078241825104
33.68977175153693 0.984626293182373 3.369314158000559e-16 0.06164180487394333 -3.333114761971956e-08 0.3798716962337494
33.86555300153693 0.984626293182373 3.386894062123026e-16 0.06372060626745224 -3.333114761971956e-08 0.3949703276157379
34.39289675153693 0.984626293182373 3.439633509792631e-16 0.06951037794351578 -3.333114761971956e-08 0.4385676085948944
34.56867800153693 0.984626293182373 3.457213413915098e-16 0.0712859109044075 -3.333114761971956e-08 0.45249906182289124
35.09602175153693 0.984626293182373 3.509953126282499e-16 0.07615368813276291 -3.333114761971956e-08 0.4924516975879669
35.71125612653693 0.984626293182373 3.5714829230600314e-16 0.08096006512641907 -3.333114761971956e-08 0.5354028940200806
36.326490501536924 0.984626293182373 3.633012190441972e-16 0.0848597064614296 -3.333114761971956e-08 0.5743065476417542
36.678053001536924 0.984626293182373 3.668171998686906e-16 0.0867520198225975 -3.333114761971956e-08 0.5949400067329407
36.853834251536924 0.984626293182373 3.6857519028093727e-16 0.08761245012283325 -3.333114761971956e-08 0.6048275232315063
37.381178001536924 0.984626293182373 3.7384916151767737e-16 0.08983087539672852 -3.333114761971956e-08 0.6325784921646118
37.908521751536924 0.984626293182373 3.7912313275441747e-16 0.09157188981771469 -3.333114761971956e-08 0.6576388478279114
38.084303001536924 0.984626293182373 3.8088112316666417e-16 0.09205775707960129 -3.333114761971956e-08 0.665414571762085
38.260084251536924 0.984626293182373 3.8263911357891086e-16 0.09249753504991531 -3.333114761971956e-08 0.6728925108909607
38.435865501536924 0.984626293182373 3.8439710399115756e-16 0.09290209412574768 -3.333114761971956e-08 0.6801354885101318
38.787428001536924 0.984626293182373 3.8791305834587136e-16 0.0936230719089508 -3.333114761971956e-08 0.6939991116523743
39.49055300153692 0.984626293182373 3.9494501999485815e-16 0.09468379616737366 -3.333114761971956e-08 0.7187796831130981
40.19367800153692 0.984626293182373 4.0197698164384495e-16 0.09532655030488968 -3.333114761971956e-08 0.7397563457489014
40.36945925153692 0.984626293182373 4.0373497205609165e-16 0.09543994069099426 -3.333114761971956e-08 0.7444881200790405
40.54524050153692 0.984626293182373 4.0549296246833834e-16 0.0955398827791214 -3.333114761971956e-08 0.7490521669387817
40.72102175153692 0.984626293182373 4.0725092641080544e-16 0.09562649577856064 -3.333114761971956e-08 0.7534385919570923
40.89680300153692 0.984626293182373 4.0900891682305214e-16 0.0957002118229866 -3.333114761971956e-08 0.7576401233673096
41.59992800153692 0.984626293182373 4.1604087847203894e-16 0.09589836746454239 -3.333114761971956e-08 0.7728346586227417
42.30305300153692 0.984626293182373 4.2307284012102573e-16 0.09599396586418152 -3.333114761971956e-08 0.7858386039733887
42.83039675153691 0.984626293182373 4.283467848879862e-16 0.09602845460176468 -3.333114761971956e-08 0.7943949699401855
43.00617800153691 0.984626293182373 4.301047753002329e-16 0.09603503346443176 -3.333114761971956e-08 0.7970308661460876
43.18195925153691 0.984626293182373 4.318627657124796e-16 0.09604014456272125 -3.333114761971956e-08 0.7995780110359192
43.35774050153691 0.984626293182373 4.336207561247263e-16 0.09604377299547195 -3.333114761971956e-08 0.802017331123352
43.53352175153691 0.984626293182373 4.35378746536973e-16 0.09604611992835999 -3.333114761971956e-08 0.8043442964553833
44.50031862653691 0.984626293182373 4.450476805694401e-16 0.09604954719543457 -3.333114761971956e-08 0.8155587315559387
45.46711550153691 0.984626293182373 4.547166146019071e-16 0.09604943543672562 -3.333114761971956e-08 0.8247925043106079
46.6975842515369 0.984626293182373 4.670225210178544e-16 0.09604943543672562 -3.333114761971956e-08 0.8342686891555786
46.8733655015369 0.984626293182373 4.687805378998807e-16 0.09604943543672562 -3.333114761971956e-08 0.8354349732398987
47.0491467515369 0.984626293182373 4.705385018423478e-16 0.09604943543672562 -3.333114761971956e-08 0.8365576863288879
47.2249280015369 0.984626293182373 4.722965187243741e-16 0.09604943543672562 -3.333114761971956e-08 0.8376408815383911
48.1038342515369 0.984626293182373 4.81086444315828e-16 0.09604943543672562 -3.333114761971956e-08 0.8426185250282288
48.9827405015369 0.984626293182373 4.898763699072819e-16 0.09604943543672562 -3.333114761971956e-08 0.8469034433364868
50.037428001536895 0.984626293182373 5.004243123807621e-16 0.09604943543672562 -3.333114761971956e-08 0.8514114618301392
51.092115501536895 0.984626293182373 5.109722548542423e-16 0.09604943543672562 -3.333114761971956e-08 0.855319082736969
51.619459251536895 0.984626293182373 5.1624619962120275e-16 0.09604943543672562 -3.333114761971956e-08 0.857021689414978
52.146803001536895 0.984626293182373 5.215201973277224e-16 0.09604943543672562 -3.333114761971956e-08 0.8586315512657166
52.84992800153689 0.984626293182373 5.2855210603715e-16 0.09604943543672562 -3.333114761971956e-08 0.8606380224227905
53.55305300153689 0.984626293182373 5.355840676861368e-16 0.09604943543672562 -3.333114761971956e-08 0.8624307513237
53.72883425153689 0.984626293182373 5.373420845681631e-16 0.09604943543672562 -3.333114761971956e-08 0.8628494143486023
53.90461550153689 0.984626293182373 5.391000485106302e-16 0.09604943543672562 -3.333114761971956e-08 0.8632571697235107
54.08039675153689 0.984626293182373 5.408580653926565e-16 0.09604943543672562 -3.333114761971956e-08 0.863654375076294
55.13508425153689 0.984626293182373 5.514059549265775e-16 0.09604943543672562 -3.333114761971956e-08 0.8658974170684814
56.18977175153688 0.984626293182373 5.619538974000577e-16 0.09604943543672562 -3.333114761971956e-08 0.8678580522537231
56.89289675153688 0.984626293182373 5.689858590490445e-16 0.09604943543672562 -3.333114761971956e-08 0.8690205812454224
57.59602175153688 0.984626293182373 5.760178206980313e-16 0.09604943543672562 -3.333114761971956e-08 0.8700891733169556
58.12336550153688 0.984626293182373 5.812917654649918e-16 0.09604943543672562 -3.333114761971956e-08 0.8708857893943787
58.914381126536874 0.984626293182373 5.892027355549917e-16 0.09604943543672562 -3.333114761971956e-08 0.87200927734375
59.705396751536874 0.984626293182373 5.971136527054325e-16 0.09604943543672562 -3.333114761971956e-08 0.8730519413948059
59.99999999999999 0.984626293182373 6.000600038728974e-16 0.09604943543672562 -3.333114761971956e-08 0.8734282851219177
60.000099999999996 0.984626293182373 6.000610097245222e-16 0.09604943543672562 -3.333114761971956e-08 0.8734279274940491
60.000299999999996 0.984626293182373 6.00063021427772e-16 0.09604943543672562 -3.333114761971956e-08 0.8734275102615356
60.00040039955852 0.984626293182373 6.000640272793968e-16 0.09604943543672562 -3.333114761971956e-08 0.8734274506568909
60.0004605914976 0.984626293182373 6.000646096145481e-16 0.09604942798614502 -3.333114761971956e-08 0.8734274506568909
60.00049548710161 0.984626293182373 6.000649801914625e-16 0.09604942053556442 1.9325497646605072e-07 0.8734274506568909
60.00051584041352 0.984626293182373 6.000651390101401e-16 0.09604942053556442 8.505277264703182e-07 0.8734274506568909
60.00053469701697 0.984626293182373 6.000653507683769e-16 0.09604942798614502 1.9828985386993736e-06 0.8734274506568909
60.00054561319127 0.984626293182373 6.000654566474953e-16 0.09604942053556442 2.7183718884771224e-06 0.8734274506568909
60.000559629664664 0.984626293182373 6.000656154661729e-16 0.09604941308498383 3.628074637163081e-06 0.8734274506568909
60.000587662611444 0.984626293182373 6.000658801639689e-16 0.09604938328266144 5.344154487829655e-06 0.8734274506568909
60.000643728505004 0.984626293182373 6.000664624991202e-16 0.09604916721582413 8.399702892347705e-06 0.8734274506568909
60.000755860292124 0.984626293182373 9.826445435123787e-09 0.09604808688163757 1.366144533676561e-05 0.8734274506568909
60.000812150106825 0.984626293182373 5.6698112871345074e-08 0.09604685753583908 1.591749423823785e-05 0.8734274506568909
60.00088836141073 0.984626293182373 6.959100460335321e-07 0.09604312479496002 1.838822936406359e-05 0.8734274506568909
60.000923231026064 0.984626293182373 1.6206181499001104e-06 0.09604056924581528 1.936012449732516e-05 0.8734274506568909
60.00095735276478 0.984626293182373 3.30178158947092e-06 0.09603739529848099 2.02172996068839e-05 0.8734274506568909
60.001000000000005 0.984626293182373 6.66772803015192e-06 0.09603256732225418 2.118855991284363e-05 0.8734274506568909
60.12951228446816 0.984626293182373 0.015026177279651165 0.07917486876249313 0.002709007589146495 0.8734274506568909
60.25802456893632 0.984626293182373 0.02997545525431633 0.0632483959197998 0.005374601576477289 0.8734274506568909
60.43380581893632 0.984626293182373 0.05024008825421333 0.04330162703990936 0.008962786756455898 0.8734274506568909
60.60958706893632 0.984626293182373 0.07028377801179886 0.026043163612484932 0.012481545098125935 0.8734274506568909
60.78536831893632 0.984626293182373 0.09008955210447311 0.011975731700658798 0.01592594012618065 0.8734274506568909
60.96114956893632 0.984626293182373 0.1097138375043869 0.0011354410089552402 0.019313832744956017 0.8734274506568909
60.99800502365036 0.984626293182373 0.11380399763584137 7.356929563684389e-05 0.02001659944653511 0.8734274506568909
61.02721800153136 0.984626293182373 0.11703464388847351 -3.3386125863898997e-08 0.020570123568177223 0.8734274506568909
61.060549824698086 0.984626293182373 0.1207125335931778 -3.3386125863898997e-08 0.021199146285653114 0.8734274506568909
61.09266713353656 0.984626293182373 0.12424366176128387 -3.3386125863898997e-08 0.02180132456123829 0.8734274506568909
61.15690175121349 0.984626293182373 0.13127116858959198 -3.3386125863898997e-08 0.022995006293058395 0.8734274506568909
61.28537098656737 0.984626293182373 0.14521579444408417 -3.3386125863898997e-08 0.025348633527755737 0.8734274506568909
61.63693348656737 0.984626293182373 0.182718887925148 -3.3386125863898997e-08 0.03159007430076599 0.8734274506568909
61.81271473656737 0.984626293182373 0.20109395682811737 -3.3386125863898997e-08 0.03459750860929489 0.8734274506568909
61.98849598656737 0.984626293182373 0.21920497715473175 -3.3386125863898997e-08 0.037526264786720276 0.8734274506568909
62.16427723656737 0.984626293182373 0.23705841600894928 -3.3386125863898997e-08 0.04037884250283241 0.8734274506568909
62.34005848656737 0.984626293182373 0.2546495497226715 -3.3386125863898997e-08 0.04315456002950668 0.8734274506568909
62.51583973656737 0.984626293182373 0.27196305990219116 -3.3386125863898997e-08 0.04584960266947746 0.8734274506568909
62.69162098656737 0.984626293182373 0.2890055477619171 -3.3386125863898997e-08 0.04846654459834099 0.8734274506568909
62.86740223656737 0.984626293182373 0.3057723939418793 -3.3386125863898997e-08 0.05100487917661667 0.8734274506568909
63.04318348656737 0.984626293182373 0.32224833965301514 -3.3386125863898997e-08 0.05346103012561798 0.8734274506568909
63.21896473656737 0.984626293182373 0.33844029903411865 -3.3386125863898997e-08 0.05583770573139191 0.8734274506568909
63.39474598656737 0.984626293182373 0.3543437719345093 -3.3386125863898997e-08 0.05813463032245636 0.8734274506568909
63.746308486567365 0.984626293182373 0.3852478861808777 -3.3386125863898997e-08 0.06248233839869499 0.8734274506568909
63.922089736567365 0.984626293182373 0.400262713432312 -3.3386125863898997e-08 0.0645388513803482 0.8734274506568909
64.09787098656737 0.984626293182373 0.4149843156337738 -3.3386125863898997e-08 0.06651797145605087 0.8734274506568909
64.27365223656737 0.984626293182373 0.42939820885658264 -3.3386125863898997e-08 0.06841695308685303 0.8734274506568909
64.44943348656737 0.984626293182373 0.44349047541618347 -3.3386129416612675e-08 0.0702333003282547 0.8734274506568909
64.62521473656737 0.984626293182373 0.457269549369812 -3.3386129416612675e-08 0.07197027653455734 0.8734274506568909
64.97677723656737 0.984626293182373 0.4839094281196594 -3.3386129416612675e-08 0.07521635293960571 0.8734274506568909
65.32833973656736 0.984626293182373 0.5093088746070862 -3.3386129416612675e-08 0.07816259562969208 0.8734274506568909
65.50412098656736 0.984626293182373 0.5215388536453247 -3.3386129416612675e-08 0.07952535152435303 0.8734274506568909
65.85568348656736 0.984626293182373 0.5450536012649536 -3.3386129416612675e-08 0.08203553408384323 0.8734274506568909
66.38302723656736 0.984626293182373 0.5779693126678467 -3.3386129416612675e-08 0.08528506755828857 0.8734274506568909
66.73458973656736 0.984626293182373 0.598405659198761 -3.3386129416612675e-08 0.0871378481388092 0.8734274506568909
66.91037098656736 0.984626293182373 0.608160138130188 -3.3386129416612675e-08 0.08797234296798706 0.8734274506568909
67.08615223656736 0.984626293182373 0.6176056861877441 -3.3386129416612675e-08 0.08874769508838654 0.8734274506568909
67.26193348656736 0.984626293182373 0.62675541639328 -3.3386129416612675e-08 0.08946789801120758 0.8734274506568909
67.43771473656736 0.984626293182373 0.6356220245361328 -3.3386129416612675e-08 0.09013687074184418 0.8734274506568909
67.61349598656736 0.984626293182373 0.6441985368728638 -3.3386129416612675e-08 0.09075494855642319 0.8734274506568909
67.96505848656736 0.984626293182373 0.6604702472686768 -3.3386129416612675e-08 0.09184271097183228 0.8734274506568909
68.14083973656736 0.984626293182373 0.6681856513023376 -3.3386129416612675e-08 0.09231889247894287 0.8734274506568909
68.31662098656736 0.984626293182373 0.6756400465965271 -3.3386129416612675e-08 0.09275507181882858 0.8734274506568909
68.49240223656736 0.984626293182373 0.682828962802887 -3.3386129416612675e-08 0.09315210580825806 0.8734274506568909
68.66818348656736 0.984626293182373 0.6897584199905396 -3.3386129416612675e-08 0.09351221472024918 0.8734274506568909
69.89865223656736 0.984626293182373 0.7315492630004883 -3.3386129416612675e-08 0.09519301354885101 0.8734274506568909
70.25021473656736 0.984626293182373 0.7415170669555664 -3.3386129416612675e-08 0.0954640656709671 0.8734274506568909
70.42599598656736 0.984626293182373 0.7462093830108643 -3.3386129416612675e-08 0.09557429701089859 0.8734274506568909
70.60177723656736 0.984626293182373 0.7507269978523254 -3.3386129416612675e-08 0.095670685172081 0.8734274506568909
70.77755848656736 0.984626293182373 0.7550684809684753 -3.3386129416612675e-08 0.09575407207012177 0.8734274506568909
70.95333973656736 0.984626293182373 0.7592334747314453 -3.3386129416612675e-08 0.09582529962062836 0.8734274506568909
71.12912098656736 0.984626293182373 0.7632297873497009 -3.3386129416612675e-08 0.09588579833507538 0.8734274506568909
71.48068348656736 0.984626293182373 0.7707450985908508 -3.3386129416612675e-08 0.09597963839769363 0.8734274506568909
72.00802723656734 0.984626293182373 0.7809268236160278 -3.3386129416612675e-08 0.09606853872537613 0.8734274506568909
72.35958973656734 0.984626293182373 0.7870615124702454 -3.3386129416612675e-08 0.09610345959663391 0.8734274506568909
72.53537098656734 0.984626293182373 0.7899506092071533 -3.3386129416612675e-08 0.09611572325229645 0.8734274506568909
72.88693348656734 0.984626293182373 0.7953997850418091 -3.3386129416612675e-08 0.09613258391618729 0.8734274506568909
73.06271473656734 0.984626293182373 0.7979701161384583 -3.3386129416612675e-08 0.09613808244466782 0.8734274506568909
73.23849598656734 0.984626293182373 0.8004439473152161 -3.3386129416612675e-08 0.09614212065935135 0.8734274506568909
73.41427723656734 0.984626293182373 0.802825927734375 -3.3386129416612675e-08 0.09614501148462296 0.8734274506568909
73.59005848656734 0.984626293182373 0.8051204681396484 -3.3386129416612675e-08 0.09614701569080353 0.8734274506568909
73.76583973656734 0.984626293182373 0.8073315620422363 -3.3386129416612675e-08 0.09614835679531097 0.8734274506568909
73.94162098656734 0.984626293182373 0.8094580769538879 -3.3386129416612675e-08 0.09614918380975723 0.8734274506568909
74.11740223656734 0.984626293182373 0.8114991784095764 -3.3386129416612675e-08 0.09614964574575424 0.8734274506568909
74.46896473656734 0.984626293182373 0.815362811088562 -3.3386129416612675e-08 0.0961499810218811 0.8734274506568909
74.64474598656734 0.984626293182373 0.817196786403656 -3.3386129416612675e-08 0.09615001082420349 0.8734274506568909
74.99630848656734 0.984626293182373 0.8206651210784912 -3.3386129416612675e-08 0.09615002572536469 0.8734274506568909
75.17208973656734 0.984626293182373 0.8223064541816711 -3.3386129416612675e-08 0.09615002572536469 0.8734274506568909
75.34787098656734 0.984626293182373 0.8238915205001831 -3.3386129416612675e-08 0.09615002572536469 0.8734274506568909
75.52365223656734 0.984626293182373 0.8254182934761047 -3.3386129416612675e-08 0.09615002572536469 0.8734274506568909
75.69943348656734 0.984626293182373 0.8268943428993225 -3.3386129416612675e-08 0.09615002572536469 0.8734274506568909
75.87521473656734 0.984626293182373 0.8283220529556274 -3.3386129416612675e-08 0.09615002572536469 0.8734274506568909
76.05099598656734 0.984626293182373 0.8296992182731628 -3.3386129416612675e-08 0.09615002572536469 0.8734274506568909
76.22677723656734 0.984626293182373 0.8310326933860779 -3.3386129416612675e-08 0.09615002572536469 0.8734274506568909
76.40255848656734 0.984626293182373 0.8323245048522949 -3.3386129416612675e-08 0.09615002572536469 0.8734274506568909
76.57833973656734 0.984626293182373 0.8335684537887573 -3.3386129416612675e-08 0.09615002572536469 0.8734274506568909
76.75412098656734 0.984626293182373 0.8347673416137695 -3.3386129416612675e-08 0.09615002572536469 0.8734274506568909
76.92990223656734 0.984626293182373 0.8359311819076538 -3.3386129416612675e-08 0.09615002572536469 0.8734274506568909
77.10568348656734 0.984626293182373 0.8370611667633057 -3.3386129416612675e-08 0.09615002572536469 0.8734274506568909
77.28146473656734 0.984626293182373 0.8381521701812744 -3.3386129416612675e-08 0.09615002572536469 0.8734274506568909
77.45724598656734 0.984626293182373 0.8392074108123779 -3.3386129416612675e-08 0.09615002572536469 0.8734274506568909
77.63302723656734 0.984626293182373 0.8402349352836609 -3.3386129416612675e-08 0.09615002572536469 0.8734274506568909
77.98458973656734 0.984626293182373 0.8422029614448547 -3.3386129416612675e-08 0.09615002572536469 0.8734274506568909
78.16037098656734 0.984626293182373 0.8431388139724731 -3.3386129416612675e-08 0.09615002572536469 0.8734274506568909
78.33615223656733 0.984626293182373 0.8440495729446411 -3.3386129416612675e-08 0.09615002572536469 0.8734274506568909
78.51193348656733 0.984626293182373 0.8449373245239258 -3.3386129416612675e-08 0.09615002572536469 0.8734274506568909
79.03927723656733 0.984626293182373 0.8474439978599548 -3.3386129416612675e-08 0.09615002572536469 0.8734274506568909
79.21505848656733 0.984626293182373 0.8482377529144287 -3.3386129416612675e-08 0.09615002572536469 0.8734274506568909
79.39083973656733 0.984626293182373 0.849008321762085 -3.3386129416612675e-08 0.09615002572536469 0.8734274506568909
79.56662098656733 0.984626293182373 0.8497533798217773 -3.3386129416612675e-08 0.09615002572536469 0.8734274506568909
80.09396473656733 0.984626293182373 0.8518749475479126 -3.3386129416612675e-08 0.09615002572536469 0.8734274506568909
80.26974598656733 0.984626293182373 0.8525478839874268 -3.3386129416612675e-08 0.09615002572536469 0.8734274506568909
80.44552723656733 0.984626293182373 0.8531996607780457 -3.3386129416612675e-08 0.09615002572536469 0.8734274506568909
80.62130848656733 0.984626293182373 0.8538332581520081 -3.3386129416612675e-08 0.09615002572536469 0.8734274506568909
81.50021473656733 0.984626293182373 0.8567913770675659 -3.3386129416612675e-08 0.09615002572536469 0.8734274506568909
81.67599598656733 0.984626293182373 0.8573356866836548 -3.3386129416612675e-08 0.09615002572536469 0.8734274506568909
81.85177723656733 0.984626293182373 0.8578704595565796 -3.3386129416612675e-08 0.09615002572536469 0.8734274506568909
82.02755848656733 0.984626293182373 0.858396589756012 -3.3386129416612675e-08 0.09615002572536469 0.8734274506568909
82.90646473656733 0.984626293182373 0.8608264923095703 -3.3386129416612675e-08 0.09615002572536469 0.8734274506568909
83.08224598656733 0.984626293182373 0.8612804412841797 -3.3386129416612675e-08 0.09615002572536469 0.8734274506568909
83.25802723656733 0.984626293182373 0.861728310585022 -3.3386129416612675e-08 0.09615002572536469 0.8734274506568909
83.43380848656733 0.984626293182373 0.8621664047241211 -3.3386129416612675e-08 0.09615002572536469 0.8734274506568909
83.60958973656733 0.984626293182373 0.8625929355621338 -3.3386129416612675e-08 0.09615002572536469 0.8734274506568909
83.78537098656733 0.984626293182373 0.8630082607269287 -3.3386129416612675e-08 0.09615002572536469 0.8734274506568909
83.96115223656733 0.984626293182373 0.8634127378463745 -3.3386129416612675e-08 0.09615002572536469 0.8734274506568909
84.40060536156732 0.984626293182373 0.8643943667411804 -3.3386129416612675e-08 0.09615002572536469 0.8734274506568909
84.84005848656732 0.984626293182373 0.8653360605239868 -3.3386129416612675e-08 0.09615002572536469 0.8734274506568909
85.01583973656732 0.984626293182373 0.8656967282295227 -3.3386129416612675e-08 0.09615002572536469 0.8734274506568909
85.19162098656732 0.984626293182373 0.8660486340522766 -3.3386129416612675e-08 0.09615002572536469 0.8734274506568909
86.77365223656732 0.984626293182373 0.8689342737197876 -3.3386129416612675e-08 0.09615002572536469 0.8734274506568909
86.94943348656732 0.984626293182373 0.8692242503166199 -3.3386129416612675e-08 0.09615002572536469 0.8734274506568909
87.30099598656732 0.984626293182373 0.8697866201400757 -3.3386129416612675e-08 0.09615002572536469 0.8734274506568909
89.05880848656732 0.984626293182373 0.8723583221435547 -3.3386129416612675e-08 0.09615002572536469 0.8734274506568909
89.58615223656732 0.984626293182373 0.8730496764183044 -3.3386129416612675e-08 0.09615002572536469 0.8734274506568909
89.99999999999999 0.984626293182373 0.8735762238502502 -3.342138299444741e-08 0.09615002572536469 0.8734274506568909
90.0001 0.984626293182373 0.8735763430595398 -3.338483622883359e-08 0.09615002572536469 0.8734274506568909
90.0003 0.984626293182373 0.8735764622688293 -3.335318510266916e-08 0.09615002572536469 0.8734274506568909
90.00047388402291 0.984626293182373 0.8735765218734741 -1.7066199120563397e-08 0.09615002572536469 0.8734274506568909
90.0008216520687 0.984626293182373 0.8735765218734741 6.431550048091594e-08 0.09615003317594528 0.8734274506568909
90.001 0.984626293182373 0.8735764622688293 1.1437880687026336e-07 0.09615003317594528 0.8734274506568909
119.99999999999999 0.984626293182373 0.8735764622688293 1.1437880687026336e-07 0.09615003317594528 0.8734274506568909
120.0001 0.984626293182373 0.8735764622688293 1.1437880687026336e-07 0.09615003317594528 0.8734274506568909
120.0003 0.984626293182373 0.8735764622688293 1.1437880687026336e-07 0.09615003317594528 0.8734274506568909
120.0007 0.9846259951591492 0.8735764622688293 1.1437880687026336e-07 0.09615003317594528 0.8734274506568909
120.001 0.9846252202987671 0.8735764622688293 1.1437880687026336e-07 0.09615003317594528 0.8734274506568909
120.4174205754042 0.9799366593360901 0.8735764622688293 0.0014108824543654919 0.09615003317594528 0.8734274506568909
120.83384115080838 0.9736839532852173 0.8735764622688293 0.002817216096445918 0.09615003317594528 0.8734274506568909
121.00962240080838 0.9704139232635498 0.8735764622688293 0.0034152306616306305 0.09615003317594528 0.8734274506568909
121.18540365080838 0.966688871383667 0.8735764622688293 0.004028428345918655 0.09615003317594528 0.8734274506568909
121.36118490080838 0.9624475836753845 0.8735764622688293 0.0046570091508328915 0.09615003317594528 0.8734274506568909
121.88852865080838 0.945984959602356 0.8735764622688293 0.006556307896971703 0.09615003317594528 0.8734274506568909
122.4158724008084 0.9226821064949036 0.8735764622688293 0.008450854569673538 0.09615003317594528 0.8734274506568909
122.59165365080841 0.9131929278373718 0.8735764622688293 0.00908129382878542 0.09615003317594528 0.8734274506568909
122.76743490080842 0.9028098583221436 0.8735764622688293 0.009711197577416897 0.09615003317594528 0.8734274506568909
122.94321615080844 0.8915327787399292 0.8735764622688293 0.010340566746890545 0.09615003317594528 0.8734274506568909
123.11899740080845 0.8793737888336182 0.8735764622688293 0.010969405062496662 0.09615003317594528 0.8734274506568909
123.29477865080847 0.8663554191589355 0.8735764622688293 0.011597713455557823 0.09615003317594528 0.8734274506568909
123.47055990080848 0.852508544921875 0.8735764622688293 0.012225493788719177 0.09615003317594528 0.8734274506568909
123.6463411508085 0.837870180606842 0.8735764622688293 0.012852748855948448 0.09615003317594528 0.8734274506568909
123.82212240080851 0.8224814534187317 0.8735764622688293 0.01347948145121336 0.09615003317594528 0.8734274506568909
123.99790365080852 0.8063857555389404 0.8735764622688293 0.014105692505836487 0.09615003317594528 0.8734274506568909
124.17368490080852 0.7896271347999573 0.8735764622688293 0.014731383882462978 0.09615003317594528 0.8734274506568909
124.34946615080854 0.7722493410110474 0.8735764622688293 0.015356557443737984 0.09615003317594528 0.8734274506568909
124.52524740080855 0.7542946338653564 0.8735764622688293 0.015981214120984077 0.09615003317594528 0.8734274506568909
124.70102865080857 0.7358036041259766 0.8735764622688293 0.016605356708168983 0.09615003317594528 0.8734274506568909
124.87680990080858 0.7168145179748535 0.8735764622688293 0.0172289852052927 0.09615003317594528 0.8734274506568909
125.0525911508086 0.6973631381988525 0.8735764622688293 0.01785210147500038 0.09615003317594528 0.8734274506568909
125.22837240080861 0.6774827837944031 0.8735764622688293 0.018474705517292023 0.09615003317594528 0.8734274506568909
125.40415365080862 0.6572043895721436 0.8735764622688293 0.019096799194812775 0.09615003317594528 0.8734274506568909
125.57993490080864 0.6365563869476318 0.8735764622688293 0.019718382507562637 0.09615003317594528 0.8734274506568909
125.75571615080865 0.6155648231506348 0.8735764622688293 0.02033945545554161 0.09615003317594528 0.8734274506568909
125.93149740080867 0.5942538976669312 0.8735764622688293 0.020960021764039993 0.09615003317594528 0.8734274506568909
126.2830599008087 0.5507599115371704 0.8735764622688293 0.022199630737304688 0.09615003317594528 0.8734274506568909
126.45884115080871 0.5286155939102173 0.8735764622688293 0.022818673402071 0.09615003317594528 0.8734274506568909
126.63462240080871 0.5062295198440552 0.8735764622688293 0.02343721129000187 0.09615003317594528 0.8734274506568909
126.98618490080874 0.4607931077480316 0.8735764622688293 0.024672769010066986 0.09615003317594528 0.8734274506568909
127.16196615080875 0.4377702474594116 0.8735764622688293 0.025289788842201233 0.09615003317594528 0.8734274506568909
127.51352865080878 0.39117568731307983 0.8735764622688293 0.02652231603860855 0.09615003317594528 0.8734274506568909
127.86509115080881 0.34391963481903076 0.8735764622688293 0.0277528278529644 0.09615003317594528 0.8734274506568909
128.39243490080884 0.27195820212364197 0.8735764622688293 0.029594827443361282 0.09615003317594528 0.8734274506568909
128.74399740080887 0.22336909174919128 0.8735764622688293 0.030820462852716446 0.09615003317594528 0.8734274506568909
128.9197786508089 0.1989305168390274 0.8735764622688293 0.031432561576366425 0.09615003317594528 0.8734274506568909
129.0955599008089 0.17443373799324036 0.8735764622688293 0.03204415738582611 0.09615003317594528 0.8734274506568909
129.27134115080892 0.14993634819984436 0.8735764622688293 0.0326552540063858 0.09615003317594528 0.8734274506568909
129.44712240080892 0.1255507916212082 0.8735764622688293 0.033265843987464905 0.09615003317594528 0.8734274506568909
129.62290365080895 0.10153660178184509 0.8735764622688293 0.03387591987848282 0.09615003317594528 0.8734274506568909
129.79868490080895 0.07839573919773102 0.8735764622688293 0.03448545187711716 0.09615003317594528 0.8734274506568909
129.97446615080898 0.05682116001844406 0.8735764622688293 0.03509443998336792 0.09615003317594528 0.8734274506568909
130.15024740080898 0.03757316991686821 0.8735764622688293 0.0357029065489769 0.09615003317594528 0.8734274506568909
130.32602865080898 0.02129105105996132 0.8735764622688293 0.03631087392568588 0.09615003317594528 0.8734274506568909
130.501809900809 0.007938033901154995 0.8735764622688293 0.036918461322784424 0.09615003317594528 0.8734274506568909
130.60919182888836 0.0014298674650490284 0.8735764622688293 0.0372895784676075 0.09615003317594528 0.8734274506568909
130.64317026117828 7.1597212809138e-05 0.8735764622688293 0.03740706294775009 0.09615003317594528 0.8734274506568909
130.64843805249322 -3.3386161391035785e-08 0.8735764622688293 0.037425290793180466 0.09615003317594528 0.8734274506568909
130.79416728056032 -3.3386161391035785e-08 0.8735764622688293 0.03792932629585266 0.09615003317594528 0.8734274506568909
130.93989650862744 -3.3386161391035785e-08 0.8735764622688293 0.038432393223047256 0.09615003317594528 0.8734274506568909
131.11567775862747 -3.3386161391035785e-08 0.8735764622688293 0.039038434624671936 0.09615003317594528 0.8734274506568909
137.79536525862798 -3.3386161391035785e-08 0.8735764622688293 0.06169058755040169 0.09615003317594528 0.8734274506568909
137.97114650862798 -3.3386161391035785e-08 0.8735764622688293 0.062276989221572876 0.09615003317594528 0.8734274506568909
138.14692775862798 -3.3386161391035785e-08 0.8735764622688293 0.06286288797855377 0.09615003317594528 0.8734274506568909
138.322709008628 -3.3386161391035785e-08 0.8735764622688293 0.06344829499721527 0.09615003317594528 0.8734274506568909
145.17817775862852 -3.3386161391035785e-08 0.8735764622688293 0.08589287102222443 0.09615003317594528 0.8734274506568909
145.35395900862852 -3.3386161391035785e-08 0.8735764622688293 0.0864584892988205 0.09615003317594528 0.8734274506568909
145.52974025862855 -3.3386161391035785e-08 0.8735764622688293 0.08702362328767776 0.09615003317594528 0.8734274506568909
145.70552150862855 -3.3386161391035785e-08 0.8735764622688293 0.08758825808763504 0.09615003317594528 0.8734274506568909
150.0 -3.337785159374107e-08 0.8735764622688293 0.10123055428266525 0.09615003317594528 0.8734274506568909
150.0001 -3.33621272829987e-08 0.8735764622688293 0.10123211145401001 0.09615003317594528 0.8734274506568909
150.0003 -3.33424523546455e-08 0.8735764622688293 0.10123502463102341 0.09615003317594528 0.8734273314476013
150.0007 -3.3326092108154626e-08 0.8735764622688293 0.10123614221811295 0.09614906460046768 0.8734261989593506
150.00082296351098 -3.22321866974562e-08 0.8735764622688293 0.10123655200004578 0.09614694118499756 0.8734249472618103
150.00089395656278 1.2890130740572658e-08 0.8735764622688293 0.10123798251152039 0.09614420682191849 0.8734232783317566
150.00092967310115 1.7752405767623713e-07 0.8735764622688293 0.10123901069164276 0.09614241868257523 0.8734220266342163
150.0009516184837 5.223471362114651e-07 0.8735764622688293 0.10123955458402634 0.09614121913909912 0.8734210133552551
150.0009717794194 1.2296914064791054e-06 0.8735764622688293 0.10124001652002335 0.096140056848526 0.873420000076294
150.00098941103764 2.3061447791405953e-06 0.8735764622688293 0.10124038904905319 0.09613899886608124 0.873418927192688
150.001 3.2159373404283542e-06 0.8735764622688293 0.1012406051158905 0.09613834321498871 0.8734182715415955
150.06322510689648 0.006988041568547487 0.8735764622688293 0.10245167464017868 0.09217683225870132 0.8692097663879395
150.125450213793 0.013937095180153847 0.8735764622688293 0.10365162789821625 0.08815978467464447 0.864898681640625
150.2499023265745 0.02774493396282196 0.8735764622688293 0.10602360963821411 0.0800071731209755 0.8560016751289368
150.4256835765745 0.04707466810941696 0.8735764622688293 0.10932060331106186 0.06837088614702225 0.8429373502731323
150.60146482657453 0.06619751453399658 0.8735764622688293 0.11255417764186859 0.05677291750907898 0.8293178081512451
150.77724607657453 0.08509810268878937 0.8735764622688293 0.1157200038433075 0.04543840512633324 0.8151171207427979
150.95302732657456 0.10377470403909683 0.8735764622688293 0.118817999958992 0.03463302552700043 0.8003592491149902
151.12880857657456 0.12222453951835632 0.8735764622688293 0.12184777855873108 0.02462097629904747 0.7850876450538635
151.30458982657458 0.1404447853565216 0.8735764622688293 0.12480895221233368 0.015596211887896061 0.7693343758583069
151.48037107657458 0.15843261778354645 0.8735764622688293 0.12770116329193115 0.0076538617722690105 0.7531242370605469
151.65615232657458 0.17623212933540344 0.8735764622688293 0.13053779304027557 0.000957110954914242 0.7365633249282837
151.69637440385492 0.1802753508090973 0.8735764622688293 0.13117815554141998 7.187225128291175e-05 0.7327189445495605
151.71095654965575 0.18173547089099884 0.8735764622688293 0.13140864670276642 -3.3368838359137953e-08 0.7313140630722046
151.79336890087953 0.189946711063385 0.8735764622688293 0.13269935548305511 -3.336917231422376e-08 0.7233140468597412
151.87578125210325 0.1980876922607422 0.8735764622688293 0.13396967947483063 -3.336947784760014e-08 0.7152243256568909
152.0402571969044 0.21417799592018127 0.8735764622688293 0.1364596039056778 -3.337023102290004e-08 0.6988489031791687
152.21603844690443 0.23116035759449005 0.8735764622688293 0.13905930519104004 -3.337094511834948e-08 0.6810420155525208
152.39181969690443 0.24789734184741974 0.8735764622688293 0.14158907532691956 -3.337151710525177e-08 0.6629337072372437
152.56760094690446 0.26438426971435547 0.8735764622688293 0.14404822885990143 -3.3372096197581413e-08 0.6445491909980774
152.74338219690446 0.2806186079978943 0.8735764622688293 0.1464366763830185 -3.337268950076577e-08 0.6258845925331116
152.9191634469045 0.2965976595878601 0.8735764622688293 0.1487543284893036 -3.337325793495438e-08 0.6069427728652954
153.0949446969045 0.3123188018798828 0.8735764622688293 0.15100115537643433 -3.337377307843781e-08 0.5877427458763123
153.27072594690452 0.32777950167655945 0.8735764622688293 0.1531771570444107 -3.337421361493398e-08 0.5683144927024841
153.44650719690452 0.34297725558280945 0.8735764622688293 0.1552824079990387 -3.337462572972072e-08 0.5486823916435242
153.62228844690452 0.3579097092151642 0.8735764622688293 0.15731702744960785 -3.337500587008435e-08 0.5288609266281128
153.79806969690455 0.3725745379924774 0.8735764622688293 0.15928120911121368 -3.337536114145223e-08 0.5088632702827454
153.97385094690455 0.38696956634521484 0.8735764622688293 0.1611751914024353 -3.337569154382436e-08 0.48870155215263367
154.14963219690458 0.4010928273200989 0.8735764622688293 0.16299931704998016 -3.3376032604337524e-08 0.46837925910949707
154.32541344690458 0.41494232416152954 0.8735764622688293 0.1647539734840393 -3.3376387875705404e-08 0.44789138436317444
154.5011946969046 0.4285163879394531 0.8735764622688293 0.16643962264060974 -3.337670051450914e-08 0.42724373936653137
154.85275719690463 0.4548320770263672 0.8735764622688293 0.16960617899894714 -3.337726894869775e-08 0.38552772998809814
155.02853844690463 0.4675711393356323 0.8735764622688293 0.17108841240406036 -3.337754961307837e-08 0.36446845531463623
155.20431969690466 0.4800296723842621 0.8735764622688293 0.17250433564186096 -3.3377812513890603e-08 0.34327900409698486
155.38010094690466 0.49220696091651917 0.8735764622688293 0.17385482788085938 -3.337803633485237e-08 0.32197341322898865
155.5558821969047 0.5041030049324036 0.8735764622688293 0.1751408874988556 -3.337821397053631e-08 0.3005729913711548
155.9074446969047 0.5270532369613647 0.8735764622688293 0.17752426862716675 -3.337859411089994e-08 0.2575109004974365
156.08322594690472 0.5381056070327759 0.8735764622688293 0.1786237359046936 -3.337874687758813e-08 0.23586133122444153
156.43478844690475 0.559368371963501 0.8735764622688293 0.18064475059509277 -3.337910214895601e-08 0.19237279891967773
156.78635094690478 0.5795166492462158 0.8735764622688293 0.18243826925754547 -3.337945031489653e-08 0.14874409139156342
156.96213219690478 0.5891759991645813 0.8735764622688293 0.18325361609458923 -3.3379613739725755e-08 0.12702088057994843
157.1379134469048 0.5985612869262695 0.8735764622688293 0.18401692807674408 -3.337977005912762e-08 0.10556496679782867
157.3136946969048 0.607674241065979 0.8735764622688293 0.18473002314567566 -3.3379912167674775e-08 0.08470559120178223
157.48947594690483 0.6165176630020142 0.8735764622688293 0.18539473414421082 -3.338004361808089e-08 0.06489917635917664
157.66525719690483 0.6250953674316406 0.8735764622688293 0.186012864112854 -3.338013243592286e-08 0.046690866351127625
157.84103844690486 0.633411169052124 0.8735764622688293 0.18658632040023804 -3.3380175068487006e-08 0.030637599527835846
158.01681969690486 0.6414686441421509 0.8735764622688293 0.18711702525615692 -3.338022835919219e-08 0.01710798777639866
158.19260094690486 0.6493027210235596 0.8735764622688293 0.1876116842031479 -3.3380292308038406e-08 0.005860264413058758
158.28149738476444 0.6531795859336853 0.8735764622688293 0.18784844875335693 -3.338031717703416e-08 0.0012087273644283414
158.31286471264391 0.654528796672821 0.8735764622688293 0.18792906403541565 -3.3380320729747837e-08 7.751232624286786e-05
158.31883866478884 0.6547842621803284 0.8735764622688293 0.1879442036151886 -3.3380320729747837e-08 -3.3380324282461515e-08
158.40855366520663 0.6585739850997925 0.8735764622688293 0.18816432356834412 -3.3380320729747837e-08 -3.3380324282461515e-08
158.49826866562444 0.6622835397720337 0.8735764622688293 0.18837252259254456 -3.3380320729747837e-08 -3.3380324282461515e-08
158.67404991562447 0.669384241104126 0.8735764622688293 0.18875619769096375 -3.3380320729747837e-08 -3.3380324282461515e-08
159.0256124156245 0.6829345226287842 0.8735764622688293 0.1894329935312271 -3.3380320729747837e-08 -3.3380324282461515e-08
159.90451866562455 0.712919294834137 0.8735764622688293 0.19063803553581238 -3.3380320729747837e-08 -3.3380324282461515e-08
160.25608116562458 0.7234735488891602 0.8735764622688293 0.1909630298614502 -3.3380320729747837e-08 -3.3380324282461515e-08
160.6076436656246 0.7332742214202881 0.8735764622688293 0.19121795892715454 -3.3380320729747837e-08 -3.3380324282461515e-08
160.7834249156246 0.7379065155982971 0.8735764622688293 0.19132281839847565 -3.3380320729747837e-08 -3.3380324282461515e-08
160.95920616562464 0.7423678040504456 0.8735764622688293 0.19141444563865662 -3.3380320729747837e-08 -3.3380324282461515e-08
161.13498741562464 0.7466638684272766 0.8735764622688293 0.19149407744407654 -3.3380320729747837e-08 -3.3380324282461515e-08
161.6623311656247 0.7586170434951782 0.8735764622688293 0.19167275726795197 -3.3380320729747837e-08 -3.3380324282461515e-08
162.0138936656247 0.7658615112304688 0.8735764622688293 0.1917518526315689 -3.3380320729747837e-08 -3.3380324282461515e-08
162.54123741562475 0.7757469415664673 0.8735764622688293 0.1918277144432068 -3.3380320729747837e-08 -3.3380324282461515e-08
162.89279991562478 0.7817405462265015 0.8735764622688293 0.19185779988765717 -3.3380320729747837e-08 -3.3380324282461515e-08
163.06858116562478 0.7845723628997803 0.8735764622688293 0.191868394613266 -3.3380320729747837e-08 -3.3380324282461515e-08
163.4201436656248 0.7899279594421387 0.8735764622688293 0.19188298285007477 -3.3380320729747837e-08 -3.3380324282461515e-08
163.59592491562483 0.792460024356842 0.8735764622688293 0.19188770651817322 -3.3380320729747837e-08 -3.3380324282461515e-08
163.77170616562483 0.7949002385139465 0.8735764622688293 0.1918911635875702 -3.3380320729747837e-08 -3.3380324282461515e-08
163.94748741562486 0.7972524166107178 0.8735764622688293 0.19189362227916718 -3.3380320729747837e-08 -3.3380324282461515e-08
164.12326866562486 0.7995201945304871 0.8735764622688293 0.19189530611038208 -3.3380320729747837e-08 -3.3380324282461515e-08
164.29904991562486 0.8017070889472961 0.8735764622688293 0.19189639389514923 -3.3380320729747837e-08 -3.3380324282461515e-08
164.4748311656249 0.803816556930542 0.8735764622688293 0.19189704954624176 -3.3380320729747837e-08 -3.3380324282461515e-08
164.6506124156249 0.8058516979217529 0.8735764622688293 0.1918974220752716 -3.3380320729747837e-08 -3.3380324282461515e-08
164.82639366562492 0.807815670967102 0.8735764622688293 0.19189760088920593 -3.3380320729747837e-08 -3.3380324282461515e-08
165.00217491562492 0.8097115159034729 0.8735764622688293 0.1918976604938507 -3.3380320729747837e-08 -3.3380324282461515e-08
165.17795616562495 0.8115420341491699 0.8735764622688293 0.1918976902961731 -3.3380320729747837e-08 -3.3380324282461515e-08
165.35373741562495 0.8133100271224976 0.8735764622688293 0.1918976753950119 -3.3380320729747837e-08 -3.3380324282461515e-08
165.52951866562498 0.8150179982185364 0.8735764622688293 0.1918976753950119 -3.3380320729747837e-08 -3.3380324282461515e-08
165.70529991562498 0.8166685104370117 0.8735764622688293 0.1918976753950119 -3.3380320729747837e-08 -3.3380324282461515e-08
165.881081165625 0.8182640075683594 0.8735764622688293 0.1918976753950119 -3.3380320729747837e-08 -3.3380324282461515e-08
166.056862415625 0.819806694984436 0.8735764622688293 0.1918976753950119 -3.3380320729747837e-08 -3.3380324282461515e-08
166.23264366562503 0.8212988376617432 0.8735764622688293 0.1918976753950119 -3.3380320729747837e-08 -3.3380324282461515e-08
166.40842491562503 0.8227424621582031 0.8735764622688293 0.1918976753950119 -3.3380320729747837e-08 -3.3380324282461515e-08
166.58420616562503 0.8241395950317383 0.8735764622688293 0.1918976753950119 -3.3380324282461515e-08 -3.3380324282461515e-08
166.75998741562506 0.8254922032356262 0.8735764622688293 0.1918976753950119 -3.3380324282461515e-08 -3.3380324282461515e-08
166.93576866562506 0.8268020153045654 0.8735764622688293 0.1918976753950119 -3.3380324282461515e-08 -3.3380324282461515e-08
167.2873311656251 0.8293001651763916 0.8735764622688293 0.1918976753950119 -3.3380324282461515e-08 -3.3380324282461515e-08
167.46311241562512 0.830491840839386 0.8735764622688293 0.1918976753950119 -3.3380324282461515e-08 -3.3380324282461515e-08
167.63889366562512 0.8316472768783569 0.8735764622688293 0.1918976753950119 -3.3380324282461515e-08 -3.3380324282461515e-08
167.81467491562515 0.8327678442001343 0.8735764622688293 0.1918976753950119 -3.3380324282461515e-08 -3.3380324282461515e-08
167.99045616562515 0.8338549733161926 0.8735764622688293 0.1918976753950119 -3.3380324282461515e-08 -3.3380324282461515e-08
168.16623741562518 0.8349100351333618 0.8735764622688293 0.1918976753950119 -3.3380324282461515e-08 -3.3380324282461515e-08
168.34201866562518 0.8359341621398926 0.8735764622688293 0.1918976753950119 -3.3380324282461515e-08 -3.3380324282461515e-08
168.5177999156252 0.8369287252426147 0.8735764622688293 0.1918976753950119 -3.3380324282461515e-08 -3.3380324282461515e-08
168.6935811656252 0.8378946781158447 0.8735764622688293 0.1918976753950119 -3.3380324282461515e-08 -3.3380324282461515e-08
169.04514366562523 0.8397454023361206 0.8735764622688293 0.1918976753950119 -3.3380324282461515e-08 -3.3380324282461515e-08
169.22092491562523 0.8406322598457336 0.8735764622688293 0.1918976753950119 -3.3380324282461515e-08 -3.3380324282461515e-08
169.39670616562526 0.841494619846344 0.8735764622688293 0.1918976753950119 -3.3380324282461515e-08 -3.3380324282461515e-08
169.57248741562526 0.8423334956169128 0.8735764622688293 0.1918976753950119 -3.3380324282461515e-08 -3.3380324282461515e-08
170.09983116562532 0.8447176218032837 0.8735764622688293 0.1918976753950119 -3.3380324282461515e-08 -3.3380324282461515e-08
170.27561241562532 0.8454707860946655 0.8735764622688293 0.1918976753950119 -3.3380324282461515e-08 -3.3380324282461515e-08
170.45139366562535 0.846204400062561 0.8735764622688293 0.1918976753950119 -3.3380324282461515e-08 -3.3380324282461515e-08
170.62717491562535 0.8469192981719971 0.8735764622688293 0.1918976753950119 -3.3380324282461515e-08 -3.3380324282461515e-08
171.06662804062537 0.8486282825469971 0.8735764622688293 0.1918976753950119 -3.3380324282461515e-08 -3.3380324282461515e-08
171.5060811656254 0.8502334952354431 0.8735764622688293 0.1918976753950119 -3.3380324282461515e-08 -3.3380324282461515e-08
171.68186241562543 0.8508484363555908 0.8735764622688293 0.1918976753950119 -3.3380324282461515e-08 -3.3380324282461515e-08
171.85764366562543 0.8514487147331238 0.8735764622688293 0.1918976753950119 -3.3380324282461515e-08 -3.3380324282461515e-08
172.73654991562552 0.8542460203170776 0.8735764622688293 0.1918976753950119 -3.3380324282461515e-08 -3.3380324282461515e-08
172.91233116562552 0.8547676801681519 0.8735764622688293 0.1918976753950119 -3.3380324282461515e-08 -3.3380324282461515e-08
173.08811241562555 0.8552777767181396 0.8735764622688293 0.1918976753950119 -3.3380324282461515e-08 -3.3380324282461515e-08
173.26389366562555 0.8557764887809753 0.8735764622688293 0.1918976753950119 -3.3380324282461515e-08 -3.3380324282461515e-08
174.49436241562563 0.8589802980422974 0.8735764622688293 0.1918976753950119 -3.3380324282461515e-08 -3.3380324282461515e-08
174.67014366562566 0.8594005703926086 0.8735764622688293 0.1918976753950119 -3.3380324282461515e-08 -3.3380324282461515e-08
174.84592491562566 0.8598122596740723 0.8735764622688293 0.1918976753950119 -3.3380324282461515e-08 -3.3380324282461515e-08
175.0217061656257 0.8602157235145569 0.8735764622688293 0.1918976753950119 -3.3380324282461515e-08 -3.3380324282461515e-08
176.42795616562577 0.8631721138954163 0.8735764622688293 0.1918976753950119 -3.3380324282461515e-08 -3.3380324282461515e-08
176.6037374156258 0.8635108470916748 0.8735764622688293 0.1918976753950119 -3.3380324282461515e-08 -3.3380324282461515e-08
176.7795186656258 0.8638433814048767 0.8735764622688293 0.1918976753950119 -3.3380324282461515e-08 -3.3380324282461515e-08
176.95529991562583 0.8641698360443115 0.8735764622688293 0.1918976753950119 -3.3380324282461515e-08 -3.3380324282461515e-08
178.71311241562594 0.8671339750289917 0.8735764622688293 0.1918976753950119 -3.3380324282461515e-08 -3.3380324282461515e-08
178.88889366562597 0.8674032688140869 0.8735764622688293 0.1918976753950119 -3.3380324282461515e-08 -3.3380324282461515e-08
179.06467491562597 0.8676682114601135 0.8735764622688293 0.1918976753950119 -3.3380324282461515e-08 -3.3380324282461515e-08
179.240456165626 0.8679288029670715 0.8735764622688293 0.1918976753950119 -3.3380324282461515e-08 -3.3380324282461515e-08
179.94358116562606 0.8689305186271667 0.8735764622688293 0.1918976753950119 -3.3380324282461515e-08 -3.3380324282461515e-08
179.99999999999997 0.8690083622932434 0.8735764622688293 0.1918976753950119 -3.3380324282461515e-08 -3.3380324282461515e-08
