time a b c w1 w2
0.0 0.0 0.0 0.0 0.0 0.0
1.757812428601624e-06 1.0832566022872925 1.757988202426422e-23 1.757988202426422e-23 1.757988202426422e-23 1.757988202426422e-23
1.7648476783160305e-06 1.0055341720581055 1.7650242106122693e-23 1.7650242106122693e-23 1.7650242106122693e-23 1.7650242106122693e-23
1.7789181777448437e-06 0.9905999898910522 1.7790960692117828e-23 1.7790960692117828e-23 1.7790960692117828e-23 1.7790960692117828e-23
1.8070591766024704e-06 0.984626293182373 1.8072399441829907e-23 1.8072399441829907e-23 1.8072399441829907e-23 1.8072399441829907e-23
0.00013281055255599797 0.984626293182373 1.3282383013875093e-21 1.3282383013875093e-21 1.3282383013875093e-21 1.3282383013875093e-21
0.00026381985277929004 0.984626293182373 2.6384624023353322e-21 2.6384624023353322e-21 2.6384624023353322e-21 2.6384624023353322e-21
0.0005258384532258742 0.984626293182373 5.258910200334195e-21 5.258910200334195e-21 -5.940089753408984e-09 -5.940089753408984e-09
0.001 0.984626293182373 1.0000999731091105e-20 1.0000999731091105e-20 -3.337912701795176e-08 -3.337912701795176e-08
29.999999999999996 0.984626293182373 3.000300019364487e-16 3.000300019364487e-16 -3.337926912649891e-08 -3.337926912649891e-08
30.000099999999996 0.984626293182373 3.0003100778807355e-16 3.0003100778807355e-16 -3.3360773699087076e-08 -3.3360773699087076e-08
30.0003 0.984626293182373 3.0003299302154367e-16 3.0003299302154367e-16 -3.3342505645350684e-08 -3.3342505645350684e-08
30.0007 0.984626293182373 3.0003698995826353e-16 3.0003698995826353e-16 -3.333284226414435e-08 -3.333284226414435e-08
30.000822963460692 0.984626293182373 3.000382340379048e-16 6.673266828016722e-09 -3.333158460350205e-08 -3.204861798167258e-08
30.000893956544584 0.984626293182373 3.0003894872195405e-16 3.863539177473285e-08 -3.333119380499738e-08 1.2698564866298057e-08
30.0009296764516 0.984626293182373 3.000392928290889e-16 1.0239515546572875e-07 -3.333119380499738e-08 1.7333726987089904e-07
30.00095165092403 0.984626293182373 3.000395045873257e-16 1.980162664949603e-07 -3.333119380499738e-08 5.089596584184619e-07
30.00097224969198 0.984626293182373 3.000397163455625e-16 3.5746381854551146e-07 -3.333119380499738e-08 1.210453547173529e-06
30.000990275001556 0.984626293182373 3.000399016340197e-16 5.635676529891498e-07 -3.333119380499738e-08 2.2685524072585395e-06
30.001 0.984626293182373 3.000400075131381e-16 7.061515248096839e-07 -3.333119380499738e-08 3.069619651796529e-06
30.303623458797432 0.984626293182373 3.0306653564301654e-16 0.005246398504823446 -3.333119380499738e-08 0.03186551108956337
30.606246917594863 0.984626293182373 3.0609306377289496e-16 0.010320079512894154 -3.333119380499738e-08 0.06315258890390396
30.782028167594863 0.984626293182373 3.0785105418514166e-16 0.01319253258407116 -3.333119380499738e-08 0.08107375353574753
30.957809417594863 0.984626293182373 3.0960904459738836e-16 0.01601441018283367 -3.333119380499738e-08 0.09882327914237976
31.30937191759486 0.984626293182373 3.1312502542188176e-16 0.021491115912795067 -3.333119380499738e-08 0.13374939560890198
31.66093441759486 0.984626293182373 3.1664100624637515e-16 0.026689773425459862 -3.333119380499738e-08 0.16771100461483002
32.18827816759486 0.984626293182373 3.2191497748311525e-16 0.033954691141843796 -3.333119380499738e-08 0.21676844358444214
32.53984066759486 0.984626293182373 3.2543095830760865e-16 0.03847023472189903 -3.333119380499738e-08 0.2482907474040985
33.06718441759486 0.984626293182373 3.3070490307456914e-16 0.04472597688436508 -3.333119380499738e-08 0.29365646839141846
33.77030941759485 0.984626293182373 3.3773686472355594e-16 0.05218560993671417 -3.333119380499738e-08 0.3507833480834961
34.47343441759485 0.984626293182373 3.4476882637254273e-16 0.058705732226371765 -3.333119380499738e-08 0.404172420501709
34.82499691759485 0.984626293182373 3.4828480719703613e-16 0.06158516928553581 -3.333119380499738e-08 0.4292924404144287
35.35234066759485 0.984626293182373 3.535587519639966e-16 0.06547029316425323 -3.333119380499738e-08 0.4650934338569641
35.87968441759485 0.984626293182373 3.588327232007367e-16 0.06879930198192596 -3.333119380499738e-08 0.4983837604522705
36.05546566759485 0.984626293182373 3.605907136129834e-16 0.06979316473007202 -3.333119380499738e-08 0.5089333653450012
36.58280941759485 0.984626293182373 3.658646848497235e-16 0.07247357070446014 -3.333119380499738e-08 0.5390981435775757
37.110153167594845 0.984626293182373 3.71138629616684e-16 0.07476513087749481 -3.333119380499738e-08 0.5672494173049927
37.989059417594845 0.984626293182373 3.799285816779175e-16 0.07765929400920868 -3.333119380499738e-08 0.6089518666267395
38.164840667594845 0.984626293182373 3.816865720901642e-16 0.07812011986970901 -3.333119380499738e-08 0.6165702939033508
38.340621917594845 0.984626293182373 3.834445625024109e-16 0.07854950428009033 -3.333119380499738e-08 0.6239807605743408
38.516403167594845 0.984626293182373 3.852025529146576e-16 0.07894338667392731 -3.333119380499738e-08 0.6311488151550293
39.043746917594845 0.984626293182373 3.904765241513977e-16 0.07994682341814041 -3.333119380499738e-08 0.6513766050338745
39.395309417594845 0.984626293182373 3.939924785061115e-16 0.08049915730953217 -3.333119380499738e-08 0.6639642119407654
40.01054379259484 0.984626293182373 4.0014545818386473e-16 0.08123934268951416 -3.333119380499738e-08 0.6840531826019287
40.62577816759484 0.984626293182373 4.062984113918384e-16 0.08174776285886765 -3.333119380499738e-08 0.7018653750419617
40.80155941759484 0.984626293182373 4.080564018040851e-16 0.08185751736164093 -3.333119380499738e-08 0.7065534591674805
40.97734066759484 0.984626293182373 4.098143922163318e-16 0.08195309340953827 -3.333119380499738e-08 0.7110615968704224
41.15312191759484 0.984626293182373 4.115723826285785e-16 0.08203630149364471 -3.333119380499738e-08 0.7154042720794678
41.68046566759484 0.984626293182373 4.1684632739553897e-16 0.08223491162061691 -3.333119380499738e-08 0.7276738286018372
42.20780941759484 0.984626293182373 4.2212029863227907e-16 0.08236251026391983 -3.333119380499738e-08 0.7386946678161621
42.73515316759484 0.984626293182373 4.2739426986901916e-16 0.08243894577026367 -3.333119380499738e-08 0.7485921382904053
43.08671566759484 0.984626293182373 4.3091025069351256e-16 0.08247123658657074 -3.333119380499738e-08 0.7546505928039551
43.52616879259483 0.984626293182373 4.353052134892395e-16 0.08249776065349579 -3.333119380499738e-08 0.7617202401161194
43.96562191759483 0.984626293182373 4.3970017628496645e-16 0.08251376450061798 -3.333119380499738e-08 0.7682899236679077
44.14140316759483 0.984626293182373 4.4145816669721315e-16 0.08251785486936569 -3.333119380499738e-08 0.7707705497741699
44.31718441759483 0.984626293182373 4.4321615710945985e-16 0.08252071589231491 -3.333119380499738e-08 0.7731521129608154
44.66874691759483 0.984626293182373 4.467321114641736e-16 0.08252417296171188 -3.333119380499738e-08 0.7776913046836853
45.02030941759483 0.984626293182373 4.50248092288667e-16 0.08252598345279694 -3.333119380499738e-08 0.7819830179214478
45.37187191759483 0.984626293182373 4.537640731131604e-16 0.0825265645980835 -3.333119380499738e-08 0.7859561443328857
45.89921566759483 0.984626293182373 4.590380708196801e-16 0.08252666890621185 -3.333119380499738e-08 0.7914245128631592
46.426559417594824 0.984626293182373 4.643120155866406e-16 0.08252666890621185 -3.333119380499738e-08 0.7963553667068481
47.305465667594824 0.984626293182373 4.731019411780945e-16 0.08252666890621185 -3.333119380499738e-08 0.8036970496177673
48.184371917594824 0.984626293182373 4.818919197091076e-16 0.08252666890621185 -3.333119380499738e-08 0.8101679086685181
48.360153167594824 0.984626293182373 4.836498836515747e-16 0.08252666890621185 -3.333119380499738e-08 0.811344563961029
48.535934417594824 0.984626293182373 4.85407900533601e-16 0.08252666890621185 -3.333119380499738e-08 0.8124843835830688
48.711715667594824 0.984626293182373 4.871658644760681e-16 0.08252666890621185 -3.333119380499738e-08 0.8135955333709717
49.76640316759482 0.984626293182373 4.977138069495483e-16 0.08252666890621185 -3.333119380499738e-08 0.8196154832839966
50.82109066759482 0.984626293182373 5.082617494230285e-16 0.08252666890621185 -3.333119380499738e-08 0.8247264623641968
51.78788754259482 0.984626293182373 5.179306305159363e-16 0.08252666890621185 -3.333119380499738e-08 0.828794538974762
52.75468441759482 0.984626293182373 5.275996174879626e-16 0.08252666890621185 -3.333119380499738e-08 0.8323811888694763
53.28202816759481 0.984626293182373 5.328735622549231e-16 0.08252666890621185 -3.333119380499738e-08 0.834186315536499
53.63359066759481 0.984626293182373 5.363895430794165e-16 0.08252666890621185 -3.333119380499738e-08 0.8353601694107056
54.16093441759481 0.984626293182373 5.41663487846377e-16 0.08252666890621185 -3.333119380499738e-08 0.8370431065559387
55.21562191759481 0.984626293182373 5.522114303198572e-16 0.08252666890621185 -3.333119380499738e-08 0.8400376439094543
56.2703094175948 0.984626293182373 5.627593727933373e-16 0.08252666890621185 -3.333119380499738e-08 0.8426791429519653
56.4460906675948 0.984626293182373 5.645173367358044e-16 0.08252666890621185 -3.333119380499738e-08 0.8431072235107422
56.6218719175948 0.984626293182373 5.662753536178307e-16 0.08252666890621185 -3.333119380499738e-08 0.8435252904891968
56.7976531675948 0.984626293182373 5.680333175602978e-16 0.08252666890621185 -3.333119380499738e-08 0.8439338207244873
57.9402312925948 0.984626293182373 5.794602684747912e-16 0.08252666890621185 -3.333119380499738e-08 0.8463748097419739
59.0828094175948 0.984626293182373 5.908871664497253e-16 0.08252666890621185 -3.333119380499738e-08 0.8484978675842285
59.541404708797394 0.984626293182373 5.954735851613113e-16 0.08252666890621185 -3.333119380499738e-08 0.8492975831031799
59.99999999999999 0.984626293182373 6.000600038728974e-16 0.08252666890621185 -3.333119380499738e-08 0.8500683903694153
60.000099999999996 0.984626293182373 6.000610097245222e-16 0.08252666890621185 -3.333119380499738e-08 0.8500679731369019
60.000299999999996 0.984626293182373 6.00063021427772e-16 0.08252666890621185 -3.333119380499738e-08 0.8500674962997437
60.0004003995982 0.984626293182373 6.000640272793968e-16 0.08252666890621185 -3.333119380499738e-08 0.8500674366950989
60.000460591572825 0.984626293182373 6.000646096145481e-16 0.08252666890621185 -3.333119380499738e-08 0.8500674366950989
60.00049548720513 0.984626293182373 6.000649801914625e-16 0.08252666145563126 1.7519137429644616e-07 0.8500674366950989
60.00051584053763 0.984626293182373 6.000651390101401e-16 0.08252666145563126 7.828080015315209e-07 0.8500674366950989
60.00053549693498 0.984626293182373 6.000653507683769e-16 0.08252666145563126 1.8701919088925933e-06 0.8500674366950989
60.00054658330259 0.984626293182373 6.000654566474953e-16 0.08252666145563126 2.5546721644786885e-06 0.8500674366950989
60.000561355155114 0.984626293182373 6.000656154661729e-16 0.08252665400505066 3.429872094784514e-06 0.8500674366950989
60.000590898860175 0.984626293182373 6.000659331035281e-16 0.08252661675214767 5.070337465440389e-06 0.8500674366950989
60.0006499862703 0.984626293182373 6.000665154386794e-16 0.08252637833356857 7.951579391374253e-06 0.8500674366950989
60.000768161090534 0.984626293182373 1.5517931828412657e-08 0.08252514898777008 1.2823249562643468e-05 0.8500674366950989
60.00082605761185 0.984626293182373 8.392182593297548e-08 0.08252377808094025 1.482247535022907e-05 0.8500674366950989
60.000861569704384 0.984626293182373 2.597751631583378e-07 0.08252226561307907 1.5857380276429467e-05 0.8500674366950989
60.000900183045836 0.984626293182373 7.468213425454451e-07 0.08251998573541641 1.6861778931342997e-05 0.8500674366950989
60.000931088457754 0.984626293182373 1.5772037613714929e-06 0.08251766860485077 1.7588119590072893e-05 0.8500674366950989
60.000960355728985 0.984626293182373 2.9967732189106755e-06 0.08251496404409409 1.8211356291431002e-05 0.8500674366950989
60.00098848156848 0.984626293182373 4.9838017730508e-06 0.08251193165779114 1.8763908883556724e-05 0.8500674366950989
60.001000000000005 0.984626293182373 6.0051797845517285e-06 0.0825105607509613 1.8977523723151535e-05 0.8500674366950989
60.15927662737585 0.984626293182373 0.016822796314954758 0.06294746696949005 0.002808375284075737 0.8500674366950989
60.31755325475169 0.984626293182373 0.03347073867917061 0.04522036761045456 0.005546971689909697 0.8500674366950989
60.49333450475169 0.984626293182373 0.05177054554224014 0.027910063043236732 0.008531843312084675 0.8500674366950989
60.66911575475169 0.984626293182373 0.06984309107065201 0.013624471612274647 0.011449135839939117 0.8500674366950989
60.84489700475169 0.984626293182373 0.08772439509630203 0.002464032731950283 0.014309831894934177 0.8500674366950989
60.90346976083479 0.984626293182373 0.09364383667707443 8.471444743918255e-05 0.015251598320901394 0.8500674366950989
60.90987418155801 0.984626293182373 0.09428893774747849 -3.3385479270009455e-08 0.015353943221271038 0.8500674366950989
61.248508819194186 0.984626293182373 0.1278957724571228 -3.3385482822723134e-08 0.020618997514247894 0.8500674366950989
61.424290069194186 0.984626293182373 0.1450309157371521 -3.3385482822723134e-08 0.023262472823262215 0.8500674366950989
61.600071319194186 0.984626293182373 0.16195370256900787 -3.3385482822723134e-08 0.025845065712928772 0.8500674366950989
61.77585256919418 0.984626293182373 0.17865721881389618 -3.3385482822723134e-08 0.028365323320031166 0.8500674366950989
62.12741506919418 0.984626293182373 0.21133114397525787 -3.3385482822723134e-08 0.03319963812828064 0.8500674366950989
62.30319631919418 0.984626293182373 0.22731810808181763 -3.3385482822723134e-08 0.035519398748874664 0.8500674366950989
62.47897756919418 0.984626293182373 0.24307489395141602 -3.3385482822723134e-08 0.037775926291942596 0.8500674366950989
62.65475881919418 0.984626293182373 0.25858765840530396 -3.3385482822723134e-08 0.03996598720550537 0.8500674366950989
62.83054006919418 0.984626293182373 0.2738646864891052 -3.3385482822723134e-08 0.04209240525960922 0.8500674366950989
63.00632131919418 0.984626293182373 0.28890302777290344 -3.3385482822723134e-08 0.04415509104728699 0.8500674366950989
63.18210256919418 0.984626293182373 0.30367815494537354 -3.3385482822723134e-08 0.046148210763931274 0.8500674366950989
63.35788381919418 0.984626293182373 0.31818804144859314 -3.3385482822723134e-08 0.04807193949818611 0.8500674366950989
63.53366506919418 0.984626293182373 0.3324524462223053 -3.3385482822723134e-08 0.04993215203285217 0.8500674366950989
63.70944631919418 0.984626293182373 0.346479594707489 -3.3385482822723134e-08 0.05173170566558838 0.8500674366950989
63.88522756919418 0.984626293182373 0.3602668344974518 -3.3385482822723134e-08 0.05347058176994324 0.8500674366950989
64.23679006919417 0.984626293182373 0.3870689570903778 -3.3385482822723134e-08 0.05675629898905754 0.8500674366950989
64.41257131919417 0.984626293182373 0.40008053183555603 -3.3385482822723134e-08 0.05830385908484459 0.8500674366950989
64.58835256919417 0.984626293182373 0.4128338396549225 -3.3385482822723134e-08 0.05978946015238762 0.8500674366950989
64.76413381919417 0.984626293182373 0.42531663179397583 -3.3385482822723134e-08 0.06121104210615158 0.8500674366950989
64.93991506919417 0.984626293182373 0.43753886222839355 -3.3385482822723134e-08 0.06257182359695435 0.8500674366950989
65.11569631919417 0.984626293182373 0.4495100975036621 -3.3385482822723134e-08 0.06387496739625931 0.8500674366950989
65.46725881919417 0.984626293182373 0.47269484400749207 -3.3385482822723134e-08 0.06631080061197281 0.8500674366950989
65.64304006919417 0.984626293182373 0.4839068055152893 -3.3385482822723134e-08 0.06744498014450073 0.8500674366950989
65.99460256919417 0.984626293182373 0.5055264830589294 -3.3385482822723134e-08 0.06954164803028107 0.8500674366950989
66.17038381919417 0.984626293182373 0.5159357190132141 -3.3385482822723134e-08 0.0705064907670021 0.8500674366950989
66.52194631919417 0.984626293182373 0.5359981060028076 -3.3385482822723134e-08 0.07228395342826843 0.8500674366950989
67.04929006919417 0.984626293182373 0.5642155408859253 -3.3385482822723134e-08 0.07458795607089996 0.8500674366950989
67.40085256919417 0.984626293182373 0.581794798374176 -3.3385482822723134e-08 0.07589849084615707 0.8500674366950989
67.57663381919417 0.984626293182373 0.590221107006073 -3.3385482822723134e-08 0.07649054378271103 0.8500674366950989
67.75241506919417 0.984626293182373 0.5984088182449341 -3.3385482822723134e-08 0.07704252749681473 0.8500674366950989
67.92819631919417 0.984626293182373 0.6063607931137085 -3.3385482822723134e-08 0.07755604386329651 0.8500674366950989
68.10397756919417 0.984626293182373 0.6140803098678589 -3.3385482822723134e-08 0.0780327171087265 0.8500674366950989
68.27975881919417 0.984626293182373 0.6215708255767822 -3.3385482822723134e-08 0.07847417145967484 0.8500674366950989
68.45554006919417 0.984626293182373 0.6288360357284546 -3.3385482822723134e-08 0.07888206839561462 0.8500674366950989
68.63132131919417 0.984626293182373 0.6358798742294312 -3.3385482822723134e-08 0.07925805449485779 0.8500674366950989
68.80710256919417 0.984626293182373 0.6427065134048462 -3.3385482822723134e-08 0.07960379868745804 0.8500674366950989
68.98288381919417 0.984626293182373 0.6493290066719055 -3.3385482822723134e-08 0.07992203533649445 0.8500674366950989
69.33444631919417 0.984626293182373 0.6619945764541626 -3.3385482822723134e-08 0.08048424124717712 0.8500674366950989
69.86179006919416 0.984626293182373 0.6795108914375305 -3.3385482822723134e-08 0.08115159720182419 0.8500674366950989
70.21335256919416 0.984626293182373 0.6902500987052917 -3.3385482822723134e-08 0.0814957395195961 0.8500674366950989
70.74069631919416 0.984626293182373 0.7050536870956421 -3.3385482822723134e-08 0.08188866823911667 0.8500674366950989
70.91647756919416 0.984626293182373 0.7096606492996216 -3.3385482822723134e-08 0.08199184387922287 0.8500674366950989
71.09225881919416 0.984626293182373 0.7141124606132507 -3.3385482822723134e-08 0.08208305388689041 0.8500674366950989
71.26804006919416 0.984626293182373 0.7184140682220459 -3.3385482822723134e-08 0.08216337114572525 0.8500674366950989
71.61960256919416 0.984626293182373 0.7265869379043579 -3.3385482822723134e-08 0.08229530602693558 0.8500674366950989
71.79538381919416 0.984626293182373 0.7304678559303284 -3.3385482822723134e-08 0.0823487639427185 0.8500674366950989
72.14694631919416 0.984626293182373 0.7378358244895935 -3.3385482822723134e-08 0.08243446797132492 0.8500674366950989
72.32272756919416 0.984626293182373 0.7413190603256226 -3.3385482822723134e-08 0.08246763795614243 0.8500674366950989
72.67429006919416 0.984626293182373 0.7479308247566223 -3.3385482822723134e-08 0.08251909911632538 0.8500674366950989
72.85007131919416 0.984626293182373 0.7510744333267212 -3.3385482822723134e-08 0.08253885060548782 0.8500674366950989
73.20163381919416 0.984626293182373 0.7570570111274719 -3.3385482822723134e-08 0.08256882429122925 0.8500674366950989
73.37741506919416 0.984626293182373 0.7598975896835327 -3.3385482822723134e-08 0.08257976174354553 0.8500674366950989
73.72897756919416 0.984626293182373 0.7652801871299744 -3.3385482822723134e-08 0.08259505033493042 0.8500674366950989
73.90475881919416 0.984626293182373 0.7678424119949341 -3.3385482822723134e-08 0.08260033279657364 0.8500674366950989
74.08054006919416 0.984626293182373 0.7703246474266052 -3.3385482822723134e-08 0.08260440826416016 0.8500674366950989
74.25632131919416 0.984626293182373 0.772724449634552 -3.3385482822723134e-08 0.0826074555516243 0.8500674366950989
74.43210256919416 0.984626293182373 0.775039792060852 -3.3385482822723134e-08 0.0826096162199974 0.8500674366950989
74.60788381919416 0.984626293182373 0.7772800326347351 -3.3385482822723134e-08 0.08261111378669739 0.8500674366950989
74.78366506919416 0.984626293182373 0.7794482707977295 -3.3385482822723134e-08 0.08261214196681976 0.8500674366950989
74.95944631919416 0.984626293182373 0.7815421223640442 -3.3385482822723134e-08 0.0826127827167511 0.8500674366950989
75.13522756919416 0.984626293182373 0.7835701107978821 -3.3385482822723134e-08 0.08261316269636154 0.8500674366950989
75.31100881919416 0.984626293182373 0.7855349779129028 -3.3385482822723134e-08 0.08261337876319885 0.8500674366950989
75.48679006919416 0.984626293182373 0.7874341607093811 -3.3385482822723134e-08 0.08261347562074661 0.8500674366950989
75.66257131919416 0.984626293182373 0.7892756462097168 -3.3385482822723134e-08 0.0826135128736496 0.8500674366950989
75.83835256919416 0.984626293182373 0.7910617589950562 -3.3385482822723134e-08 0.08261352777481079 0.8500674366950989
76.01413381919416 0.984626293182373 0.7927897572517395 -3.3385482822723134e-08 0.08261352777481079 0.8500674366950989
76.18991506919416 0.984626293182373 0.7944672107696533 -3.3385482822723134e-08 0.08261352777481079 0.8500674366950989
76.36569631919414 0.984626293182373 0.7960959672927856 -3.3385482822723134e-08 0.08261352777481079 0.8500674366950989
76.54147756919414 0.984626293182373 0.7976733446121216 -3.3385482822723134e-08 0.08261352777481079 0.8500674366950989
76.71725881919414 0.984626293182373 0.7992062568664551 -3.3385482822723134e-08 0.08261352777481079 0.8500674366950989
77.06882131919414 0.984626293182373 0.8021366596221924 -3.3385482822723134e-08 0.08261352777481079 0.8500674366950989
77.24460256919414 0.984626293182373 0.8035297393798828 -3.3385482822723134e-08 0.08261352777481079 0.8500674366950989
77.42038381919414 0.984626293182373 0.8048861026763916 -3.3385482822723134e-08 0.08261352777481079 0.8500674366950989
77.59616506919414 0.984626293182373 0.8062068223953247 -3.3385482822723134e-08 0.08261352777481079 0.8500674366950989
77.77194631919414 0.984626293182373 0.8074890375137329 -3.3385482822723134e-08 0.08261352777481079 0.8500674366950989
77.94772756919414 0.984626293182373 0.8087385892868042 -3.3385482822723134e-08 0.08261352777481079 0.8500674366950989
78.12350881919414 0.984626293182373 0.8099566698074341 -3.3385482822723134e-08 0.08261352777481079 0.8500674366950989
78.29929006919414 0.984626293182373 0.8111366033554077 -3.3385482822723134e-08 0.08261352777481079 0.8500674366950989
78.47507131919414 0.984626293182373 0.8122766017913818 -3.3385482822723134e-08 0.08261352777481079 0.8500674366950989
78.65085256919414 0.984626293182373 0.8133825063705444 -3.3385482822723134e-08 0.08261352777481079 0.8500674366950989
78.82663381919414 0.984626293182373 0.8144627809524536 -3.3385482822723134e-08 0.08261352777481079 0.8500674366950989
79.00241506919414 0.984626293182373 0.8155181407928467 -3.3385482822723134e-08 0.08261352777481079 0.8500674366950989
79.17819631919414 0.984626293182373 0.8165421485900879 -3.3385482822723134e-08 0.08261352777481079 0.8500674366950989
79.35397756919414 0.984626293182373 0.817536473274231 -3.3385482822723134e-08 0.08261352777481079 0.8500674366950989
79.88132131919414 0.984626293182373 0.8203941583633423 -3.3385482822723134e-08 0.08261352777481079 0.8500674366950989
80.05710256919414 0.984626293182373 0.8212948441505432 -3.3385482822723134e-08 0.08261352777481079 0.8500674366950989
80.23288381919414 0.984626293182373 0.8221702575683594 -3.3385482822723134e-08 0.08261352777481079 0.8500674366950989
80.40866506919414 0.984626293182373 0.8230272531509399 -3.3385482822723134e-08 0.08261352777481079 0.8500674366950989
80.93600881919414 0.984626293182373 0.8254798650741577 -3.3385482822723134e-08 0.08261352777481079 0.8500674366950989
81.11179006919414 0.984626293182373 0.8262530565261841 -3.3385482822723134e-08 0.08261352777481079 0.8500674366950989
81.28757131919414 0.984626293182373 0.8270114064216614 -3.3385482822723134e-08 0.08261352777481079 0.8500674366950989
81.46335256919414 0.984626293182373 0.8277561664581299 -3.3385482822723134e-08 0.08261352777481079 0.8500674366950989
82.34225881919414 0.984626293182373 0.8312018513679504 -3.3385482822723134e-08 0.08261352777481079 0.8500674366950989
82.51804006919414 0.984626293182373 0.8318493366241455 -3.3385482822723134e-08 0.08261352777481079 0.8500674366950989
82.69382131919413 0.984626293182373 0.8324821591377258 -3.3385482822723134e-08 0.08261352777481079 0.8500674366950989
82.86960256919413 0.984626293182373 0.8330979347229004 -3.3385482822723134e-08 0.08261352777481079 0.8500674366950989
83.74850881919413 0.984626293182373 0.8359851837158203 -3.3385482822723134e-08 0.08261352777481079 0.8500674366950989
83.92429006919413 0.984626293182373 0.8365277647972107 -3.3385482822723134e-08 0.08261352777481079 0.8500674366950989
84.10007131919413 0.984626293182373 0.8370564579963684 -3.3385482822723134e-08 0.08261352777481079 0.8500674366950989
84.27585256919413 0.984626293182373 0.8375717401504517 -3.3385482822723134e-08 0.08261352777481079 0.8500674366950989
85.50632131919413 0.984626293182373 0.8409298062324524 -3.3385482822723134e-08 0.08261352777481079 0.8500674366950989
85.68210256919413 0.984626293182373 0.8413680195808411 -3.3385482822723134e-08 0.08261352777481079 0.8500674366950989
85.85788381919413 0.984626293182373 0.8417978882789612 -3.3385482822723134e-08 0.08261352777481079 0.8500674366950989
86.03366506919413 0.984626293182373 0.8422236442565918 -3.3385482822723134e-08 0.08261352777481079 0.8500674366950989
86.20944631919413 0.984626293182373 0.842645525932312 -3.3385482822723134e-08 0.08261352777481079 0.8500674366950989
86.38522756919413 0.984626293182373 0.8430598378181458 -3.3385482822723134e-08 0.08261352777481079 0.8500674366950989
86.56100881919413 0.984626293182373 0.8434648513793945 -3.3385482822723134e-08 0.08261352777481079 0.8500674366950989
87.43991506919413 0.984626293182373 0.8453666567802429 -3.3385482822723134e-08 0.08261352777481079 0.8500674366950989
87.61569631919413 0.984626293182373 0.8457331657409668 -3.3385482822723134e-08 0.08261352777481079 0.8500674366950989
87.79147756919413 0.984626293182373 0.8460937738418579 -3.3385482822723134e-08 0.08261352777481079 0.8500674366950989
87.96725881919413 0.984626293182373 0.8464466333389282 -3.3385482822723134e-08 0.08261352777481079 0.8500674366950989
88.98362940959706 0.984626293182373 0.848351001739502 -3.338498899552178e-08 0.08261352777481079 0.8500674366950989
89.99999999999999 0.984626293182373 0.8500984907150269 -3.338937304420142e-08 0.08261352777481079 0.8500674366950989
90.0001 0.984626293182373 0.8500986099243164 -3.3373897423416565e-08 0.08261352777481079 0.8500674366950989
90.0003 0.984626293182373 0.8500987887382507 -3.3352954176280036e-08 0.08261352777481079 0.8500674366950989
90.00047494471337 0.984626293182373 0.8500988483428955 -1.8044762128965885e-08 0.08261352777481079 0.8500674366950989
90.00082483414015 0.984626293182373 0.8500987887382507 5.845256012548816e-08 0.08261353522539139 0.8500674366950989
90.001 0.984626293182373 0.850098729133606 1.0440294317959342e-07 0.08261353522539139 0.8500674366950989
119.99999999999999 0.984626293182373 0.850098729133606 1.0440295028502078e-07 0.08261353522539139 0.8500674366950989
120.0001 0.984626293182373 0.850098729133606 1.0440295028502078e-07 0.08261353522539139 0.8500674366950989
120.0003 0.984626293182373 0.850098729133606 1.0440295028502078e-07 0.08261353522539139 0.8500674366950989
120.0007 0.984626054763794 0.850098729133606 1.0440295028502078e-07 0.08261353522539139 0.8500674366950989
120.001 0.9846254587173462 0.850098729133606 1.0440295028502078e-07 0.08261353522539139 0.8500674366950989
120.03037508752102 0.9844095706939697 0.850098729133606 0.00012975918070878834 0.08261353522539139 0.8500674366950989
120.05975017504205 0.9841890931129456 0.850098729133606 0.000259339896729216 0.08261353522539139 0.8500674366950989
120.23602221775154 0.9827699661254883 0.850098729133606 0.0010355183621868491 0.08261353522539139 0.8500674366950989
120.41180346775154 0.9812093377113342 0.850098729133606 0.0018079057335853577 0.08261353522539139 0.8500674366950989
120.93914721775154 0.9754281044006348 0.850098729133606 0.004119113553315401 0.08261353522539139 0.8500674366950989
121.29070971775154 0.9703356027603149 0.850098729133606 0.005655644461512566 0.08261353522539139 0.8500674366950989
121.64227221775154 0.9639097452163696 0.850098729133606 0.007188832387328148 0.08261353522539139 0.8500674366950989
121.81805346775154 0.9600850939750671 0.850098729133606 0.007954174652695656 0.08261353522539139 0.8500674366950989
121.99383471775154 0.9557864665985107 0.850098729133606 0.008718680590391159 0.08261353522539139 0.8500674366950989
122.16961596775154 0.9509614706039429 0.850098729133606 0.009482347406446934 0.08261353522539139 0.8500674366950989
122.34539721775155 0.9455575346946716 0.850098729133606 0.010245174169540405 0.08261353522539139 0.8500674366950989
122.52117846775157 0.9395232796669006 0.850098729133606 0.011007162742316723 0.08261353522539139 0.8500674366950989
122.8727409677516 0.9253774881362915 0.850098729133606 0.012528619728982449 0.08261353522539139 0.8500674366950989
123.04852221775161 0.9171879887580872 0.850098729133606 0.013288091868162155 0.08261353522539139 0.8500674366950989
123.22430346775161 0.9082155227661133 0.850098729133606 0.014046728610992432 0.08261353522539139 0.8500674366950989
123.40008471775162 0.8984428644180298 0.850098729133606 0.014804531820118427 0.08261353522539139 0.8500674366950989
123.57586596775164 0.8878628611564636 0.850098729133606 0.015561506152153015 0.08261353522539139 0.8500674366950989
123.75164721775165 0.8764776587486267 0.850098729133606 0.01631765440106392 0.08261353522539139 0.8500674366950989
123.92742846775167 0.8642982840538025 0.850098729133606 0.017072979360818863 0.08261353522539139 0.8500674366950989
124.10320971775168 0.8513433337211609 0.850098729133606 0.017827484756708145 0.08261353522539139 0.8500674366950989
124.2789909677517 0.8376376628875732 0.850098729133606 0.018581176176667213 0.08261353522539139 0.8500674366950989
124.45477221775171 0.823210597038269 0.850098729133606 0.019334055483341217 0.08261353522539139 0.8500674366950989
124.63055346775172 0.80809485912323 0.850098729133606 0.020086124539375305 0.08261353522539139 0.8500674366950989
124.80633471775174 0.7923253774642944 0.850098729133606 0.020837388932704926 0.08261353522539139 0.8500674366950989
124.98211596775175 0.7759377956390381 0.850098729133606 0.021587850525975227 0.08261353522539139 0.8500674366950989
125.15789721775177 0.758967936038971 0.850098729133606 0.02233751304447651 0.08261353522539139 0.8500674366950989
125.33367846775178 0.7414510250091553 0.850098729133606 0.02308638021349907 0.08261353522539139 0.8500674366950989
125.5094597177518 0.7234212160110474 0.850098729133606 0.023834452033042908 0.08261353522539139 0.8500674366950989
125.6852409677518 0.7049112319946289 0.850098729133606 0.024581730365753174 0.08261353522539139 0.8500674366950989
125.86102221775181 0.6859519481658936 0.850098729133606 0.025328220799565315 0.08261353522539139 0.8500674366950989
126.03680346775182 0.666572630405426 0.850098729133606 0.026073923334479332 0.08261353522539139 0.8500674366950989
126.21258471775184 0.6468007564544678 0.850098729133606 0.026818837970495224 0.08261353522539139 0.8500674366950989
126.38836596775185 0.6266618371009827 0.850098729133606 0.02756297029554844 0.08261353522539139 0.8500674366950989
126.56414721775187 0.6061796545982361 0.850098729133606 0.02830631658434868 0.08261353522539139 0.8500674366950989
126.73992846775188 0.5853762626647949 0.850098729133606 0.02904888242483139 0.08261353522539139 0.8500674366950989
126.9157097177519 0.5642721652984619 0.850098729133606 0.029790667816996574 0.08261353522539139 0.8500674366950989
127.09149096775191 0.5428863167762756 0.850098729133606 0.03053167462348938 0.08261353522539139 0.8500674366950989
127.26727221775192 0.5212361216545105 0.850098729133606 0.03127190098166466 0.08261353522539139 0.8500674366950989
127.44305346775194 0.4993378520011902 0.850098729133606 0.032011352479457855 0.08261353522539139 0.8500674366950989
127.61883471775195 0.47720640897750854 0.850098729133606 0.032750025391578674 0.08261353522539139 0.8500674366950989
127.79461596775197 0.45485571026802063 0.850098729133606 0.03348792344331741 0.08261353522539139 0.8500674366950989
127.97039721775197 0.4322985112667084 0.850098729133606 0.034225042909383774 0.08261353522539139 0.8500674366950989
128.14617846775198 0.40954673290252686 0.850098729133606 0.03496139124035835 0.08261353522539139 0.8500674366950989
128.321959717752 0.38661131262779236 0.850098729133606 0.03569696843624115 0.08261353522539139 0.8500674366950989
128.497740967752 0.3635025918483734 0.850098729133606 0.03643177077174187 0.08261353522539139 0.8500674366950989
128.84930346775204 0.31680309772491455 0.850098729133606 0.03789905831217766 0.08261353522539139 0.8500674366950989
129.02508471775207 0.29323044419288635 0.850098729133606 0.03863154351711273 0.08261353522539139 0.8500674366950989
129.20086596775207 0.2695213556289673 0.850098729133606 0.03936326131224632 0.08261353522539139 0.8500674366950989
129.37664721775207 0.24568518996238708 0.850098729133606 0.04009423032402992 0.08261353522539139 0.8500674366950989
129.5524284677521 0.22173278033733368 0.850098729133606 0.04082449525594711 0.08261353522539139 0.8500674366950989
129.7282097177521 0.197685107588768 0.850098729133606 0.041554033756256104 0.08261353522539139 0.8500674366950989
129.90399096775212 0.17357750236988068 0.850098729133606 0.04228277876973152 0.08261353522539139 0.8500674366950989
130.07977221775212 0.14946144819259644 0.850098729133606 0.04301075637340546 0.08261353522539139 0.8500674366950989
130.43133471775215 0.10176815092563629 0.850098729133606 0.04446449875831604 0.08261353522539139 0.8500674366950989
130.60711596775218 0.07892822474241257 0.850098729133606 0.04519015550613403 0.08261353522539139 0.8500674366950989
130.78289721775218 0.05758430063724518 0.850098729133606 0.04591497778892517 0.08261353522539139 0.8500674366950989
130.9586784677522 0.03847087174654007 0.850098729133606 0.04663901403546333 0.08261353522539139 0.8500674366950989
131.1344597177522 0.022220849990844727 0.850098729133606 0.04736228287220001 0.08261353522539139 0.8500674366950989
131.31024096775224 0.008926826529204845 0.850098729133606 0.04808490723371506 0.08261353522539139 0.8500674366950989
131.44306446866594 0.0010734691750258207 0.850098729133606 0.04863071069121361 0.08261353522539139 0.8500674366950989
131.4753634224721 0.0001279021380469203 0.850098729133606 0.04876351356506348 0.08261353522539139 0.8500674366950989
131.5073817777096 -3.3385482822723134e-08 0.850098729133606 0.04889526963233948 0.08261353522539139 0.8500674366950989
133.01498450642544 -3.3385482822723134e-08 0.850098729133606 0.05505714192986488 0.08261353522539139 0.8500674366950989
133.19076575642544 -3.3385482822723134e-08 0.850098729133606 0.05577166751027107 0.08261353522539139 0.8500674366950989
133.36654700642546 -3.3385482822723134e-08 0.850098729133606 0.056485433131456375 0.08261353522539139 0.8500674366950989
133.54232825642546 -3.3385482822723134e-08 0.850098729133606 0.05719843879342079 0.08261353522539139 0.8500674366950989
138.46420325642583 -3.3385482822723134e-08 0.850098729133606 0.07685485482215881 0.08261353522539139 0.8500674366950989
138.63998450642583 -3.3385482822723134e-08 0.850098729133606 0.07754591107368469 0.08261353522539139 0.8500674366950989
138.81576575642586 -3.3385482822723134e-08 0.850098729133606 0.07823622226715088 0.08261353522539139 0.8500674366950989
138.99154700642586 -3.3385482822723134e-08 0.850098729133606 0.07892577350139618 0.08261353522539139 0.8500674366950989
143.91342200642623 -3.3385482822723134e-08 0.850098729133606 0.09792863577604294 0.08261353522539139 0.8500674366950989
144.08920325642626 -3.3385482822723134e-08 0.850098729133606 0.0985964685678482 0.08261353522539139 0.8500674366950989
144.4407657564263 -3.3385482822723134e-08 0.850098729133606 0.09992990642786026 0.08261353522539139 0.8500674366950989
144.96810950642632 -3.3385482822723134e-08 0.850098729133606 0.10192447900772095 0.08261353522539139 0.8500674366950989
145.14389075642634 -3.3385482822723134e-08 0.850098729133606 0.10259333997964859 0.08261353522539139 0.8500674366950989
145.31967200642634 -3.3385482822723134e-08 0.850098729133606 0.1032780185341835 0.08261353522539139 0.8500674366950989
145.49545325642634 -3.3385482822723134e-08 0.850098729133606 0.10397876054048538 0.08261353522539139 0.8500674366950989
149.01107825642663 -3.3385482822723134e-08 0.850098729133606 0.11794131994247437 0.08261353522539139 0.8500674366950989
149.18685950642663 -3.3385482822723134e-08 0.850098729133606 0.11863087117671967 0.08261353522539139 0.8500674366950989
149.36264075642666 -3.3385482822723134e-08 0.850098729133606 0.1193196028470993 0.08261353522539139 0.8500674366950989
149.53842200642666 -3.3385482822723134e-08 0.850098729133606 0.12000751495361328 0.08261353522539139 0.8500674366950989
150.0 -3.3364358387188986e-08 0.850098729133606 0.12181054055690765 0.08261353522539139 0.8500674366950989
150.0001 -3.33574519117974e-08 0.850098729133606 0.12181216478347778 0.08261353522539139 0.8500674366950989
150.0003 -3.3338025673401717e-08 0.850098729133606 0.12181517481803894 0.08261353522539139 0.8500673174858093
150.0007 -3.330338316231973e-08 0.850098729133606 0.12181643396615982 0.08261258155107498 0.8500661849975586
150.0008229636945 -3.298899287074164e-08 0.850098729133606 0.12181670218706131 0.08261048048734665 0.8500649333000183
150.00089395673126 4.958988220060689e-10 0.850098729133606 0.12181789427995682 0.08260777592658997 0.8500632047653198
150.00092966364056 1.307690951080076e-07 0.850098729133606 0.12181876599788666 0.0826060026884079 0.8500618934631348
150.00095149567863 4.0930763134383596e-07 0.850098729133606 0.12181922793388367 0.08260481804609299 0.8500608801841736
150.00097199645813 1.0000771908380557e-06 0.850098729133606 0.1218196228146553 0.08260364085435867 0.8500598073005676
150.0009889972795 1.8833862895917264e-06 0.850098729133606 0.12181992083787918 0.0826026201248169 0.8500587940216064
150.001 2.7103178581455722e-06 0.850098729133606 0.1218201071023941 0.08260194957256317 0.8500580787658691
150.00903206695114 0.0008128166664391756 0.850098729133606 0.12194877117872238 0.08209794759750366 0.8495095372200012
150.01706413390227 0.0016223840648308396 0.850098729133606 0.12207727879285812 0.08159483224153519 0.8489610552787781
150.03313022899778 0.003240094054490328 0.850098729133606 0.12233384698629379 0.08058597892522812 0.8478584289550781
150.06526241918877 0.006469023413956165 0.850098729133606 0.12284509092569351 0.0785638764500618 0.8456365466117859
150.12952679957075 0.01290086004883051 0.850098729133606 0.12385997921228409 0.07450911402702332 0.8411262035369873
150.25805556033472 0.025678424164652824 0.850098729133606 0.12586469948291779 0.0663798376917839 0.8318614363670349
150.43383681033472 0.042995963245630264 0.850098729133606 0.12856075167655945 0.05532827228307724 0.8187482357025146
150.60961806033475 0.06012706086039543 0.850098729133606 0.13120302557945251 0.0445457361638546 0.8051450848579407
150.78539931033475 0.07706006616353989 0.850098729133606 0.13378852605819702 0.03427012637257576 0.7910424470901489
150.96118056033478 0.09379424899816513 0.850098729133606 0.1363174468278885 0.024713903665542603 0.7764529585838318
151.13696181033478 0.11032786965370178 0.850098729133606 0.13878965377807617 0.01604204811155796 0.7613903880119324
151.3127430603348 0.12665919959545135 0.850098729133606 0.1412050873041153 0.008344453759491444 0.7458678483963013
151.4885243103348 0.14282254874706268 0.850098729133606 0.14357364177703857 0.0016852589324116707 0.7299738526344299
151.54522525046858 0.14799867570400238 0.850098729133606 0.14432720839977264 0.0001258038100786507 0.7247655391693115
151.55769010419147 0.1491321325302124 0.850098729133606 0.14449164271354675 -3.336754517135887e-08 0.7236101627349854
151.5638487842337 0.14969156682491302 0.850098729133606 0.14457271993160248 -3.3367591356636694e-08 0.7230373024940491
151.5697922260238 0.15023115277290344 0.850098729133606 0.1446508765220642 -3.3367591356636694e-08 0.7224839329719543
151.581679109604 0.1513093262910843 0.850098729133606 0.14480692148208618 -3.336757714578198e-08 0.7213772535324097
151.60545287676442 0.15346187353134155 0.850098729133606 0.14511799812316895 -3.336765885819659e-08 0.7191591858863831
151.65300041108523 0.15775176882743835 0.850098729133606 0.1457359343767166 -3.336790044272675e-08 0.7146955728530884
151.74809547972689 0.16627316176891327 0.850098729133606 0.14695583283901215 -3.336828058309038e-08 0.7056787610054016
151.92387672972689 0.1818702667951584 0.850098729133606 0.1491687148809433 -3.3368923624266245e-08 0.6887926459312439
152.0996579797269 0.19727639853954315 0.850098729133606 0.1513298749923706 -3.3369605745292574e-08 0.6716234683990479
152.2754392297269 0.21246950328350067 0.850098729133606 0.15343378484249115 -3.337024168104108e-08 0.6541396379470825
152.45122047972694 0.22744959592819214 0.850098729133606 0.15548092126846313 -3.337077103537922e-08 0.6363776326179504
152.62700172972694 0.2422151416540146 0.850098729133606 0.1574714183807373 -3.337127907343529e-08 0.618367075920105
152.80278297972697 0.25676462054252625 0.850098729133606 0.15940536558628082 -3.3371826191341825e-08 0.6001041531562805
152.97856422972697 0.2710965871810913 0.850098729133606 0.16128294169902802 -3.3372359098393645e-08 0.5815834999084473
153.15434547972697 0.285209596157074 0.850098729133606 0.1631043404340744 -3.337283871474028e-08 0.562821090221405
153.330126729727 0.2991023659706116 0.850098729133606 0.16486980020999908 -3.3373272145809096e-08 0.5438407063484192
153.68168922972703 0.3262222111225128 0.850098729133606 0.1682339608669281 -3.337405374281843e-08 0.5053020119667053
153.85747047972703 0.3394469916820526 0.850098729133606 0.16983331739902496 -3.3374426777754707e-08 0.4857557415962219
154.03325172972706 0.35244691371917725 0.850098729133606 0.171378031373024 -3.337474296927212e-08 0.46604496240615845
154.20903297972706 0.3652423918247223 0.850098729133606 0.17287351191043854 -3.337503784450746e-08 0.44618791341781616
154.38481422972708 0.37787479162216187 0.850098729133606 0.17433007061481476 -3.3375314956174407e-08 0.4261939525604248
154.56059547972708 0.39034202694892883 0.850098729133606 0.17574775218963623 -3.337560983140975e-08 0.40606382489204407
154.7363767297271 0.40259939432144165 0.850098729133606 0.17711660265922546 -3.33759189174998e-08 0.38578999042510986
154.9121579797271 0.4146244525909424 0.850098729133606 0.17843198776245117 -3.337619602916675e-08 0.36537620425224304
155.08793922972714 0.4264167249202728 0.850098729133606 0.1796945333480835 -3.3376441166410586e-08 0.34483739733695984
155.61528297972717 0.4603946805000305 0.850098729133606 0.1831722855567932 -3.3377183683569456e-08 0.2825135588645935
155.79106422972717 0.4712543189525604 0.850098729133606 0.18423087894916534 -3.33774110572449e-08 0.26151347160339355
155.9668454797272 0.48188117146492004 0.850098729133606 0.18524061143398285 -3.3377599351069875e-08 0.24041998386383057
156.1426267297272 0.49227577447891235 0.850098729133606 0.18620240688323975 -3.3377748565044385e-08 0.21925762295722961
156.49418922972723 0.5123708844184875 0.850098729133606 0.18798622488975525 -3.3378107389125944e-08 0.1767817735671997
156.66997047972725 0.5220732092857361 0.850098729133606 0.188810333609581 -3.337826015581413e-08 0.15552034974098206
156.84575172972725 0.531546950340271 0.850098729133606 0.18959073722362518 -3.337837739536553e-08 0.13434496521949768
157.02153297972728 0.5407934784889221 0.850098729133606 0.19032858312129974 -3.337851239848533e-08 0.11338648200035095
157.19731422972728 0.5498143434524536 0.850098729133606 0.19102507829666138 -3.3378665165173516e-08 0.09285420179367065
157.3730954797273 0.5586112141609192 0.850098729133606 0.19168144464492798 -3.337880727372067e-08 0.07309281080961227
157.5488767297273 0.5671861171722412 0.850098729133606 0.19229891896247864 -3.3378931618699426e-08 0.054588284343481064
157.72465797972734 0.575541079044342 0.850098729133606 0.1928788274526596 -3.337904175282347e-08 0.037890560925006866
157.90043922972734 0.5836784243583679 0.850098729133606 0.19342245161533356 -3.337913412337912e-08 0.023456290364265442
158.07622047972734 0.5916005969047546 0.850098729133606 0.19393111765384674 -3.337920873036637e-08 0.011483939364552498
158.25200172972737 0.5993478894233704 0.850098729133606 0.19441194832324982 -3.337926557378523e-08 0.0018912137020379305
158.3025166146074 0.6015393733978271 0.850098729133606 0.19454465806484222 -3.337927267921259e-08 8.561407594243065e-05
158.30983684899724 0.601854145526886 0.850098729133606 0.19456346333026886 -3.337927267921259e-08 -3.337927267921259e-08
158.31295025904512 0.6019877195358276 0.850098729133606 0.19457140564918518 -3.337927267921259e-08 -3.337927267921259e-08
158.3340998264763 0.6028928160667419 0.850098729133606 0.19462504982948303 -3.337927267921259e-08 -3.337927267921259e-08
158.40661262909742 0.6059666872024536 0.850098729133606 0.1948045790195465 -3.337927267921259e-08 -3.337927267921259e-08
158.67907761592562 0.6171820163726807 0.850098729133606 0.19542992115020752 -3.337927267921259e-08 -3.337927267921259e-08
158.85485886592565 0.6241850852966309 0.850098729133606 0.1958000361919403 -3.337927267921259e-08 -3.337927267921259e-08
159.03064011592565 0.6309888958930969 0.850098729133606 0.19614244997501373 -3.337927267921259e-08 -3.337927267921259e-08
159.20642136592568 0.6375971436500549 0.850098729133606 0.1964585930109024 -3.337927267921259e-08 -3.337927267921259e-08
159.38220261592568 0.6440132856369019 0.850098729133606 0.19674980640411377 -3.337927267921259e-08 -3.337927267921259e-08
159.9095463659257 0.6621457934379578 0.850098729133606 0.19748690724372864 -3.337927267921259e-08 -3.337927267921259e-08
160.08532761592573 0.6678303480148315 0.850098729133606 0.19769150018692017 -3.337927267921259e-08 -3.337927267921259e-08
160.26110886592573 0.6733416318893433 0.850098729133606 0.1978777050971985 -3.337927267921259e-08 -3.337927267921259e-08
160.43689011592576 0.6786836385726929 0.850098729133606 0.19804662466049194 -3.337927267921259e-08 -3.337927267921259e-08
160.7884526159258 0.6888766884803772 0.850098729133606 0.19833692908287048 -3.337927267921259e-08 -3.337927267921259e-08
160.9642338659258 0.6937357187271118 0.850098729133606 0.1984606683254242 -3.337927267921259e-08 -3.337927267921259e-08
161.14001511592582 0.6984418034553528 0.850098729133606 0.1985716074705124 -3.337927267921259e-08 -3.337927267921259e-08
161.49157761592585 0.70741206407547 0.850098729133606 0.19875869154930115 -3.337927267921259e-08 -3.337927267921259e-08
161.66735886592585 0.7116844058036804 0.850098729133606 0.19883674383163452 -3.337927267921259e-08 -3.337927267921259e-08
161.84314011592585 0.7158202528953552 0.850098729133606 0.19890563189983368 -3.337927267921259e-08 -3.337927267921259e-08
162.19470261592588 0.723698616027832 0.850098729133606 0.1990189105272293 -3.337927267921259e-08 -3.337927267921259e-08
162.3704838659259 0.7274490594863892 0.850098729133606 0.19906488060951233 -3.337927267921259e-08 -3.337927267921259e-08
162.5462651159259 0.7310788631439209 0.850098729133606 0.1991046816110611 -3.337927267921259e-08 -3.337927267921259e-08
162.72204636592593 0.7345918416976929 0.850098729133606 0.19913902878761292 -3.337927267921259e-08 -3.337927267921259e-08
162.89782761592593 0.7379918098449707 0.850098729133606 0.19916850328445435 -3.337927267921259e-08 -3.337927267921259e-08
163.07360886592596 0.7412824630737305 0.850098729133606 0.1991935819387436 -3.337927267921259e-08 -3.337927267921259e-08
163.425171365926 0.7475497722625732 0.850098729133606 0.19923248887062073 -3.337927267921259e-08 -3.337927267921259e-08
163.600952615926 0.7505334615707397 0.850098729133606 0.19924718141555786 -3.337927267921259e-08 -3.337927267921259e-08
163.77673386592602 0.7534216642379761 0.850098729133606 0.19925923645496368 -3.337927267921259e-08 -3.337927267921259e-08
163.95251511592602 0.7562175989151001 0.850098729133606 0.19926904141902924 -3.337927267921259e-08 -3.337927267921259e-08
164.30407761592605 0.7615457773208618 0.850098729133606 0.19928322732448578 -3.337927267921259e-08 -3.337927267921259e-08
164.47985886592605 0.764083981513977 0.850098729133606 0.19928811490535736 -3.337927267921259e-08 -3.337927267921259e-08
164.65564011592608 0.7665421962738037 0.850098729133606 0.1992918699979782 -3.337927267921259e-08 -3.337927267921259e-08
164.83142136592608 0.7689232230186462 0.850098729133606 0.19929468631744385 -3.337927267921259e-08 -3.337927267921259e-08
165.0072026159261 0.7712298631668091 0.850098729133606 0.1992967575788498 -3.337927267921259e-08 -3.337927267921259e-08
165.1829838659261 0.7734647393226624 0.850098729133606 0.19929823279380798 -3.337927267921259e-08 -3.337927267921259e-08
165.35876511592613 0.7756303548812866 0.850098729133606 0.19929920136928558 -3.337927267921259e-08 -3.337927267921259e-08
165.53454636592613 0.7777291536331177 0.850098729133606 0.19929981231689453 -3.337927267921259e-08 -3.337927267921259e-08
165.71032761592616 0.7797636985778809 0.850098729133606 0.19930018484592438 -3.337927267921259e-08 -3.337927267921259e-08
165.88610886592616 0.7817363739013672 0.850098729133606 0.1993003934621811 -3.337927267921259e-08 -3.337927267921259e-08
166.0618901159262 0.783649206161499 0.850098729133606 0.19930049777030945 -3.337927267921259e-08 -3.337927267921259e-08
167.11657761592625 0.7939872741699219 0.850098729133606 0.19930052757263184 -3.337927267921259e-08 -3.337927267921259e-08
167.29235886592627 0.7955381870269775 0.850098729133606 0.19930052757263184 -3.337927267921259e-08 -3.337927267921259e-08
167.46814011592627 0.7970446944236755 0.850098729133606 0.19930052757263184 -3.337927267921259e-08 -3.337927267921259e-08
167.6439213659263 0.7985082268714905 0.850098729133606 0.19930052757263184 -3.337927267921259e-08 -3.337927267921259e-08
167.8197026159263 0.7999303340911865 0.850098729133606 0.19930052757263184 -3.337927267921259e-08 -3.337927267921259e-08
169.22595261592642 0.8099831938743591 0.850098729133606 0.19930052757263184 -3.337927267921259e-08 -3.337927267921259e-08
169.40173386592642 0.8110929131507874 0.850098729133606 0.19930052757263184 -3.337927267921259e-08 -3.337927267921259e-08
169.57751511592645 0.8121737241744995 0.850098729133606 0.19930052757263184 -3.337927267921259e-08 -3.337927267921259e-08
169.75329636592645 0.8132265210151672 0.850098729133606 0.19930052757263184 -3.337927267921259e-08 -3.337927267921259e-08
170.4564213659265 0.8171765804290771 0.850098729133606 0.19930052757263184 -3.337927267921259e-08 -3.337927267921259e-08
170.63220261592653 0.8181031942367554 0.850098729133606 0.19930052757263184 -3.337927267921259e-08 -3.337927267921259e-08
170.80798386592653 0.8190070390701294 0.850098729133606 0.19930052757263184 -3.337927267921259e-08 -3.337927267921259e-08
170.98376511592656 0.8198888301849365 0.850098729133606 0.19930052757263184 -3.337927267921259e-08 -3.337927267921259e-08
171.4232182409266 0.8220016360282898 0.850098729133606 0.19930052757263184 -3.337927267921259e-08 -3.337927267921259e-08
171.86267136592662 0.8239918351173401 0.850098729133606 0.19930052757263184 -3.337927267921259e-08 -3.337927267921259e-08
172.03845261592662 0.8247557878494263 0.850098729133606 0.19930052757263184 -3.337927267921259e-08 -3.337927267921259e-08
172.21423386592664 0.8255021572113037 0.850098729133606 0.19930052757263184 -3.337927267921259e-08 -3.337927267921259e-08
173.44470261592673 0.8302803635597229 0.850098729133606 0.19930052757263184 -3.337927267921259e-08 -3.337927267921259e-08
173.62048386592676 0.8309048414230347 0.850098729133606 0.19930052757263184 -3.337927267921259e-08 -3.337927267921259e-08
173.79626511592676 0.8315160870552063 0.850098729133606 0.19930052757263184 -3.337927267921259e-08 -3.337927267921259e-08
173.97204636592676 0.8321145176887512 0.850098729133606 0.19930052757263184 -3.337927267921259e-08 -3.337927267921259e-08
177.66345261592704 0.842278242111206 0.850098729133606 0.19930052757263184 -3.337927623192627e-08 -3.337927267921259e-08
177.83923386592707 0.8426697254180908 0.850098729133606 0.19930052757263184 -3.337927623192627e-08 -3.337927267921259e-08
178.01501511592707 0.8430543541908264 0.850098729133606 0.19930052757263184 -3.337927623192627e-08 -3.337927267921259e-08
178.1907963659271 0.8434324264526367 0.850098729133606 0.19930052757263184 -3.337927623192627e-08 -3.337927267921259e-08
178.71814011592713 0.844528317451477 0.850098729133606 0.19930052757263184 -3.337927623192627e-08 -3.337927267921259e-08
178.89392136592713 0.8448814749717712 0.850098729133606 0.19930052757263184 -3.337927623192627e-08 -3.337927267921259e-08
179.06970261592716 0.8452287316322327 0.850098729133606 0.19930052757263184 -3.337927623192627e-08 -3.337927267921259e-08
179.24548386592716 0.8455702662467957 0.850098729133606 0.19930052757263184 -3.337927623192627e-08 -3.337927267921259e-08
179.7728276159272 0.8465620279312134 0.850098729133606 0.19930052757263184 -3.337927623192627e-08 -3.337927267921259e-08
179.9486088659272 0.8468829989433289 0.850098729133606 0.19930052757263184 -3.337927623192627e-08 -3.337927267921259e-08
179.99999999999997 0.8469759821891785 0.850098729133606 0.19930052757263184 -3.337927623192627e-08 -3.337927267921259e-08
