time a b c w1
0.0 0.0 0.0 0.0 0.0
2.34374997708231e-06 1.0801570415496826 1.0801570415496826 2.34398437508335e-23 2.34398437508335e-23
2.3531289769906394e-06 1.0037916898727417 1.0037916898727417 2.35336424679079e-23 2.35336424679079e-23
2.3718869768072985e-06 0.9922298789024353 0.9922298789024353 2.372124147977851e-23 2.372124147977851e-23
2.449126245505041e-06 0.9876051545143127 0.9876051545143127 2.449371143311084e-23 2.449371143311084e-23
0.00019360463173130613 0.9876051545143127 0.9876051545143127 1.9362399824984054e-21 1.9362399824984054e-21
0.00038480681743822704 0.9876051545143127 0.9876051545143127 3.8484529531415596e-21 -5.5596220960296705e-09
0.0007672111888520689 0.9876051545143127 0.9876051545143127 7.672878894427868e-21 -2.705600010699527e-08
0.001 0.9876051545143127 0.9876051545143127 1.0000999731091105e-20 -3.3388438680503896e-08
29.999999999999996 0.9876051545143127 0.9876051545143127 3.000300019364487e-16 -3.3388264597533635e-08
30.000099999999996 0.9876051545143127 0.9876051545143127 3.0003100778807355e-16 -3.336615606031046e-08
30.0003 0.9876051545143127 0.9876051545143127 3.0003299302154367e-16 -3.3344310423899515e-08
30.0007 0.9876051545143127 0.9876051545143127 3.0003698995826353e-16 -3.333227382995574e-08
30.001 0.9876051545143127 0.9876051545143127 3.000400075131381e-16 -3.332711173698044e-08
59.99999999999999 0.9876051545143127 0.9876051545143127 6.000600038728974e-16 -3.332711173698044e-08
60.000099999999996 0.9876051545143127 0.9876051545143127 6.000610097245222e-16 -3.332711173698044e-08
60.000299999999996 0.987605094909668 0.9876051545143127 6.00063021427772e-16 -3.332711173698044e-08
60.000699999999995 0.9876047968864441 0.9876051545143127 6.000669918947122e-16 -3.332711173698044e-08
60.001000000000005 0.9876042604446411 0.9876051545143127 6.000700094495868e-16 -3.332711173698044e-08
60.00156000000001 0.9875980019569397 0.9876051545143127 6.000756210428624e-16 -3.332711173698044e-08
60.002200000000016 0.9875908493995667 0.9876051545143127 6.00082026729526e-16 -3.332711173698044e-08
60.00604000000004 0.9875479340553284 0.9876051545143127 6.001204079099484e-16 -3.332711173698044e-08
60.01116000000009 0.9874902963638306 0.9876051545143127 6.001716004636981e-16 -3.332711173698044e-08
60.04188000000037 0.9871363043785095 0.9876051545143127 6.004788616653146e-16 -3.332711173698044e-08
60.16476000000147 0.9855605959892273 0.9876051545143127 6.01707747653103e-16 -3.332711173698044e-08
60.562975000002936 0.9786257743835449 0.9876051545143127 6.056903377524151e-16 -3.332711173698044e-08
61.03172500000293 0.9657143354415894 0.9876051545143127 6.103782945385532e-16 -3.332711173698044e-08
61.26610000000293 0.9565092325210571 0.9876051545143127 6.127222464618427e-16 -3.332711173698044e-08
61.50047500000293 0.9451127648353577 0.9876051545143127 6.150662513246914e-16 -3.332711173698044e-08
61.734850000002936 0.9313845038414001 0.9876051545143127 6.1741025618754e-16 -3.332711173698044e-08
61.969225000002936 0.9153116941452026 0.9876051545143127 6.197542081108295e-16 -3.332711173698044e-08
62.20360000000294 0.8969951868057251 0.9876051545143127 6.220982129736782e-16 -3.332711173698044e-08
62.43797500000295 0.876616358757019 0.9876051545143127 6.244421648969676e-16 -3.332711173698044e-08
62.67235000000295 0.8543972373008728 0.9876051545143127 6.267861697598163e-16 -3.332711173698044e-08
62.90672500000296 0.8305661082267761 0.9876051545143127 6.2913017462266495e-16 -3.332711173698044e-08
63.14110000000296 0.8053377866744995 0.9876051545143127 6.314741265459544e-16 -3.332711173698044e-08
63.375475000002965 0.7789045572280884 0.9876051545143127 6.338181314088031e-16 -3.332711173698044e-08
63.609850000002965 0.7514335513114929 0.9876051545143127 6.361621362716517e-16 -3.332711173698044e-08
63.84422500000297 0.7230666875839233 0.9876051545143127 6.385060881949412e-16 -3.332711173698044e-08
64.07860000000298 0.6939237713813782 0.9876051545143127 6.408500930577899e-16 -3.332711173698044e-08
64.31297500000298 0.6641055941581726 0.9876051545143127 6.431940449810793e-16 -3.332711173698044e-08
64.54735000000298 0.6336968541145325 0.9876051545143127 6.45538049843928e-16 -3.332711173698044e-08
64.781725000003 0.6027688980102539 0.9876051545143127 6.478820547067767e-16 -3.332711173698044e-08
65.016100000003 0.5713821649551392 0.9876051545143127 6.502260066300661e-16 -3.332711173698044e-08
65.250475000003 0.5395878553390503 0.9876051545143127 6.525700114929148e-16 -3.332711173698044e-08
65.484850000003 0.5074297785758972 0.9876051545143127 6.549139634162043e-16 -3.332711173698044e-08
65.71922500000301 0.4749455451965332 0.9876051545143127 6.572579682790529e-16 -3.332711173698044e-08
65.95360000000301 0.44216758012771606 0.9876051545143127 6.596019731419016e-16 -3.332711173698044e-08
66.18797500000301 0.4091240167617798 0.9876051545143127 6.619459250651911e-16 -3.332711173698044e-08
66.42235000000302 0.37583959102630615 0.9876051545143127 6.642899299280397e-16 -3.332711173698044e-08
66.65672500000302 0.3423364758491516 0.9876051545143127 6.666338818513292e-16 -3.332711173698044e-08
66.89110000000302 0.30863532423973083 0.9876051545143127 6.689778867141778e-16 -3.332711173698044e-08
67.12547500000302 0.2747578024864197 0.9876051545143127 6.713218915770265e-16 -3.332711173698044e-08
67.35985000000304 0.24073180556297302 0.9876051545143127 6.73665843500316e-16 -3.332711173698044e-08
67.59422500000304 0.20660488307476044 0.9876051545143127 6.760098483631646e-16 -3.332711173698044e-08
67.82860000000304 0.17247791588306427 0.9876051545143127 6.783538532260133e-16 -3.332711173698044e-08
68.06297500000305 0.13858509063720703 0.9876051545143127 6.806978051493028e-16 -3.332711173698044e-08
68.29735000000305 0.10545593500137329 0.9876051545143127 6.830418100121514e-16 -3.332711173698044e-08
68.53172500000305 0.07413019239902496 0.9876051545143127 6.853857619354409e-16 -3.332711173698044e-08
68.76610000000305 0.046169206500053406 0.9876051545143127 6.877297667982896e-16 -3.332711173698044e-08
69.00047500000306 0.023106062784790993 0.9876051545143127 6.900737716611382e-16 -3.332711173698044e-08
69.23485000000306 0.005133852828294039 0.9876051545143127 6.924177235844277e-16 -3.332711173698044e-08
69.32429941708232 0.00042662862688302994 0.9876051545143127 6.933122962558466e-16 -3.332711173698044e-08
69.34648616420232 -3.3388264597533635e-08 0.9876051545143127 6.935342188880273e-16 -3.332711173698044e-08
89.99999999999999 -3.335377130042616e-08 0.9876051545143127 9.000900322791256e-16 -3.332711173698044e-08
90.0001 -3.335465592613218e-08 0.9876051545143127 9.000909851911913e-16 -3.332711173698044e-08
90.0003 -3.333419584805597e-08 0.9876051545143127 9.00092996894441e-16 -3.332711173698044e-08
90.0007 -3.3286372769225636e-08 0.9876051545143127 9.000970203009405e-16 -3.332711173698044e-08
90.001 -3.327264863628443e-08 0.9876051545143127 9.000999849162559e-16 -3.332711173698044e-08
119.99999999999999 -3.327264508357075e-08 0.9876051545143127 1.2001200077457947e-15 -3.332711173698044e-08
120.0001 -3.327264508357075e-08 0.9876051545143127 1.2001209606578604e-15 -3.332711173698044e-08
120.0003 -3.327264508357075e-08 0.9876051545143127 1.2001229723611101e-15 -3.332711173698044e-08
120.0007 -3.327264508357075e-08 0.9876051545143127 1.32401439145724e-07 -3.332682751988614e-08
120.00082296354113 -3.327264508357075e-08 0.9876051545143127 7.223295597214019e-07 -7.820875502773106e-09
120.00089395685305 -3.327264508357075e-08 0.9876051545143127 2.078417537632049e-06 8.906710746714452e-08
120.00093267542027 -3.327264508357075e-08 0.9876051545143127 3.896738689945778e-06 2.923160309364903e-07
120.00097205736328 -3.327264508357075e-08 0.9876051545143127 7.148667918954743e-06 7.889721018727869e-07
120.001 -3.327264508357075e-08 0.9876051545143127 1.032315230986569e-05 1.3677198467121343e-06
120.24897761253524 -3.327264508357075e-08 0.9876051545143127 0.03822202980518341 0.008336139842867851
120.49695522507048 -3.327264508357075e-08 0.9876051545143127 0.07588913291692734 0.016474232077598572
120.73133022507048 -3.327264508357075e-08 0.9876051545143127 0.11104390770196915 0.02400597184896469
120.96570522507048 -3.327264508357075e-08 0.9876051545143127 0.1456858366727829 0.031354762613773346
121.2000802250705 -3.327264508357075e-08 0.9876051545143127 0.1797938346862793 0.03851435333490372
121.4344552250705 -3.327264508357075e-08 0.9876051545143127 0.21334503591060638 0.04547809064388275
121.6688302250705 -3.327264508357075e-08 0.9876051545143127 0.2463153451681137 0.052239082753658295
122.1375802250705 -3.327264508357075e-08 0.9876051545143127 0.3104103207588196 0.06512423604726791
122.37195522507048 -3.327264508357075e-08 0.9876051545143127 0.34148019552230835 0.07123368233442307
122.84070522507047 -3.327264508357075e-08 0.9876051545143127 0.4015182852745056 0.08274883776903152
123.07508022507045 -3.327264508357075e-08 0.9876051545143127 0.43042442202568054 0.0881395936012268
123.30945522507044 -3.327264508357075e-08 0.9876051545143127 0.45854562520980835 0.09327606856822968
123.54383022507044 -3.327264508357075e-08 0.9876051545143127 0.4858487546443939 0.09815138578414917
123.77820522507042 -3.327264508357075e-08 0.9876051545143127 0.5123003721237183 0.10275914520025253
124.24695522507041 -3.327264508357075e-08 0.9876051545143127 0.5625163316726685 0.11115014553070068
124.4813302250704 -3.327264508357075e-08 0.9876051545143127 0.5862162113189697 0.11492501199245453
124.95008022507038 -3.327264508357075e-08 0.9876051545143127 0.6306522488594055 0.12162277102470398
125.18445522507037 -3.327264508357075e-08 0.9876051545143127 0.6513378620147705 0.124546580016613
125.41883022507035 -3.327264508357075e-08 0.9876051545143127 0.6709749698638916 0.12719106674194336
125.65320522507035 -3.327264508357075e-08 0.9876051545143127 0.68954998254776 0.1295621544122696
125.88758022507034 -3.327264508357075e-08 0.9876051545143127 0.7070552706718445 0.13166819512844086
126.12195522507032 -3.327264508357075e-08 0.9876051545143127 0.7234902381896973 0.13352003693580627
126.35633022507032 -3.327264508357075e-08 0.9876051545143127 0.7388617992401123 0.1351308524608612
126.59070522507031 -3.327264508357075e-08 0.9876051545143127 0.75318443775177 0.13651598989963531
126.8250802250703 -3.327264508357075e-08 0.9876051545143127 0.7664806842803955 0.1376926153898239
127.52820522507027 -3.327264508357075e-08 0.9876051545143127 0.8005450963973999 0.14016106724739075
127.76258022507027 -3.327264508357075e-08 0.9876051545143127 0.8101012706756592 0.14069560170173645
127.99695522507025 -3.327264508357075e-08 0.9876051545143127 0.8188413977622986 0.14111803472042084
128.23133022507025 -3.327264508357075e-08 0.9876051545143127 0.8268200159072876 0.14144617319107056
129.1688302250702 -3.327264508357075e-08 0.9876051545143127 0.8522262573242188 0.1421123445034027
129.4032052250702 -3.327264508357075e-08 0.9876051545143127 0.8572157621383667 0.14217668771743774
129.6375802250702 -3.327264508357075e-08 0.9876051545143127 0.8617584705352783 0.14221911132335663
129.87195522507017 -3.327264508357075e-08 0.9876051545143127 0.8658983111381531 0.1422458291053772
130.10633022507017 -3.327264508357075e-08 0.9876051545143127 0.8696752786636353 0.14226165413856506
130.34070522507017 -3.327264508357075e-08 0.9876051545143127 0.8731258511543274 0.1422702968120575
130.57508022507014 -3.327264508357075e-08 0.9876051545143127 0.8762831687927246 0.14227445423603058
130.80945522507014 -3.327264508357075e-08 0.9876051545143127 0.8791769742965698 0.1422760784626007
131.2782052250701 -3.327264508357075e-08 0.9876051545143127 0.8842779994010925 0.14227640628814697
132.45008022507008 -3.327264508357075e-08 0.9876051545143127 0.8939799666404724 0.14227624237537384
133.62195522507002 -3.327264508357075e-08 0.9876051545143127 0.9007272124290466 0.14227625727653503
134.09070522507 -3.327264508357075e-08 0.9876051545143127 0.9028697609901428 0.14227625727653503
134.32508022507 -3.327264508357075e-08 0.9876051545143127 0.9038473963737488 0.14227625727653503
134.79383022506997 -3.327264508357075e-08 0.9876051545143127 0.9056401252746582 0.14227625727653503
135.02820522506997 -3.327264508357075e-08 0.9876051545143127 0.906463623046875 0.14227625727653503
135.26258022506997 -3.327264508357075e-08 0.9876051545143127 0.9072434902191162 0.14227625727653503
135.49695522506994 -3.327264508357075e-08 0.9876051545143127 0.9079830646514893 0.14227625727653503
135.73133022506994 -3.327264508357075e-08 0.9876051545143127 0.9086852073669434 0.14227625727653503
135.96570522506994 -3.327264508357075e-08 0.9876051545143127 0.9093526601791382 0.14227625727653503
136.2000802250699 -3.327264508357075e-08 0.9876051545143127 0.9099879264831543 0.14227625727653503
136.4344552250699 -3.327264508357075e-08 0.9876051545143127 0.9105931520462036 0.14227625727653503
136.6688302250699 -3.327264508357075e-08 0.9876051545143127 0.911170482635498 0.14227625727653503
137.13758022506988 -3.327264508357075e-08 0.9876051545143127 0.9122484922409058 0.14227625727653503
137.60633022506985 -3.327264508357075e-08 0.9876051545143127 0.9132352471351624 0.14227625727653503
138.30945522506983 -3.327264508357075e-08 0.9876051545143127 0.9145678281784058 0.14227625727653503
139.0125802250698 -3.327264508357075e-08 0.9876051545143127 0.9157500267028809 0.14227625727653503
139.71570522506977 -3.327264508357075e-08 0.9876051545143127 0.9168060421943665 0.14227625727653503
140.30164272506974 -3.327264508357075e-08 0.9876051545143127 0.9176037311553955 0.14227625727653503
140.88758022506974 -3.327264508357075e-08 0.9876051545143127 0.9183365106582642 0.14227625727653503
141.3563302250697 -3.327264508357075e-08 0.9876051545143127 0.9188812375068665 0.14227625727653503
142.76258022506966 -3.327264508357075e-08 0.9876051545143127 0.92032790184021 0.14227625727653503
143.46570522506963 -3.327264508357075e-08 0.9876051545143127 0.9209622144699097 0.14227625727653503
144.87195522506957 -3.327264508357075e-08 0.9876051545143127 0.9220870137214661 0.14227625727653503
145.10633022506954 -3.327264508357075e-08 0.9876051545143127 0.9222582578659058 0.14227625727653503
145.34070522506954 -3.327264508357075e-08 0.9876051545143127 0.9224252700805664 0.14227625727653503
145.57508022506954 -3.327264508357075e-08 0.9876051545143127 0.9225883483886719 0.14227625727653503
146.2782052250695 -3.327264508357075e-08 0.9876051545143127 0.9230548739433289 0.14227625727653503
149.0907052250694 -3.327264508357075e-08 0.9876051545143127 0.9246382713317871 0.14227625727653503
149.79383022506937 -3.327264508357075e-08 0.9876051545143127 0.9249764084815979 0.14227625727653503
150.0 -3.327264508357075e-08 0.9876051545143127 0.9250723123550415 0.14227625727653503
150.0001 -3.327264508357075e-08 0.9876051545143127 0.9250723719596863 0.14227625727653503
150.0003 -3.327264508357075e-08 0.9876051545143127 0.9250723719596863 0.14227625727653503
150.0007 -3.327264508357075e-08 0.9876051545143127 0.9250723719596863 0.14227625727653503
150.001 -3.327264508357075e-08 0.9876051545143127 0.9250723719596863 0.14227625727653503
157.60771513007103 0.017513247206807137 0.9876051545143127 0.9250723719596863 0.14227625727653503
165.21443026014202 0.034799881279468536 0.9876051545143127 0.9250723719596863 0.14227625727653503
165.44880526014202 0.035328879952430725 0.9876051545143127 0.9250723719596863 0.14227625727653503
165.68318026014202 0.035857655107975006 0.9876051545143127 0.9250723719596863 0.14227625727653503
165.917555260142 0.036386217921972275 0.9876051545143127 0.9250723719596863 0.14227625727653503
179.99999999999997 0.0677415281534195 0.9876051545143127 0.9250723719596863 0.14227625727653503
180.0001 0.06774123758077621 0.9876051545143127 0.9250723719596863 0.14227625727653503
180.0003 0.06774093210697174 0.9876051545143127 0.925072193145752 0.14227625727653503
180.0007 0.0677407830953598 0.9876051545143127 0.9250702261924744 0.14227625727653503
180.001 0.06774076819419861 0.9876051545143127 0.9250666499137878 0.14227625727653503
180.01120000000017 0.06774076819419861 0.9876051545143127 0.9243677258491516 0.14227625727653503
180.02140000000034 0.06774076819419861 0.9876051545143127 0.9236632585525513 0.14227625727653503
180.1647600000026 0.06774076819419861 0.9876051545143127 0.9131864905357361 0.14227625727653503
180.32860000000517 0.06774076819419861 0.9876051545143127 0.9001169800758362 0.14227625727653503
180.56297500000517 0.06774076819419861 0.9876051545143127 0.8798784017562866 0.14227625727653503
180.79735000000514 0.06774076819419861 0.9876051545143127 0.8579283356666565 0.14227625727653503
181.03172500000514 0.06774076819419861 0.9876051545143127 0.834331214427948 0.14227625727653503
181.26610000000514 0.06774076819419861 0.9876051545143127 0.80930495262146 0.14227625727653503
181.5004750000051 0.06774076819419861 0.9876051545143127 0.7830458879470825 0.14227625727653503
181.7348500000051 0.06774076819419861 0.9876051545143127 0.7557249069213867 0.14227625727653503
181.9692250000051 0.06774076819419861 0.9876051545143127 0.7274876832962036 0.14227625727653503
182.20360000000508 0.06774076819419861 0.9876051545143127 0.6984572410583496 0.14227625727653503
182.43797500000508 0.06774076819419861 0.9876051545143127 0.6687371730804443 0.14227625727653503
182.67235000000508 0.06774076819419861 0.9876051545143127 0.6384143829345703 0.14227625727653503
182.90672500000505 0.06774076819419861 0.9876051545143127 0.6075621843338013 0.14227625727653503
183.14110000000505 0.06774076819419861 0.9876051545143127 0.5762425065040588 0.14227625727653503
183.37547500000505 0.06774076819419861 0.9876051545143127 0.5445079207420349 0.14227625727653503
183.60985000000503 0.06774076819419861 0.9876051545143127 0.5124033093452454 0.14227625727653503
183.84422500000503 0.06774076819419861 0.9876051545143127 0.47996705770492554 0.14227625727653503
184.078600000005 0.06774076819419861 0.9876051545143127 0.44723236560821533 0.14227625727653503
184.547350000005 0.06774076819419861 0.9876051545143127 0.3809792101383209 0.14227625727653503
185.01610000000497 0.06774076819419861 0.9876051545143127 0.31383639574050903 0.14227625727653503
185.48485000000494 0.06774076819419861 0.9876051545143127 0.2459789514541626 0.14227625727653503
185.71922500000494 0.06774076819419861 0.9876051545143127 0.2118629515171051 0.14227625727653503
185.95360000000494 0.06774076819419861 0.9876051545143127 0.17772546410560608 0.14227625727653503
186.1879750000049 0.06774076819419861 0.9876051545143127 0.14377200603485107 0.14227625727653503
186.4223500000049 0.06774076819419861 0.9876051545143127 0.11047247052192688 0.14227625727653503
186.6567250000049 0.06774076819419861 0.9876051545143127 0.07877735793590546 0.14227625727653503
186.89110000000488 0.06774076819419861 0.9876051545143127 0.0501873716711998 0.14227625727653503
187.12547500000488 0.06774076819419861 0.9876051545143127 0.026297984644770622 0.14227625727653503
187.35985000000488 0.06774076819419861 0.9876051545143127 0.007219791412353516 0.14227625727653503
187.4624914230832 0.06774076819419861 0.9876051545143127 0.0009499277803115547 0.14227625727653503
187.49247462345636 0.06774076819419861 0.9876051545143127 8.520399569533765e-05 0.14227625727653503
187.51392897214276 0.06774076819419861 0.9876051545143127 -3.3388264597533635e-08 0.14227625727653503
205.8421544888747 0.06774076819419861 0.9876051545143127 -3.3388264597533635e-08 0.14227625727653503
209.99999999999997 0.06774076819419861 0.9876051545143127 -3.341656196198528e-08 0.14227625727653503
210.00009999999997 0.06774076819419861 0.9876051545143127 -3.3375588515127674e-08 0.14227625727653503
210.0003 0.06774076819419861 0.9876051545143127 -3.3344313976613194e-08 0.14227625727653503
210.00070000000002 0.06774076819419861 0.9876051545143127 -3.3326099213581983e-08 0.14227625727653503
210.00082296331195 0.067740797996521 0.9876051545143127 -2.2529057730480417e-08 0.14227625727653503
210.00089395646356 0.06774090230464935 0.9876051545143127 8.897658432260869e-08 0.14227625727653503
210.00092976180065 0.06774105876684189 0.9876051545143127 2.7840718530569575e-07 0.14227625727653503
210.0009509200496 0.06774122267961502 0.9876051545143127 4.81799816043349e-07 0.14227625727653503
210.00096417502976 0.06774137914180756 0.9876051545143127 7.84577878221171e-07 0.14227625727653503
210.00097379930082 0.06774154305458069 0.9876051545143127 1.3033991308475379e-06 0.14227625727653503
210.0009858721787 0.06774182617664337 0.9876051545143127 2.4052180833677994e-06 0.14227625727653503
210.00100000000003 0.06774221360683441 0.9876051545143127 4.064433142048074e-06 0.14227625727653503
210.2764279171399 0.07670607417821884 0.9876051545143127 0.041632089763879776 0.14227625727653503
210.5518558342798 0.08543793857097626 0.9876051545143127 0.0826120376586914 0.14227625727653503
210.78623083427976 0.09269709140062332 0.9876051545143127 0.1170017346739769 0.14227625727653503
211.02060583427976 0.09977702051401138 0.9876051545143127 0.15088395774364471 0.14227625727653503
211.25498083427976 0.10667211562395096 0.9876051545143127 0.1842392385005951 0.14227625727653503
211.48935583427973 0.11337636411190033 0.9876051545143127 0.21704638004302979 0.14227625727653503
211.72373083427973 0.11988355219364166 0.9876051545143127 0.24928298592567444 0.14227625727653503
212.1924808342797 0.13228106498718262 0.9876051545143127 0.3119494318962097 0.14227625727653503
212.4268558342797 0.13815826177597046 0.9876051545143127 0.3423287868499756 0.14227625727653503
212.6612308342797 0.14381220936775208 0.9876051545143127 0.3720366656780243 0.14227625727653503
212.89560583427968 0.14923623204231262 0.9876051545143127 0.40104520320892334 0.14227625727653503
213.12998083427968 0.1544237732887268 0.9876051545143127 0.4293254613876343 0.14227625727653503
213.83310583427965 0.16850583255290985 0.9876051545143127 0.509497880935669 0.14227625727653503
214.30185583427962 0.176606684923172 0.9876051545143127 0.5587531328201294 0.14227625727653503
214.77060583427962 0.18364286422729492 0.9876051545143127 0.6043804287910461 0.14227625727653503
215.0049808342796 0.18675819039344788 0.9876051545143127 0.6257675290107727 0.14227625727653503
215.2393558342796 0.18960626423358917 0.9876051545143127 0.6461737155914307 0.14227625727653503
215.94248083427956 0.1965898871421814 0.9876051545143127 0.7013527750968933 0.14227625727653503
216.17685583427956 0.19842246174812317 0.9876051545143127 0.7177073359489441 0.14227625727653503
216.41123083427954 0.20002520084381104 0.9876051545143127 0.7330453395843506 0.14227625727653503
216.64560583427954 0.20141182839870453 0.9876051545143127 0.7473786473274231 0.14227625727653503
216.87998083427954 0.2025977522134781 0.9876051545143127 0.7607259750366211 0.14227625727653503
218.16904333427945 0.20631960034370422 0.9876051545143127 0.817953884601593 0.14227625727653503
219.45810583427942 0.2072848379611969 0.9876051545143127 0.8533381223678589 0.14227625727653503
219.69248083427942 0.20733554661273956 0.9876051545143127 0.8580648303031921 0.14227625727653503
219.9268558342794 0.20736852288246155 0.9876051545143127 0.8623802661895752 0.14227625727653503
220.1612308342794 0.20738889276981354 0.9876051545143127 0.866323709487915 0.14227625727653503
220.3956058342794 0.20740064978599548 0.9876051545143127 0.8699314594268799 0.14227625727653503
220.62998083427937 0.20740678906440735 0.9876051545143127 0.8732365369796753 0.14227625727653503
220.86435583427937 0.2074095606803894 0.9876051545143127 0.876268744468689 0.14227625727653503
221.09873083427937 0.2074105143547058 0.9876051545143127 0.8790551424026489 0.14227625727653503
221.33310583427934 0.20741066336631775 0.9876051545143127 0.8816200494766235 0.14227625727653503
221.56748083427934 0.2074105590581894 0.9876051545143127 0.8839851021766663 0.14227625727653503
221.80185583427934 0.20741048455238342 0.9876051545143127 0.8861699104309082 0.14227625727653503
222.0362308342793 0.20741045475006104 0.9876051545143127 0.888191819190979 0.14227625727653503
222.73935583427928 0.20741045475006104 0.9876051545143127 0.8934286832809448 0.14227625727653503
223.44248083427925 0.20741045475006104 0.9876051545143127 0.8976684808731079 0.14227625727653503
224.14560583427922 0.20741045475006104 0.9876051545143127 0.9011555910110474 0.14227625727653503
224.61435583427922 0.20741045475006104 0.9876051545143127 0.9031503796577454 0.14227625727653503
224.8487308342792 0.20741045475006104 0.9876051545143127 0.9040643572807312 0.14227625727653503
225.3174808342792 0.20741045475006104 0.9876051545143127 0.9057466983795166 0.14227625727653503
225.55185583427917 0.20741045475006104 0.9876051545143127 0.906522274017334 0.14227625727653503
225.78623083427917 0.20741045475006104 0.9876051545143127 0.9072584509849548 0.14227625727653503
226.02060583427917 0.20741045475006104 0.9876051545143127 0.9079580307006836 0.14227625727653503
226.25498083427914 0.20741045475006104 0.9876051545143127 0.9086236953735352 0.14227625727653503
226.48935583427914 0.20741045475006104 0.9876051545143127 0.9092576503753662 0.14227625727653503
226.72373083427914 0.20741045475006104 0.9876051545143127 0.909862220287323 0.14227625727653503
227.1924808342791 0.20741045475006104 0.9876051545143127 0.9109905958175659 0.14227625727653503
227.4268558342791 0.20741045475006104 0.9876051545143127 0.9115179777145386 0.14227625727653503
227.89560583427908 0.20741045475006104 0.9876051545143127 0.9125064611434937 0.14227625727653503
228.36435583427905 0.20741045475006104 0.9876051545143127 0.9134156703948975 0.14227625727653503
229.06748083427902 0.20741045475006104 0.9876051545143127 0.9146503210067749 0.14227625727653503
229.65341833427902 0.20741045475006104 0.9876051545143127 0.9155768752098083 0.14227625727653503
230.239355834279 0.20741045475006104 0.9876051545143127 0.9164233803749084 0.14227625727653503
230.70810583427897 0.20741045475006104 0.9876051545143127 0.917049765586853 0.14227625727653503
231.41123083427894 0.20741045475006104 0.9876051545143127 0.9179148077964783 0.14227625727653503
232.1143558342789 0.20741045475006104 0.9876051545143127 0.9187015295028687 0.14227625727653503
232.58310583427888 0.20741045475006104 0.9876051545143127 0.9191875457763672 0.14227625727653503
234.22373083427883 0.20741045475006104 0.9876051545143127 0.9206864833831787 0.14227625727653503
234.9268558342788 0.20741045475006104 0.9876051545143127 0.9212475419044495 0.14227625727653503
237.27060583427868 0.20741045475006104 0.9876051545143127 0.9228466749191284 0.14227625727653503
237.97373083427865 0.20741045475006104 0.9876051545143127 0.9232594966888428 0.14227625727653503
239.8487308342786 0.20741045475006104 0.9876051545143127 0.9242420196533203 0.14227625727653503
239.99999999999997 0.20741045475006104 0.9876051545143127 0.9243150353431702 0.14227625727653503
