time a b c w1
0.0 0.0 0.0 0.0 0.0
2.34374997708231e-06 1.0801570415496826 1.0801570415496826 2.34398437508335e-23 2.34398437508335e-23
2.3531289769906394e-06 1.0037916898727417 1.0037916898727417 2.35336424679079e-23 2.35336424679079e-23
2.3718869768072985e-06 0.9922298789024353 0.9922298789024353 2.372124147977851e-23 2.372124147977851e-23
2.449126245505041e-06 0.9876051545143127 0.9876051545143127 2.449371143311084e-23 2.449371143311084e-23
0.00019360463173130613 0.9876051545143127 0.9876051545143127 1.9362399824984054e-21 1.9362399824984054e-21
0.00038480681743822704 0.9876051545143127 0.9876051545143127 3.8484529531415596e-21 -5.559037230540298e-09
0.0007672111888520689 0.9876051545143127 0.9876051545143127 7.672878894427868e-21 -2.7051816786638483e-08
0.001 0.9876051545143127 0.9876051545143127 1.0000999731091105e-20 -3.3380622710410535e-08
29.999999999999996 0.9876051545143127 0.9876051545143127 3.000300019364487e-16 -3.3380448627440273e-08
30.000099999999996 0.9876051545143127 0.9876051545143127 3.0003100778807355e-16 -3.336148068910916e-08
30.0003 0.9876051545143127 0.9876051545143127 3.0003299302154367e-16 -3.3342743677167164e-08
30.0007 0.9876051545143127 0.9876051545143127 3.0003698995826353e-16 -3.333242304393025e-08
30.001 0.9876051545143127 0.9876051545143127 3.000400075131381e-16 -3.3327989257259105e-08
59.99999999999999 0.9876051545143127 0.9876051545143127 6.000600038728974e-16 -3.3327989257259105e-08
60.000099999999996 0.9876051545143127 0.9876051545143127 6.000610097245222e-16 -3.3327989257259105e-08
60.000299999999996 0.9876051545143127 0.9876051545143127 6.00063021427772e-16 -3.3327989257259105e-08
60.000699999999995 0.9876050353050232 0.9876051545143127 6.000669918947122e-16 -3.3327989257259105e-08
60.001000000000005 0.9876048564910889 0.9876051545143127 6.000700094495868e-16 -3.3327989257259105e-08
60.02144000000019 0.9875324964523315 0.9876051545143127 6.002744090876711e-16 -3.3327989257259105e-08
60.04188000000037 0.987459659576416 0.9876051545143127 6.004788616653146e-16 -3.3327989257259105e-08
60.082840000000736 0.9873124361038208 0.9876051545143127 6.008885079744305e-16 -3.3327989257259105e-08
60.562975000002936 0.9854650497436523 0.9876051545143127 6.056903377524151e-16 -3.3327989257259105e-08
61.26610000000293 0.9823365807533264 0.9876051545143127 6.127222464618427e-16 -3.3327989257259105e-08
61.50047500000293 0.9811568856239319 0.9876051545143127 6.150662513246914e-16 -3.3327989257259105e-08
61.969225000002936 0.9785525798797607 0.9876051545143127 6.197542081108295e-16 -3.3327989257259105e-08
62.67235000000295 0.9739111661911011 0.9876051545143127 6.267861697598163e-16 -3.3327989257259105e-08
63.14110000000296 0.9702098965644836 0.9876051545143127 6.314741265459544e-16 -3.3327989257259105e-08
63.609850000002965 0.9659022688865662 0.9876051545143127 6.361621362716517e-16 -3.3327989257259105e-08
64.31297500000298 0.9580157399177551 0.9876051545143127 6.431940449810793e-16 -3.3327989257259105e-08
65.016100000003 0.9479082822799683 0.9876051545143127 6.502260066300661e-16 -3.3327989257259105e-08
65.71922500000301 0.93485426902771 0.9876051545143127 6.572579682790529e-16 -3.3327989257259105e-08
65.95360000000301 0.9296984076499939 0.9876051545143127 6.596019731419016e-16 -3.3327989257259105e-08
66.42235000000302 0.9179637432098389 0.9876051545143127 6.642899299280397e-16 -3.3327989257259105e-08
66.65672500000302 0.9113094806671143 0.9876051545143127 6.666338818513292e-16 -3.3327989257259105e-08
67.12547500000302 0.8962384462356567 0.9876051545143127 6.713218915770265e-16 -3.3327989257259105e-08
67.82860000000304 0.8687002658843994 0.9876051545143127 6.783538532260133e-16 -3.3327989257259105e-08
68.06297500000305 0.8580849766731262 0.9876051545143127 6.806978051493028e-16 -3.3327989257259105e-08
68.29735000000305 0.8467126488685608 0.9876051545143127 6.830418100121514e-16 -3.3327989257259105e-08
68.53172500000305 0.8345670104026794 0.9876051545143127 6.853857619354409e-16 -3.3327989257259105e-08
68.76610000000305 0.821636974811554 0.9876051545143127 6.877297667982896e-16 -3.3327989257259105e-08
69.00047500000306 0.8079166412353516 0.9876051545143127 6.900737716611382e-16 -3.3327989257259105e-08
69.23485000000306 0.793405294418335 0.9876051545143127 6.924177235844277e-16 -3.3327989257259105e-08
69.46922500000306 0.7781071662902832 0.9876051545143127 6.947617284472764e-16 -3.3327989257259105e-08
69.70360000000306 0.7620310187339783 0.9876051545143127 6.971056803705658e-16 -3.3327989257259105e-08
69.93797500000308 0.7451894879341125 0.9876051545143127 6.994496852334145e-16 -3.3327989257259105e-08
70.40672500000308 0.7092782258987427 0.9876051545143127 7.041376420195526e-16 -3.3327989257259105e-08
70.64110000000309 0.6902490258216858 0.9876051545143127 7.064816468824013e-16 -3.3327989257259105e-08
70.87547500000309 0.6705344915390015 0.9876051545143127 7.0882565174524995e-16 -3.3327989257259105e-08
71.10985000000309 0.6501591205596924 0.9876051545143127 7.111696036685394e-16 -3.3327989257259105e-08
71.34422500000309 0.6291482448577881 0.9876051545143127 7.135136085313881e-16 -3.3327989257259105e-08
71.5786000000031 0.6075275540351868 0.9876051545143127 7.158575604546775e-16 -3.3327989257259105e-08
71.8129750000031 0.585322916507721 0.9876051545143127 7.182015653175262e-16 -3.3327989257259105e-08
72.0473500000031 0.562559962272644 0.9876051545143127 7.205455701803749e-16 -3.3327989257259105e-08
72.28172500000312 0.5392638444900513 0.9876051545143127 7.228895221036643e-16 -3.3327989257259105e-08
72.75047500000312 0.49116992950439453 0.9876051545143127 7.275774788898025e-16 -3.3327989257259105e-08
72.98485000000312 0.466418981552124 0.9876051545143127 7.299214837526511e-16 -3.3327989257259105e-08
73.45360000000314 0.41561979055404663 0.9876051545143127 7.346094405387893e-16 -3.3327989257259105e-08
73.68797500000314 0.3896130919456482 0.9876051545143127 7.369534454016379e-16 -3.3327989257259105e-08
73.92235000000315 0.36322787404060364 0.9876051545143127 7.392973973249274e-16 -3.3327989257259105e-08
74.15672500000315 0.3364829421043396 0.9876051545143127 7.416414021877761e-16 -3.3327989257259105e-08
74.39110000000315 0.30939680337905884 0.9876051545143127 7.439854070506247e-16 -3.3327989257259105e-08
74.62547500000315 0.28198838233947754 0.9876051545143127 7.463293589739142e-16 -3.3327989257259105e-08
74.85985000000316 0.2542790174484253 0.9876051545143127 7.486733638367628e-16 -3.3327989257259105e-08
75.09422500000316 0.226296067237854 0.9876051545143127 7.510173686996115e-16 -3.3327989257259105e-08
75.32860000000316 0.1980821192264557 0.9876051545143127 7.53361320622901e-16 -3.3327989257259105e-08
75.56297500000318 0.16971410810947418 0.9876051545143127 7.557053254857496e-16 -3.3327989257259105e-08
75.79735000000318 0.14134427905082703 0.9876051545143127 7.580492774090391e-16 -3.3327989257259105e-08
76.03172500000318 0.1132776066660881 0.9876051545143127 7.603932822718878e-16 -3.3327989257259105e-08
76.26610000000318 0.0860857293009758 0.9876051545143127 7.627372871347364e-16 -3.3327989257259105e-08
76.50047500000319 0.0606854110956192 0.9876051545143127 7.650812390580259e-16 -3.3327989257259105e-08
76.73485000000319 0.038208212703466415 0.9876051545143127 7.674252439208746e-16 -3.3327989257259105e-08
76.96922500000319 0.01957317441701889 0.9876051545143127 7.69769195844164e-16 -3.3327989257259105e-08
77.20360000000319 0.004623269662261009 0.9876051545143127 7.721132007070127e-16 -3.3327989257259105e-08
77.29384111904358 0.00039512666990049183 0.9876051545143127 7.730157143123122e-16 -3.3327989257259105e-08
77.31535707135673 -3.3380445074726595e-08 0.9876051545143127 7.732308606809147e-16 -3.3327989257259105e-08
89.99999999999999 -3.3341944316589434e-08 0.9876051545143127 9.000900322791256e-16 -3.3327989257259105e-08
90.0001 -3.334864473458765e-08 0.9876051545143127 9.000909851911913e-16 -3.3327989257259105e-08
90.0003 -3.3331097881728056e-08 0.9876051545143127 9.00092996894441e-16 -3.3327989257259105e-08
90.0007 -2.8823052389270742e-08 0.9876051545143127 9.000970203009405e-16 -3.3327989257259105e-08
90.001 -1.766746748899095e-08 0.9876051545143127 9.000999849162559e-16 -3.3327989257259105e-08
119.99999999999999 -1.7667465712634112e-08 0.9876051545143127 1.2001200077457947e-15 -3.3327989257259105e-08
120.0001 -1.7667465712634112e-08 0.9876051545143127 1.2001209606578604e-15 -3.3327989257259105e-08
120.0003 -1.7667465712634112e-08 0.9876051545143127 1.2001229723611101e-15 -3.3327989257259105e-08
120.0007 -1.7667465712634112e-08 0.9876051545143127 7.903844800871695e-10 -3.3327989257259105e-08
120.00082296384629 -1.7667465712634112e-08 0.9876051545143127 5.1668479272848344e-08 -3.3327989257259105e-08
120.00089397165938 -1.7667465712634112e-08 0.9876051545143127 2.3718757802271284e-07 -3.307690832343724e-08
120.00093132663184 -1.7667465712634112e-08 0.9876051545143127 5.833620093653735e-07 -2.8755428260751614e-08
120.0009675308081 -1.7667465712634112e-08 0.9876051545143127 1.3307652579896967e-06 -7.427706005813661e-09
120.001 -1.7667465712634112e-08 0.9876051545143127 2.343921778447111e-06 3.2945141725804206e-08
120.06787244356033 -1.7667465712634112e-08 0.9876051545143127 0.003130994737148285 0.00021216161258053035
120.13474488712066 -1.7667465712634112e-08 0.9876051545143127 0.006246090866625309 0.00042204002966172993
120.26849385593594 -1.7667465712634112e-08 0.9876051545143127 0.012438601814210415 0.0008355581085197628
120.50286885593594 -1.7667465712634112e-08 0.9876051545143127 0.023195357993245125 0.0015446555335074663
120.73724385593596 -1.7667465712634112e-08 0.9876051545143127 0.03383384272456169 0.0022345478646457195
121.20599385593596 -1.7667465712634112e-08 0.9876051545143127 0.05471426621079445 0.003550961846485734
121.90911885593597 -1.7667465712634112e-08 0.9876051545143127 0.08504978567361832 0.005372200161218643
122.14349385593597 -1.7667465712634112e-08 0.9876051545143127 0.09490077942609787 0.0059397523291409016
122.37786885593597 -1.7667465712634112e-08 0.9876051545143127 0.104622021317482 0.006488136947154999
122.61224385593596 -1.7667465712634112e-08 0.9876051545143127 0.11421408504247665 0.007017708383500576
122.84661885593594 -1.7667465712634112e-08 0.9876051545143127 0.12367772310972214 0.0075288135558366776
123.54974385593592 -1.7667465712634112e-08 0.9876051545143127 0.15130479633808136 0.008954903110861778
124.48724385593589 -1.7667465712634112e-08 0.9876051545143127 0.1863849014043808 0.010619686916470528
124.72161885593587 -1.7667465712634112e-08 0.9876051545143127 0.19484639167785645 0.010996060445904732
124.95599385593586 -1.7667465712634112e-08 0.9876051545143127 0.2031858116388321 0.011357276700437069
125.19036885593586 -1.7667465712634112e-08 0.9876051545143127 0.21140412986278534 0.011703692376613617
125.42474385593584 -1.7667465712634112e-08 0.9876051545143127 0.21950232982635498 0.01203565951436758
125.65911885593583 -1.7667465712634112e-08 0.9876051545143127 0.22748123109340668 0.012353558093309402
125.89349385593583 -1.7667465712634112e-08 0.9876051545143127 0.23534166812896729 0.0126577690243721
126.12786885593582 -1.7667465712634112e-08 0.9876051545143127 0.24308457970619202 0.012948664836585522
126.83099385593579 -1.7667465712634112e-08 0.9876051545143127 0.2656177878379822 0.01374514028429985
127.06536885593577 -1.7667465712634112e-08 0.9876051545143127 0.272900253534317 0.013986460864543915
127.29974385593577 -1.7667465712634112e-08 0.9876051545143127 0.28007006645202637 0.014216316863894463
127.53411885593576 -1.7667465712634112e-08 0.9876051545143127 0.28712838888168335 0.014435047283768654
128.00286885593573 -1.7667465712634112e-08 0.9876051545143127 0.300915002822876 0.014840485528111458
128.23724385593573 -1.7667465712634112e-08 0.9876051545143127 0.307645320892334 0.015027930960059166
128.47161885593573 -1.7667465712634112e-08 0.9876051545143127 0.31426844000816345 0.01520567573606968
128.7059938559357 -1.7667465712634112e-08 0.9876051545143127 0.3207855224609375 0.015374037437140942
129.64349385593567 -1.7667465712634112e-08 0.9876051545143127 0.34581729769706726 0.015960201621055603
130.58099385593565 -1.7667465712634112e-08 0.9876051545143127 0.3692467212677002 0.016422269865870476
130.81536885593562 -1.7667465712634112e-08 0.9876051545143127 0.3748627007007599 0.016520721837878227
131.04974385593562 -1.7667465712634112e-08 0.9876051545143127 0.3803845942020416 0.01661294884979725
131.28411885593562 -1.7667465712634112e-08 0.9876051545143127 0.3858136534690857 0.016699209809303284
133.15911885593553 -1.7667465712634112e-08 0.9876051545143127 0.42605406045913696 0.017205853015184402
133.39349385593553 -1.7667465712634112e-08 0.9876051545143127 0.4307037591934204 0.017249956727027893
133.6278688559355 -1.7667465712634112e-08 0.9876051545143127 0.43527308106422424 0.017290564253926277
133.8622438559355 -1.7667465712634112e-08 0.9876051545143127 0.43976324796676636 0.01732788048684597
134.0966188559355 -1.7667465712634112e-08 0.9876051545143127 0.44417548179626465 0.017362084239721298
135.73724385593542 -1.7667465712634112e-08 0.9876051545143127 0.4729827046394348 0.017529267817735672
135.97161885593542 -1.7667465712634112e-08 0.9876051545143127 0.47681549191474915 0.017544791102409363
136.2059938559354 -1.7667465712634112e-08 0.9876051545143127 0.4805811643600464 0.017558662220835686
136.4403688559354 -1.7667465712634112e-08 0.9876051545143127 0.48428088426589966 0.017571013420820236
137.14349385593536 -1.7667465712634112e-08 0.9876051545143127 0.49499577283859253 0.017600107938051224
137.37786885593536 -1.7667465712634112e-08 0.9876051545143127 0.49844303727149963 0.017607510089874268
137.61224385593533 -1.7667465712634112e-08 0.9876051545143127 0.5018299221992493 0.017613952979445457
137.84661885593533 -1.7667465712634112e-08 0.9876051545143127 0.5051575899124146 0.017619524151086807
140.19036885593525 -1.7667465712634112e-08 0.9876051545143127 0.5354032516479492 0.017643749713897705
140.42474385593522 -1.7667465712634112e-08 0.9876051545143127 0.5381466150283813 0.01764434203505516
140.65911885593522 -1.7667465712634112e-08 0.9876051545143127 0.5408427715301514 0.017644783481955528
140.89349385593522 -1.7667465712634112e-08 0.9876051545143127 0.5434924364089966 0.017645100131630898
143.7059938559351 -1.7667465712634112e-08 0.9876051545143127 0.5719778537750244 0.017645612359046936
143.94036885593508 -1.7667465712634112e-08 0.9876051545143127 0.5740998983383179 0.017645612359046936
144.17474385593508 -1.7667465712634112e-08 0.9876051545143127 0.5761867165565491 0.017645612359046936
144.40911885593508 -1.7667465712634112e-08 0.9876051545143127 0.5782389640808105 0.017645612359046936
144.64349385593505 -1.7667465712634112e-08 0.9876051545143127 0.5802572965621948 0.017645612359046936
144.87786885593505 -1.7667465712634112e-08 0.9876051545143127 0.582242488861084 0.017645612359046936
147.69036885593493 -1.7667465712634112e-08 0.9876051545143127 0.6036990880966187 0.017645612359046936
147.92474385593493 -1.7667465712634112e-08 0.9876051545143127 0.6053075790405273 0.017645612359046936
148.1591188559349 -1.7667465712634112e-08 0.9876051545143127 0.606890857219696 0.017645612359046936
148.3934938559349 -1.7667465712634112e-08 0.9876051545143127 0.6084494590759277 0.017645612359046936
150.0 -1.7667465712634112e-08 0.9876051545143127 0.618511438369751 0.017645612359046936
150.0001 -1.7667465712634112e-08 0.9876051545143127 0.618511974811554 0.017645612359046936
150.0003 -1.7667465712634112e-08 0.9876051545143127 0.618512749671936 0.017645612359046936
150.0007 -1.7667465712634112e-08 0.9876051545143127 0.6185135841369629 0.017645612359046936
150.00084156233245 -1.7667465712634112e-08 0.9876051545143127 0.6185136437416077 0.017645612359046936
150.001 -1.7667465712634112e-08 0.9876051545143127 0.6185136437416077 0.017645612359046936
154.39162823560886 0.03577853739261627 0.9876051545143127 0.6185136437416077 0.017645612359046936
158.78225647121775 0.06954337656497955 0.9876051545143127 0.6185136437416077 0.017645612359046936
159.01663147121772 0.07129031419754028 0.9876051545143127 0.6185136437416077 0.017645612359046936
159.25100647121772 0.07303168624639511 0.9876051545143127 0.6185136437416077 0.017645612359046936
159.48538147121772 0.07476752996444702 0.9876051545143127 0.6185136437416077 0.017645612359046936
163.46975647121755 0.10343962162733078 0.9876051545143127 0.6185136437416077 0.017645612359046936
167.45413147121738 0.1305675208568573 0.9876051545143127 0.6185136437416077 0.017645612359046936
167.68850647121738 0.1321163922548294 0.9876051545143127 0.6185136437416077 0.017645612359046936
167.92288147121738 0.13366012275218964 0.9876051545143127 0.6185136437416077 0.017645612359046936
168.15725647121735 0.135198712348938 0.9876051545143127 0.6185136437416077 0.017645612359046936
172.61038147121718 0.16347435116767883 0.9876051545143127 0.6185136437416077 0.017645612359046936
172.84475647121718 0.16491296887397766 0.9876051545143127 0.6185136437416077 0.017645612359046936
173.07913147121715 0.1663467288017273 0.9876051545143127 0.6185136437416077 0.017645612359046936
173.31350647121715 0.16777564585208893 0.9876051545143127 0.6185136437416077 0.017645612359046936
179.99999999999997 0.2065494954586029 0.9876051545143127 0.6185136437416077 0.017645612359046936
180.0001 0.20654888451099396 0.9876051545143127 0.6185136437416077 0.017645612359046936
180.0003 0.20654818415641785 0.9876051545143127 0.6185134053230286 0.017645612359046936
180.0007 0.20654773712158203 0.9876051545143127 0.6185107827186584 0.017645612359046936
180.001 0.20654767751693726 0.9876051545143127 0.6185059547424316 0.017645612359046936
180.04192000000063 0.20654767751693726 0.9876051545143127 0.6147178411483765 0.017645612359046936
180.0828400000013 0.20654767751693726 0.9876051545143127 0.6109071969985962 0.017645612359046936
180.32860000000517 0.20654767751693726 0.9876051545143127 0.5875973105430603 0.017645612359046936
180.79735000000514 0.20654767751693726 0.9876051545143127 0.5415961146354675 0.017645612359046936
181.03172500000514 0.20654767751693726 0.9876051545143127 0.5178408026695251 0.017645612359046936
181.26610000000514 0.20654767751693726 0.9876051545143127 0.4935985207557678 0.017645612359046936
181.5004750000051 0.20654767751693726 0.9876051545143127 0.46889233589172363 0.017645612359046936
181.7348500000051 0.20654767751693726 0.9876051545143127 0.4437445104122162 0.017645612359046936
181.9692250000051 0.20654767751693726 0.9876051545143127 0.4181763231754303 0.017645612359046936
182.20360000000508 0.20654767751693726 0.9876051545143127 0.39220815896987915 0.017645612359046936
182.43797500000508 0.20654767751693726 0.9876051545143127 0.36585962772369385 0.017645612359046936
182.90672500000505 0.20654767751693726 0.9876051545143127 0.31209635734558105 0.017645612359046936
183.14110000000505 0.20654767751693726 0.9876051545143127 0.2847190201282501 0.017645612359046936
183.37547500000505 0.20654767751693726 0.9876051545143127 0.2570383548736572 0.017645612359046936
183.60985000000503 0.20654767751693726 0.9876051545143127 0.22908100485801697 0.017645612359046936
183.84422500000503 0.20654767751693726 0.9876051545143127 0.20088732242584229 0.017645612359046936
184.078600000005 0.20654767751693726 0.9876051545143127 0.1725294589996338 0.017645612359046936
184.312975000005 0.20654767751693726 0.9876051545143127 0.14414948225021362 0.017645612359046936
184.547350000005 0.20654767751693726 0.9876051545143127 0.11603255569934845 0.017645612359046936
184.78172500000497 0.20654767751693726 0.9876051545143127 0.08871866762638092 0.017645612359046936
185.01610000000497 0.20654767751693726 0.9876051545143127 0.06309127062559128 0.017645612359046936
185.25047500000497 0.20654767751693726 0.9876051545143127 0.040275610983371735 0.017645612359046936
185.48485000000494 0.20654767751693726 0.9876051545143127 0.02123531512916088 0.017645612359046936
185.71922500000494 0.20654767751693726 0.9876051545143127 0.0057801753282547 0.017645612359046936
185.8181621454945 0.20654767751693726 0.9876051545143127 0.000765117583796382 0.017645612359046936
185.84697564345558 0.20654767751693726 0.9876051545143127 6.729966844432056e-05 0.017645612359046936
185.8675316201575 0.20654767751693726 0.9876051545143127 -3.3380445074726595e-08 0.017645612359046936
205.37049590601652 0.20654767751693726 0.9876051545143127 -3.3380445074726595e-08 0.017645612359046936
209.99999999999997 0.20654767751693726 0.9876051545143127 -3.3355359363440584e-08 0.017645612359046936
210.00009999999997 0.20654767751693726 0.9876051545143127 -3.335311760110926e-08 0.017645612359046936
210.0003 0.20654767751693726 0.9876051545143127 -3.3335570748249665e-08 0.017645612359046936
210.00070000000002 0.20654767751693726 0.9876051545143127 -3.329569153720513e-08 0.017645612359046936
210.0008229643889 0.20654767751693726 0.9876051545143127 -3.329029496512703e-08 0.017645612359046936
210.00089395754125 0.20654767751693726 0.9876051545143127 -3.173472151729584e-08 0.017645612359046936
210.0009296600338 0.20654767751693726 0.9876051545143127 -1.4839944384448245e-08 0.017645612359046936
210.00095386095657 0.20654767751693726 0.9876051545143127 7.95540273657025e-08 0.017645612359046936
210.00098222055175 0.20654769241809845 0.9876051545143127 4.130046136197052e-07 0.017645612359046936
210.00100000000003 0.20654770731925964 0.9876051545143127 7.874999710111297e-07 0.017645612359046936
210.04996189940715 0.20662984251976013 0.9876051545143127 0.0017961201956495643 0.017645612359046936
210.0989237988143 0.20671139657497406 0.9876051545143127 0.0035867560654878616 0.017645612359046936
210.19685058611697 0.20687268674373627 0.9876051545143127 0.007154081016778946 0.017645612359046936
210.39270416072225 0.20718969404697418 0.9876051545143127 0.014244632795453072 0.017645612359046936
210.62707916072225 0.20756033062934875 0.9876051545143127 0.022660180926322937 0.017645612359046936
211.33020416072222 0.2086106240749359 0.9876051545143127 0.047405801713466644 0.017645612359046936
212.26770416072216 0.20987048745155334 0.9876051545143127 0.07921719551086426 0.017645612359046936
212.50207916072216 0.2101615071296692 0.9876051545143127 0.08696095645427704 0.017645612359046936
212.73645416072216 0.21044328808784485 0.9876051545143127 0.0946216732263565 0.017645612359046936
212.97082916072213 0.21071602404117584 0.9876051545143127 0.10219971090555191 0.017645612359046936
213.20520416072213 0.2109798789024353 0.9876051545143127 0.10969550907611847 0.017645612359046936
213.43957916072213 0.21123500168323517 0.9876051545143127 0.11710948497056961 0.017645612359046936
213.6739541607221 0.21148157119750977 0.9876051545143127 0.12444202601909637 0.017645612359046936
213.9083291607221 0.21171978116035461 0.9876051545143127 0.1316935122013092 0.017645612359046936
214.1427041607221 0.21194976568222046 0.9876051545143127 0.1388643980026245 0.017645612359046936
215.08020416072205 0.21279099583625793 0.9876051545143127 0.16675050556659698 0.017645612359046936
216.01770416072202 0.2135145515203476 0.9876051545143127 0.1933807134628296 0.017645612359046936
216.25207916072202 0.21367833018302917 0.9876051545143127 0.19984540343284607 0.017645612359046936
216.486454160722 0.21383562684059143 0.9876051545143127 0.20623384416103363 0.017645612359046936
216.720829160722 0.2139865756034851 0.9876051545143127 0.21254661679267883 0.017645612359046936
218.00989166072196 0.21471060812473297 0.9876051545143127 0.24593698978424072 0.017645612359046936
219.29895416072188 0.21527433395385742 0.9876051545143127 0.27714046835899353 0.017645612359046936
219.53332916072188 0.21536162495613098 0.9876051545143127 0.282586008310318 0.017645612359046936
219.76770416072188 0.21544460952281952 0.9876051545143127 0.2879628539085388 0.017645612359046936
220.00207916072185 0.21552343666553497 0.9876051545143127 0.29327160120010376 0.017645612359046936
220.93957916072182 0.21579980850219727 0.9876051545143127 0.31383776664733887 0.017645612359046936
221.17395416072182 0.21585987508296967 0.9876051545143127 0.31881505250930786 0.017645612359046936
221.4083291607218 0.21591661870479584 0.9876051545143127 0.3237277865409851 0.017645612359046936
221.6427041607218 0.21597014367580414 0.9876051545143127 0.3285766541957855 0.017645612359046936
222.93176666072173 0.21621249616146088 0.9876051545143127 0.354131281375885 0.017645612359046936
224.22082916072168 0.21638092398643494 0.9876051545143127 0.37787583470344543 0.017645612359046936
224.45520416072168 0.2164050191640854 0.9876051545143127 0.3820067346096039 0.017645612359046936
224.68957916072165 0.21642734110355377 0.9876051545143127 0.38608190417289734 0.017645612359046936
224.92395416072165 0.21644797921180725 0.9876051545143127 0.39010196924209595 0.017645612359046936
226.0958291607216 0.21652907133102417 0.9876051545143127 0.4093979001045227 0.017645612359046936
226.3302041607216 0.21654145419597626 0.9876051545143127 0.4131006598472595 0.017645612359046936
226.5645791607216 0.216552734375 0.9876051545143127 0.4167526662349701 0.017645612359046936
226.79895416072156 0.21656300127506256 0.9876051545143127 0.42035460472106934 0.017645612359046936
227.73645416072154 0.21659503877162933 0.9876051545143127 0.4342740774154663 0.017645612359046936
227.97082916072154 0.21660110354423523 0.9876051545143127 0.43763497471809387 0.017645612359046936
228.2052041607215 0.2166064977645874 0.9876051545143127 0.4409494698047638 0.017645612359046936
228.4395791607215 0.21661129593849182 0.9876051545143127 0.4442182183265686 0.017645612359046936
231.2520791607214 0.2166367918252945 0.9876051545143127 0.48008856177330017 0.017645612359046936
231.4864541607214 0.21663732826709747 0.9876051545143127 0.48281562328338623 0.017645612359046936
231.72082916072137 0.2166377454996109 0.9876051545143127 0.48550498485565186 0.017645612359046936
231.95520416072137 0.21663807332515717 0.9876051545143127 0.4881571829319 0.017645612359046936
232.42395416072134 0.2166384756565094 0.9876051545143127 0.49335211515426636 0.017645612359046936
232.65832916072134 0.21663859486579895 0.9876051545143127 0.49589595198631287 0.017645612359046936
232.89270416072134 0.2166386842727661 0.9876051545143127 0.49840468168258667 0.017645612359046936
233.1270791607213 0.2166387289762497 0.9876051545143127 0.5008788704872131 0.017645612359046936
233.3614541607213 0.2166387438774109 0.9876051545143127 0.5033190250396729 0.017645612359046936
233.5958291607213 0.21663875877857208 0.9876051545143127 0.5057255625724792 0.017645612359046936
233.83020416072128 0.21663877367973328 0.9876051545143127 0.5080990791320801 0.017645612359046936
234.06457916072128 0.21663877367973328 0.9876051545143127 0.5104400515556335 0.017645612359046936
237.58020416072114 0.21663877367973328 0.9876051545143127 0.5419629216194153 0.017645612359046936
237.81457916072114 0.21663877367973328 0.9876051545143127 0.5438449382781982 0.017645612359046936
238.0489541607211 0.21663877367973328 0.9876051545143127 0.5457018613815308 0.017645612359046936
238.2833291607211 0.21663877367973328 0.9876051545143127 0.5475341081619263 0.017645612359046936
239.68957916072105 0.21663877367973328 0.9876051545143127 0.5580295920372009 0.017645612359046936
239.92395416072105 0.21663877367973328 0.9876051545143127 0.5597029328346252 0.017645612359046936
239.99999999999997 0.21663877367973328 0.9876051545143127 0.56024169921875 0.017645612359046936
