time a b c w1
0.0 0.0 0.0 0.0 0.0
2.34374997708231e-06 1.0801570415496826 1.0801570415496826 2.34398437508335e-23 2.34398437508335e-23
2.3531289769906394e-06 1.0037916898727417 1.0037916898727417 2.35336424679079e-23 2.35336424679079e-23
2.3718869768072985e-06 0.9922298789024353 0.9922298789024353 2.372124147977851e-23 2.372124147977851e-23
2.449126245505041e-06 0.9876051545143127 0.9876051545143127 2.449371143311084e-23 2.449371143311084e-23
0.00019360463173130613 0.9876051545143127 0.9876051545143127 1.9362399824984054e-21 1.9362399824984054e-21
0.00038480681743822704 0.9876051545143127 0.9876051545143127 3.8484529531415596e-21 -5.5596220960296705e-09
0.0007672111888520689 0.9876051545143127 0.9876051545143127 7.672878894427868e-21 -2.705600010699527e-08
0.001 0.9876051545143127 0.9876051545143127 1.0000999731091105e-20 -3.3388438680503896e-08
29.999999999999996 0.9876051545143127 0.9876051545143127 3.000300019364487e-16 -3.3388264597533635e-08
30.000099999999996 0.9876051545143127 0.9876051545143127 3.0003100778807355e-16 -3.336615606031046e-08
30.0003 0.9876051545143127 0.9876051545143127 3.0003299302154367e-16 -3.3344313976613194e-08
30.0007 0.9876051545143127 0.9876051545143127 3.0003698995826353e-16 -3.333227382995574e-08
30.001 0.9876051545143127 0.9876051545143127 3.000400075131381e-16 -3.332711173698044e-08
59.99999999999999 0.9876051545143127 0.9876051545143127 6.000600038728974e-16 -3.332711173698044e-08
60.000099999999996 0.9876051545143127 0.9876051545143127 6.000610097245222e-16 -3.332711173698044e-08
60.000299999999996 0.987605094909668 0.9876051545143127 6.00063021427772e-16 -3.332711173698044e-08
60.000699999999995 0.9876046776771545 0.9876051545143127 6.000669918947122e-16 -3.332711173698044e-08
60.001000000000005 0.9876039624214172 0.9876051545143127 6.000700094495868e-16 -3.332711173698044e-08
60.00108 0.9876027703285217 0.9876051545143127 6.000708035429749e-16 -3.332711173698044e-08
60.006120000000045 0.987528383731842 0.9876051545143127 6.001212020033365e-16 -3.332711173698044e-08
60.01116000000009 0.9874535202980042 0.9876051545143127 6.001716004636981e-16 -3.332711173698044e-08
60.021400000000185 0.9872997999191284 0.9876051545143127 6.002740385107567e-16 -3.332711173698044e-08
60.04188000000037 0.9869856834411621 0.9876051545143127 6.004788616653146e-16 -3.332711173698044e-08
60.082840000000736 0.9863297343254089 0.9876051545143127 6.008885079744305e-16 -3.332711173698044e-08
60.16476000000147 0.9848957657814026 0.9876051545143127 6.01707747653103e-16 -3.332711173698044e-08
60.562975000002936 0.9756848812103271 0.9876051545143127 6.056903377524151e-16 -3.332711173698044e-08
60.79735000000293 0.9682621359825134 0.9876051545143127 6.080342896757046e-16 -3.332711173698044e-08
61.03172500000293 0.9588818550109863 0.9876051545143127 6.103782945385532e-16 -3.332711173698044e-08
61.26610000000293 0.9473004341125488 0.9876051545143127 6.127222464618427e-16 -3.332711173698044e-08
61.50047500000293 0.933387041091919 0.9876051545143127 6.150662513246914e-16 -3.332711173698044e-08
61.734850000002936 0.9171397089958191 0.9876051545143127 6.1741025618754e-16 -3.332711173698044e-08
61.969225000002936 0.8986684083938599 0.9876051545143127 6.197542081108295e-16 -3.332711173698044e-08
62.20360000000294 0.8781577348709106 0.9876051545143127 6.220982129736782e-16 -3.332711173698044e-08
62.43797500000295 0.8558276891708374 0.9876051545143127 6.244421648969676e-16 -3.332711173698044e-08
62.67235000000295 0.8319045305252075 0.9876051545143127 6.267861697598163e-16 -3.332711173698044e-08
62.90672500000296 0.8066007494926453 0.9876051545143127 6.2913017462266495e-16 -3.332711173698044e-08
63.14110000000296 0.7801063060760498 0.9876051545143127 6.314741265459544e-16 -3.332711173698044e-08
63.375475000002965 0.7525855302810669 0.9876051545143127 6.338181314088031e-16 -3.332711173698044e-08
63.609850000002965 0.7241783142089844 0.9876051545143127 6.361621362716517e-16 -3.332711173698044e-08
63.84422500000297 0.6950026750564575 0.9876051545143127 6.385060881949412e-16 -3.332711173698044e-08
64.07860000000298 0.6651580333709717 0.9876051545143127 6.408500930577899e-16 -3.332711173698044e-08
64.31297500000298 0.6347278952598572 0.9876051545143127 6.431940449810793e-16 -3.332711173698044e-08
64.54735000000298 0.6037826538085938 0.9876051545143127 6.45538049843928e-16 -3.332711173698044e-08
64.781725000003 0.5723819732666016 0.9876051545143127 6.478820547067767e-16 -3.332711173698044e-08
65.016100000003 0.5405765771865845 0.9876051545143127 6.502260066300661e-16 -3.332711173698044e-08
65.250475000003 0.5084096789360046 0.9876051545143127 6.525700114929148e-16 -3.332711173698044e-08
65.484850000003 0.47591856122016907 0.9876051545143127 6.549139634162043e-16 -3.332711173698044e-08
65.71922500000301 0.44313526153564453 0.9876051545143127 6.572579682790529e-16 -3.332711173698044e-08
65.95360000000301 0.4100876748561859 0.9876051545143127 6.596019731419016e-16 -3.332711173698044e-08
66.18797500000301 0.3768003582954407 0.9876051545143127 6.619459250651911e-16 -3.332711173698044e-08
66.42235000000302 0.34329521656036377 0.9876051545143127 6.642899299280397e-16 -3.332711173698044e-08
66.65672500000302 0.3095928132534027 0.9876051545143127 6.666338818513292e-16 -3.332711173698044e-08
66.89110000000302 0.2757144570350647 0.9876051545143127 6.689778867141778e-16 -3.332711173698044e-08
67.12547500000302 0.2416876256465912 0.9876051545143127 6.713218915770265e-16 -3.332711173698044e-08
67.35985000000304 0.20755890011787415 0.9876051545143127 6.73665843500316e-16 -3.332711173698044e-08
67.59422500000304 0.1734267771244049 0.9876051545143127 6.760098483631646e-16 -3.332711173698044e-08
67.82860000000304 0.13951992988586426 0.9876051545143127 6.783538532260133e-16 -3.332711173698044e-08
68.06297500000305 0.106356680393219 0.9876051545143127 6.806978051493028e-16 -3.332711173698044e-08
68.29735000000305 0.07496054470539093 0.9876051545143127 6.830418100121514e-16 -3.332711173698044e-08
68.53172500000305 0.04688287526369095 0.9876051545143127 6.853857619354409e-16 -3.332711173698044e-08
68.76610000000305 0.023669574409723282 0.9876051545143127 6.877297667982896e-16 -3.332711173698044e-08
69.00047500000306 0.0054642800241708755 0.9876051545143127 6.900737716611382e-16 -3.332711173698044e-08
69.09197682614432 0.00044413426076062024 0.9876051545143127 6.909888848815281e-16 -3.332711173698044e-08
69.11331403841531 -3.3388264597533635e-08 0.9876051545143127 6.912022313051178e-16 -3.332711173698044e-08
89.99999999999999 -3.342882237689082e-08 0.9876051545143127 9.000900322791256e-16 -3.332711173698044e-08
90.0001 -3.3379677688571974e-08 0.9876051545143127 9.000909851911913e-16 -3.332711173698044e-08
90.0003 -3.3344313976613194e-08 0.9876051545143127 9.00092996894441e-16 -3.332711173698044e-08
90.0007 -3.331489040192537e-08 0.9876051545143127 9.000970203009405e-16 -3.332711173698044e-08
90.001 -3.326627506794466e-08 0.9876051545143127 9.000999849162559e-16 -3.332711173698044e-08
119.99999999999999 -3.326627506794466e-08 0.9876051545143127 1.2001200077457947e-15 -3.332711173698044e-08
120.0001 -3.326627506794466e-08 0.9876051545143127 1.2001209606578604e-15 -3.332711173698044e-08
120.0003 -3.326627506794466e-08 0.9876051545143127 1.2001229723611101e-15 -3.332711173698044e-08
120.0007 -3.326627506794466e-08 0.9876051545143127 1.3241643159744854e-07 -3.332682751988614e-08
120.00082296354113 -3.326627506794466e-08 0.9876051545143127 7.223943612189032e-07 -7.816624680856421e-09
120.00089395685308 -3.326627506794466e-08 0.9876051545143127 2.0785880678886315e-06 8.908882165314935e-08
120.00093267586341 -3.326627506794466e-08 0.9876051545143127 3.897057467838749e-06 2.923709132574004e-07
120.00097205787021 -3.326627506794466e-08 0.9876051545143127 7.149187695176806e-06 7.890852771197387e-07
120.001 -3.326627506794466e-08 0.9876051545143127 1.0323784408683423e-05 1.3678775303560542e-06
120.24898165096826 -3.326627506794466e-08 0.9876051545143127 0.038225457072257996 0.008337290957570076
120.49696330193655 -3.326627506794466e-08 0.9876051545143127 0.07589787989854813 0.016477210447192192
120.73133830193655 -3.326627506794466e-08 0.9876051545143127 0.11105873435735703 0.024011123925447464
120.96571330193655 -3.326627506794466e-08 0.9876051545143127 0.14570868015289307 0.031362760812044144
121.20008830193656 -3.326627506794466e-08 0.9876051545143127 0.1798267811536789 0.03852591663599014
121.43446330193656 -3.326627506794466e-08 0.9876051545143127 0.21339035034179688 0.04549397900700569
121.66883830193656 -3.326627506794466e-08 0.9876051545143127 0.2463754564523697 0.05226011201739311
122.13758830193657 -3.326627506794466e-08 0.9876051545143127 0.3105081617832184 0.0651581883430481
122.37196330193656 -3.326627506794466e-08 0.9876051545143127 0.3416013717651367 0.07127551734447479
122.84071330193655 -3.326627506794466e-08 0.9876051545143127 0.40169623494148254 0.08280953764915466
123.07508830193653 -3.326627506794466e-08 0.9876051545143127 0.43063631653785706 0.08821135014295578
123.30946330193652 -3.326627506794466e-08 0.9876051545143127 0.4587954580783844 0.093360036611557
123.54383830193652 -3.326627506794466e-08 0.9876051545143127 0.48614081740379333 0.09824872016906738
123.7782133019365 -3.326627506794466e-08 0.9876051545143127 0.5126391649246216 0.10287102311849594
124.24696330193649 -3.326627506794466e-08 0.9876051545143127 0.5629625916481018 0.11129458248615265
124.48133830193647 -3.326627506794466e-08 0.9876051545143127 0.5867236256599426 0.11508738249540329
124.71571330193646 -3.326627506794466e-08 0.9876051545143127 0.6095107197761536 0.1185973733663559
124.95008830193646 -3.326627506794466e-08 0.9876051545143127 0.6312968134880066 0.12182391434907913
125.18446330193645 -3.326627506794466e-08 0.9876051545143127 0.6520583033561707 0.12476828694343567
125.41883830193643 -3.326627506794466e-08 0.9876051545143127 0.6717759370803833 0.1274338811635971
125.65321330193643 -3.326627506794466e-08 0.9876051545143127 0.690435528755188 0.1298264116048813
125.88758830193642 -3.326627506794466e-08 0.9876051545143127 0.7080292105674744 0.13195398449897766
126.1219633019364 -3.326627506794466e-08 0.9876051545143127 0.7245556712150574 0.13382716476917267
126.3563383019364 -3.326627506794466e-08 0.9876051545143127 0.7400209903717041 0.13545885682106018
126.59071330193639 -3.326627506794466e-08 0.9876051545143127 0.7544389963150024 0.13686414062976837
126.82508830193638 -3.326627506794466e-08 0.9876051545143127 0.7678311467170715 0.13805992901325226
127.41102580193635 -3.326627506794466e-08 0.9876051545143127 0.797030508518219 0.14025545120239258
127.99696330193633 -3.326627506794466e-08 0.9876051545143127 0.8206491470336914 0.141559898853302
128.23133830193632 -3.326627506794466e-08 0.9876051545143127 0.8287093639373779 0.14189815521240234
128.46571330193632 -3.326627506794466e-08 0.9876051545143127 0.8360592722892761 0.1421569287776947
128.7000883019363 -3.326627506794466e-08 0.9876051545143127 0.8427543044090271 0.14235103130340576
128.9344633019363 -3.326627506794466e-08 0.9876051545143127 0.848848819732666 0.14249306917190552
129.1688383019363 -3.326627506794466e-08 0.9876051545143127 0.8543952107429504 0.14259353280067444
129.40321330193626 -3.326627506794466e-08 0.9876051545143127 0.8594430088996887 0.14266197383403778
129.63758830193626 -3.326627506794466e-08 0.9876051545143127 0.8640393018722534 0.14270715415477753
129.87196330193626 -3.326627506794466e-08 0.9876051545143127 0.8682281374931335 0.14273586869239807
130.10633830193623 -3.326627506794466e-08 0.9876051545143127 0.8720501065254211 0.14275309443473816
130.34071330193623 -3.326627506794466e-08 0.9876051545143127 0.8755419254302979 0.1427626758813858
130.57508830193623 -3.326627506794466e-08 0.9876051545143127 0.8787369728088379 0.14276742935180664
130.8094633019362 -3.326627506794466e-08 0.9876051545143127 0.8816653490066528 0.14276938140392303
131.0438383019362 -3.326627506794466e-08 0.9876051545143127 0.8843539953231812 0.1427699327468872
131.2782133019362 -3.326627506794466e-08 0.9876051545143127 0.8868271112442017 0.142769917845726
132.21571330193615 -3.326627506794466e-08 0.9876051545143127 0.8949644565582275 0.1427697241306305
133.15321330193612 -3.326627506794466e-08 0.9876051545143127 0.9010079503059387 0.1427697390317917
133.6219633019361 -3.326627506794466e-08 0.9876051545143127 0.9034672975540161 0.1427697390317917
134.32508830193606 -3.326627506794466e-08 0.9876051545143127 0.9066223502159119 0.1427697390317917
134.55946330193606 -3.326627506794466e-08 0.9876051545143127 0.907554566860199 0.1427697390317917
134.79383830193606 -3.326627506794466e-08 0.9876051545143127 0.9084348678588867 0.1427697390317917
135.02821330193603 -3.326627506794466e-08 0.9876051545143127 0.9092674255371094 0.1427697390317917
135.26258830193603 -3.326627506794466e-08 0.9876051545143127 0.9100558161735535 0.1427697390317917
135.731338301936 -3.326627506794466e-08 0.9876051545143127 0.9115131497383118 0.1427697390317917
135.965713301936 -3.326627506794466e-08 0.9876051545143127 0.9121878147125244 0.1427697390317917
136.200088301936 -3.326627506794466e-08 0.9876051545143127 0.9128298759460449 0.1427697390317917
136.43446330193598 -3.326627506794466e-08 0.9876051545143127 0.9134416580200195 0.1427697390317917
136.66883830193598 -3.326627506794466e-08 0.9876051545143127 0.914025068283081 0.1427697390317917
137.13758830193595 -3.326627506794466e-08 0.9876051545143127 0.9151146411895752 0.1427697390317917
137.60633830193595 -3.326627506794466e-08 0.9876051545143127 0.9161118268966675 0.1427697390317917
138.30946330193592 -3.326627506794466e-08 0.9876051545143127 0.9174584746360779 0.1427697390317917
139.0125883019359 -3.326627506794466e-08 0.9876051545143127 0.9186530709266663 0.1427697390317917
139.71571330193586 -3.326627506794466e-08 0.9876051545143127 0.9197201728820801 0.1427697390317917
140.41883830193584 -3.326627506794466e-08 0.9876051545143127 0.9206792116165161 0.1427697390317917
141.1219633019358 -3.326627506794466e-08 0.9876051545143127 0.9215461015701294 0.1427697390317917
141.59071330193578 -3.326627506794466e-08 0.9876051545143127 0.92207932472229 0.1427697390317917
142.99696330193572 -3.326627506794466e-08 0.9876051545143127 0.9234982132911682 0.1427697390317917
143.7000883019357 -3.326627506794466e-08 0.9876051545143127 0.9241214990615845 0.1427697390317917
145.10633830193564 -3.326627506794466e-08 0.9876051545143127 0.9252288937568665 0.1427697390317917
145.34071330193564 -3.326627506794466e-08 0.9876051545143127 0.9253976941108704 0.1427697390317917
145.5750883019356 -3.326627506794466e-08 0.9876051545143127 0.9255624413490295 0.1427697390317917
145.8094633019356 -3.326627506794466e-08 0.9876051545143127 0.9257232546806335 0.1427697390317917
146.51258830193558 -3.326627506794466e-08 0.9876051545143127 0.9261837005615234 0.1427697390317917
149.32508830193547 -3.326627506794466e-08 0.9876051545143127 0.9277496933937073 0.1427697390317917
150.0 -3.326627506794466e-08 0.9876051545143127 0.9280721545219421 0.1427697390317917
150.0001 -3.326627506794466e-08 0.9876051545143127 0.9280721545219421 0.1427697390317917
150.0003 -3.326627506794466e-08 0.9876051545143127 0.9280722141265869 0.1427697390317917
150.0007 -3.326627506794466e-08 0.9876051545143127 0.9280722141265869 0.1427697390317917
150.001 -3.326627506794466e-08 0.9876051545143127 0.9280722141265869 0.1427697390317917
157.72232637652115 0.017981715500354767 0.9876051545143127 0.9280722141265869 0.1427697390317917
165.44365275304233 0.03572595492005348 0.9876051545143127 0.9280722141265869 0.1427697390317917
165.67802775304233 0.03626082092523575 0.9876051545143127 0.9280722141265869 0.1427697390317917
165.9124027530423 0.03679546341300011 0.9876051545143127 0.9280722141265869 0.1427697390317917
166.1467777530423 0.03732988238334656 0.9876051545143127 0.9280722141265869 0.1427697390317917
179.99999999999997 0.06852074712514877 0.9876051545143127 0.9280722141265869 0.1427697390317917
180.0001 0.0685204565525055 0.9876051545143127 0.9280722141265869 0.1427697390317917
180.0003 0.06852015107870102 0.9876051545143127 0.9280720353126526 0.1427697390317917
180.0007 0.06851999461650848 0.9876051545143127 0.928070068359375 0.1427697390317917
180.001 0.06851998716592789 0.9876051545143127 0.9280664920806885 0.1427697390317917
180.00352000000004 0.06851998716592789 0.9876051545143127 0.927894115447998 0.1427697390317917
180.00604000000007 0.06851998716592789 0.9876051545143127 0.9277214407920837 0.1427697390317917
180.01116000000016 0.06851998716592789 0.9876051545143127 0.9273695349693298 0.1427697390317917
180.04188000000067 0.06851998716592789 0.9876051545143127 0.9252288341522217 0.1427697390317917
180.1647600000026 0.06851998716592789 0.9876051545143127 0.916176438331604 0.1427697390317917
180.32860000000517 0.06851998716592789 0.9876051545143127 0.9031012654304504 0.1427697390317917
180.56297500000517 0.06851998716592789 0.9876051545143127 0.8828600645065308 0.1427697390317917
180.79735000000514 0.06851998716592789 0.9876051545143127 0.8609126806259155 0.1427697390317917
181.03172500000514 0.06851998716592789 0.9876051545143127 0.8373229503631592 0.1427697390317917
181.26610000000514 0.06851998716592789 0.9876051545143127 0.8123073577880859 0.1427697390317917
181.5004750000051 0.06851998716592789 0.9876051545143127 0.7860612869262695 0.1427697390317917
181.7348500000051 0.06851998716592789 0.9876051545143127 0.7587546706199646 0.1427697390317917
181.9692250000051 0.06851998716592789 0.9876051545143127 0.7305326461791992 0.1427697390317917
182.20360000000508 0.06851998716592789 0.9876051545143127 0.7015178799629211 0.1427697390317917
182.43797500000508 0.06851998716592789 0.9876051545143127 0.6718135476112366 0.1427697390317917
182.67235000000508 0.06851998716592789 0.9876051545143127 0.6415064334869385 0.1427697390317917
182.90672500000505 0.06851998716592789 0.9876051545143127 0.6106696128845215 0.1427697390317917
183.14110000000505 0.06851998716592789 0.9876051545143127 0.579365074634552 0.1427697390317917
183.37547500000505 0.06851998716592789 0.9876051545143127 0.5476452112197876 0.1427697390317917
183.60985000000503 0.06851998716592789 0.9876051545143127 0.5155549049377441 0.1427697390317917
183.84422500000503 0.06851998716592789 0.9876051545143127 0.48313260078430176 0.1427697390317917
184.078600000005 0.06851998716592789 0.9876051545143127 0.4504113793373108 0.1427697390317917
184.547350000005 0.06851998716592789 0.9876051545143127 0.3841838240623474 0.1427697390317917
185.01610000000497 0.06851998716592789 0.9876051545143127 0.3170645236968994 0.1427697390317917
185.48485000000494 0.06851998716592789 0.9876051545143127 0.24922604858875275 0.1427697390317917
185.71922500000494 0.06851998716592789 0.9876051545143127 0.21511399745941162 0.1427697390317917
185.95360000000494 0.06851998716592789 0.9876051545143127 0.18096931278705597 0.1427697390317917
186.1879750000049 0.06851998716592789 0.9876051545143127 0.14698146283626556 0.1427697390317917
186.4223500000049 0.06851998716592789 0.9876051545143127 0.11358628422021866 0.1427697390317917
186.6567250000049 0.06851998716592789 0.9876051545143127 0.08168037980794907 0.1427697390317917
186.89110000000488 0.06851998716592789 0.9876051545143127 0.05272151157259941 0.1427697390317917
187.12547500000488 0.06851998716592789 0.9876051545143127 0.028332112357020378 0.1427697390317917
187.35985000000488 0.06851998716592789 0.9876051545143127 0.008777196519076824 0.1427697390317917
187.473581136516 0.06851998716592789 0.9876051545143127 0.0015076453564688563 0.1427697390317917
187.51038300330157 0.06851998716592789 0.9876051545143127 1.56006972247269e-05 0.1427697390317917
187.51249634384598 0.06851998716592789 0.9876051545143127 -3.3388268150247313e-08 0.1427697390317917
205.22988715934548 0.06851998716592789 0.9876051545143127 -3.3388268150247313e-08 0.1427697390317917
209.99999999999997 0.06851998716592789 0.9876051545143127 -3.338827880838835e-08 0.1427697390317917
210.00009999999997 0.06851998716592789 0.9876051545143127 -3.3366163165737817e-08 0.1427697390317917
210.0003 0.06851998716592789 0.9876051545143127 -3.3344313976613194e-08 0.1427697390317917
210.00070000000002 0.06851998716592789 0.9876051545143127 -3.33327498935887e-08 0.1427697390317917
210.000822963426 0.06852000951766968 0.9876051545143127 -2.2549411227146265e-08 0.1427697390317917
210.00089395647402 0.06852011382579803 0.9876051545143127 8.891881009276403e-08 0.1427697390317917
210.00092976178297 0.06852027773857117 0.9876051545143127 2.782433625725389e-07 0.1427697390317917
210.000950920921 0.0685204416513443 0.9876051545143127 4.814604039893311e-07 0.1427697390317917
210.00096417468782 0.06852059066295624 0.9876051545143127 7.840320677132695e-07 0.1427697390317917
210.00097379793232 0.06852076202630997 0.9876051545143127 1.3026518672631937e-06 0.1427697390317917
210.00098586968144 0.06852104514837265 0.9876051545143127 2.404176484560594e-06 0.1427697390317917
210.00100000000003 0.06852143257856369 0.9876051545143127 4.063435426360229e-06 0.1427697390317917
210.276413122793 0.07748354971408844 0.9876051545143127 0.041626375168561935 0.1427697390317917
210.55182624558597 0.08621455729007721 0.9876051545143127 0.08260302990674973 0.1427697390317917
210.78620124558594 0.09347404539585114 0.9876051545143127 0.11699365824460983 0.1427697390317917
211.02057624558594 0.10055500268936157 0.9876051545143127 0.15087881684303284 0.1427697390317917
211.25495124558594 0.10745187848806381 0.9876051545143127 0.1842392235994339 0.1427697390317917
211.48932624558591 0.11415870487689972 0.9876051545143127 0.21705380082130432 0.1427697390317917
211.72370124558591 0.12066931277513504 0.9876051545143127 0.24930037558078766 0.1427697390317917
212.1924512455859 0.13307642936706543 0.9876051545143127 0.31199511885643005 0.1427697390317917
212.4268262455859 0.13895989954471588 0.9876051545143127 0.3423932194709778 0.1427697390317917
212.6612012455859 0.14462116360664368 0.9876051545143127 0.3721233010292053 0.1427697390317917
212.89557624558586 0.15005359053611755 0.9876051545143127 0.4011576175689697 0.1427697390317917
213.12995124558586 0.1552506983280182 0.9876051545143127 0.4294675290584564 0.1427697390317917
213.83307624558583 0.16936860978603363 0.9876051545143127 0.5097545981407166 0.1427697390317917
214.3018262455858 0.17749939858913422 0.9876051545143127 0.5591098070144653 0.1427697390317917
214.77057624558577 0.1845700740814209 0.9876051545143127 0.6048572659492493 0.1427697390317917
215.00495124558577 0.18770413100719452 0.9876051545143127 0.6263121962547302 0.1427697390317917
215.23932624558577 0.19057177007198334 0.9876051545143127 0.6467912197113037 0.1427697390317917
215.94245124558574 0.19761715829372406 0.9876051545143127 0.7022162079811096 0.1427697390317917
216.17682624558572 0.19947057962417603 0.9876051545143127 0.7186604738235474 0.1427697390317917
216.41120124558572 0.201093852519989 0.9876051545143127 0.7340909838676453 0.1427697390317917
216.64557624558572 0.20250044763088226 0.9876051545143127 0.7485188245773315 0.1427697390317917
216.8799512455857 0.20370550453662872 0.9876051545143127 0.7619618773460388 0.1427697390317917
217.1143262455857 0.20472556352615356 0.9876051545143127 0.7744449377059937 0.1427697390317917
217.3487012455857 0.20557811856269836 0.9876051545143127 0.7859991788864136 0.1427697390317917
218.28620124558563 0.2076738476753235 0.9876051545143127 0.8237390518188477 0.1427697390317917
219.2237012455856 0.20843631029129028 0.9876051545143127 0.8502373099327087 0.1427697390317917
219.4580762455856 0.20851582288742065 0.9876051545143127 0.8554805517196655 0.1427697390317917
219.69245124558557 0.2085697203874588 0.9876051545143127 0.8602648973464966 0.1427697390317917
219.92682624558557 0.20860505104064941 0.9876051545143127 0.8646334409713745 0.1427697390317917
220.16120124558557 0.2086271345615387 0.9876051545143127 0.8686258792877197 0.1427697390317917
220.39557624558554 0.20864006876945496 0.9876051545143127 0.87227863073349 0.1427697390317917
220.62995124558554 0.2086469978094101 0.9876051545143127 0.8756250739097595 0.1427697390317917
220.86432624558554 0.20865024626255035 0.9876051545143127 0.8786953091621399 0.1427697390317917
221.09870124558552 0.20865145325660706 0.9876051545143127 0.8815165758132935 0.1427697390317917
221.33307624558552 0.20865167677402496 0.9876051545143127 0.8841135501861572 0.1427697390317917
221.56745124558552 0.208651602268219 0.9876051545143127 0.8865081071853638 0.1427697390317917
221.8018262455855 0.20865151286125183 0.9876051545143127 0.8887200355529785 0.1427697390317917
222.0362012455855 0.20865148305892944 0.9876051545143127 0.8907670378684998 0.1427697390317917
222.73932624558546 0.20865146815776825 0.9876051545143127 0.8960683345794678 0.1427697390317917
223.44245124558543 0.20865146815776825 0.9876051545143127 0.9003602266311646 0.1427697390317917
224.1455762455854 0.20865146815776825 0.9876051545143127 0.903888463973999 0.1427697390317917
224.61432624558537 0.20865146815776825 0.9876051545143127 0.9059064388275146 0.1427697390317917
224.84870124558537 0.20865146815776825 0.9876051545143127 0.9068309664726257 0.1427697390317917
225.08307624558537 0.20865146815776825 0.9876051545143127 0.9077050685882568 0.1427697390317917
225.31745124558535 0.20865146815776825 0.9876051545143127 0.9085326194763184 0.1427697390317917
225.55182624558535 0.20865146815776825 0.9876051545143127 0.9093170166015625 0.1427697390317917
225.78620124558535 0.20865146815776825 0.9876051545143127 0.9100615382194519 0.1427697390317917
226.02057624558532 0.20865146815776825 0.9876051545143127 0.9107690453529358 0.1427697390317917
226.25495124558532 0.20865146815776825 0.9876051545143127 0.9114421606063843 0.1427697390317917
226.48932624558532 0.20865146815776825 0.9876051545143127 0.9120832681655884 0.1427697390317917
226.7237012455853 0.20865146815776825 0.9876051545143127 0.9126945734024048 0.1427697390317917
226.9580762455853 0.20865146815776825 0.9876051545143127 0.9132780432701111 0.1427697390317917
227.1924512455853 0.20865146815776825 0.9876051545143127 0.9138355255126953 0.1427697390317917
227.42682624558526 0.20865146815776825 0.9876051545143127 0.914368748664856 0.1427697390317917
227.89557624558526 0.20865146815776825 0.9876051545143127 0.9153681993484497 0.1427697390317917
228.59870124558523 0.20865146815776825 0.9876051545143127 0.9167197942733765 0.1427697390317917
229.3018262455852 0.20865146815776825 0.9876051545143127 0.9179205298423767 0.1427697390317917
230.00495124558518 0.20865146815776825 0.9876051545143127 0.9189945459365845 0.1427697390317917
230.70807624558515 0.20865146815776825 0.9876051545143127 0.9199609160423279 0.1427697390317917
231.41120124558512 0.20865146815776825 0.9876051545143127 0.9208353161811829 0.1427697390317917
232.1143262455851 0.20865146815776825 0.9876051545143127 0.9216304421424866 0.1427697390317917
232.58307624558506 0.20865146815776825 0.9876051545143127 0.9221217036247253 0.1427697390317917
234.223701245585 0.20865146815776825 0.9876051545143127 0.9236366748809814 0.1427697390317917
234.92682624558498 0.20865146815776825 0.9876051545143127 0.9242037534713745 0.1427697390317917
237.27057624558486 0.20865146815776825 0.9876051545143127 0.9258198738098145 0.1427697390317917
237.97370124558483 0.20865146815776825 0.9876051545143127 0.9262371063232422 0.1427697390317917
239.84870124558478 0.20865146815776825 0.9876051545143127 0.9272301197052002 0.1427697390317917
239.99999999999997 0.20865146815776825 0.9876051545143127 0.9273039102554321 0.1427697390317917
