time a b c w1
0.0 0.0 0.0 0.0 0.0
2.34374997708231e-06 1.0801570415496826 2.34398437508335e-23 2.34398437508335e-23 2.34398437508335e-23
2.3531289769906394e-06 1.0037916898727417 2.35336424679079e-23 2.35336424679079e-23 2.35336424679079e-23
2.3718869768072985e-06 0.9922298789024353 2.372124147977851e-23 2.372124147977851e-23 2.372124147977851e-23
2.449126245505041e-06 0.9876051545143127 2.449371143311084e-23 2.449371143311084e-23 2.449371143311084e-23
0.00019360463173130613 0.9876051545143127 1.9362399824984054e-21 1.9362399824984054e-21 1.9362399824984054e-21
0.00038480681743822704 0.9876051545143127 3.8484529531415596e-21 3.8484529531415596e-21 -5.559440463542842e-09
0.0007672111888520689 0.9876051545143127 7.672878894427868e-21 7.672878894427868e-21 -2.705469981378883e-08
0.001 0.9876051545143127 1.0000999731091105e-20 1.0000999731091105e-20 -3.3386008624347596e-08
29.999999999999996 0.9876051545143127 3.000300019364487e-16 3.000300019364487e-16 -3.3385834541377335e-08
30.000099999999996 0.9876051545143127 3.0003100778807355e-16 3.0003100778807355e-16 -3.336470300041583e-08
30.0003 0.9876051545143127 3.0003299302154367e-16 3.0003299302154367e-16 -3.334382370212552e-08
30.0007 0.9876051545143127 3.0003698995826353e-16 3.0003698995826353e-16 -3.333232001523356e-08
30.001 0.9876051545143127 3.000400075131381e-16 3.000400075131381e-16 -3.332738174322003e-08
59.99999999999999 0.9876051545143127 6.000600038728974e-16 6.000600038728974e-16 -3.332738174322003e-08
60.000099999999996 0.9876051545143127 6.000610097245222e-16 6.000610097245222e-16 -3.332738174322003e-08
60.000299999999996 0.9876051545143127 6.00063021427772e-16 6.00063021427772e-16 -3.332738174322003e-08
60.000699999999995 0.9876049160957336 6.000669918947122e-16 6.000669918947122e-16 -3.332738174322003e-08
60.001000000000005 0.9876046180725098 6.000700094495868e-16 6.000700094495868e-16 -3.332738174322003e-08
60.28198750000147 0.9856398701667786 6.028801471312214e-16 6.028801471312214e-16 -3.332738174322003e-08
60.562975000002936 0.9833112359046936 6.056903377524151e-16 6.056903377524151e-16 -3.332738174322003e-08
60.79735000000293 0.9810541868209839 6.080342896757046e-16 6.080342896757046e-16 -3.332738174322003e-08
61.03172500000293 0.9784240126609802 6.103782945385532e-16 6.103782945385532e-16 -3.332738174322003e-08
61.50047500000293 0.971725344657898 6.150662513246914e-16 6.150662513246914e-16 -3.332738174322003e-08
61.969225000002936 0.9624310731887817 6.197542081108295e-16 6.197542081108295e-16 -3.332738174322003e-08
62.20360000000294 0.956505298614502 6.220982129736782e-16 6.220982129736782e-16 -3.332738174322003e-08
62.67235000000295 0.9414191842079163 6.267861697598163e-16 6.267861697598163e-16 -3.332738174322003e-08
62.90672500000296 0.9320006370544434 6.2913017462266495e-16 6.2913017462266495e-16 -3.332738174322003e-08
63.375475000002965 0.9089118838310242 6.338181314088031e-16 6.338181314088031e-16 -3.332738174322003e-08
63.609850000002965 0.8951318264007568 6.361621362716517e-16 6.361621362716517e-16 -3.332738174322003e-08
63.84422500000297 0.8798466920852661 6.385060881949412e-16 6.385060881949412e-16 -3.332738174322003e-08
64.07860000000298 0.8630867004394531 6.408500930577899e-16 6.408500930577899e-16 -3.332738174322003e-08
64.31297500000298 0.8449079394340515 6.431940449810793e-16 6.431940449810793e-16 -3.332738174322003e-08
64.54735000000298 0.8253855109214783 6.45538049843928e-16 6.45538049843928e-16 -3.332738174322003e-08
64.781725000003 0.8046066164970398 6.478820547067767e-16 6.478820547067767e-16 -3.332738174322003e-08
65.016100000003 0.7826641798019409 6.502260066300661e-16 6.502260066300661e-16 -3.332738174322003e-08
65.250475000003 0.7596518397331238 6.525700114929148e-16 6.525700114929148e-16 -3.332738174322003e-08
65.484850000003 0.7356604933738708 6.549139634162043e-16 6.549139634162043e-16 -3.332738174322003e-08
65.71922500000301 0.7107763290405273 6.572579682790529e-16 6.572579682790529e-16 -3.332738174322003e-08
65.95360000000301 0.6850793957710266 6.596019731419016e-16 6.596019731419016e-16 -3.332738174322003e-08
66.18797500000301 0.6586431860923767 6.619459250651911e-16 6.619459250651911e-16 -3.332738174322003e-08
66.42235000000302 0.6315343379974365 6.642899299280397e-16 6.642899299280397e-16 -3.332738174322003e-08
66.65672500000302 0.603813111782074 6.666338818513292e-16 6.666338818513292e-16 -3.332738174322003e-08
66.89110000000302 0.5755336880683899 6.689778867141778e-16 6.689778867141778e-16 -3.332738174322003e-08
67.12547500000302 0.5467445850372314 6.713218915770265e-16 6.713218915770265e-16 -3.332738174322003e-08
67.35985000000304 0.5174893140792847 6.73665843500316e-16 6.73665843500316e-16 -3.332738174322003e-08
67.59422500000304 0.48780685663223267 6.760098483631646e-16 6.760098483631646e-16 -3.332738174322003e-08
67.82860000000304 0.4577321410179138 6.783538532260133e-16 6.783538532260133e-16 -3.332738174322003e-08
68.06297500000305 0.42729654908180237 6.806978051493028e-16 6.806978051493028e-16 -3.332738174322003e-08
68.29735000000305 0.39652830362319946 6.830418100121514e-16 6.830418100121514e-16 -3.332738174322003e-08
68.53172500000305 0.36545300483703613 6.853857619354409e-16 6.853857619354409e-16 -3.332738174322003e-08
68.76610000000305 0.33409422636032104 6.877297667982896e-16 6.877297667982896e-16 -3.332738174322003e-08
69.23485000000306 0.27061742544174194 6.924177235844277e-16 6.924177235844277e-16 -3.332738174322003e-08
69.46922500000306 0.23855209350585938 6.947617284472764e-16 6.947617284472764e-16 -3.332738174322003e-08
69.70360000000306 0.20632439851760864 6.971056803705658e-16 6.971056803705658e-16 -3.332738174322003e-08
69.93797500000308 0.17402395606040955 6.994496852334145e-16 6.994496852334145e-16 -3.332738174322003e-08
70.17235000000308 0.1418459415435791 7.017936900962632e-16 7.017936900962632e-16 -3.332738174322003e-08
70.40672500000308 0.11021634191274643 7.041376420195526e-16 7.041376420195526e-16 -3.332738174322003e-08
70.64110000000309 0.07997242361307144 7.064816468824013e-16 7.064816468824013e-16 -3.332738174322003e-08
70.87547500000309 0.05243375152349472 7.0882565174524995e-16 7.0882565174524995e-16 -3.332738174322003e-08
71.10985000000309 0.029055725783109665 7.111696036685394e-16 7.111696036685394e-16 -3.332738174322003e-08
71.34422500000309 0.010183699429035187 7.135136085313881e-16 7.135136085313881e-16 -3.332738174322003e-08
71.47688636734273 0.0018915506079792976 7.148403268245843e-16 7.148403268245843e-16 -3.332738174322003e-08
71.52101005446652 0.00010265341552440077 7.152816309901038e-16 7.152816309901038e-16 -3.332738174322003e-08
71.52842450345473 -3.3385838094091014e-08 7.153557993125478e-16 7.153557993125478e-16 -3.332738174322003e-08
89.99999999999999 -3.339594911722088e-08 9.000900322791256e-16 9.000900322791256e-16 -3.332738174322003e-08
90.0001 -3.336807452569701e-08 9.000909851911913e-16 9.000909851911913e-16 -3.332738174322003e-08
90.0003 -3.334382370212552e-08 9.00092996894441e-16 9.00092996894441e-16 -3.332738174322003e-08
90.0007 -3.333039799713333e-08 9.000970203009405e-16 9.000970203009405e-16 -3.332738174322003e-08
90.00082296338377 -3.138679716130355e-08 8.529283057612247e-09 9.00098184971243e-16 -3.332738174322003e-08
90.00089395651332 2.000873777774359e-08 4.745060522282074e-08 9.000989261250718e-16 -3.332738174322003e-08
90.00092968396561 1.9886580560068978e-07 1.2235088320267096e-07 9.000993496415454e-16 -3.332738174322003e-08
90.00095171515468 5.67927031625004e-07 2.3228112411288748e-07 9.000995613997823e-16 -3.332738174322003e-08
90.00097214100605 1.3266005680634407e-06 4.114576199754083e-07 9.00099773158019e-16 -3.332738174322003e-08
90.00099048296157 2.4858979941200232e-06 6.463852173510531e-07 9.000998790371375e-16 -3.332738174322003e-08
90.001 3.3213389087904943e-06 8.013378760551859e-07 9.000999849162559e-16 -3.332738174322003e-08
90.00196843051812 0.00011227901268284768 1.9727331164176576e-05 9.001097257951493e-16 -3.332738174322003e-08
90.00293875620359 0.00022144180547911674 3.868783460347913e-05 9.001193607949243e-16 -3.332738174322003e-08
90.00487940757452 0.0004397429875098169 7.660125265829265e-05 9.001388425527112e-16 -3.332738174322003e-08
90.00876071031641 0.0008762478246353567 0.00015239774074871093 9.00177594310048e-16 -3.332738174322003e-08
90.03204852676762 0.0034925444051623344 0.0006063263863325119 9.00410528370543e-16 -3.332738174322003e-08
90.06309894870259 0.006973643321543932 0.001209296053275466 9.0072107182483e-16 -3.332738174322003e-08
90.12519979257252 0.01391075924038887 0.0024074488319456577 9.013421587334043e-16 -3.332738174322003e-08
90.2494014803124 0.02768661454319954 0.004773344378918409 9.025842266714343e-16 -3.332738174322003e-08
90.4837764803124 0.05340968817472458 0.009154043160378933 9.049282844738422e-16 -3.332738174322003e-08
90.7181514803124 0.07878443598747253 0.013428191654384136 9.072722363971317e-16 -3.332738174322003e-08
90.95252648031241 0.10376042872667313 0.01758107729256153 9.096161883204211e-16 -3.332738174322003e-08
91.18690148031241 0.12832967936992645 0.0216114092618227 9.11960246122829e-16 -3.332738174322003e-08
91.42127648031241 0.15248219668865204 0.025517532601952553 9.143041980461185e-16 -3.332738174322003e-08
91.65565148031241 0.1762116700410843 0.029298683628439903 9.16648149969408e-16 -3.332738174322003e-08
92.12440148031243 0.22237662971019745 0.036483556032180786 9.213361596951053e-16 -3.332738174322003e-08
92.35877648031243 0.24479569494724274 0.03988541290163994 9.236801116183947e-16 -3.332738174322003e-08
92.59315148031244 0.2667616605758667 0.043159227818250656 9.260240635416842e-16 -3.332738174322003e-08
92.82752648031244 0.28826555609703064 0.04630427062511444 9.28368121344092e-16 -3.332738174322003e-08
93.06190148031244 0.30930066108703613 0.049320366233587265 9.307120732673815e-16 -3.332738174322003e-08
93.29627648031244 0.3298626244068146 0.05220787972211838 9.33056025190671e-16 -3.332738174322003e-08
93.53065148031246 0.34994637966156006 0.054967183619737625 9.354000829930788e-16 -3.332738174322003e-08
93.76502648031246 0.3695472776889801 0.057598818093538284 9.377440349163683e-16 -3.332738174322003e-08
94.23377648031247 0.4072848856449127 0.06248243898153305 9.424320446420656e-16 -3.332738174322003e-08
94.46815148031247 0.42540794610977173 0.06473573297262192 9.447759965653551e-16 -3.332738174322003e-08
94.70252648031247 0.44302764534950256 0.0668649673461914 9.471199484886446e-16 -3.332738174322003e-08
94.93690148031247 0.46014106273651123 0.06887187063694 9.49463900411934e-16 -3.332738174322003e-08
95.17127648031249 0.4767448306083679 0.07075828313827515 9.518079582143419e-16 -3.332738174322003e-08
95.40565148031249 0.49283862113952637 0.07252659648656845 9.541519101376314e-16 -3.332738174322003e-08
95.64002648031249 0.5084229707717896 0.07417947798967361 9.564958620609208e-16 -3.332738174322003e-08
95.8744014803125 0.5234981775283813 0.07571975886821747 9.588399198633287e-16 -3.332738174322003e-08
96.1087764803125 0.5380663871765137 0.07715055346488953 9.611838717866182e-16 -3.332738174322003e-08
96.3431514803125 0.5521315932273865 0.0784752368927002 9.635278237099076e-16 -3.332738174322003e-08
97.04627648031251 0.5913277864456177 0.08184999227523804 9.705597853588944e-16 -3.332738174322003e-08
97.28065148031251 0.6034088134765625 0.0827888771891594 9.729038431613023e-16 -3.332738174322003e-08
97.51502648031253 0.6150123476982117 0.08364182710647583 9.752477950845917e-16 -3.332738174322003e-08
97.74940148031253 0.6261455416679382 0.08441346138715744 9.775917470078812e-16 -3.332738174322003e-08
97.98377648031253 0.6368154287338257 0.0851086974143982 9.799356989311707e-16 -3.332738174322003e-08
98.21815148031253 0.6470323801040649 0.08573219925165176 9.822797567335785e-16 -3.332738174322003e-08
98.45252648031254 0.6568079590797424 0.08628863096237183 9.84623708656868e-16 -3.332738174322003e-08
98.68690148031254 0.6661524772644043 0.0867830142378807 9.869676605801575e-16 -3.332738174322003e-08
98.92127648031254 0.6750785112380981 0.08721993863582611 9.893117183825653e-16 -3.332738174322003e-08
99.15565148031254 0.6835991144180298 0.08760390430688858 9.916556703058548e-16 -3.332738174322003e-08
99.39002648031256 0.6917264461517334 0.08793982863426208 9.939996222291443e-16 -3.332738174322003e-08
99.62440148031256 0.6994737982749939 0.08823223412036896 9.963436800315521e-16 -3.332738174322003e-08
99.85877648031256 0.7068555355072021 0.08848505467176437 9.986876319548416e-16 -3.332738174322003e-08
100.09315148031257 0.7138859629631042 0.08870214223861694 1.001031583878131e-15 -3.332738174322003e-08
100.32752648031257 0.7205790281295776 0.0888872742652893 1.003375641680539e-15 -3.332738174322003e-08
100.56190148031257 0.7269488573074341 0.08904389292001724 1.0057195936038284e-15 -3.332738174322003e-08
100.79627648031257 0.7330093383789062 0.08917520940303802 1.0080635455271179e-15 -3.332738174322003e-08
101.03065148031259 0.7387741208076477 0.08928454667329788 1.0104074974504073e-15 -3.332738174322003e-08
101.26502648031259 0.7442566156387329 0.08937498927116394 1.0127515552528152e-15 -3.332738174322003e-08
101.49940148031259 0.7494701743125916 0.08944891393184662 1.0150955071761046e-15 -3.332738174322003e-08
101.7337764803126 0.7544278502464294 0.08950849622488022 1.0174394590993941e-15 -3.332738174322003e-08
101.9681514803126 0.7591423392295837 0.08955603092908859 1.019783516901802e-15 -3.332738174322003e-08
102.2025264803126 0.7636258006095886 0.08959361910820007 1.0221274688250914e-15 -3.332738174322003e-08
102.4369014803126 0.7678901553153992 0.089622862637043 1.024471420748381e-15 -3.332738174322003e-08
102.67127648031261 0.7719467282295227 0.08964516222476959 1.0268154785507888e-15 -3.332738174322003e-08
103.14002648031261 0.7794798016548157 0.08967401087284088 1.0315033823973677e-15 -3.332738174322003e-08
103.37440148031263 0.7829767465591431 0.08968264609575272 1.0338474401997756e-15 -3.332738174322003e-08
103.60877648031263 0.7863069176673889 0.08968856930732727 1.036191392123065e-15 -3.332738174322003e-08
104.07752648031263 0.7925026416778564 0.08969487994909286 1.040879295969644e-15 -3.332738174322003e-08
104.31190148031264 0.7953850030899048 0.08969627320766449 1.0432233537720518e-15 -3.332738174322003e-08
104.54627648031264 0.7981339693069458 0.08969696611166 1.0455673056953413e-15 -3.332738174322003e-08
104.78065148031264 0.8007571697235107 0.08969725668430328 1.0479112576186307e-15 -3.332738174322003e-08
105.01502648031266 0.8032615184783936 0.08969736844301224 1.0502553154210386e-15 -3.332738174322003e-08
105.24940148031266 0.8056533932685852 0.08969739079475403 1.052599267344328e-15 -3.332738174322003e-08
105.48377648031266 0.8079388737678528 0.08969737589359283 1.0549432192676175e-15 -3.332738174322003e-08
105.71815148031266 0.8101239204406738 0.08969736844301224 1.0572872770700254e-15 -3.332738174322003e-08
105.95252648031267 0.8122142553329468 0.08969736844301224 1.0596312289933149e-15 -3.332738174322003e-08
106.18690148031267 0.8142150044441223 0.08969736844301224 1.0619751809166043e-15 -3.332738174322003e-08
106.42127648031267 0.8161309957504272 0.08969736844301224 1.0643192387190122e-15 -3.332738174322003e-08
106.65565148031268 0.8179665803909302 0.08969736844301224 1.0666631906423017e-15 -3.332738174322003e-08
106.89002648031268 0.8197262287139893 0.08969736844301224 1.0690071425655911e-15 -3.332738174322003e-08
107.12440148031268 0.821414053440094 0.08969736844301224 1.0713510944888806e-15 -3.332738174322003e-08
107.35877648031268 0.8230338096618652 0.08969736844301224 1.0736951522912885e-15 -3.332738174322003e-08
109.23377648031273 0.8339273929595947 0.08969736844301224 1.092446979435841e-15 -3.332738174322003e-08
109.46815148031273 0.8350722193717957 0.08969736844301224 1.0947909313591304e-15 -3.332738174322003e-08
109.70252648031273 0.8361766338348389 0.08969736844301224 1.0971349891615383e-15 -3.332738174322003e-08
109.93690148031273 0.8372425436973572 0.08969736844301224 1.0994789410848278e-15 -3.332738174322003e-08
110.52283898031274 0.8397507071495056 0.08969736844301224 1.1053389267721698e-15 -3.332738174322003e-08
111.10877648031276 0.842055082321167 0.08969736844301224 1.1111989124595119e-15 -3.332738174322003e-08
111.34315148031276 0.8429248929023743 0.08969736844301224 1.1135428643828014e-15 -3.332738174322003e-08
111.57752648031276 0.8437669277191162 0.08969736844301224 1.1158868163060908e-15 -3.332738174322003e-08
112.51502648031278 0.8468821048736572 0.08969736844301224 1.125262729878367e-15 -3.332738174322003e-08
112.74940148031278 0.8476030826568604 0.08969736844301224 1.127606787680775e-15 -3.332738174322003e-08
112.98377648031278 0.8483028411865234 0.08969736844301224 1.1299507396040644e-15 -3.332738174322003e-08
113.21815148031278 0.8489822149276733 0.08969736844301224 1.1322946915273539e-15 -3.332738174322003e-08
115.79627648031283 0.8553263545036316 0.08969736844301224 1.1580785862000116e-15 -3.332738174322003e-08
116.03065148031284 0.8558166027069092 0.08969736844301224 1.160422538123301e-15 -3.332738174322003e-08
116.26502648031284 0.8562947511672974 0.08969736844301224 1.1627664900465905e-15 -3.332738174322003e-08
116.49940148031284 0.8567611575126648 0.08969736844301224 1.1651105478489984e-15 -3.332738174322003e-08
117.08533898031286 0.8578786253929138 0.08969736844301224 1.1709705335363405e-15 -3.332738174322003e-08
117.67127648031287 0.8589315414428711 0.08969736844301224 1.1768304133445641e-15 -3.332738174322003e-08
117.90565148031287 0.8593358993530273 0.08969736844301224 1.179174471146972e-15 -3.332738174322003e-08
118.14002648031287 0.8597310781478882 0.08969736844301224 1.1815184230702614e-15 -3.332738174322003e-08
119.99999999999999 0.8625776171684265 0.08969736844301224 1.2001200077457947e-15 -3.332738174322003e-08
120.0001 0.8625771999359131 0.08969736844301224 1.2001209606578604e-15 -3.332738174322003e-08
120.0003 0.8625768423080444 0.08969736844301224 1.2001229723611101e-15 -3.332738174322003e-08
120.0007 0.8625766634941101 0.08969736844301224 5.5085362049567266e-08 -3.332738174322003e-08
120.00082296359133 0.8625766634941101 0.08969736844301224 3.7334862668103597e-07 -2.703734658382473e-08
120.00089395715415 0.8625766634941101 0.08969736844301224 1.1221796967220143e-06 -1.7930309681446488e-08
120.00093001718528 0.8625766634941101 0.08969736844301224 2.0512820810836274e-06 7.561151704749136e-09
120.00096022839261 0.8625766634941101 0.08969736844301224 3.5439034036244266e-06 1.2863824849773664e-07
120.00099160761754 0.8625766634941101 0.08969736844301224 5.86922260481515e-06 4.206051187338744e-07
120.001 0.8625766634941101 0.08969736844301224 6.662286068603862e-06 5.414081556409656e-07
120.05330733393647 0.8625766634941101 0.08969736844301224 0.0058801197446882725 0.0010191681794822216
120.10561466787291 0.8625766634941101 0.08969736844301224 0.011729849502444267 0.002030424540862441
120.21023252842956 0.8625766634941101 0.08969736844301224 0.023357685655355453 0.004030739422887564
120.41946824954282 0.8625766634941101 0.08969736844301224 0.04639174044132233 0.007963051088154316
120.65384324954282 0.8625766634941101 0.08969736844301224 0.07186633348464966 0.012267548590898514
120.88821824954283 0.8625766634941101 0.08969736844301224 0.09695298224687576 0.016453951597213745
121.12259324954283 0.8625766634941101 0.08969736844301224 0.12163319438695908 0.02051771804690361
121.35696824954283 0.8625766634941101 0.08969736844301224 0.14589868485927582 0.024457566440105438
121.82571824954285 0.8625766634941101 0.08969736844301224 0.1931552290916443 0.03196141496300697
122.06009324954285 0.8625766634941101 0.08969736844301224 0.21613550186157227 0.035524528473615646
122.29446824954285 0.8625766634941101 0.08969736844301224 0.23867374658584595 0.03896072134375572
122.52884324954285 0.8625766634941101 0.08969736844301224 0.26076290011405945 0.04226940497756004
122.76321824954283 0.8625766634941101 0.08969736844301224 0.28239700198173523 0.04545032978057861
122.99759324954282 0.8625766634941101 0.08969736844301224 0.30356714129447937 0.0485028475522995
123.70071824954279 0.8625766634941101 0.08969736844301224 0.36422112584114075 0.05688874423503876
123.93509324954279 0.8625766634941101 0.08969736844301224 0.38346734642982483 0.05942799523472786
124.16946824954277 0.8625766634941101 0.08969736844301224 0.40221959352493286 0.06184045597910881
124.40384324954276 0.8625766634941101 0.08969736844301224 0.4204745292663574 0.0641273558139801
124.63821824954276 0.8625766634941101 0.08969736844301224 0.4382283389568329 0.0662900060415268
125.10696824954273 0.8625766634941101 0.08969736844301224 0.4722246825695038 0.07024958729743958
125.34134324954273 0.8625766634941101 0.08969736844301224 0.4884619116783142 0.07205043733119965
125.57571824954272 0.8625766634941101 0.08969736844301224 0.5041885375976562 0.07373495399951935
125.8100932495427 0.8625766634941101 0.08969736844301224 0.5194076299667358 0.07530605792999268
126.0444682495427 0.8625766634941101 0.08969736844301224 0.534121036529541 0.07676678895950317
126.27884324954269 0.8625766634941101 0.08969736844301224 0.5483275651931763 0.07812029868364334
126.74759324954267 0.8625766634941101 0.08969736844301224 0.5752249956130981 0.08052042126655579
126.98196824954266 0.8625766634941101 0.08969736844301224 0.587926983833313 0.08157503604888916
127.21634324954265 0.8625766634941101 0.08969736844301224 0.6001409888267517 0.08253823220729828
127.45071824954265 0.8625766634941101 0.08969736844301224 0.6118747591972351 0.08341436088085175
127.68509324954263 0.8625766634941101 0.08969736844301224 0.6231353282928467 0.08420802652835846
127.91946824954262 0.8625766634941101 0.08969736844301224 0.6339306831359863 0.08492391556501389
128.3882182495426 0.8625766634941101 0.08969736844301224 0.6541654467582703 0.08614139258861542
128.6225932495426 0.8625766634941101 0.08969736844301224 0.6636263132095337 0.08665266633033752
128.85696824954258 0.8625766634941101 0.08969736844301224 0.6726645231246948 0.08710545301437378
129.09134324954258 0.8625766634941101 0.08969736844301224 0.681293249130249 0.0875042974948883
129.32571824954258 0.8625766634941101 0.08969736844301224 0.6895259618759155 0.08785363286733627
129.56009324954255 0.8625766634941101 0.08969736844301224 0.6973761916160583 0.08815772831439972
129.79446824954255 0.8625766634941101 0.08969736844301224 0.7048580646514893 0.08842054754495621
130.02884324954255 0.8625766634941101 0.08969736844301224 0.7119850516319275 0.08864625543355942
130.26321824954252 0.8625766634941101 0.08969736844301224 0.7187703251838684 0.08883925527334213
130.49759324954252 0.8625766634941101 0.08969736844301224 0.7252278923988342 0.08900320529937744
130.73196824954252 0.8625766634941101 0.08969736844301224 0.7313722372055054 0.08914098143577576
130.9663432495425 0.8625766634941101 0.08969736844301224 0.7372171878814697 0.08925570547580719
131.2007182495425 0.8625766634941101 0.08969736844301224 0.7427760362625122 0.08935067057609558
131.4350932495425 0.8625766634941101 0.08969736844301224 0.7480623722076416 0.08942857384681702
131.66946824954246 0.8625766634941101 0.08969736844301224 0.753089189529419 0.08949179202318192
131.90384324954246 0.8625766634941101 0.08969736844301224 0.7578693628311157 0.08954253792762756
132.37259324954243 0.8625766634941101 0.08969736844301224 0.7667384147644043 0.08961369842290878
132.60696824954243 0.8625766634941101 0.08969736844301224 0.7708508968353271 0.08963750302791595
132.84134324954243 0.8625766634941101 0.08969736844301224 0.7747635841369629 0.08965540677309036
133.0757182495424 0.8625766634941101 0.08969736844301224 0.7784870862960815 0.08966860175132751
133.3100932495424 0.8625766634941101 0.08969736844301224 0.7820312976837158 0.08967795968055725
133.77884324954238 0.8625766634941101 0.08969736844301224 0.78862065076828 0.0896885097026825
134.24759324954238 0.8625766634941101 0.08969736844301224 0.794603705406189 0.08969263732433319
134.48196824954235 0.8625766634941101 0.08969736844301224 0.7973883152008057 0.08969337493181229
134.71634324954235 0.8625766634941101 0.08969736844301224 0.8000451326370239 0.08969369530677795
134.95071824954235 0.8625766634941101 0.08969736844301224 0.8025814890861511 0.0896938145160675
135.18509324954232 0.8625766634941101 0.08969736844301224 0.8050039410591125 0.08969385176897049
135.41946824954232 0.8625766634941101 0.08969736844301224 0.8073186874389648 0.08969385921955109
135.65384324954232 0.8625766634941101 0.08969736844301224 0.8095314502716064 0.08969385921955109
135.8882182495423 0.8625766634941101 0.08969736844301224 0.811647891998291 0.08969385921955109
136.1225932495423 0.8625766634941101 0.08969736844301224 0.813673198223114 0.08969385921955109
136.3569682495423 0.8625766634941101 0.08969736844301224 0.8156123161315918 0.08969385921955109
136.59134324954226 0.8625766634941101 0.08969736844301224 0.8174699544906616 0.08969385921955109
136.82571824954226 0.8625766634941101 0.08969736844301224 0.819250226020813 0.08969385921955109
137.29446824954223 0.8625766634941101 0.08969736844301224 0.8225952982902527 0.08969385921955109
137.52884324954223 0.8625766634941101 0.08969736844301224 0.8241678476333618 0.08969385921955109
137.76321824954223 0.8625766634941101 0.08969736844301224 0.8256784081459045 0.08969385921955109
137.9975932495422 0.8625766634941101 0.08969736844301224 0.8271301984786987 0.08969385921955109
138.2319682495422 0.8625766634941101 0.08969736844301224 0.8285261988639832 0.08969385921955109
138.4663432495422 0.8625766634941101 0.08969736844301224 0.8298691511154175 0.08969385921955109
138.93509324954218 0.8625766634941101 0.08969736844301224 0.8324065804481506 0.08969385921955109
139.16946824954215 0.8625766634941101 0.08969736844301224 0.8336060047149658 0.08969385921955109
139.40384324954215 0.8625766634941101 0.08969736844301224 0.8347623944282532 0.08969385921955109
139.63821824954215 0.8625766634941101 0.08969736844301224 0.8358777761459351 0.08969385921955109
139.87259324954212 0.8625766634941101 0.08969736844301224 0.8369541168212891 0.08969385921955109
140.10696824954212 0.8625766634941101 0.08969736844301224 0.8379932641983032 0.08969385921955109
140.5757182495421 0.8625766634941101 0.08969736844301224 0.8399670124053955 0.08969385921955109
140.8100932495421 0.8625766634941101 0.08969736844301224 0.840904712677002 0.08969385921955109
141.0444682495421 0.8625766634941101 0.08969736844301224 0.8418115377426147 0.08969385921955109
141.74759324954206 0.8625766634941101 0.08969736844301224 0.8443613052368164 0.08969385921955109
141.98196824954204 0.8625766634941101 0.08969736844301224 0.8451584577560425 0.08969385921955109
142.21634324954204 0.8625766634941101 0.08969736844301224 0.8459312319755554 0.08969385921955109
142.45071824954204 0.8625766634941101 0.08969736844301224 0.8466806411743164 0.08969385921955109
142.685093249542 0.8625766634941101 0.08969736844301224 0.8474075198173523 0.08969385921955109
144.56009324954195 0.8625766634941101 0.08969736844301224 0.8525199890136719 0.08969385921955109
145.02884324954192 0.8625766634941101 0.08969736844301224 0.8536302447319031 0.08969385921955109
145.4975932495419 0.8625766634941101 0.08969736844301224 0.8546833395957947 0.08969385921955109
145.7319682495419 0.8625766634941101 0.08969736844301224 0.8551897406578064 0.08969385921955109
145.9663432495419 0.8625766634941101 0.08969736844301224 0.855683445930481 0.08969385921955109
146.20071824954186 0.8625766634941101 0.08969736844301224 0.8561648726463318 0.08969385921955109
146.43509324954186 0.8625766634941101 0.08969736844301224 0.8566344976425171 0.08969385921955109
146.66946824954186 0.8625766634941101 0.08969736844301224 0.8570927381515503 0.08969385921955109
146.90384324954184 0.8625766634941101 0.08969736844301224 0.8575400114059448 0.08969385921955109
147.13821824954184 0.8625766634941101 0.08969736844301224 0.8579765558242798 0.08969385921955109
147.37259324954184 0.8625766634941101 0.08969736844301224 0.8584029078483582 0.08969385921955109
147.8413432495418 0.8625766634941101 0.08969736844301224 0.8592261672019958 0.08969385921955109
148.0757182495418 0.8625766634941101 0.08969736844301224 0.8596237897872925 0.08969385921955109
148.31009324954178 0.8625766634941101 0.08969736844301224 0.8600125312805176 0.08969385921955109
148.54446824954178 0.8625766634941101 0.08969736844301224 0.8603926301002502 0.08969385921955109
148.77884324954178 0.8625766634941101 0.08969736844301224 0.8607643842697144 0.08969385921955109
149.01321824954175 0.8625766634941101 0.08969736844301224 0.861128032207489 0.08969385921955109
149.71634324954172 0.8625766634941101 0.08969736844301224 0.8621730804443359 0.08969385921955109
149.95071824954172 0.8625766634941101 0.08969736844301224 0.862508237361908 0.08969385921955109
150.0 0.8625766634941101 0.08969736844301224 0.8625779151916504 0.08969385921955109
150.0001 0.8625766634941101 0.08969736844301224 0.8625780344009399 0.08969385921955109
150.0003 0.8625766634941101 0.08969736844301224 0.8625780940055847 0.08969385921955109
150.0007 0.8625766634941101 0.08969736844301224 0.8625780344009399 0.08969385921955109
150.001 0.8625766634941101 0.08969736844301224 0.8625779151916504 0.08969385921955109
179.99999999999997 0.8625766634941101 0.08969736844301224 0.8625779151916504 0.08969385921955109
180.0001 0.8625766634941101 0.08969736844301224 0.8625779151916504 0.08969385921955109
180.0003 0.8625766634941101 0.08969736844301224 0.8625777959823608 0.08969385921955109
180.0007 0.8625766634941101 0.08969736844301224 0.8625757694244385 0.08969385921955109
180.001 0.8625766634941101 0.08969736844301224 0.8625719547271729 0.08969385921955109
180.00224000000003 0.8625766634941101 0.08969736844301224 0.8624789714813232 0.08969385921955109
180.00348000000002 0.8625766634941101 0.08969736844301224 0.8623859286308289 0.08969385921955109
180.00604000000007 0.8625766634941101 0.08969736844301224 0.8621936440467834 0.08969385921955109
180.02140000000034 0.8625766634941101 0.08969736844301224 0.8610355257987976 0.08969385921955109
180.04188000000067 0.8625766634941101 0.08969736844301224 0.8594796061515808 0.08969385921955109
180.0828400000013 0.8625766634941101 0.08969736844301224 0.8563276529312134 0.08969385921955109
180.1647600000026 0.8625766634941101 0.08969736844301224 0.8498665690422058 0.08969385921955109
180.32860000000517 0.8625766634941101 0.08969736844301224 0.8364274501800537 0.08969385921955109
180.56297500000517 0.8625766634941101 0.08969736844301224 0.8162304759025574 0.08969385921955109
180.79735000000514 0.8625766634941101 0.08969736844301224 0.7949190139770508 0.08969385921955109
181.03172500000514 0.8625766634941101 0.08969736844301224 0.7724859714508057 0.08969385921955109
181.26610000000514 0.8625766634941101 0.08969736844301224 0.7490242123603821 0.08969385921955109
181.5004750000051 0.8625766634941101 0.08969736844301224 0.7246227264404297 0.08969385921955109
181.7348500000051 0.8625766634941101 0.08969736844301224 0.6993651390075684 0.08969385921955109
181.9692250000051 0.8625766634941101 0.08969736844301224 0.6733284592628479 0.08969385921955109
182.20360000000508 0.8625766634941101 0.08969736844301224 0.6465831995010376 0.08969385921955109
182.43797500000508 0.8625766634941101 0.08969736844301224 0.6191930770874023 0.08969385921955109
182.67235000000508 0.8625766634941101 0.08969736844301224 0.5912154912948608 0.08969385921955109
182.90672500000505 0.8625766634941101 0.08969736844301224 0.5627021789550781 0.08969385921955109
183.14110000000505 0.8625766634941101 0.08969736844301224 0.5336992144584656 0.08969385921955109
183.60985000000503 0.8625766634941101 0.08969736844301224 0.4743858575820923 0.08969385921955109
183.84422500000503 0.8625766634941101 0.08969736844301224 0.4441458582878113 0.08969385921955109
184.078600000005 0.8625766634941101 0.08969736844301224 0.4135579764842987 0.08969385921955109
184.312975000005 0.8625766634941101 0.08969736844301224 0.38264918327331543 0.08969385921955109
184.547350000005 0.8625766634941101 0.08969736844301224 0.3514441251754761 0.08969385921955109
184.78172500000497 0.8625766634941101 0.08969736844301224 0.31996574997901917 0.08969385921955109
185.01610000000497 0.8625766634941101 0.08969736844301224 0.2882366478443146 0.08969385921955109
185.48485000000494 0.8625766634941101 0.08969736844301224 0.22413665056228638 0.08969385921955109
185.71922500000494 0.8625766634941101 0.08969736844301224 0.19186100363731384 0.08969385921955109
185.95360000000494 0.8625766634941101 0.08969736844301224 0.1595812439918518 0.08969385921955109
186.1879750000049 0.8625766634941101 0.08969736844301224 0.12757590413093567 0.08969385921955109
186.4223500000049 0.8625766634941101 0.08969736844301224 0.0964328795671463 0.08969385921955109
186.6567250000049 0.8625766634941101 0.08969736844301224 0.06721485406160355 0.08969385921955109
186.89110000000488 0.8625766634941101 0.08969736844301224 0.04137704521417618 0.08969385921955109
187.12547500000488 0.8625766634941101 0.08969736844301224 0.02020072750747204 0.08969385921955109
187.35985000000488 0.8625766634941101 0.08969736844301224 0.003943855874240398 0.08969385921955109
187.44311085775303 0.8625766634941101 0.08969736844301224 0.00023663423780817538 0.08969385921955109
187.45905802000914 0.8625766634941101 0.08969736844301224 -3.3385838094091014e-08 0.08969385921955109
202.911464764303 0.8625766634941101 0.08969736844301224 -3.3385838094091014e-08 0.08969385921955109
209.99999999999997 0.8625766634941101 0.08969736844301224 -3.3399757626284554e-08 0.08969385921955109
210.00009999999997 0.8625766634941101 0.08969736844301224 -3.336934284448034e-08 0.08969385921955109
210.0003 0.8625766634941101 0.08969736844301224 -3.334382370212552e-08 0.08969385921955109
210.00070000000002 0.8625766634941101 0.08969736844301224 -3.332774056730159e-08 0.08969385921955109
210.00090927812 0.8625766634941101 0.08969736844301224 -3.3317448355774104e-08 0.08969385921955109
210.00100000000003 0.8625766634941101 0.08969736844301224 -3.33146168429721e-08 0.08969385921955109
224.82984458120913 0.8625766634941101 0.08969736844301224 0.055264879018068314 0.08969385921955109
239.6586891624182 0.8625766634941101 0.08969736844301224 0.10728981345891953 0.08969385921955109
239.8930641624182 0.8625766634941101 0.08969736844301224 0.10808607190847397 0.08969385921955109
239.99999999999997 0.8625766634941101 0.08969736844301224 0.10844914615154266 0.08969385921955109
