time a b c w1 w2
0.0 0.0 0.0 0.0 0.0 0.0
0.00022499999086100786 2.2502248991058203e-21 1.0 1.0 2.2502248991058203e-21 2.2502248991058203e-21
0.0004499999817220157 4.5004497982116405e-21 1.0 1.0 -5.561219040828291e-09 -5.561219040828291e-09
0.0008999999634440314 9.000899596423281e-21 1.0 1.0 -3.033930084939129e-08 -3.033930084939129e-08
0.001 1.0000999731091105e-20 1.0 1.0 -3.338046639100867e-08 -3.338046639100867e-08
29.999999999999996 3.000300019364487e-16 1.0 1.0 -3.338031717703416e-08 -3.338031717703416e-08
30.000099999999996 3.0003100778807355e-16 1.0 1.0 -3.3361402529408224e-08 -3.3361402529408224e-08
30.0003 3.0003299302154367e-16 1.0 1.0 -3.334271880817141e-08 -3.334272591359877e-08
30.0007 3.0003698995826353e-16 1.0 1.0 -3.333283515871699e-08 -3.333288489670849e-08
30.00082296345331 1.001581928505857e-08 1.0 1.0 -3.0818966934020864e-08 -3.33316094724978e-08
30.000893956526564 5.4405145277769407e-08 1.0 1.0 2.5733816855222358e-08 -3.333121156856578e-08
30.000929690199694 1.2102346147457865e-07 1.0 1.0 5.380876899607756e-08 -3.333121156856578e-08
30.000951762244238 1.9572935627820698e-07 1.0 1.0 3.083315647245399e-08 -3.333121156856578e-08
30.0009648726154 2.7613469910647837e-07 1.0 1.0 1.7422247822196368e-07 -3.333121156856578e-08
30.000975246636127 3.8425392290264426e-07 1.0 1.0 5.994534149067476e-07 -3.333121156856578e-08
30.000986774946007 5.518185730579717e-07 1.0 1.0 1.414651592313021e-06 -3.333121156856578e-08
30.00100132940621 8.081779014901258e-07 1.0 1.0 2.7589001092565013e-06 -3.333121156856578e-08
30.175247930370993 0.0036319748032838106 1.0 1.0 0.020325710996985435 -3.333121156856578e-08
30.34949453133578 0.007201670669019222 1.0 1.0 0.040454037487506866 -3.333121156856578e-08
30.52527578133578 0.01072649285197258 1.0 1.0 0.06051693856716156 -3.333121156856578e-08
30.87683828133578 0.017566513270139694 1.0 1.0 0.09997197985649109 -3.333121156856578e-08
31.22840078133578 0.024149389937520027 1.0 1.0 0.1385946273803711 -3.333121156856578e-08
31.75574453133578 0.033490344882011414 1.0 1.0 0.19477882981300354 -3.333121156856578e-08
32.28308828133578 0.04214371740818024 1.0 1.0 0.24865998327732086 -3.333121156856578e-08
32.81043203133577 0.050033677369356155 1.0 1.0 0.2999207377433777 -3.333121156856578e-08
33.16199453133577 0.05489169433712959 1.0 1.0 0.3326781988143921 -3.333121156856578e-08
33.33777578133577 0.05719011276960373 1.0 1.0 0.3485869765281677 -3.333121156856578e-08
33.68933828133577 0.06155215576291084 1.0 1.0 0.3795449733734131 -3.333121156856578e-08
34.39246328133577 0.06940548121929169 1.0 1.0 0.43818262219429016 -3.333121156856578e-08
34.56824453133577 0.0711774230003357 1.0 1.0 0.45209991931915283 -3.333121156856578e-08
35.09558828133577 0.07603500783443451 1.0 1.0 0.49201104044914246 -3.333121156856578e-08
35.71082265633577 0.08083061873912811 1.0 1.0 0.5349158644676208 -3.333121156856578e-08
36.326057031335765 0.08472080528736115 1.0 1.0 0.5737756490707397 -3.333121156856578e-08
36.677619531335765 0.08660826832056046 1.0 1.0 0.5943852066993713 -3.333121156856578e-08
37.292853906335765 0.08934487402439117 1.0 1.0 0.6275489926338196 -3.333121156856578e-08
37.908088281335765 0.0914144515991211 1.0 1.0 0.6570081114768982 -3.333121156856578e-08
38.259650781335765 0.09233711659908295 1.0 1.0 0.6722425222396851 -3.333121156856578e-08
38.611213281335765 0.0931154415011406 1.0 1.0 0.6865144968032837 -3.333121156856578e-08
38.786994531335765 0.09345881640911102 1.0 1.0 0.6933220028877258 -3.333121156856578e-08
38.962775781335765 0.09376734495162964 1.0 1.0 0.6998681426048279 -3.333121156856578e-08
39.13855703133576 0.09404567629098892 1.0 1.0 0.7061787843704224 -3.333121156856578e-08
39.66590078133576 0.09470999240875244 1.0 1.0 0.7236531972885132 -3.333121156856578e-08
40.01746328133576 0.0950271338224411 1.0 1.0 0.7341125011444092 -3.333121156856578e-08
40.89636953133576 0.09552711993455887 1.0 1.0 0.7568722367286682 -3.333121156856578e-08
41.77527578133576 0.09575509279966354 1.0 1.0 0.7754784822463989 -3.333121156856578e-08
42.30261953133575 0.0958193689584732 1.0 1.0 0.7850393056869507 -3.333121156856578e-08
42.82996328133575 0.09585355967283249 1.0 1.0 0.7935844659805298 -3.333121156856578e-08
43.18152578133575 0.09586513042449951 1.0 1.0 0.7987608313560486 -3.333121156856578e-08
43.70886953133575 0.09587247669696808 1.0 1.0 0.8057451248168945 -3.333121156856578e-08
44.67566640633575 0.09587438404560089 1.0 1.0 0.8165192008018494 -3.333121156856578e-08
45.64246328133574 0.09587428718805313 1.0 1.0 0.8254578113555908 -3.333121156856578e-08
47.40027578133574 0.09587428718805313 1.0 1.0 0.8378209471702576 -3.333121156856578e-08
48.19129140633574 0.09587428718805313 1.0 1.0 0.8422103524208069 -3.333121156856578e-08
48.982307031335736 0.09587428718805313 1.0 1.0 0.8460288047790527 -3.333121156856578e-08
49.949103906335736 0.09587428718805313 1.0 1.0 0.8501777648925781 -3.333121156856578e-08
50.915900781335736 0.09587428718805313 1.0 1.0 0.8538329601287842 -3.333121156856578e-08
51.443244531335736 0.09587428718805313 1.0 1.0 0.8555848598480225 -3.333121156856578e-08
51.970588281335736 0.09587428718805313 1.0 1.0 0.8572106957435608 -3.333121156856578e-08
53.11316640633573 0.09587428718805313 1.0 1.0 0.8604432940483093 -3.333121156856578e-08
54.25574453133573 0.09587428718805313 1.0 1.0 0.863150954246521 -3.333121156856578e-08
54.78308828133573 0.09587428718805313 1.0 1.0 0.8642875552177429 -3.333121156856578e-08
56.18933828133572 0.09587428718805313 1.0 1.0 0.8669618368148804 -3.333121156856578e-08
57.59558828133572 0.09587428718805313 1.0 1.0 0.8691908717155457 -3.333121156856578e-08
58.12293203133572 0.09587428718805313 1.0 1.0 0.8699866533279419 -3.333121156856578e-08
58.29871328133572 0.09587428718805313 1.0 1.0 0.8702455759048462 -3.333121156856578e-08
58.474494531335715 0.09587428718805313 1.0 1.0 0.8704991340637207 -3.333121156856578e-08
58.650275781335715 0.09587428718805313 1.0 1.0 0.8707473278045654 -3.333121156856578e-08
59.99999999999999 0.09587428718805313 1.0 1.0 0.872516930103302 -3.333121156856578e-08
60.000099999999996 0.09587428718805313 1.0 1.0 0.8725169897079468 -3.333121156856578e-08
60.000299999999996 0.09587428718805313 1.0 1.0 0.8725169897079468 -3.333121156856578e-08
60.000699999999995 0.09587428718805313 1.0 0.9999999403953552 0.8725166320800781 -3.333121156856578e-08
60.001000000000005 0.09587428718805313 1.0 0.9999998211860657 0.8725162148475647 -3.333121156856578e-08
60.00608000000005 0.09587428718805313 1.0 0.9999939799308777 0.8725162148475647 -3.333121156856578e-08
60.01116000000009 0.09587428718805313 1.0 0.9999881982803345 0.8725162148475647 -3.333121156856578e-08
60.021400000000185 0.09587428718805313 1.0 0.9999765157699585 0.8725162148475647 -3.333121156856578e-08
60.04188000000037 0.09587428718805313 1.0 0.9999529719352722 0.8725162148475647 -3.333121156856578e-08
60.16476000000147 0.09587428718805313 1.0 0.9998077154159546 0.8725162148475647 -3.333121156856578e-08
60.328600000002936 0.09587428718805313 1.0 0.9996070861816406 0.8725162148475647 -3.333121156856578e-08
60.350572656252936 0.09587428718805313 1.0 0.999579668045044 0.8725162148475647 -3.333121156856578e-08
60.39451796875294 0.09587428718805313 1.0 0.9995235800743103 0.8725162148475647 -3.333121156856578e-08
60.48240859375294 0.09587428718805313 1.0 0.9994092583656311 0.8725162148475647 -3.333121156856578e-08
60.50438125000294 0.09587428718805313 1.0 0.9993800520896912 0.8725162148475647 -3.333121156856578e-08
60.54832656250295 0.09587428718805313 1.0 0.9993203282356262 0.8725162148475647 -3.333121156856578e-08
60.65818984375295 0.09587428718805313 1.0 0.9991689920425415 0.8725162148475647 -3.333121156856578e-08
60.70213515625295 0.09587428718805313 1.0 0.9991071224212646 0.8725162148475647 -3.333121156856578e-08
60.79002578125295 0.09587428718805313 1.0 0.9989811182022095 0.8725162148475647 -3.333121156856578e-08
60.85594375000296 0.09587428718805313 1.0 0.9988837242126465 0.8725162148475647 -3.333121156856578e-08
60.96580703125296 0.09587428718805313 1.0 0.998717188835144 0.8725162148475647 -3.333121156856578e-08
61.097642968752965 0.09587428718805313 1.0 0.998508095741272 0.8725162148475647 -3.333121156856578e-08
61.16356093750296 0.09587428718805313 1.0 0.9983999133110046 0.8725162148475647 -3.333121156856578e-08
61.427232812502965 0.09587428718805313 1.0 0.9979374408721924 0.8725162148475647 -3.333121156856578e-08
61.80076796875296 0.09587428718805313 1.0 0.9972166419029236 0.8725162148475647 -3.333121156856578e-08
61.844713281252965 0.09587428718805313 1.0 0.9971246123313904 0.8725162148475647 -3.333121156856578e-08
61.93260390625297 0.09587428718805313 1.0 0.9969334006309509 0.8725162148475647 -3.333121156856578e-08
62.10838515625297 0.09587428718805313 1.0 0.9965366721153259 0.8725162148475647 -3.333121156856578e-08
62.174303125002965 0.09587428718805313 1.0 0.9963797926902771 0.8725162148475647 -3.333121156856578e-08
62.32811171875297 0.09587428718805313 1.0 0.9959971308708191 0.8725162148475647 -3.333121156856578e-08
62.59178359375298 0.09587428718805313 1.0 0.9952646493911743 0.8725162148475647 -3.333121156856578e-08
62.83348281250298 0.09587428718805313 1.0 0.9945308566093445 0.8725162148475647 -3.333121156856578e-08
62.98729140625298 0.09587428718805313 1.0 0.9940164089202881 0.8725162148475647 -3.333121156856578e-08
63.250963281252986 0.09587428718805313 1.0 0.9930191040039062 0.8725162148475647 -3.333121156856578e-08
63.62449843750298 0.09587428718805313 1.0 0.9914045929908752 0.8725162148475647 -3.333121156856578e-08
63.75633437500299 0.09587428718805313 1.0 0.990738034248352 0.8725162148475647 -3.333121156856578e-08
64.12986953125298 0.09587428718805313 1.0 0.9885790944099426 0.8725162148475647 -3.333121156856578e-08
64.4869251953155 0.09587428718805313 1.0 0.9860047101974487 0.8725162148475647 -3.333121156856578e-08
64.84398085937801 0.09587428718805313 1.0 0.9827133417129517 0.8725162148475647 -3.333121156856578e-08
65.041734765628 0.09587428718805313 1.0 0.9805994629859924 0.8725162148475647 -3.333121156856578e-08
65.17357070312801 0.09587428718805313 1.0 0.9789491891860962 0.8725162148475647 -3.333121156856578e-08
65.34935195312801 0.09587428718805313 1.0 0.9764981269836426 0.8725162148475647 -3.333121156856578e-08
65.70091445312801 0.09587428718805313 1.0 0.9706116914749146 0.8725162148475647 -3.333121156856578e-08
66.05247695312801 0.09587428718805313 1.0 0.9629872441291809 0.8725162148475647 -3.333121156856578e-08
66.57982070312801 0.09587428718805313 1.0 0.94719398021698 0.8725162148475647 -3.333121156856578e-08
67.10716445312801 0.09587428718805313 1.0 0.9247680306434631 0.8725162148475647 -3.333121156856578e-08
67.28294570312801 0.09587428718805313 1.0 0.9155600666999817 0.8725162148475647 -3.333121156856578e-08
67.45872695312801 0.09587428718805313 1.0 0.9054442644119263 0.8725162148475647 -3.333121156856578e-08
67.63450820312801 0.09587428718805313 1.0 0.8944381475448608 0.8725162148475647 -3.333121156856578e-08
67.81028945312801 0.09587428718805313 1.0 0.8825435042381287 0.8725162148475647 -3.333121156856578e-08
67.986070703128 0.09587428718805313 1.0 0.8697723746299744 0.8725162148475647 -3.333121156856578e-08
68.161851953128 0.09587428718805313 1.0 0.8561689853668213 0.8725162148475647 -3.333121156856578e-08
68.337633203128 0.09587428718805313 1.0 0.841766893863678 0.8725162148475647 -3.333121156856578e-08
68.513414453128 0.09587428718805313 1.0 0.8266000747680664 0.8725162148475647 -3.333121156856578e-08
68.689195703128 0.09587428718805313 1.0 0.8107130527496338 0.8725162148475647 -3.333121156856578e-08
68.864976953128 0.09587428718805313 1.0 0.7941445112228394 0.8725162148475647 -3.333121156856578e-08
69.040758203128 0.09587428718805313 1.0 0.7769405841827393 0.8725162148475647 -3.333121156856578e-08
69.216539453128 0.09587428718805313 1.0 0.7591501474380493 0.8725162148475647 -3.333121156856578e-08
69.392320703128 0.09587428718805313 1.0 0.7408137321472168 0.8725162148475647 -3.333121156856578e-08
69.765855859378 0.09587428718805313 1.0 0.7003079056739807 0.8725162148475647 -3.333121156856578e-08
69.89769179687801 0.09587428718805313 1.0 0.6854360103607178 0.8725162148475647 -3.333121156856578e-08
70.249254296878 0.09587428718805313 1.0 0.6447906494140625 0.8725162148475647 -3.333121156856578e-08
70.425035546878 0.09587428718805313 1.0 0.6239365935325623 0.8725162148475647 -3.333121156856578e-08
70.600816796878 0.09587428718805313 1.0 0.6027408242225647 0.8725162148475647 -3.333121156856578e-08
70.952379296878 0.09587428718805313 1.0 0.5594426393508911 0.8725162148475647 -3.333121156856578e-08
71.128160546878 0.09587428718805313 1.0 0.5373751521110535 0.8725162148475647 -3.333121156856578e-08
71.479723046878 0.09587428718805313 1.0 0.4925418496131897 0.8725162148475647 -3.333121156856578e-08
71.831285546878 0.09587428718805313 1.0 0.44686561822891235 0.8725162148475647 -3.333121156856578e-08
72.182848046878 0.09587428718805313 1.0 0.400391161441803 0.8725162148475647 -3.333121156856578e-08
72.534410546878 0.09587428718805313 1.0 0.35322463512420654 0.8725162148475647 -3.333121156856578e-08
72.885973046878 0.09587428718805313 1.0 0.3054506778717041 0.8725162148475647 -3.333121156856578e-08
73.237535546878 0.09587428718805313 1.0 0.25717201828956604 0.8725162148475647 -3.333121156856578e-08
73.764879296878 0.09587428718805313 1.0 0.18400681018829346 0.8725162148475647 -3.333121156856578e-08
74.292223046878 0.09587428718805313 1.0 0.1108676865696907 0.8725162148475647 -3.333121156856578e-08
74.468004296878 0.09587428718805313 1.0 0.08733884245157242 0.8725162148475647 -3.333121156856578e-08
74.643785546878 0.09587428718805313 1.0 0.06507313996553421 0.8725162148475647 -3.333121156856578e-08
74.819566796878 0.09587428718805313 1.0 0.044815320521593094 0.8725162148475647 -3.333121156856578e-08
74.995348046878 0.09587428718805313 1.0 0.027307288721203804 0.8725162148475647 -3.333121156856578e-08
75.171129296878 0.09587428718805313 1.0 0.012978969141840935 0.8725162148475647 -3.333121156856578e-08
75.346910546878 0.09587428718805313 1.0 0.0017687736544758081 0.8725162148475647 -3.333121156856578e-08
75.39115216300293 0.09587428718805313 1.0 8.002929098438472e-05 0.8725162148475647 -3.333121156856578e-08
75.3987767042671 0.09587428718805313 1.0 -3.338614362746739e-08 0.8725162148475647 -3.333121156856578e-08
89.99999999999999 0.09587428718805313 1.0 -3.3380853636799657e-08 0.8725162148475647 -3.333121156856578e-08
90.0001 0.09587428718805313 1.0 -3.337133591685415e-08 0.8725162148475647 -3.333121156856578e-08
90.0003 0.09587428718805313 1.0 -3.3353192208096516e-08 0.8725160956382751 -3.333121156856578e-08
90.00047404653235 0.09587428718805313 1.0 -1.7234489391171337e-08 0.8725173473358154 -3.333121156856578e-08
90.00082213959706 0.09587428718805313 1.0 6.331770663337011e-08 0.8725244402885437 -3.333121156856578e-08
90.001 0.09587428718805313 1.0 1.1270572741750584e-07 0.8725289702415466 -3.333121156856578e-08
119.99999999999999 0.09587428718805313 1.0 1.1270572741750584e-07 0.8725289702415466 -3.333121156856578e-08
120.0001 0.09587428718805313 1.0 1.1270572741750584e-07 0.8725289702415466 -3.333121156856578e-08
120.0003 0.09587428718805313 1.0 1.1270572741750584e-07 0.8725289702415466 -3.333121156856578e-08
120.00040039956023 0.09587428718805313 1.0 1.1270572741750584e-07 0.8725289702415466 -3.333121156856578e-08
120.00046059150083 0.09587428718805313 1.0 1.1270572741750584e-07 0.8725289702415466 -3.333121156856578e-08
120.00049548710606 0.09587422758340836 1.0 1.1270572741750584e-07 0.8725289702415466 1.9240948745391506e-07
120.00051584041884 0.09587406367063522 1.0 1.1270572741750584e-07 0.8725289702415466 8.473645607409708e-07
120.00053473230012 0.09587375074625015 1.0 1.1270572741750584e-07 0.8725289702415466 1.97767440113239e-06
120.0005456559577 0.09587352722883224 1.0 1.1270572741750584e-07 0.8725289702415466 2.710769649638678e-06
120.00055970551455 0.09587321430444717 1.0 1.1270572741750584e-07 0.8725289702415466 3.6188969261274906e-06
120.00058780462828 0.09587247669696808 1.0 1.1270572741750584e-07 0.8725289702415466 5.331528882379644e-06
120.00064400285575 0.09587056189775467 1.0 1.1270572741750584e-07 0.8725289702415466 8.379137398151215e-06
120.00075639931069 0.09586551040410995 1.0 1.227825094929358e-07 0.8725289702415466 1.3622919141198508e-05
120.00081282198676 0.09586217254400253 1.0 1.7067242197299493e-07 0.8725289702415466 1.586926191521343e-05
120.0008471430762 0.095859594643116 1.0 3.1469292594010767e-07 0.8725289702415466 1.7039954400388524e-05
120.00088891810269 0.09585593640804291 1.0 8.101621915557189e-07 0.8725289702415466 1.8318294678465463e-05
120.00092354164951 0.09585250914096832 1.0 1.7291002905039932e-06 0.8725289702415466 1.9275852537248284e-05
120.00095769729658 0.09584871679544449 1.0 3.411038733247551e-06 0.8725289702415466 2.012725963140838e-05
120.00098991071188 0.0958448052406311 1.0 5.777791102445917e-06 0.8725289702415466 2.0865472833975218e-05
120.001 0.09584350883960724 1.0 6.740945991623448e-06 0.8725289702415466 2.108349508489482e-05
120.01725407993003 0.09366894513368607 1.0 0.001900017261505127 0.8725289702415466 0.0003590123960748315
120.03350815986005 0.09150426089763641 1.0 0.0037975190207362175 0.8725289702415466 0.0006982801132835448
120.06602028848579 0.0872073620557785 1.0 0.007599991746246815 0.8725289702415466 0.0013791212113574147
120.13104454573728 0.07878535985946655 1.0 0.015198114328086376 0.8725289702415466 0.002738649956882
120.26109306024024 0.06271357089281082 1.0 0.030309313908219337 0.8725289702415466 0.005430817604064941
120.43687431024024 0.04283064603805542 1.0 0.05052625387907028 0.8725289702415466 0.009004033170640469
120.61265556024024 0.025648554787039757 1.0 0.07049226760864258 0.8725289702415466 0.012498493306338787
120.78843681024024 0.011656442657113075 1.0 0.09022101759910583 0.8725289702415466 0.015918882563710213
120.96421806024024 0.0009432321530766785 1.0 0.10979048162698746 0.8725289702415466 0.019289737567305565
120.99916508966294 1.725868605717551e-05 1.0 0.11365900188684464 0.8725289702415466 0.019953066483139992
121.04703520310856 -3.3386157838322106e-08 1.0 0.11892745643854141 0.8725289702415466 0.020852256566286087
121.42993450375484 -3.3386157838322106e-08 1.0 0.16037559509277344 0.8725289702415466 0.027832727879285812
121.81283380440108 -3.3386157838322106e-08 1.0 0.20084628462791443 0.8725289702415466 0.03451714664697647
121.98861505440108 -3.3386157838322106e-08 1.0 0.21903254091739655 0.8725289702415466 0.03746829554438591
122.51595880440112 -3.3386157838322106e-08 1.0 0.2718384563922882 0.8725289702415466 0.04580584913492203
122.86752130440115 -3.3386157838322106e-08 1.0 0.3056420683860779 0.8725289702415466 0.050959497690200806
123.21908380440118 -3.3386157838322106e-08 1.0 0.33824872970581055 0.8725289702415466 0.05577541142702103
123.3948650544012 -3.3386157838322106e-08 1.0 0.35407352447509766 0.8725289702415466 0.058050744235515594
123.92220880440122 -3.3386157838322106e-08 1.0 0.39987242221832275 0.8725289702415466 0.06442219018936157
124.27377130440125 -3.3386157838322106e-08 1.0 0.4291241765022278 0.8725289702415466 0.06833036988973618
124.8011150544013 -3.3386157838322106e-08 1.0 0.47058922052383423 0.8725289702415466 0.07357510924339294
125.15267755440132 -3.3386161391035785e-08 1.0 0.49669793248176575 0.8725289702415466 0.0766913890838623
125.32845880440134 -3.3386161391035785e-08 1.0 0.5092707872390747 0.8725289702415466 0.07813442498445511
125.68002130440136 -3.3386161391035785e-08 1.0 0.5333967804908752 0.8725289702415466 0.08078346401453018
126.20736505440141 -3.3386161391035785e-08 1.0 0.5670901536941528 0.8725289702415466 0.08420100808143616
126.55892755440142 -3.3386161391035785e-08 1.0 0.5881009697914124 0.8725289702415466 0.0861702412366867
126.91049005440145 -3.3386161391035785e-08 1.0 0.6079938411712646 0.8725289702415466 0.08791492879390717
127.43783380440149 -3.3386161391035785e-08 1.0 0.6353648900985718 0.8725289702415466 0.09006337821483612
127.96517755440154 -3.3386161391035785e-08 1.0 0.6600599884986877 0.8725289702415466 0.09174317866563797
128.14095880440155 -3.3386161391035785e-08 1.0 0.6677366495132446 0.8725289702415466 0.09221339225769043
128.31674005440155 -3.3386161391035785e-08 1.0 0.6751538515090942 0.8725289702415466 0.0926438644528389
128.49252130440158 -3.3386161391035785e-08 1.0 0.6823346018791199 0.8725289702415466 0.09303953498601913
128.66830255440158 -3.3386164943749463e-08 1.0 0.6892824172973633 0.8725289702415466 0.09340208768844604
129.28353692940163 -3.3386164943749463e-08 1.0 0.7116606831550598 0.8725289702415466 0.0944155603647232
129.89877130440166 -3.3386164943749463e-08 1.0 0.7311369180679321 0.8725289702415466 0.0950913205742836
130.2503338044017 -3.3386164943749463e-08 1.0 0.7409976124763489 0.8725289702415466 0.09535294771194458
130.42611505440172 -3.3386164943749463e-08 1.0 0.7456493377685547 0.8725289702415466 0.0954597219824791
130.60189630440172 -3.3386164943749463e-08 1.0 0.7501510977745056 0.8725289702415466 0.09555480629205704
130.77767755440175 -3.3386164943749463e-08 1.0 0.7544766664505005 0.8725289702415466 0.09563710540533066
131.12924005440178 -3.3386164943749463e-08 1.0 0.7625516653060913 0.8725289702415466 0.09576351940631866
131.4808025544018 -3.3386164943749463e-08 1.0 0.7700195908546448 0.8725289702415466 0.09585464000701904
131.83236505440183 -3.3386164943749463e-08 1.0 0.7768744230270386 0.8725289702415466 0.09591659903526306
132.35970880440186 -3.3386164943749463e-08 1.0 0.7862700819969177 0.8725289702415466 0.09597514569759369
132.8870525544019 -3.3386164943749463e-08 1.0 0.7946714162826538 0.8725289702415466 0.0960058644413948
133.06283380440192 -3.3386164943749463e-08 1.0 0.7972604036331177 0.8725289702415466 0.09601160883903503
133.23861505440192 -3.3386164943749463e-08 1.0 0.7997627258300781 0.8725289702415466 0.0960160344839096
133.41439630440195 -3.3386164943749463e-08 1.0 0.8021594285964966 0.8725289702415466 0.09601913392543793
133.59017755440195 -3.3386164943749463e-08 1.0 0.8044513463973999 0.8725289702415466 0.0960211381316185
134.205411929402 -3.3386164943749463e-08 1.0 0.8117803931236267 0.8725289702415466 0.09602378308773041
134.82064630440203 -3.3386164943749463e-08 1.0 0.8181219100952148 0.8725289702415466 0.09602392464876175
135.17220880440206 -3.3386164943749463e-08 1.0 0.8214806318283081 0.8725289702415466 0.09602392464876175
135.78744317940212 -3.3386164943749463e-08 1.0 0.8268580436706543 0.8725289702415466 0.09602392464876175
136.40267755440217 -3.3386164943749463e-08 1.0 0.8315593004226685 0.8725289702415466 0.09602392464876175
136.57845880440217 -3.3386164943749463e-08 1.0 0.8328002691268921 0.8725289702415466 0.09602392464876175
136.7542400544022 -3.3386164943749463e-08 1.0 0.833992600440979 0.8725289702415466 0.09602392464876175
136.9300213044022 -3.3386164943749463e-08 1.0 0.8351389765739441 0.8725289702415466 0.09602392464876175
137.1058025544022 -3.3386164943749463e-08 1.0 0.8362418413162231 0.8725289702415466 0.09602392464876175
137.45736505440223 -3.3386164943749463e-08 1.0 0.8383327126502991 0.8725289702415466 0.09602392464876175
137.9847088044023 -3.3386164943749463e-08 1.0 0.8413041234016418 0.8725289702415466 0.09602392464876175
138.77572442940235 -3.3386164943749463e-08 1.0 0.8452398180961609 0.8725289702415466 0.09602392464876175
139.5667400544024 -3.3386164943749463e-08 1.0 0.848733127117157 0.8725289702415466 0.09602392464876175
140.09408380440243 -3.3386164943749463e-08 1.0 0.8509025573730469 0.8725289702415466 0.09602392464876175
141.14877130440252 -3.3386164943749463e-08 1.0 0.8547648191452026 0.8725289702415466 0.09602392464876175
142.2034588044026 -3.3386164943749463e-08 1.0 0.8580718040466309 0.8725289702415466 0.09602392464876175
142.55502130440263 -3.3386164943749463e-08 1.0 0.8590887784957886 0.8725289702415466 0.09602392464876175
142.99447442940266 -3.3386164943749463e-08 1.0 0.8602806329727173 0.8725289702415466 0.09602392464876175
143.4339275544027 -3.3386164943749463e-08 1.0 0.8613924980163574 0.8725289702415466 0.09602392464876175
143.60970880440271 -3.3386164943749463e-08 1.0 0.8618165254592896 0.8725289702415466 0.09602392464876175
143.78549005440271 -3.3386164943749463e-08 1.0 0.8622294664382935 0.8725289702415466 0.09602392464876175
143.96127130440274 -3.3386164943749463e-08 1.0 0.8626316785812378 0.8725289702415466 0.09602392464876175
145.19174005440283 -3.3386164943749463e-08 1.0 0.8652509450912476 0.8725289702415466 0.09602392464876175
146.4222088044029 -3.3386164943749463e-08 1.0 0.8674830198287964 0.8725289702415466 0.09602392464876175
147.21322442940297 -3.3386164943749463e-08 1.0 0.8687386512756348 0.8725289702415466 0.09602392464876175
148.00424005440303 -3.3386164943749463e-08 1.0 0.8699387311935425 0.8725289702415466 0.09602392464876175
148.8831463044031 -3.3386164943749463e-08 1.0 0.8711907863616943 0.8725289702415466 0.09602392464876175
149.76205255440317 -3.3386164943749463e-08 1.0 0.872339129447937 0.8725289702415466 0.09602392464876175
149.93783380440317 -3.3386164943749463e-08 1.0 0.8725621104240417 0.8725289702415466 0.09602392464876175
150.0 -3.3338061200538505e-08 1.0 0.8726383447647095 0.8725289702415466 0.09602392464876175
150.0001 -3.334886500283574e-08 1.0 0.872638463973999 0.8725289702415466 0.09602392464876175
150.0003 -3.332918652176886e-08 1.0 0.8726385831832886 0.8725289702415466 0.09602483361959457
150.0007 -3.326470832121231e-08 1.0 0.8726386427879333 0.8725267052650452 0.0960286557674408
150.001 -3.3245115105273726e-08 1.0 0.8726385831832886 0.8725209832191467 0.09603092819452286
150.00106342158776 1.8842204951852182e-07 1.0 0.8726385831832886 0.8725167512893677 0.0960269346833229
150.01958252520842 6.490529631264508e-05 1.0 0.8726385831832886 0.8712744116783142 0.09485381096601486
150.03810162882908 0.0001296025002375245 1.0 0.8726385831832886 0.8700203895568848 0.09367283433675766
150.07521231788502 0.00025919158360920846 1.0 0.8726385831832886 0.8674803972244263 0.09129106253385544
150.1494336959968 0.0005181358428671956 1.0 0.8726385831832886 0.8622942566871643 0.08647745102643967
150.29787645222044 0.0010353624820709229 1.0 0.8726385831832886 0.8515855073928833 0.07672948390245438
150.47365770222044 0.0016470423433929682 1.0 0.8726385831832886 0.8383750915527344 0.06509089469909668
150.64943895222046 0.002258043270558119 1.0 0.8726385831832886 0.8245656490325928 0.053522396832704544
150.82522020222046 0.002871136646717787 1.0 0.8726385831832886 0.8101698160171509 0.042284950613975525
151.00100145222046 0.0034916559234261513 1.0 0.8726385831832886 0.7952271103858948 0.03165910765528679
151.1767827022205 0.004119644407182932 1.0 0.8726385831832886 0.7797812223434448 0.021896129474043846
151.3525639522205 0.004749820102006197 1.0 0.8726385831832886 0.7638742923736572 0.013169189915060997
151.52834520222052 0.005377510096877813 1.0 0.8726385831832886 0.7475829124450684 0.0054564266465604305
151.6425174148495 0.005780776962637901 1.0 0.8726385831832886 0.7368165850639343 0.0011432482860982418
151.68201033457711 0.005918402690440416 1.0 0.8726385831832886 0.7330471873283386 7.620859105372801e-05
151.68974667842545 0.005945207551121712 1.0 0.8726385831832886 0.7323039770126343 -3.336873888315495e-08
151.98338853806996 0.006975260563194752 1.0 0.8726385831832886 0.7034767270088196 -3.336999654379724e-08
152.2770303977144 0.008023841306567192 1.0 0.8726385831832886 0.6737052202224731 -3.3371147623029174e-08
152.4528116477144 0.008650814183056355 1.0 0.8726385831832886 0.6554953455924988 -3.3371740926213533e-08
152.80437414771444 0.00990321859717369 1.0 0.8726385831832886 0.6182233691215515 -3.3372920427154895e-08
153.15593664771447 0.011153575032949448 1.0 0.8726385831832886 0.5799113512039185 -3.3373900976130244e-08
153.5074991477145 0.012401892803609371 1.0 0.8726385831832886 0.5407056212425232 -3.337479981269098e-08
153.85906164771453 0.013648179359734058 1.0 0.8726385831832886 0.500727653503418 -3.337552101356778e-08
154.21062414771455 0.014892441220581532 1.0 0.8726385831832886 0.4601013958454132 -3.3376174712884676e-08
154.56218664771458 0.016134681180119514 1.0 0.8726385831832886 0.4188384413719177 -3.3376828412201576e-08
154.9137491477146 0.017374902963638306 1.0 0.8726385831832886 0.3770076632499695 -3.337738263553547e-08
155.44109289771464 0.019231457263231277 1.0 0.8726385831832886 0.3133019804954529 -3.3378135810835374e-08
155.79265539771467 0.020466718822717667 1.0 0.8726385831832886 0.27032577991485596 -3.337849818763061e-08
156.1442178977147 0.021700063720345497 1.0 0.8726385831832886 0.2270251363515854 -3.337883214271642e-08
156.67156164771473 0.02354637160897255 1.0 0.8726385831832886 0.16163204610347748 -3.3379350838913524e-08
157.19890539771478 0.025388218462467194 1.0 0.8726385831832886 0.09693600982427597 -3.337983045526016e-08
157.37468664771478 0.026001112535595894 1.0 0.8726385831832886 0.07641584426164627 -3.3379972563807314e-08
157.5504678977148 0.026613466441631317 1.0 0.8726385831832886 0.05718125402927399 -3.338009690878607e-08
157.7262491477148 0.027225304394960403 1.0 0.8726385831832886 0.03979208692908287 -3.3380175068487006e-08
157.90203039771484 0.027836646884679794 1.0 0.8726385831832886 0.024744905531406403 -3.3380210595623794e-08
158.07781164771484 0.02844749018549919 1.0 0.8726385831832886 0.012281155213713646 -3.33802603336153e-08
158.25359289771487 0.02905799262225628 1.0 0.8726385831832886 0.0023399186320602894 -3.338031362432048e-08
158.31243479894744 0.029262373223900795 1.0 0.8726385831832886 0.0001320452574873343 -3.3380324282461515e-08
158.3228317475054 0.02929851785302162 1.0 0.8726385831832886 -3.3380324282461515e-08 -3.3380324282461515e-08
161.45867363104097 0.040103837847709656 1.0 0.8726385831832886 -3.3380324282461515e-08 -3.3380324282461515e-08
164.5945155145765 0.05074942484498024 1.0 0.8726385831832886 -3.3380324282461515e-08 -3.3380324282461515e-08
172.15310926457707 0.07576468586921692 1.0 0.8726385831832886 -3.3380324282461515e-08 -3.3380324282461515e-08
172.3288905145771 0.07633562386035919 1.0 0.8726385831832886 -3.3380324282461515e-08 -3.3380324282461515e-08
172.5046717645771 0.07690607011318207 1.0 0.8726385831832886 -3.3380324282461515e-08 -3.3380324282461515e-08
172.6804530145771 0.07747603207826614 1.0 0.8726385831832886 -3.3380324282461515e-08 -3.3380324282461515e-08
179.88748426457764 0.10042393952608109 1.0 0.8726385831832886 -3.3380324282461515e-08 -3.3380324282461515e-08
179.99999999999997 0.10077592730522156 1.0 0.8726385831832886 -3.3380324282461515e-08 -3.3380324282461515e-08
