time a b c w1 w2
0.0 0.0 0.0 0.0 0.0 0.0
1.757812428601624e-06 1.0832566022872925 1.0832566022872925 1.757988202426422e-23 1.757988202426422e-23 1.757988202426422e-23
1.7648476783160305e-06 1.0055341720581055 1.0055341720581055 1.7650242106122693e-23 1.7650242106122693e-23 1.7650242106122693e-23
1.7789181777448437e-06 0.9905999898910522 0.9905999898910522 1.7790960692117828e-23 1.7790960692117828e-23 1.7790960692117828e-23
1.8070591766024704e-06 0.984626293182373 0.984626293182373 1.8072399441829907e-23 1.8072399441829907e-23 1.8072399441829907e-23
0.00013281055255599797 0.984626293182373 0.984626293182373 1.3282383013875093e-21 1.3282383013875093e-21 1.3282383013875093e-21
0.00026381985277929004 0.984626293182373 0.984626293182373 2.6384624023353322e-21 2.6384624023353322e-21 2.6384624023353322e-21
0.0005258384532258742 0.984626293182373 0.984626293182373 5.258910200334195e-21 -5.940464564702097e-09 -5.940464564702097e-09
0.001 0.984626293182373 0.984626293182373 1.0000999731091105e-20 -3.338123377716329e-08 -3.338123377716329e-08
29.999999999999996 0.984626293182373 0.984626293182373 3.000300019364487e-16 -3.338137588571044e-08 -3.338137588571044e-08
30.000099999999996 0.984626293182373 0.984626293182373 3.0003100778807355e-16 -3.336203491244305e-08 -3.336203491244305e-08
30.0003 0.984626293182373 0.984626293182373 3.0003299302154367e-16 -3.334292841827846e-08 -3.334292841827846e-08
30.0007 0.984626293182373 0.984626293182373 3.0003698995826353e-16 -3.3332820947862274e-08 -3.3332820947862274e-08
30.000822963447185 0.984626293182373 0.984626293182373 1.3910818275064685e-08 -3.333150644380112e-08 -2.9166585591156036e-08
30.000893956511785 0.984626293182373 0.984626293182373 7.229791521012885e-08 -3.3331097881728056e-08 4.0418377977857745e-08
30.000929706739832 0.984626293182373 0.984626293182373 1.5910399042695644e-07 -3.3331097881728056e-08 9.522437949271989e-08
30.00095187288744 0.984626293182373 0.984626293182373 2.557868867825164e-07 -3.3331097881728056e-08 1.0597103283771503e-07
30.00096463713099 0.984626293182373 0.984626293182373 3.517010895848216e-07 -3.3331097881728056e-08 2.7851149297930533e-07
30.00097471304483 0.984626293182373 0.984626293182373 4.7502200573035225e-07 -3.3331097881728056e-08 7.3198691552534e-07
30.000985981288057 0.984626293182373 0.984626293182373 6.635148110945011e-07 -3.3331097881728056e-08 1.5878188150963979e-06
30.000998904020697 0.984626293182373 0.984626293182373 9.198216730510467e-07 -3.3331097881728056e-08 2.836344492607168e-06
30.001 0.984626293182373 0.984626293182373 9.442408099857857e-07 -3.3331097881728056e-08 2.960764049930731e-06
30.31674151473227 0.984626293182373 0.984626293182373 0.0074521624483168125 -3.3331097881728056e-08 0.03952580317854881
30.632483029464538 0.984626293182373 0.984626293182373 0.014666343107819557 -3.3331097881728056e-08 0.07832378149032593
30.808264279464538 0.984626293182373 0.984626293182373 0.01856103166937828 -3.3331097881728056e-08 0.0995485782623291
30.984045529464538 0.984626293182373 0.984626293182373 0.022367069497704506 -3.3331097881728056e-08 0.12049787491559982
31.335608029464534 0.984626293182373 0.984626293182373 0.02971545048058033 -3.3331097881728056e-08 0.16156987845897675
31.687170529464534 0.984626293182373 0.984626293182373 0.036761775612831116 -3.3331097881728056e-08 0.20168516039848328
32.03873302946454 0.984626293182373 0.984626293182373 0.043494656682014465 -3.3331097881728056e-08 0.24079416692256927
32.21451427946453 0.984626293182373 0.984626293182373 0.04674496874213219 -3.3331097881728056e-08 0.2599714994430542
32.56607677946453 0.984626293182373 0.984626293182373 0.05296142026782036 -3.3331097881728056e-08 0.2973904311656952
32.91763927946453 0.984626293182373 0.984626293182373 0.05877942591905594 -3.3331097881728056e-08 0.3334774971008301
33.44498302946453 0.984626293182373 0.984626293182373 0.06679645925760269 -3.3331097881728056e-08 0.3851773738861084
33.97232677946453 0.984626293182373 0.984626293182373 0.0739297866821289 -3.3331097881728056e-08 0.43375974893569946
34.32388927946453 0.984626293182373 0.984626293182373 0.0782642662525177 -3.3331097881728056e-08 0.4646150469779968
34.67545177946453 0.984626293182373 0.984626293182373 0.08227121084928513 -3.3331097881728056e-08 0.494242399930954
35.02701427946453 0.984626293182373 0.984626293182373 0.08594682812690735 -3.3331097881728056e-08 0.5225938558578491
35.378576779464524 0.984626293182373 0.984626293182373 0.08926703780889511 -3.3331097881728056e-08 0.5495317578315735
35.730139279464524 0.984626293182373 0.984626293182373 0.09221048653125763 -3.3331097881728056e-08 0.574916422367096
36.081701779464524 0.984626293182373 0.984626293182373 0.09477950632572174 -3.3331097881728056e-08 0.5986880660057068
36.433264279464524 0.984626293182373 0.984626293182373 0.0970439463853836 -3.3331097881728056e-08 0.6210912466049194
36.872717404464524 0.984626293182373 0.984626293182373 0.09946241974830627 -3.3331097881728056e-08 0.6471338868141174
37.312170529464524 0.984626293182373 0.984626293182373 0.10140744596719742 -3.3331097881728056e-08 0.6707752346992493
37.663733029464524 0.984626293182373 0.984626293182373 0.1026780977845192 -3.3331097881728056e-08 0.6881213188171387
38.015295529464524 0.984626293182373 0.984626293182373 0.10372398048639297 -3.3331097881728056e-08 0.704134464263916
38.191076779464524 0.984626293182373 0.984626293182373 0.10418173670768738 -3.3331097881728056e-08 0.7117302417755127
38.366858029464524 0.984626293182373 0.984626293182373 0.10459563136100769 -3.3331097881728056e-08 0.7190319895744324
38.542639279464524 0.984626293182373 0.984626293182373 0.10496309399604797 -3.3331097881728056e-08 0.726010799407959
39.24576427946452 0.984626293182373 0.984626293182373 0.10605670511722565 -3.3331097881728056e-08 0.7510395646095276
39.94888927946452 0.984626293182373 0.984626293182373 0.10668328404426575 -3.3331097881728056e-08 0.7718403935432434
40.12467052946452 0.984626293182373 0.984626293182373 0.1067870482802391 -3.3331097881728056e-08 0.7764495611190796
40.30045177946452 0.984626293182373 0.984626293182373 0.10687410086393356 -3.3331097881728056e-08 0.7808383703231812
40.47623302946452 0.984626293182373 0.984626293182373 0.10694780945777893 -3.3331097881728056e-08 0.785037636756897
40.82779552946452 0.984626293182373 0.984626293182373 0.10706067085266113 -3.3331097881728056e-08 0.7928789854049683
41.17935802946452 0.984626293182373 0.984626293182373 0.10713986307382584 -3.3331097881728056e-08 0.8001071810722351
41.70670177946452 0.984626293182373 0.984626293182373 0.10721182078123093 -3.3331097881728056e-08 0.8098320960998535
42.23404552946451 0.984626293182373 0.984626293182373 0.10724440217018127 -3.3331097881728056e-08 0.818290114402771
42.40982677946451 0.984626293182373 0.984626293182373 0.10724971443414688 -3.3331097881728056e-08 0.8208391666412354
42.58560802946451 0.984626293182373 0.984626293182373 0.1072533130645752 -3.3331097881728056e-08 0.8232721090316772
42.76138927946451 0.984626293182373 0.984626293182373 0.10725568979978561 -3.3331097881728056e-08 0.8255951404571533
43.28873302946451 0.984626293182373 0.984626293182373 0.10725828260183334 -3.3331097881728056e-08 0.8319411873817444
44.25552990446451 0.984626293182373 0.984626293182373 0.10725872218608856 -3.3331097881728056e-08 0.8418880105018616
45.2223267794645 0.984626293182373 0.984626293182373 0.10725869238376617 -3.3331097881728056e-08 0.8497231602668762
45.5738892794645 0.984626293182373 0.984626293182373 0.10725869238376617 -3.3331097881728056e-08 0.8521620631217957
45.7496705294645 0.984626293182373 0.984626293182373 0.10725869238376617 -3.3331097881728056e-08 0.8533348441123962
45.9254517794645 0.984626293182373 0.984626293182373 0.10725869238376617 -3.3331097881728056e-08 0.8544629812240601
46.1012330294645 0.984626293182373 0.984626293182373 0.10725869238376617 -3.3331097881728056e-08 0.8555425405502319
46.6285767794645 0.984626293182373 0.984626293182373 0.10725869238376617 -3.3331097881728056e-08 0.8585267663002014
47.1559205294645 0.984626293182373 0.984626293182373 0.10725869238376617 -3.3331097881728056e-08 0.8612802028656006
47.6832642794645 0.984626293182373 0.984626293182373 0.10725869238376617 -3.3331097881728056e-08 0.8638268709182739
48.0348267794645 0.984626293182373 0.984626293182373 0.10725869238376617 -3.3331097881728056e-08 0.8654076457023621
48.825842404464495 0.984626293182373 0.984626293182373 0.10725869238376617 -3.3331097881728056e-08 0.868561863899231
49.616858029464495 0.984626293182373 0.984626293182373 0.10725869238376617 -3.3331097881728056e-08 0.8713615536689758
50.407873654464495 0.984626293182373 0.984626293182373 0.10725869238376617 -3.3331097881728056e-08 0.8737985491752625
51.198889279464495 0.984626293182373 0.984626293182373 0.10725869238376617 -3.3331097881728056e-08 0.8759313225746155
51.550451779464495 0.984626293182373 0.984626293182373 0.10725869238376617 -3.3331097881728056e-08 0.8768085241317749
51.72623302946449 0.984626293182373 0.984626293182373 0.10725869238376617 -3.3331097881728056e-08 0.877227783203125
51.90201427946449 0.984626293182373 0.984626293182373 0.10725869238376617 -3.3331097881728056e-08 0.8776347637176514
52.07779552946449 0.984626293182373 0.984626293182373 0.10725869238376617 -3.3331097881728056e-08 0.8780300617218018
53.04459240446449 0.984626293182373 0.984626293182373 0.10725869238376617 -3.3331097881728056e-08 0.8800124526023865
54.01138927946449 0.984626293182373 0.984626293182373 0.10725869238376617 -3.3331097881728056e-08 0.8817925453186035
54.71451427946449 0.984626293182373 0.984626293182373 0.10725869238376617 -3.3331097881728056e-08 0.8829876184463501
55.41763927946448 0.984626293182373 0.984626293182373 0.10725869238376617 -3.3331097881728056e-08 0.8840979933738708
56.29654552946448 0.984626293182373 0.984626293182373 0.10725869238376617 -3.3331097881728056e-08 0.8853648900985718
57.17545177946448 0.984626293182373 0.984626293182373 0.10725869238376617 -3.3331097881728056e-08 0.8864947557449341
57.35123302946448 0.984626293182373 0.984626293182373 0.10725869238376617 -3.3331097881728056e-08 0.8867061734199524
57.52701427946448 0.984626293182373 0.984626293182373 0.10725869238376617 -3.3331097881728056e-08 0.8869131803512573
57.70279552946448 0.984626293182373 0.984626293182373 0.10725869238376617 -3.3331097881728056e-08 0.8871158361434937
58.230139279464474 0.984626293182373 0.984626293182373 0.10725869238376617 -3.3331097881728056e-08 0.8876992464065552
58.757483029464474 0.984626293182373 0.984626293182373 0.10725869238376617 -3.3331097881728056e-08 0.8882482051849365
59.109045529464474 0.984626293182373 0.984626293182373 0.10725869238376617 -3.3331097881728056e-08 0.8886082172393799
59.55452276473224 0.984626293182373 0.984626293182373 0.10725869238376617 -3.3331097881728056e-08 0.8890732526779175
59.99999999999999 0.984626293182373 0.984626293182373 0.10725869238376617 -3.3331097881728056e-08 0.8895190954208374
60.000099999999996 0.984626293182373 0.984626293182373 0.10725869238376617 -3.3331097881728056e-08 0.8895187973976135
60.000299999999996 0.984626293182373 0.984626293182373 0.10725834220647812 -3.3331097881728056e-08 0.8895184993743896
60.000699999999995 0.984626293182373 0.984626293182373 0.10725431144237518 -3.3331097881728056e-08 0.8895183801651001
60.001000000000005 0.984626293182373 0.984626293182373 0.10724702477455139 -3.3331097881728056e-08 0.8895183801651001
60.02144000000019 0.984626293182373 0.984626293182373 0.10443775355815887 -3.3331097881728056e-08 0.8895183801651001
60.04188000000037 0.984626293182373 0.984626293182373 0.10164211690425873 -3.3331097881728056e-08 0.8895183801651001
60.16476000000147 0.984626293182373 0.984626293182373 0.08519260585308075 -3.3331097881728056e-08 0.8895183801651001
60.328600000002936 0.984626293182373 0.984626293182373 0.06442245095968246 -3.3331097881728056e-08 0.8895183801651001
60.504381250002936 0.984626293182373 0.984626293182373 0.04406249523162842 -3.3331097881728056e-08 0.8895183801651001
60.680162500002936 0.984626293182373 0.984626293182373 0.026512090116739273 -3.3331097881728056e-08 0.8895183801651001
60.855943750002936 0.984626293182373 0.984626293182373 0.012210125103592873 -3.3331097881728056e-08 0.8895183801651001
61.031725000002936 0.984626293182373 0.984626293182373 0.001191515359096229 -3.3331097881728056e-08 0.8895183801651001
61.06902556049739 0.984626293182373 0.984626293182373 8.805195830063894e-05 -3.3331097881728056e-08 0.8895183801651001
61.10001071405158 0.984626293182373 0.984626293182373 -3.3386719167083356e-08 -3.3331097881728056e-08 0.8895183801651001
89.99999999999999 0.984626293182373 0.984626293182373 -3.341991217098439e-08 -3.3331097881728056e-08 0.8895183801651001
90.0001 0.984626293182373 0.984626293182373 -3.3384594644303434e-08 -3.3331097881728056e-08 0.8895183801651001
90.0003 0.984626293182373 0.984626293182373 -3.3353398265489886e-08 -3.333170539576713e-08 0.8895183801651001
90.00047306325834 0.984626293182373 0.984626293182373 -3.333311937581129e-08 -3.333260067961419e-08 0.8895183801651001
90.00081918977503 0.984626293182373 0.984626293182373 -3.328475628450178e-08 -3.3332554494336364e-08 0.8895183801651001
90.001 0.984626293182373 0.984626293182373 -3.327312114720371e-08 -3.3330952220467225e-08 0.8895183801651001
119.99999999999999 0.984626293182373 0.984626293182373 -3.327312114720371e-08 -3.3330952220467225e-08 0.8895183801651001
120.0001 0.984626293182373 0.984626293182373 -3.327312114720371e-08 -3.3330952220467225e-08 0.8895183801651001
120.0003 0.984626293182373 0.984626293182373 -3.327312114720371e-08 -3.3330952220467225e-08 0.8895183801651001
120.0007 0.9846259355545044 0.984626293182373 -3.327312114720371e-08 -3.3330952220467225e-08 0.8895183801651001
120.001 0.9846251010894775 0.984626293182373 -3.327312114720371e-08 -3.3330952220467225e-08 0.8895183801651001
120.04288535622071 0.9841705560684204 0.984626293182373 0.00012962175242137164 -3.3330952220467225e-08 0.8895183801651001
120.08477071244143 0.9836974143981934 0.984626293182373 0.00025920450570993125 -3.3330952220467225e-08 0.8895183801651001
120.51189478126211 0.9778451323509216 0.984626293182373 0.0015776394866406918 -3.3330952220467225e-08 0.8895183801651001
121.03923853126211 0.9673011898994446 0.984626293182373 0.0032013803720474243 -3.3330952220467225e-08 0.8895183801651001
121.56658228126211 0.9512217044830322 0.984626293182373 0.004821655806154013 -3.3330952220467225e-08 0.8895183801651001
122.09392603126213 0.927654504776001 0.984626293182373 0.006438462063670158 -3.3330952220467225e-08 0.8895183801651001
122.44548853126216 0.9071531295776367 0.984626293182373 0.007514418102800846 -3.3330952220467225e-08 0.8895183801651001
122.62126978126217 0.8954312801361084 0.984626293182373 0.008051827549934387 -3.3330952220467225e-08 0.8895183801651001
122.79705103126219 0.8827518224716187 0.984626293182373 0.008588859811425209 -3.3330952220467225e-08 0.8895183801651001
122.9728322812622 0.8691481351852417 0.984626293182373 0.00912551861256361 -3.3330952220467225e-08 0.8895183801651001
123.1486135312622 0.8546629548072815 0.984626293182373 0.00966180581599474 -3.3330952220467225e-08 0.8895183801651001
123.32439478126221 0.8393452167510986 0.984626293182373 0.010197723284363747 -3.3330952220467225e-08 0.8895183801651001
123.50017603126223 0.8232470154762268 0.984626293182373 0.01073327288031578 -3.3330952220467225e-08 0.8895183801651001
123.67595728126224 0.8064217567443848 0.984626293182373 0.011268457397818565 -3.3330952220467225e-08 0.8895183801651001
123.85173853126226 0.7889221906661987 0.984626293182373 0.01180327869951725 -3.3330952220467225e-08 0.8895183801651001
124.02751978126227 0.7707991600036621 0.984626293182373 0.01233773585408926 -3.3330952220467225e-08 0.8895183801651001
124.20330103126228 0.7521008253097534 0.984626293182373 0.012871833518147469 -3.3330952220467225e-08 0.8895183801651001
124.3790822812623 0.732872486114502 0.984626293182373 0.0134055707603693 -3.3330952220467225e-08 0.8895183801651001
124.55486353126231 0.71315598487854 0.984626293182373 0.01393895037472248 -3.3330952220467225e-08 0.8895183801651001
124.73064478126233 0.6929898262023926 0.984626293182373 0.014471971429884434 -3.3330952220467225e-08 0.8895183801651001
124.90642603126234 0.6724093556404114 0.984626293182373 0.015004636719822884 -3.3330952220467225e-08 0.8895183801651001
125.08220728126236 0.6514468193054199 0.984626293182373 0.015536945313215256 -3.3330952220467225e-08 0.8895183801651001
125.25798853126237 0.6301316022872925 0.984626293182373 0.016068898141384125 -3.3330952220467225e-08 0.8895183801651001
125.60955103126238 0.5865472555160522 0.984626293182373 0.0171317420899868 -3.3330952220467225e-08 0.8895183801651001
125.96111353126241 0.5418418049812317 0.984626293182373 0.018193170428276062 -3.3330952220467225e-08 0.8895183801651001
126.13689478126243 0.5191176533699036 0.984626293182373 0.01872335746884346 -3.3330952220467225e-08 0.8895183801651001
126.48845728126246 0.4730096459388733 0.984626293182373 0.019782671704888344 -3.3330952220467225e-08 0.8895183801651001
126.66423853126247 0.4496546685695648 0.984626293182373 0.02031180076301098 -3.3330952220467225e-08 0.8895183801651001
126.84001978126248 0.4261162579059601 0.984626293182373 0.02084057778120041 -3.3330952220467225e-08 0.8895183801651001
127.0158010312625 0.4024059474468231 0.984626293182373 0.021369004622101784 -3.3330952220467225e-08 0.8895183801651001
127.54314478126254 0.33034616708755493 0.984626293182373 0.022952178493142128 -3.3330952220467225e-08 0.8895183801651001
127.89470728126255 0.28162410855293274 0.984626293182373 0.02400587499141693 -3.3330952220467225e-08 0.8895183801651001
128.07048853126258 0.2570846676826477 0.984626293182373 0.02453220821917057 -3.3330952220467225e-08 0.8895183801651001
128.4220510312626 0.20770159363746643 0.984626293182373 0.025583917275071144 -3.3330952220467225e-08 0.8895183801651001
128.5978322812626 0.18289999663829803 0.984626293182373 0.026109272614121437 -3.3330952220467225e-08 0.8895183801651001
128.77361353126264 0.15808196365833282 0.984626293182373 0.026634277775883675 -3.3330952220467225e-08 0.8895183801651001
128.94939478126264 0.1333400458097458 0.984626293182373 0.027158932760357857 -3.3330952220467225e-08 0.8895183801651001
129.12517603126264 0.10889298468828201 0.984626293182373 0.027683228254318237 -3.3330952220467225e-08 0.8895183801651001
129.30095728126267 0.08517875522375107 0.984626293182373 0.028207145631313324 -3.3330952220467225e-08 0.8895183801651001
129.47673853126267 0.06283851712942123 0.984626293182373 0.02873068116605282 -3.3330952220467225e-08 0.8895183801651001
129.6525197812627 0.042642902582883835 0.984626293182373 0.02925385907292366 -3.3330952220467225e-08 0.8895183801651001
129.8283010312627 0.02532482147216797 0.984626293182373 0.029776686802506447 -3.3330952220467225e-08 0.8895183801651001
130.00408228126273 0.01134816836565733 0.984626293182373 0.030299166217446327 -3.3330952220467225e-08 0.8895183801651001
130.17986353126273 0.0008538555703125894 0.984626293182373 0.030821412801742554 -3.3330952220467225e-08 0.8895183801651001
130.21415864643353 -3.3386726272510714e-08 0.984626293182373 0.03092334233224392 -3.3330952220467225e-08 0.8895183801651001
136.19149526618176 -3.3386726272510714e-08 0.984626293182373 0.0484728068113327 -3.3330952220467225e-08 0.8895183801651001
136.3672765161818 -3.3386726272510714e-08 0.984626293182373 0.048982784152030945 -3.3330952220467225e-08 0.8895183801651001
136.5430577661818 -3.3386726272510714e-08 0.984626293182373 0.04949241876602173 -3.3330952220467225e-08 0.8895183801651001
136.71883901618182 -3.3386726272510714e-08 0.984626293182373 0.05000170320272446 -3.3330952220467225e-08 0.8895183801651001
142.16805776618222 -3.3386726272510714e-08 0.984626293182373 0.06561756134033203 -3.3330952220467225e-08 0.8895183801651001
143.75008901618233 -3.3386726272510714e-08 0.984626293182373 0.07008885592222214 -3.3330952220467225e-08 0.8895183801651001
145.33212026618244 -3.3386726272510714e-08 0.984626293182373 0.07453214377164841 -3.3330952220467225e-08 0.8895183801651001
145.68368276618247 -3.3386726272510714e-08 0.984626293182373 0.0755157396197319 -3.3330952220467225e-08 0.8895183801651001
145.8594640161825 -3.3386726272510714e-08 0.984626293182373 0.07600702345371246 -3.3330952220467225e-08 0.8895183801651001
146.0352452661825 -3.3386726272510714e-08 0.984626293182373 0.07649795711040497 -3.3330952220467225e-08 0.8895183801651001
146.21102651618253 -3.3386726272510714e-08 0.984626293182373 0.07698854804039001 -3.3330952220467225e-08 0.8895183801651001
150.0 -3.34359313569621e-08 0.984626293182373 0.08747965097427368 -3.3330952220467225e-08 0.8895183801651001
150.0001 -3.338163878652267e-08 0.984626293182373 0.08748118579387665 -3.3330952220467225e-08 0.8895183801651001
150.0003 -3.334400133780946e-08 0.984626293182373 0.08748764544725418 -3.333327569521316e-08 0.8895182609558105
150.0007 -3.332120002141892e-08 0.984626293182373 0.08750654011964798 -3.334496767593009e-08 0.889517068862915
150.00082296318698 -3.107215817976794e-08 0.984626293182373 0.08751244843006134 -3.334953646572103e-08 0.88951575756073
150.00089395648146 2.564806500515715e-08 0.984626293182373 0.08751528710126877 -3.335250298164283e-08 0.8895140886306763
150.00092968538934 2.219391603830445e-07 0.984626293182373 0.08751644194126129 -3.335415499350347e-08 0.8895127773284912
150.00095172677456 5.827387781209836e-07 0.984626293182373 0.08751707524061203 -3.335522791303447e-08 0.8895118236541748
150.00096684054336 1.0617388852551812e-06 0.984626293182373 0.08751747757196426 -3.3355981088334374e-08 0.8895110487937927
150.00097945748328 1.7384827515343204e-06 0.984626293182373 0.08751779794692993 -3.3356634787651274e-08 0.8895103335380554
150.0009936011061 2.8627478059206624e-06 0.984626293182373 0.0875181332230568 -3.335738796295118e-08 0.8895094990730286
150.001 3.5149221275787568e-06 0.984626293182373 0.08751828223466873 -3.335773257617802e-08 0.8895090818405151
150.024666126746 0.002896009013056755 0.984626293182373 0.08805391937494278 -3.335788889557989e-08 0.8879327774047852
150.048332253492 0.005783010274171829 0.984626293182373 0.08858777582645416 -3.3358109163827976e-08 0.886341392993927
150.0956659514938 0.011548069305717945 0.984626293182373 0.08965256065130234 -3.3358553253037826e-08 0.8831044435501099
150.19033334749744 0.02305087447166443 0.984626293182373 0.09177328646183014 -3.335937037718395e-08 0.8764370083808899
150.36611459749744 0.04429296404123306 0.984626293182373 0.09567345678806305 -3.33609371239163e-08 0.8635336756706238
150.54189584749747 0.0653349906206131 0.984626293182373 0.09950921684503555 -3.3362375972956215e-08 0.8499999046325684
150.71767709749747 0.08613531291484833 0.984626293182373 0.10326750576496124 -3.336367271344898e-08 0.835812509059906
150.8934583474975 0.10669165104627609 0.984626293182373 0.10694805532693863 -3.336493747951863e-08 0.8210130333900452
151.0692395974975 0.12699997425079346 0.984626293182373 0.11055008322000504 -3.336618092930621e-08 0.8056148886680603
151.24502084749753 0.14705626666545868 0.984626293182373 0.11407281458377838 -3.336727516511928e-08 0.7896585464477539
151.42080209749753 0.16685639321804047 0.984626293182373 0.11751548945903778 -3.3368209528816806e-08 0.7732176780700684
151.59658334749756 0.18639621138572693 0.984626293182373 0.12087736278772354 -3.3369129681659615e-08 0.7563335299491882
151.77236459749756 0.205671489238739 0.984626293182373 0.12415771931409836 -3.33700711507845e-08 0.7390046119689941
151.94814584749759 0.22467799484729767 0.984626293182373 0.12735584378242493 -3.337091669664005e-08 0.7212492227554321
152.12392709749759 0.24341142177581787 0.984626293182373 0.1304711103439331 -3.337163434480317e-08 0.7031206488609314
152.2997083474976 0.261867493391037 0.984626293182373 0.13350284099578857 -3.3372302254974784e-08 0.6846604347229004
152.4754895974976 0.2800419330596924 0.984626293182373 0.13645046949386597 -3.33729701651464e-08 0.6658799648284912
152.6512708474976 0.29793041944503784 0.984626293182373 0.1393134593963623 -3.3373606100894904e-08 0.6467882394790649
152.82705209749764 0.31552866101264954 0.984626293182373 0.1420912891626358 -3.337417453508351e-08 0.6274093389511108
153.00283334749764 0.332832396030426 0.984626293182373 0.14478355646133423 -3.337468257313958e-08 0.6077734231948853
153.17861459749767 0.3498374819755554 0.984626293182373 0.14738985896110535 -3.33751479786315e-08 0.5879045724868774
153.35439584749767 0.36653974652290344 0.984626293182373 0.14990991353988647 -3.337558140970032e-08 0.5678207278251648
153.5301770974977 0.38293516635894775 0.984626293182373 0.1523434817790985 -3.337598286634602e-08 0.547538161277771
153.88173959749773 0.41478976607322693 0.984626293182373 0.15695077180862427 -3.337672538350489e-08 0.5064273476600647
154.05752084749773 0.43024152517318726 0.984626293182373 0.159124493598938 -3.337709131301381e-08 0.48560646176338196
154.23330209749776 0.44537150859832764 0.984626293182373 0.1612117737531662 -3.3377418162672257e-08 0.4646203815937042
154.40908334749776 0.4601764976978302 0.984626293182373 0.16321289539337158 -3.337773790690335e-08 0.443479984998703
154.58486459749778 0.474653422832489 0.984626293182373 0.16512826085090637 -3.337805054570708e-08 0.4221879839897156
154.76064584749778 0.4887995421886444 0.984626293182373 0.16695839166641235 -3.33783489736561e-08 0.4007500410079956
154.9364270974978 0.5026123523712158 0.984626293182373 0.16870394349098206 -3.337859766361362e-08 0.3791813850402832
155.2879895974978 0.5292295813560486 0.984626293182373 0.17194470763206482 -3.337902754196875e-08 0.3357226252555847
155.46377084749784 0.5420307517051697 0.984626293182373 0.17344196140766144 -3.33792371520758e-08 0.31383979320526123
155.63955209749784 0.5544920563697815 0.984626293182373 0.1748587191104889 -3.3379407682332385e-08 0.29186761379241943
155.81533334749787 0.5666135549545288 0.984626293182373 0.17619645595550537 -3.337959242344368e-08 0.2698134183883667
156.1668958474979 0.5898405313491821 0.984626293182373 0.17864131927490234 -3.337998322194835e-08 0.22544750571250916
156.3426770974979 0.6009453535079956 0.984626293182373 0.17975178360939026 -3.338016441034597e-08 0.20315080881118774
156.69423959749793 0.6221399903297424 0.984626293182373 0.18175847828388214 -3.338048060186338e-08 0.15845522284507751
157.04580209749795 0.6419941782951355 0.984626293182373 0.1834944784641266 -3.3380711528252505e-08 0.11412946879863739
157.22158334749798 0.6514275670051575 0.984626293182373 0.18426698446273804 -3.338085008408598e-08 0.09250333905220032
157.39736459749798 0.6605355739593506 0.984626293182373 0.18497928977012634 -3.3380981534492093e-08 0.07178018987178802
157.57314584749798 0.6693221926689148 0.984626293182373 0.18563413619995117 -3.3381095221329815e-08 0.05255123972892761
157.748927097498 0.6777933835983276 0.984626293182373 0.18623420596122742 -3.338119114459914e-08 0.035398080945014954
157.924708347498 0.6859548687934875 0.984626293182373 0.18678224086761475 -3.3381272857013755e-08 0.020776746794581413
158.10048959749804 0.6938124299049377 0.984626293182373 0.1872810423374176 -3.3381333253146295e-08 0.009122995659708977
158.27627084749804 0.7014312744140625 0.984626293182373 0.18774226307868958 -3.338137588571044e-08 0.0006547828088514507
158.30965078818542 0.7028460502624512 0.984626293182373 0.18782491981983185 -3.338137943842412e-08 -3.338137588571044e-08
158.35088872734548 0.70456463098526 0.984626293182373 0.1879226416349411 -3.338137943842412e-08 -3.338137588571044e-08
158.4732908296335 0.7095445394515991 0.984626293182373 0.18819503486156464 -3.338137943842412e-08 -3.338137588571044e-08
158.81227488268422 0.722664475440979 0.984626293182373 0.1888553500175476 -3.338137943842412e-08 -3.338137943842412e-08
159.51539988268428 0.7468293309211731 0.984626293182373 0.18984021246433258 -3.338137943842412e-08 -3.338137943842412e-08
160.21852488268433 0.7671945095062256 0.984626293182373 0.1904224157333374 -3.338137943842412e-08 -3.338137943842412e-08
160.39430613268433 0.7717535495758057 0.984626293182373 0.19052167236804962 -3.338137943842412e-08 -3.338137943842412e-08
160.57008738268436 0.7761159539222717 0.984626293182373 0.19060620665550232 -3.338137943842412e-08 -3.338137943842412e-08
160.74586863268436 0.7802897095680237 0.984626293182373 0.1906776875257492 -3.338137943842412e-08 -3.338137943842412e-08
161.44899363268442 0.7952527403831482 0.984626293182373 0.1908627301454544 -3.338137943842412e-08 -3.338137943842412e-08
161.80055613268445 0.8017978668212891 0.984626293182373 0.19091187417507172 -3.338137943842412e-08 -3.338137943842412e-08
162.32789988268448 0.8105980753898621 0.984626293182373 0.19095231592655182 -3.338137943842412e-08 -3.338137943842412e-08
162.5036811326845 0.8132851123809814 0.984626293182373 0.1909598410129547 -3.338137943842412e-08 -3.338137943842412e-08
162.6794623826845 0.8158586621284485 0.984626293182373 0.19096529483795166 -3.338137943842412e-08 -3.338137943842412e-08
162.85524363268453 0.8183242082595825 0.984626293182373 0.19096913933753967 -3.338137943842412e-08 -3.338137943842412e-08
163.03102488268453 0.8206868767738342 0.984626293182373 0.1909717321395874 -3.338137943842412e-08 -3.338137943842412e-08
163.20680613268456 0.8229517340660095 0.984626293182373 0.1909734159708023 -3.338137943842412e-08 -3.338137943842412e-08
163.38258738268456 0.8251234292984009 0.984626293182373 0.19097444415092468 -3.338137943842412e-08 -3.338137943842412e-08
163.5583686326846 0.8272066116333008 0.984626293182373 0.19097499549388885 -3.338137943842412e-08 -3.338137943842412e-08
163.7341498826846 0.8292055130004883 0.984626293182373 0.19097527861595154 -3.338137943842412e-08 -3.338137943842412e-08
163.90993113268462 0.8311243057250977 0.984626293182373 0.1909753680229187 -3.338137943842412e-08 -3.338137943842412e-08
164.08571238268462 0.8329668045043945 0.984626293182373 0.1909753978252411 -3.338137943842412e-08 -3.338137943842412e-08
164.26149363268462 0.8347368240356445 0.984626293182373 0.1909753829240799 -3.338137943842412e-08 -3.338137943842412e-08
164.43727488268465 0.8364377617835999 0.984626293182373 0.1909753829240799 -3.338137943842412e-08 -3.338137943842412e-08
164.78883738268468 0.8396458029747009 0.984626293182373 0.1909753680229187 -3.338137943842412e-08 -3.338137943842412e-08
164.96461863268468 0.8411590456962585 0.984626293182373 0.1909753680229187 -3.338137943842412e-08 -3.338137943842412e-08
165.1403998826847 0.8426156640052795 0.984626293182373 0.1909753680229187 -3.338137943842412e-08 -3.338137943842412e-08
165.3161811326847 0.8440183401107788 0.984626293182373 0.1909753680229187 -3.338137943842412e-08 -3.338137943842412e-08
165.49196238268473 0.8453696370124817 0.984626293182373 0.1909753680229187 -3.338137943842412e-08 -3.338137943842412e-08
165.66774363268473 0.8466719388961792 0.984626293182373 0.1909753680229187 -3.338137943842412e-08 -3.338137943842412e-08
165.84352488268476 0.8479276299476624 0.984626293182373 0.1909753680229187 -3.338137943842412e-08 -3.338137943842412e-08
166.01930613268476 0.8491387963294983 0.984626293182373 0.1909753680229187 -3.338137943842412e-08 -3.338137943842412e-08
166.1950873826848 0.8503075838088989 0.984626293182373 0.1909753680229187 -3.338137943842412e-08 -3.338137943842412e-08
166.3708686326848 0.8514358401298523 0.984626293182373 0.1909753680229187 -3.338137943842412e-08 -3.338137943842412e-08
166.54664988268482 0.8525254726409912 0.984626293182373 0.1909753680229187 -3.338137943842412e-08 -3.338137943842412e-08
166.72243113268482 0.8535783290863037 0.984626293182373 0.1909753680229187 -3.338137943842412e-08 -3.338137943842412e-08
166.89821238268482 0.8545958995819092 0.984626293182373 0.1909753680229187 -3.338137943842412e-08 -3.338137943842412e-08
167.07399363268485 0.8555798530578613 0.984626293182373 0.1909753680229187 -3.338137943842412e-08 -3.338137943842412e-08
167.24977488268485 0.8565316200256348 0.984626293182373 0.1909753680229187 -3.338137943842412e-08 -3.338137943842412e-08
167.60133738268487 0.8583444356918335 0.984626293182373 0.1909753680229187 -3.338137943842412e-08 -3.338137943842412e-08
167.7771186326849 0.8592080473899841 0.984626293182373 0.1909753680229187 -3.338137943842412e-08 -3.338137943842412e-08
167.9528998826849 0.8600447177886963 0.984626293182373 0.1909753680229187 -3.338137943842412e-08 -3.338137943842412e-08
168.12868113268493 0.8608556985855103 0.984626293182373 0.1909753680229187 -3.338137943842412e-08 -3.338137943842412e-08
168.48024363268496 0.8624045252799988 0.984626293182373 0.1909753680229187 -3.338137943842412e-08 -3.338137943842412e-08
168.65602488268496 0.8631444573402405 0.984626293182373 0.1909753680229187 -3.338137943842412e-08 -3.338137943842412e-08
168.831806132685 0.8638626337051392 0.984626293182373 0.1909753680229187 -3.338137943842412e-08 -3.338137943842412e-08
169.007587382685 0.8645600080490112 0.984626293182373 0.1909753680229187 -3.338137943842412e-08 -3.338137943842412e-08
169.44704050768502 0.8662176132202148 0.984626293182373 0.1909753680229187 -3.338137943842412e-08 -3.338137943842412e-08
169.88649363268505 0.8677622079849243 0.984626293182373 0.1909753680229187 -3.338137943842412e-08 -3.338137943842412e-08
170.06227488268507 0.8683507442474365 0.984626293182373 0.1909753680229187 -3.338137943842412e-08 -3.338137943842412e-08
170.23805613268507 0.868923544883728 0.984626293182373 0.1909753680229187 -3.338137943842412e-08 -3.338137943842412e-08
170.6775092576851 0.8702905774116516 0.984626293182373 0.1909753680229187 -3.338137943842412e-08 -3.338137943842412e-08
171.11696238268516 0.8715713024139404 0.984626293182373 0.1909753680229187 -3.338137943842412e-08 -3.338137943842412e-08
171.29274363268516 0.8720611929893494 0.984626293182373 0.1909753680229187 -3.338137943842412e-08 -3.338137943842412e-08
171.46852488268516 0.8725389838218689 0.984626293182373 0.1909753680229187 -3.338137943842412e-08 -3.338137943842412e-08
172.34743113268524 0.8747605681419373 0.984626293182373 0.1909753680229187 -3.338137943842412e-08 -3.338137943842412e-08
172.52321238268524 0.8751740455627441 0.984626293182373 0.1909753680229187 -3.338137943842412e-08 -3.338137943842412e-08
172.69899363268527 0.8755780458450317 0.984626293182373 0.1909753680229187 -3.338137943842412e-08 -3.338137943842412e-08
172.87477488268527 0.8759728670120239 0.984626293182373 0.1909753680229187 -3.338137943842412e-08 -3.338137943842412e-08
174.10524363268536 0.8785039186477661 0.984626293182373 0.1909753680229187 -3.338137943842412e-08 -3.338137943842412e-08
174.2810248826854 0.8788352608680725 0.984626293182373 0.1909753680229187 -3.338137943842412e-08 -3.338137943842412e-08
174.4568061326854 0.8791598081588745 0.984626293182373 0.1909753680229187 -3.338137943842412e-08 -3.338137943842412e-08
174.63258738268541 0.8794777393341064 0.984626293182373 0.1909753680229187 -3.338137943842412e-08 -3.338137943842412e-08
176.21461863268553 0.8820704221725464 0.984626293182373 0.1909753680229187 -3.338137943842412e-08 -3.338137943842412e-08
176.39039988268553 0.8823317289352417 0.984626293182373 0.1909753680229187 -3.338137943842412e-08 -3.338137943842412e-08
176.56618113268556 0.882588267326355 0.984626293182373 0.1909753680229187 -3.338137943842412e-08 -3.338137943842412e-08
176.74196238268556 0.8828400373458862 0.984626293182373 0.1909753680229187 -3.338137943842412e-08 -3.338137943842412e-08
178.6755561326857 0.8853341341018677 0.984626293182373 0.1909753680229187 -3.338137943842412e-08 -3.338137943842412e-08
178.85133738268573 0.8855385184288025 0.984626293182373 0.1909753680229187 -3.338137943842412e-08 -3.338137943842412e-08
179.20289988268576 0.8859373927116394 0.984626293182373 0.1909753680229187 -3.338137943842412e-08 -3.338137943842412e-08
179.9060248826858 0.8866980075836182 0.984626293182373 0.1909753680229187 -3.338137943842412e-08 -3.338137943842412e-08
179.99999999999997 0.8867964148521423 0.984626293182373 0.1909753680229187 -3.338137943842412e-08 -3.338137943842412e-08
