time a b c w1 w2
0.0 0.0 0.0 0.0 0.0 0.0
1.757812428601624e-06 1.0832566022872925 1.0832566022872925 1.757988202426422e-23 1.757988202426422e-23 1.757988202426422e-23
1.7648476783160305e-06 1.0055341720581055 1.0055341720581055 1.7650242106122693e-23 1.7650242106122693e-23 1.7650242106122693e-23
1.7789181777448437e-06 0.9905999898910522 0.9905999898910522 1.7790960692117828e-23 1.7790960692117828e-23 1.7790960692117828e-23
1.8070591766024704e-06 0.984626293182373 0.984626293182373 1.8072399441829907e-23 1.8072399441829907e-23 1.8072399441829907e-23
0.00013281055255599797 0.984626293182373 0.984626293182373 1.3282383013875093e-21 1.3282383013875093e-21 1.3282383013875093e-21
0.00026381985277929004 0.984626293182373 0.984626293182373 2.6384624023353322e-21 2.6384624023353322e-21 2.6384624023353322e-21
0.0005258384532258742 0.984626293182373 0.984626293182373 5.258910200334195e-21 -5.9402767149663305e-09 -5.9402767149663305e-09
0.001 0.984626293182373 0.984626293182373 1.0000999731091105e-20 -3.3380178621200685e-08 -3.3380178621200685e-08
29.999999999999996 0.984626293182373 0.984626293182373 3.000300019364487e-16 -3.338031717703416e-08 -3.338031717703416e-08
30.000099999999996 0.984626293182373 0.984626293182373 3.0003100778807355e-16 -3.3361402529408224e-08 -3.3361402529408224e-08
30.0003 0.984626293182373 0.984626293182373 3.0003299302154367e-16 -3.334271880817141e-08 -3.334271880817141e-08
30.0007 0.984626293182373 0.984626293182373 3.0003698995826353e-16 -3.333283515871699e-08 -3.333283515871699e-08
30.000822963453476 0.984626293182373 0.984626293182373 9.856921501238958e-09 -3.3331549076365263e-08 -3.088197431111439e-08
30.000893956527168 0.984626293182373 0.984626293182373 5.366529975958656e-08 -3.333114761971956e-08 2.5124718305846727e-08
30.000929689532114 0.984626293182373 0.984626293182373 1.194354553035737e-07 -3.333114761971956e-08 5.206623754361317e-08
30.00095175737012 0.984626293182373 0.984626293182373 1.9321090860557888e-07 -3.333114761971956e-08 2.765345819000231e-08
30.00096488394297 0.984626293182373 0.984626293182373 2.7293430093777715e-07 -3.333114761971956e-08 1.6973278604837105e-07
30.000975271982124 0.984626293182373 0.984626293182373 3.803762353982165e-07 -3.333114761971956e-08 5.936747697887768e-07
30.000986812666714 0.984626293182373 0.984626293182373 5.46961132386059e-07 -3.333114761971956e-08 1.4066957874092623e-06
30.001 0.984626293182373 0.984626293182373 7.733848974567081e-07 -3.333114761971956e-08 2.5880488010443514e-06
30.175489933525398 0.984626293182373 0.984626293182373 0.0036209048703312874 -3.333114761971956e-08 0.020303165540099144
30.34997986705079 0.984626293182373 0.984626293182373 0.007196485530585051 -3.333114761971956e-08 0.04046246036887169
30.52576111705079 0.984626293182373 0.984626293182373 0.010723436251282692 -3.333114761971956e-08 0.06053214147686958
30.877323617050788 0.984626293182373 0.984626293182373 0.017567213624715805 -3.333114761971956e-08 0.09999926388263702
31.228886117050788 0.984626293182373 0.984626293182373 0.024153243750333786 -3.333114761971956e-08 0.1386321634054184
31.756229867050788 0.984626293182373 0.984626293182373 0.033497732132673264 -3.333114761971956e-08 0.19482803344726562
32.283573617050784 0.984626293182373 0.984626293182373 0.042153142392635345 -3.333114761971956e-08 0.2487160712480545
32.810917367050784 0.984626293182373 0.984626293182373 0.050043631345033646 -3.333114761971956e-08 0.299978643655777
33.162479867050784 0.984626293182373 0.984626293182373 0.05490115284919739 -3.333114761971956e-08 0.3327343165874481
33.338261117050784 0.984626293182373 0.984626293182373 0.05719907209277153 -3.333114761971956e-08 0.3486412763595581
33.689823617050784 0.984626293182373 0.984626293182373 0.06155962124466896 -3.333114761971956e-08 0.37959372997283936
33.865604867050784 0.984626293182373 0.984626293182373 0.06363348662853241 -3.333114761971956e-08 0.3946738839149475
34.392948617050784 0.984626293182373 0.984626293182373 0.06940804421901703 -3.333114761971956e-08 0.4382126033306122
34.744511117050784 0.984626293182373 0.984626293182373 0.07286649942398071 -3.333114761971956e-08 0.4657072424888611
35.09607361705078 0.984626293182373 0.984626293182373 0.07603036612272263 -3.333114761971956e-08 0.49201178550720215
35.44763611705078 0.984626293182373 0.984626293182373 0.07888177037239075 -3.333114761971956e-08 0.517008900642395
35.79919861705078 0.984626293182373 0.984626293182373 0.08142794668674469 -3.333114761971956e-08 0.5406829118728638
36.32654236705078 0.984626293182373 0.984626293182373 0.08470176160335541 -3.333114761971956e-08 0.5737121105194092
36.85388611705078 0.984626293182373 0.984626293182373 0.08743734657764435 -3.333114761971956e-08 0.6041481494903564
37.38122986705078 0.984626293182373 0.984626293182373 0.08964167535305023 -3.333114761971956e-08 0.631822943687439
37.73279236705078 0.984626293182373 0.984626293182373 0.09083934873342514 -3.333114761971956e-08 0.648751437664032
37.90857361705078 0.984626293182373 0.984626293182373 0.0913698747754097 -3.333114761971956e-08 0.6568071842193604
38.08435486705077 0.984626293182373 0.984626293182373 0.09185178577899933 -3.333114761971956e-08 0.664557695388794
38.26013611705077 0.984626293182373 0.984626293182373 0.09228780120611191 -3.333114761971956e-08 0.6720107197761536
38.43591736705077 0.984626293182373 0.984626293182373 0.09268875420093536 -3.333114761971956e-08 0.6792289614677429
38.78747986705077 0.984626293182373 0.984626293182373 0.0934029296040535 -3.333114761971956e-08 0.69304358959198
39.84216736705077 0.984626293182373 0.984626293182373 0.09481853246688843 -3.333114761971956e-08 0.7286790013313293
40.19372986705077 0.984626293182373 0.984626293182373 0.0950925201177597 -3.333114761971956e-08 0.7386775016784668
40.36951111705077 0.984626293182373 0.984626293182373 0.09520400315523148 -3.333114761971956e-08 0.7433863878250122
40.54529236705077 0.984626293182373 0.984626293182373 0.09530220925807953 -3.333114761971956e-08 0.7479281425476074
40.72107361705077 0.984626293182373 0.984626293182373 0.09538724273443222 -3.333114761971956e-08 0.7522929906845093
41.59997986705076 0.984626293182373 0.984626293182373 0.09565356373786926 -3.333114761971956e-08 0.7715886235237122
42.47888611705076 0.984626293182373 0.984626293182373 0.0957607626914978 -3.333114761971956e-08 0.7874910235404968
42.83044861705076 0.984626293182373 0.984626293182373 0.09577986598014832 -3.333114761971956e-08 0.7930394411087036
43.00622986705076 0.984626293182373 0.984626293182373 0.0957861989736557 -3.333114761971956e-08 0.7956616878509521
43.18201111705076 0.984626293182373 0.984626293182373 0.09579109400510788 -3.333114761971956e-08 0.7981956005096436
43.35779236705076 0.984626293182373 0.984626293182373 0.09579455852508545 -3.333114761971956e-08 0.8006222248077393
43.53357361705076 0.984626293182373 0.984626293182373 0.09579678624868393 -3.333114761971956e-08 0.8029370307922363
44.06091736705076 0.984626293182373 0.984626293182373 0.09579949826002121 -3.333114761971956e-08 0.8093350529670715
44.41247986705076 0.984626293182373 0.984626293182373 0.09579982608556747 -3.333114761971956e-08 0.8131781816482544
45.555057992050756 0.984626293182373 0.984626293182373 0.09579987078905106 -3.333114761971956e-08 0.8240258097648621
46.697636117050756 0.984626293182373 0.984626293182373 0.09579986333847046 -3.333114761971956e-08 0.8327083587646484
46.873417367050756 0.984626293182373 0.984626293182373 0.09579986333847046 -3.333114761971956e-08 0.8338689208030701
47.049198617050756 0.984626293182373 0.984626293182373 0.09579986333847046 -3.333114761971956e-08 0.83498615026474
47.224979867050756 0.984626293182373 0.984626293182373 0.09579986333847046 -3.333114761971956e-08 0.8360640406608582
48.10388611705075 0.984626293182373 0.984626293182373 0.09579986333847046 -3.333114761971956e-08 0.8410646915435791
48.98279236705075 0.984626293182373 0.984626293182373 0.09579986333847046 -3.333114761971956e-08 0.8453229069709778
49.51013611705075 0.984626293182373 0.984626293182373 0.09579986333847046 -3.333114761971956e-08 0.8476419448852539
49.86169861705075 0.984626293182373 0.984626293182373 0.09579986333847046 -3.333114761971956e-08 0.8490864038467407
50.21326111705075 0.984626293182373 0.984626293182373 0.09579986333847046 -3.333114761971956e-08 0.8504900336265564
50.74060486705075 0.984626293182373 0.984626293182373 0.09579986333847046 -3.333114761971956e-08 0.8524695634841919
51.26794861705074 0.984626293182373 0.984626293182373 0.09579986333847046 -3.333114761971956e-08 0.8542695641517639
51.61951111705074 0.984626293182373 0.984626293182373 0.09579986333847046 -3.333114761971956e-08 0.8553810119628906
52.14685486705074 0.984626293182373 0.984626293182373 0.09579986333847046 -3.333114761971956e-08 0.8569820523262024
52.76208924205074 0.984626293182373 0.984626293182373 0.09579986333847046 -3.333114761971956e-08 0.8587406277656555
53.37732361705074 0.984626293182373 0.984626293182373 0.09579986333847046 -3.333114761971956e-08 0.8603333234786987
53.55310486705074 0.984626293182373 0.984626293182373 0.09579986333847046 -3.333114761971956e-08 0.8607610464096069
53.72888611705074 0.984626293182373 0.984626293182373 0.09579986333847046 -3.333114761971956e-08 0.8611775636672974
53.90466736705074 0.984626293182373 0.984626293182373 0.09579986333847046 -3.333114761971956e-08 0.8615831732749939
54.256229867050735 0.984626293182373 0.984626293182373 0.09579986333847046 -3.333114761971956e-08 0.8623653054237366
54.607792367050735 0.984626293182373 0.984626293182373 0.09579986333847046 -3.333114761971956e-08 0.863126277923584
55.574589242050735 0.984626293182373 0.984626293182373 0.09579986333847046 -3.333114761971956e-08 0.8650581240653992
56.541386117050735 0.984626293182373 0.984626293182373 0.09579986333847046 -3.333114761971956e-08 0.8667526841163635
57.332401742050735 0.984626293182373 0.984626293182373 0.09579986333847046 -3.333114761971956e-08 0.8679904341697693
58.12341736705073 0.984626293182373 0.984626293182373 0.09579986333847046 -3.333114761971956e-08 0.8691745400428772
58.91443299205073 0.984626293182373 0.984626293182373 0.09579986333847046 -3.333114761971956e-08 0.8702929019927979
59.70544861705073 0.984626293182373 0.984626293182373 0.09579986333847046 -3.333114761971956e-08 0.871330976486206
59.99999999999999 0.984626293182373 0.984626293182373 0.09579986333847046 -3.333114761971956e-08 0.8717056512832642
60.000099999999996 0.984626293182373 0.984626293182373 0.09579986333847046 -3.333114761971956e-08 0.8717052936553955
60.000299999999996 0.984626293182373 0.984626293182373 0.095799520611763 -3.333114761971956e-08 0.8717049360275269
60.000699999999995 0.984626293182373 0.984626293182373 0.09579559415578842 -3.333114761971956e-08 0.8717048168182373
60.001000000000005 0.984626293182373 0.984626293182373 0.09578850120306015 -3.333114761971956e-08 0.8717048168182373
60.25269062500148 0.984626293182373 0.984626293182373 0.0636916235089302 -3.333114761971956e-08 0.8717048168182373
60.504381250002936 0.984626293182373 0.984626293182373 0.035788483917713165 -3.333114761971956e-08 0.8717048168182373
60.680162500002936 0.984626293182373 0.984626293182373 0.019831780344247818 -3.333114761971956e-08 0.8717048168182373
60.855943750002936 0.984626293182373 0.984626293182373 0.006735060829669237 -3.333114761971956e-08 0.8717048168182373
60.94649567639117 0.984626293182373 0.984626293182373 0.0013206402072682977 -3.333114761971956e-08 0.8717048168182373
60.977450751725385 0.984626293182373 0.984626293182373 7.70834885770455e-05 -3.333114761971956e-08 0.8717048168182373
60.982914813510774 0.984626293182373 0.984626293182373 -3.338613652204003e-08 -3.333114761971956e-08 0.8717048168182373
89.99999999999999 0.984626293182373 0.984626293182373 -3.3398126930705985e-08 -3.333114406700588e-08 0.8717048168182373
90.0001 0.984626293182373 0.984626293182373 -3.337709131301381e-08 -3.333114406700588e-08 0.8717048168182373
90.0003 0.984626293182373 0.984626293182373 -3.335303233598097e-08 -3.333176934461335e-08 0.8717048168182373
90.00045883220619 0.984626293182373 0.984626293182373 -3.333991216436516e-08 -3.33326326540373e-08 0.8717048168182373
90.00077649661858 0.984626293182373 0.984626293182373 -3.3318567460582926e-08 -3.3332405280361854e-08 0.8717048168182373
90.001 0.984626293182373 0.984626293182373 -3.331260245431622e-08 -3.333013864903478e-08 0.8717048168182373
119.99999999999999 0.984626293182373 0.984626293182373 -3.331260245431622e-08 -3.333013864903478e-08 0.8717048168182373
120.0001 0.984626293182373 0.984626293182373 -3.331260245431622e-08 -3.333013864903478e-08 0.8717048168182373
120.0003 0.984626293182373 0.984626293182373 -3.331260245431622e-08 -3.333013864903478e-08 0.8717048168182373
120.0007 0.9846259951591492 0.984626293182373 -3.331260245431622e-08 -3.333013864903478e-08 0.8717048168182373
120.001 0.9846253395080566 0.984626293182373 -3.331260245431622e-08 -3.333013864903478e-08 0.8717048168182373
120.41762908287059 0.9805983901023865 0.984626293182373 0.001409383025020361 -3.333013864903478e-08 0.8717048168182373
120.83425816574116 0.9752668142318726 0.984626293182373 0.002814320381730795 -3.333013864903478e-08 0.8717048168182373
121.01003941574116 0.9724886417388916 0.984626293182373 0.003411425743252039 -3.333013864903478e-08 0.8717048168182373
121.18582066574116 0.9693255424499512 0.984626293182373 0.004023679997771978 -3.333013864903478e-08 0.8717048168182373
121.36160191574116 0.9657214283943176 0.984626293182373 0.004651280585676432 -3.333013864903478e-08 0.8717048168182373
121.71316441574116 0.9569450616836548 0.984626293182373 0.005915939807891846 -3.333013864903478e-08 0.8717048168182373
121.88894566574116 0.9516440033912659 0.984626293182373 0.006547474302351475 -3.333013864903478e-08 0.8717048168182373
122.06472691574116 0.9456489682197571 0.984626293182373 0.007178440224379301 -3.333013864903478e-08 0.8717048168182373
122.24050816574118 0.9389005303382874 0.984626293182373 0.007808838505297899 -3.333013864903478e-08 0.8717048168182373
122.41628941574119 0.9313467741012573 0.984626293182373 0.00843866914510727 -3.333013864903478e-08 0.8717048168182373
122.5920706657412 0.9229456186294556 0.984626293182373 0.009067934937775135 -3.333013864903478e-08 0.8717048168182373
122.7678519157412 0.9136672019958496 0.984626293182373 0.009696636348962784 -3.333013864903478e-08 0.8717048168182373
122.94363316574122 0.9034950733184814 0.984626293182373 0.010324778035283089 -3.333013864903478e-08 0.8717048168182373
123.11941441574123 0.8924259543418884 0.984626293182373 0.010952360928058624 -3.333013864903478e-08 0.8717048168182373
123.29519566574125 0.8804693818092346 0.984626293182373 0.011579390615224838 -3.333013864903478e-08 0.8717048168182373
123.47097691574126 0.8676456212997437 0.984626293182373 0.012205870822072029 -3.333013864903478e-08 0.8717048168182373
123.64675816574128 0.853983998298645 0.984626293182373 0.012831805273890495 -3.333013864903478e-08 0.8717048168182373
123.82253941574129 0.8395203948020935 0.984626293182373 0.01345719676464796 -3.333013864903478e-08 0.8717048168182373
123.9983206657413 0.8242954015731812 0.984626293182373 0.014082049950957298 -3.333013864903478e-08 0.8717048168182373
124.17410191574132 0.8083521127700806 0.984626293182373 0.014706366695463657 -3.333013864903478e-08 0.8717048168182373
124.34988316574133 0.7917349338531494 0.984626293182373 0.015330151654779911 -3.333013864903478e-08 0.8717048168182373
124.52566441574135 0.7744876742362976 0.984626293182373 0.01595340669155121 -3.333013864903478e-08 0.8717048168182373
124.70144566574136 0.7566533088684082 0.984626293182373 0.016576135531067848 -3.333013864903478e-08 0.8717048168182373
124.87722691574137 0.738273024559021 0.984626293182373 0.017198339104652405 -3.333013864903478e-08 0.8717048168182373
125.05300816574139 0.7193856239318848 0.984626293182373 0.017820021137595177 -3.333013864903478e-08 0.8717048168182373
125.22878941574139 0.7000276446342468 0.984626293182373 0.018441181629896164 -3.333013864903478e-08 0.8717048168182373
125.58035191574142 0.6600334048271179 0.984626293182373 0.01968195289373398 -3.333013864903478e-08 0.8717048168182373
125.75613316574143 0.6394577026367188 0.984626293182373 0.020301563665270805 -3.333013864903478e-08 0.8717048168182373
125.93191441574145 0.6185327172279358 0.984626293182373 0.020920660346746445 -3.333013864903478e-08 0.8717048168182373
126.10769566574146 0.597282886505127 0.984626293182373 0.021539244800806046 -3.333013864903478e-08 0.8717048168182373
126.28347691574147 0.5757308006286621 0.984626293182373 0.02215731516480446 -3.333013864903478e-08 0.8717048168182373
126.6350394157415 0.5318006873130798 0.984626293182373 0.023391928523778915 -3.333013864903478e-08 0.8717048168182373
126.81082066574152 0.5094588398933411 0.984626293182373 0.02400846965610981 -3.333013864903478e-08 0.8717048168182373
126.98660191574153 0.48688745498657227 0.984626293182373 0.024624502286314964 -3.333013864903478e-08 0.8717048168182373
127.16238316574155 0.4641011953353882 0.984626293182373 0.02524002641439438 -3.333013864903478e-08 0.8717048168182373
127.33816441574156 0.4411133825778961 0.984626293182373 0.025855043902993202 -3.333013864903478e-08 0.8717048168182373
127.51394566574156 0.4179363548755646 0.984626293182373 0.026469554752111435 -3.333013864903478e-08 0.8717048168182373
127.68972691574157 0.39458146691322327 0.984626293182373 0.027083558961749077 -3.333013864903478e-08 0.8717048168182373
127.86550816574159 0.37105923891067505 0.984626293182373 0.027697058394551277 -3.333013864903478e-08 0.8717048168182373
128.0412894157416 0.3473794758319855 0.984626293182373 0.028310053050518036 -3.333013864903478e-08 0.8717048168182373
128.39285191574163 0.2995837926864624 0.984626293182373 0.02953452616930008 -3.333013864903478e-08 0.8717048168182373
128.56863316574166 0.275485098361969 0.984626293182373 0.030146019533276558 -3.333013864903478e-08 0.8717048168182373
128.74441441574166 0.2512635290622711 0.984626293182373 0.030757052823901176 -3.333013864903478e-08 0.8717048168182373
128.92019566574166 0.22693075239658356 0.984626293182373 0.031367626041173935 -3.333013864903478e-08 0.8717048168182373
129.44753941574172 0.15351256728172302 0.984626293182373 0.03319636732339859 -3.333013864903478e-08 0.8717048168182373
129.62332066574172 0.12910057604312897 0.984626293182373 0.03380494564771652 -3.333013864903478e-08 0.8717048168182373
129.79910191574174 0.10501537472009659 0.984626293182373 0.03441300243139267 -3.333013864903478e-08 0.8717048168182373
129.97488316574174 0.0817212238907814 0.984626293182373 0.03502051532268524 -3.333013864903478e-08 0.8717048168182373
130.15066441574177 0.05987698212265968 0.984626293182373 0.03562748432159424 -3.333013864903478e-08 0.8717048168182373
130.32644566574177 0.040240030735731125 0.984626293182373 0.03623393923044205 -3.333013864903478e-08 0.8717048168182373
130.5022269157418 0.02349221147596836 0.984626293182373 0.03683989495038986 -3.333013864903478e-08 0.8717048168182373
130.6780081657418 0.010249101556837559 0.984626293182373 0.037445344030857086 -3.333013864903478e-08 0.8717048168182373
130.85378941574183 0.0007384992204606533 0.984626293182373 0.03805045783519745 -3.333013864903478e-08 0.8717048168182373
130.88753463990238 -3.3386164943749463e-08 0.984626293182373 0.03816667199134827 -3.333013864903478e-08 0.8717048168182373
130.92863119520013 -3.3386164943749463e-08 0.984626293182373 0.03830835223197937 -3.333013864903478e-08 0.8717048168182373
131.0505830404183 -3.3386164943749463e-08 0.984626293182373 0.03872840851545334 -3.333013864903478e-08 0.8717048168182373
131.21318550070922 -3.3386164943749463e-08 0.984626293182373 0.039287567138671875 -3.333013864903478e-08 0.8717048168182373
137.89287300070973 -3.3386164943749463e-08 0.984626293182373 0.0618726909160614 -3.333013864903478e-08 0.8717048168182373
138.06865425070973 -3.3386164943749463e-08 0.984626293182373 0.06245734542608261 -3.333013864903478e-08 0.8717048168182373
138.24443550070976 -3.3386164943749463e-08 0.984626293182373 0.06304150074720383 -3.333013864903478e-08 0.8717048168182373
138.42021675070976 -3.3386164943749463e-08 0.984626293182373 0.06362517178058624 -3.333013864903478e-08 0.8717048168182373
145.09990425071027 -3.3386164943749463e-08 0.984626293182373 0.08543823659420013 -3.333013864903478e-08 0.8717048168182373
145.27568550071027 -3.3386164943749463e-08 0.984626293182373 0.0860026478767395 -3.333013864903478e-08 0.8717048168182373
145.4514667507103 -3.3386164943749463e-08 0.984626293182373 0.08656657487154007 -3.333013864903478e-08 0.8717048168182373
145.6272480007103 -3.3386164943749463e-08 0.984626293182373 0.08713001012802124 -3.333013864903478e-08 0.8717048168182373
150.0 -3.3423386724962256e-08 0.984626293182373 0.10098850727081299 -3.333013864903478e-08 0.8717048168182373
150.0001 -3.3377304475834535e-08 0.984626293182373 0.10099006444215775 -3.333013864903478e-08 0.8717048168182373
150.0003 -3.334388765097174e-08 0.984626293182373 0.10099633783102036 -3.333260067961419e-08 0.8717046976089478
150.0007 -3.3324020876079885e-08 0.984626293182373 0.10101426392793655 -3.334492149065227e-08 0.8717035055160522
150.00082296323473 -3.2218927970006916e-08 0.984626293182373 0.10101974010467529 -3.3349639494417715e-08 0.8717021942138672
150.0008939564989 1.292270823682884e-08 0.984626293182373 0.10102230310440063 -3.3352659301044696e-08 0.8717005252838135
150.00092967301885 1.7759879256118438e-07 0.984626293182373 0.10102333128452301 -3.335434328732845e-08 0.8716992139816284
150.00095161854404 4.802645321433374e-07 0.984626293182373 0.10102388262748718 -3.335543041771416e-08 0.871698260307312
150.00096653207802 8.785961540525022e-07 0.984626293182373 0.10102422535419464 -3.3356190698441424e-08 0.8716974854469299
150.00097895250462 1.4528941392200068e-06 0.984626293182373 0.10102450102567673 -3.3356847950472e-08 0.8716967701911926
150.0009925859823 2.419355951133184e-06 0.984626293182373 0.10102478414773941 -3.335759046763087e-08 0.8716959357261658
150.001001441109 3.264869746999466e-06 0.984626293182373 0.10102495551109314 -3.335799902970393e-08 0.871695339679718
150.02461112980728 0.0026580251287668943 0.984626293182373 0.10148587822914124 -3.335824061423409e-08 0.87010258436203
150.04822081850554 0.005307631567120552 0.984626293182373 0.1019451916217804 -3.335847864605057e-08 0.8684907555580139
150.09544307812007 0.010591668076813221 0.984626293182373 0.10285907238721848 -3.3358883655409954e-08 0.8652185201644897
150.18988759734918 0.021099871024489403 0.984626293182373 0.10466829687356949 -3.335957288186364e-08 0.8585097193717957
150.36566884734918 0.04049774259328842 0.984626293182373 0.10798625648021698 -3.33608873859248e-08 0.8455848693847656
150.54145009734918 0.05969696864485741 0.984626293182373 0.11124321073293686 -3.336212017757134e-08 0.8321243524551392
150.7172313473492 0.0786735787987709 0.984626293182373 0.11443217098712921 -3.336328546765799e-08 0.8180906176567078
150.8930125973492 0.09742650389671326 0.984626293182373 0.1175532341003418 -3.3364447205030956e-08 0.8035008311271667
151.06879384734924 0.11595294624567032 0.984626293182373 0.12060600519180298 -3.3365516571848275e-08 0.788378119468689
151.24457509734924 0.13425010442733765 0.984626293182373 0.12359009683132172 -3.33665006735373e-08 0.7727648019790649
151.42035634734927 0.1523151397705078 0.984626293182373 0.12650516629219055 -3.336742437909379e-08 0.7566962242126465
151.59613759734927 0.17014524340629578 0.984626293182373 0.12935087084770203 -3.3368269924949345e-08 0.7402048110961914
151.7719188473493 0.18773755431175232 0.984626293182373 0.13212688267230988 -3.3369065732813397e-08 0.7233209013938904
151.9477000973493 0.2050892561674118 0.984626293182373 0.13483290374279022 -3.336985798796377e-08 0.7060575485229492
152.12348134734933 0.22219747304916382 0.984626293182373 0.13746869564056396 -3.3370611163263675e-08 0.6884256601333618
152.29926259734933 0.2390594184398651 0.984626293182373 0.14003399014472961 -3.337124709901218e-08 0.6704617738723755
152.47504384734935 0.25567227602005005 0.984626293182373 0.14252865314483643 -3.337183329676918e-08 0.6522054076194763
152.82660634734935 0.28813987970352173 0.984626293182373 0.1473054140806198 -3.337299858685583e-08 0.6148489713668823
153.00238759734938 0.3039892017841339 0.984626293182373 0.14958736300468445 -3.3373513730339255e-08 0.5957720279693604
153.17816884734938 0.31957870721817017 0.984626293182373 0.1517982929944992 -3.337397203040382e-08 0.5764626264572144
153.3539500973494 0.3349059224128723 0.984626293182373 0.15393827855587006 -3.3374433883182064e-08 0.5569334030151367
153.5297313473494 0.3499683439731598 0.984626293182373 0.15600740909576416 -3.337486731425088e-08 0.5371912121772766
153.70551259734944 0.36476364731788635 0.984626293182373 0.15800583362579346 -3.337523679647347e-08 0.5172580480575562
153.88129384734944 0.3792896270751953 0.984626293182373 0.15993377566337585 -3.337557785698664e-08 0.4971548616886139
154.05707509734947 0.39354416728019714 0.984626293182373 0.16179154813289642 -3.337589760121773e-08 0.4768933057785034
154.23285634734947 0.40752530097961426 0.984626293182373 0.16357949376106262 -3.337622445087618e-08 0.45647650957107544
154.4086375973495 0.42123115062713623 0.984626293182373 0.16529804468154907 -3.337655130053463e-08 0.4359029233455658
154.5844188473495 0.4346601366996765 0.984626293182373 0.16694772243499756 -3.337684262305629e-08 0.4151817858219147
154.93598134734953 0.4606817364692688 0.984626293182373 0.17004290223121643 -3.3377421715385935e-08 0.37332433462142944
155.11176259734953 0.47327202558517456 0.984626293182373 0.17148983478546143 -3.33776952743392e-08 0.35219281911849976
155.28754384734955 0.4855807423591614 0.984626293182373 0.17287078499794006 -3.3377954622437755e-08 0.3309348523616791
155.46332509734955 0.4976073205471039 0.984626293182373 0.17418664693832397 -3.337817133797216e-08 0.3095642030239105
155.63910634734958 0.509351372718811 0.984626293182373 0.17543847858905792 -3.3378345420942424e-08 0.288101464509964
155.81488759734958 0.5208128690719604 0.984626293182373 0.17662736773490906 -3.337854082019476e-08 0.2665536105632782
155.9906688473496 0.5319919586181641 0.984626293182373 0.17775452136993408 -3.3378722008592376e-08 0.2449215054512024
156.1664500973496 0.5428891181945801 0.984626293182373 0.17882123589515686 -3.337886766985321e-08 0.2232218235731125
156.34223134734964 0.5535051226615906 0.984626293182373 0.17982883751392365 -3.337903109468243e-08 0.20146924257278442
156.51801259734964 0.5638409852981567 0.984626293182373 0.18077880144119263 -3.337921583579373e-08 0.1796742081642151
156.69379384734967 0.573898196220398 0.984626293182373 0.18167266249656677 -3.337938636605031e-08 0.15787170827388763
156.86957509734967 0.5836782455444336 0.984626293182373 0.18251200020313263 -3.3379553343593216e-08 0.13613678514957428
157.0453563473497 0.5931832194328308 0.984626293182373 0.1832984834909439 -3.337970966299508e-08 0.11460414528846741
157.2211375973497 0.6024154424667358 0.984626293182373 0.1840338408946991 -3.3379855324255914e-08 0.09350696951150894
157.39691884734972 0.6113775372505188 0.984626293182373 0.18471987545490265 -3.337999032737571e-08 0.07321774959564209
157.57270009734972 0.6200723648071289 0.984626293182373 0.18535840511322021 -3.338011111964079e-08 0.0542558915913105
157.74848134734972 0.6285032033920288 0.984626293182373 0.1859513372182846 -3.338018927934172e-08 0.037212006747722626
157.92426259734975 0.6366735696792603 0.984626293182373 0.18650056421756744 -3.338022480647851e-08 0.022570574656128883
158.10004384734975 0.6445871591567993 0.984626293182373 0.18700802326202393 -3.3380267439042655e-08 0.010519135743379593
158.27582509734978 0.6522971987724304 0.984626293182373 0.18748314678668976 -3.338031717703416e-08 0.0010617146035656333
158.31327866144534 0.6539080739021301 0.984626293182373 0.1875794231891632 -3.3380320729747837e-08 9.52149712247774e-05
158.3499246124394 0.6554651856422424 0.984626293182373 0.18767069280147552 -3.3380320729747837e-08 -3.3380320729747837e-08
158.3658592385771 0.6561389565467834 0.984626293182373 0.18770989775657654 -3.3380320729747837e-08 -3.3380320729747837e-08
158.38034744815818 0.65674889087677 0.984626293182373 0.1877451241016388 -3.3380320729747837e-08 -3.3380320729747837e-08
158.4672767056446 0.6603627800941467 0.984626293182373 0.1879497468471527 -3.3380320729747837e-08 -3.3380320729747837e-08
158.58318238229316 0.6650775671005249 0.984626293182373 0.18820753693580627 -3.3380320729747837e-08 -3.3380320729747837e-08
158.7589636322932 0.672048032283783 0.984626293182373 0.18857301771640778 -3.3380320729747837e-08 -3.3380320729747837e-08
158.9347448822932 0.6788029670715332 0.984626293182373 0.18890878558158875 -3.3380320729747837e-08 -3.3380320729747837e-08
159.11052613229322 0.6853277087211609 0.984626293182373 0.18921387195587158 -3.3380320729747837e-08 -3.3380320729747837e-08
159.28630738229322 0.6916273832321167 0.984626293182373 0.18949034810066223 -3.3380320729747837e-08 -3.3380320729747837e-08
159.46208863229324 0.6977071762084961 0.984626293182373 0.18974019587039948 -3.3380320729747837e-08 -3.3380320729747837e-08
159.63786988229324 0.7035727500915527 0.984626293182373 0.18996520340442657 -3.3380320729747837e-08 -3.3380320729747837e-08
159.81365113229327 0.7092298269271851 0.984626293182373 0.1901671588420868 -3.3380320729747837e-08 -3.3380320729747837e-08
159.98943238229327 0.7146841287612915 0.984626293182373 0.1903478056192398 -3.3380320729747837e-08 -3.3380324282461515e-08
160.1652136322933 0.7199414968490601 0.984626293182373 0.19050875306129456 -3.3380320729747837e-08 -3.3380324282461515e-08
160.69255738229333 0.7345907092094421 0.984626293182373 0.1908886581659317 -3.3380324282461515e-08 -3.3380324282461515e-08
160.86833863229333 0.7391189336776733 0.984626293182373 0.1909857988357544 -3.3380324282461515e-08 -3.3380324282461515e-08
161.04411988229336 0.7434794902801514 0.984626293182373 0.19107045233249664 -3.3380324282461515e-08 -3.3380324282461515e-08
161.21990113229336 0.7476779222488403 0.984626293182373 0.19114381074905396 -3.3380324282461515e-08 -3.3380324282461515e-08
161.3956823822934 0.7517200112342834 0.984626293182373 0.19120705127716064 -3.3380324282461515e-08 -3.3380324282461515e-08
161.5714636322934 0.7556112408638 0.984626293182373 0.19126123189926147 -3.3380324282461515e-08 -3.3380324282461515e-08
161.74724488229342 0.7593571543693542 0.984626293182373 0.19130735099315643 -3.3380324282461515e-08 -3.3380324282461515e-08
162.27458863229344 0.7697759866714478 0.984626293182373 0.1914062798023224 -3.3380324282461515e-08 -3.3380324282461515e-08
162.45036988229347 0.7729930877685547 0.984626293182373 0.19142869114875793 -3.3380324282461515e-08 -3.3380324282461515e-08
162.62615113229347 0.7760903835296631 0.984626293182373 0.1914469301700592 -3.3380324282461515e-08 -3.3380324282461515e-08
162.80193238229347 0.7790727615356445 0.984626293182373 0.19146163761615753 -3.3380324282461515e-08 -3.3380324282461515e-08
163.32927613229353 0.7873754501342773 0.984626293182373 0.1914898008108139 -3.3380324282461515e-08 -3.3380324282461515e-08
163.50505738229353 0.7899425625801086 0.984626293182373 0.19149522483348846 -3.3380324282461515e-08 -3.3380324282461515e-08
163.68083863229356 0.7924162149429321 0.984626293182373 0.1914992332458496 -3.3380324282461515e-08 -3.3380324282461515e-08
163.85661988229356 0.7948002219200134 0.984626293182373 0.1915021389722824 -3.3380324282461515e-08 -3.3380324282461515e-08
164.0324011322936 0.7970983386039734 0.984626293182373 0.19150416553020477 -3.3380324282461515e-08 -3.3380324282461515e-08
164.2081823822936 0.7993142604827881 0.984626293182373 0.1915055364370346 -3.3380324282461515e-08 -3.3380324282461515e-08
164.38396363229361 0.8014512062072754 0.984626293182373 0.19150640070438385 -3.3380324282461515e-08 -3.3380324282461515e-08
164.55974488229361 0.8035125732421875 0.984626293182373 0.19150689244270325 -3.3380324282461515e-08 -3.3380324282461515e-08
165.43865113229367 0.8127918243408203 0.984626293182373 0.1915072649717331 -3.3380324282461515e-08 -3.3380324282461515e-08
165.6144323822937 0.814461886882782 0.984626293182373 0.1915072500705719 -3.3380324282461515e-08 -3.3380324282461515e-08
165.7902136322937 0.8160760402679443 0.984626293182373 0.1915072500705719 -3.3380324282461515e-08 -3.3380324282461515e-08
165.96599488229373 0.8176367282867432 0.984626293182373 0.1915072500705719 -3.3380324282461515e-08 -3.3380324282461515e-08
166.14177613229373 0.819145917892456 0.984626293182373 0.1915072500705719 -3.3380324282461515e-08 -3.3380324282461515e-08
166.31755738229376 0.8206058740615845 0.984626293182373 0.1915072500705719 -3.3380324282461515e-08 -3.3380324282461515e-08
166.49333863229376 0.8220184445381165 0.984626293182373 0.1915072500705719 -3.3380324282461515e-08 -3.3380324282461515e-08
166.66911988229378 0.8233856558799744 0.984626293182373 0.1915072500705719 -3.3380324282461515e-08 -3.3380324282461515e-08
167.1964636322938 0.8272336721420288 0.984626293182373 0.1915072500705719 -3.3380324282461515e-08 -3.3380324282461515e-08
167.37224488229384 0.8284374475479126 0.984626293182373 0.1915072500705719 -3.3380324282461515e-08 -3.3380324282461515e-08
167.54802613229384 0.8296045064926147 0.984626293182373 0.1915072500705719 -3.3380324282461515e-08 -3.3380324282461515e-08
167.72380738229384 0.8307361602783203 0.984626293182373 0.1915072500705719 -3.3380324282461515e-08 -3.3380324282461515e-08
167.89958863229387 0.8318338394165039 0.984626293182373 0.1915072500705719 -3.3380324282461515e-08 -3.3380324282461515e-08
168.4269323822939 0.8349364399909973 0.984626293182373 0.1915072500705719 -3.3380324282461515e-08 -3.3380324282461515e-08
168.60271363229393 0.835911214351654 0.984626293182373 0.1915072500705719 -3.3380324282461515e-08 -3.3380324282461515e-08
168.77849488229393 0.8368582725524902 0.984626293182373 0.1915072500705719 -3.3380324282461515e-08 -3.3380324282461515e-08
168.95427613229396 0.8377785086631775 0.984626293182373 0.1915072500705719 -3.3380324282461515e-08 -3.3380324282461515e-08
171.0636511322941 0.8470637798309326 0.984626293182373 0.1915072500705719 -3.3380324282461515e-08 -3.3380324282461515e-08
171.23943238229413 0.8477143049240112 0.984626293182373 0.1915072500705719 -3.3380324282461515e-08 -3.3380324282461515e-08
171.41521363229413 0.8483489751815796 0.984626293182373 0.1915072500705719 -3.3380324282461515e-08 -3.3380324282461515e-08
171.59099488229415 0.8489681482315063 0.984626293182373 0.1915072500705719 -3.3380324282461515e-08 -3.3380324282461515e-08
174.40349488229435 0.8571488857269287 0.984626293182373 0.1915072500705719 -3.3380324282461515e-08 -3.3380324282461515e-08
174.57927613229438 0.8575712442398071 0.984626293182373 0.1915072500705719 -3.3380324282461515e-08 -3.3380324282461515e-08
174.75505738229438 0.8579850792884827 0.984626293182373 0.1915072500705719 -3.3380324282461515e-08 -3.3380324282461515e-08
174.93083863229438 0.8583905100822449 0.984626293182373 0.1915072500705719 -3.3380324282461515e-08 -3.3380324282461515e-08
175.1066198822944 0.8587878346443176 0.984626293182373 0.1915072500705719 -3.3380324282461515e-08 -3.3380324282461515e-08
175.2824011322944 0.85917729139328 0.984626293182373 0.1915072500705719 -3.3380324282461515e-08 -3.3380324282461515e-08
176.68865113229452 0.862034797668457 0.984626293182373 0.1915072500705719 -3.3380324282461515e-08 -3.3380324282461515e-08
176.86443238229455 0.8623625636100769 0.984626293182373 0.1915072500705719 -3.3380324282461515e-08 -3.3380324282461515e-08
177.04021363229455 0.862684428691864 0.984626293182373 0.1915072500705719 -3.3380324282461515e-08 -3.3380324282461515e-08
177.21599488229455 0.8630004525184631 0.984626293182373 0.1915072500705719 -3.3380324282461515e-08 -3.3380324282461515e-08
179.85271363229475 0.8671395182609558 0.984626293182373 0.1915072500705719 -3.3380324282461515e-08 -3.3380324282461515e-08
179.99999999999997 0.8673426508903503 0.984626293182373 0.1915072500705719 -3.3380324282461515e-08 -3.3380324282461515e-08
