time a b c w1 w2
0.0 0.0 0.0 0.0 0.0 0.0
1.757812428601624e-06 1.757988202426422e-23 1.0832566022872925 1.757988202426422e-23 1.757988202426422e-23 1.757988202426422e-23
1.7648476783160305e-06 1.7650242106122693e-23 1.0055341720581055 1.7650242106122693e-23 1.7650242106122693e-23 1.7650242106122693e-23
1.7789181777448437e-06 1.7790960692117828e-23 0.9905999898910522 1.7790960692117828e-23 1.7790960692117828e-23 1.7790960692117828e-23
1.8070591766024704e-06 1.8072399441829907e-23 0.984626293182373 1.8072399441829907e-23 1.8072399441829907e-23 1.8072399441829907e-23
0.00013281055255599797 1.3282383013875093e-21 0.984626293182373 1.3282383013875093e-21 1.3282383013875093e-21 1.3282383013875093e-21
0.00026381985277929004 2.6384624023353322e-21 0.984626293182373 2.6384624023353322e-21 2.6384624023353322e-21 2.6384624023353322e-21
0.0005258384532258742 5.258910200334195e-21 0.984626293182373 5.258910200334195e-21 -5.940623992728433e-09 -5.940623992728433e-09
0.001 1.0000999731091105e-20 0.984626293182373 1.0000999731091105e-20 -3.3382129061010346e-08 -3.3382129061010346e-08
29.999999999999996 3.000300019364487e-16 0.984626293182373 3.000300019364487e-16 -3.338226761684382e-08 -3.338226761684382e-08
30.000099999999996 3.0003100778807355e-16 0.984626293182373 3.0003100778807355e-16 -3.336256781949487e-08 -3.336256781949487e-08
30.0003 3.0003299302154367e-16 0.984626293182373 3.0003299302154367e-16 -3.334310960667608e-08 -3.334310960667608e-08
30.0007 3.0003698995826353e-16 0.984626293182373 3.0003698995826353e-16 -3.3332813842434916e-08 -3.3332813842434916e-08
30.00082296344252 1.8052206840479812e-08 0.984626293182373 1.8054132411293722e-08 -2.723125014369998e-08 -2.7230315780002456e-08
30.000893956500242 9.096915931650074e-08 0.984626293182373 9.097776398903079e-08 5.5731927517399527e-08 5.573895833776987e-08
30.000929724328614 1.9895520608770312e-07 0.984626293182373 1.9897308334293484e-07 1.4451585172992054e-07 1.4453456742558046e-07
30.000951818774265 3.1802136390979285e-07 0.984626293182373 3.180490750764875e-07 2.01022885448765e-07 2.0105674991555134e-07
30.000964256006817 4.283766941171052e-07 0.984626293182373 4.284122780973121e-07 4.0222144548351935e-07 4.0227061504083395e-07
30.000974093538254 5.653021730722685e-07 0.984626293182373 5.653459425047913e-07 8.766558607931074e-07 8.767245276430913e-07
30.000985253986624 7.753063187010412e-07 0.984626293182373 7.75361513660755e-07 1.77705294390762e-06 1.7771518514564377e-06
30.000998602472087 1.0727585504355375e-06 0.984626293182373 1.0728292636486003e-06 3.1503984700975707e-06 3.1505403512710473e-06
30.001 1.1077256658609258e-06 0.984626293182373 1.1077981980633922e-06 3.3195517517015105e-06 3.319698635095847e-06
30.241825671082598 0.006408886983990669 0.984626293182373 0.006409208290278912 0.0323144793510437 0.03231542184948921
30.482651342165195 0.012653429992496967 0.984626293182373 0.012654067017138004 0.06414417922496796 0.06414605677127838
30.658432592165198 0.017127379775047302 0.984626293182373 0.017128242179751396 0.08712729066610336 0.08712983876466751
31.009995092165198 0.025799892842769623 0.984626293182373 0.025801196694374084 0.13226903975009918 0.13227291405200958
31.361557592165195 0.034094762057065964 0.984626293182373 0.034079816192388535 0.17626953125 0.17622356116771698
31.537338842165195 0.03810509294271469 0.984626293182373 0.038067255169153214 0.19785085320472717 0.19773441553115845
31.713120092165195 0.04202160984277725 0.984626293182373 0.041958004236221313 0.21914315223693848 0.21894697844982147
31.888901342165195 0.04585247486829758 0.984626293182373 0.045763686299324036 0.24017000198364258 0.23989537358283997
32.24046384216519 0.053242750465869904 0.984626293182373 0.053105346858501434 0.28137338161468506 0.2809457778930664
32.59202634216519 0.06026022508740425 0.984626293182373 0.06007678061723709 0.3213956952095032 0.32082098722457886
33.11937009216519 0.06997416168451309 0.984626293182373 0.06972674280405045 0.378800630569458 0.3780166208744049
33.29515134216519 0.07298807799816132 0.984626293182373 0.07272082567214966 0.3971967101097107 0.39634642004966736
33.64671384216519 0.07867740094661713 0.984626293182373 0.07837295532226562 0.43284618854522705 0.43186935782432556
34.17405759216519 0.08638201653957367 0.984626293182373 0.08602853119373322 0.48345574736595154 0.4823067784309387
34.34983884216519 0.08874969184398651 0.984626293182373 0.08838183432817459 0.4996145963668823 0.49841392040252686
34.70140134216519 0.09315258264541626 0.984626293182373 0.09275899827480316 0.5307183265686035 0.5294228792190552
35.05296384216519 0.09709392488002777 0.984626293182373 0.09667866677045822 0.5600929856300354 0.5587148070335388
35.404526342165184 0.10060495883226395 0.984626293182373 0.10017217695713043 0.5877920985221863 0.5863445401191711
35.756088842165184 0.10367190092802048 0.984626293182373 0.10322560369968414 0.6136899590492249 0.6121863722801208
36.283432592165184 0.1075247973203659 0.984626293182373 0.10706539452075958 0.6493397355079651 0.6477786898612976
36.810776342165184 0.11058960109949112 0.984626293182373 0.11011067777872086 0.681363582611084 0.6797086000442505
37.162338842165184 0.1121940165758133 0.984626293182373 0.11171434074640274 0.700527548789978 0.6988695859909058
37.338120092165184 0.11288724839687347 0.984626293182373 0.11240561306476593 0.7095258831977844 0.7078559994697571
37.513901342165184 0.1135171502828598 0.984626293182373 0.11302447319030762 0.7181683778762817 0.7164328694343567
37.689682592165184 0.11409038305282593 0.984626293182373 0.11358179152011871 0.7264793515205383 0.7246491312980652
37.865463842165184 0.11460414528846741 0.984626293182373 0.11408774554729462 0.7344257831573486 0.7325498461723328
38.041245092165184 0.11505646258592606 0.984626293182373 0.11454229056835175 0.7419800758361816 0.7401202917098999
38.217026342165184 0.11545506864786148 0.984626293182373 0.11494597792625427 0.7491748929023743 0.7473502159118652
38.392807592165184 0.11580570042133331 0.984626293182373 0.11530143022537231 0.7560299634933472 0.7542404532432556
38.56858884216518 0.11610980331897736 0.984626293182373 0.11561015248298645 0.7625375986099243 0.7607839703559875
39.09593259216518 0.11678372323513031 0.984626293182373 0.1162964403629303 0.780074417591095 0.7784305214881897
39.62327634216518 0.11720634251832962 0.984626293182373 0.11672420054674149 0.7951705455780029 0.7935765385627747
39.97483884216518 0.11738616228103638 0.984626293182373 0.11690446734428406 0.8040025234222412 0.802419126033783
40.32640134216518 0.1175098568201065 0.984626293182373 0.11702527105808258 0.8120178580284119 0.8103834986686707
40.50218259216518 0.11755642294883728 0.984626293182373 0.11707139015197754 0.8157561421394348 0.8141191005706787
40.67796384216518 0.11759281158447266 0.984626293182373 0.11710898578166962 0.8192911148071289 0.8176804780960083
40.85374509216518 0.11762131005525589 0.984626293182373 0.11713805794715881 0.8226500749588013 0.8210510611534119
41.20530759216518 0.1176598072052002 0.984626293182373 0.11717796325683594 0.8288553357124329 0.8273080587387085
41.38108884216518 0.11767122894525528 0.984626293182373 0.11719061434268951 0.8316932320594788 0.830194354057312
41.55687009216518 0.11767920851707458 0.984626293182373 0.11719954013824463 0.8343814611434937 0.8329274654388428
41.73265134216518 0.11768465489149094 0.984626293182373 0.11720569431781769 0.8369291424751282 0.8355178833007812
41.90843259216517 0.11768816411495209 0.984626293182373 0.11720964312553406 0.8393449783325195 0.8379632830619812
42.25999509216517 0.11769190430641174 0.984626293182373 0.11721348017454147 0.8438721299171448 0.8424962162971497
42.61155759216517 0.11769332736730576 0.984626293182373 0.11721492558717728 0.8480430841445923 0.8466804027557373
42.96312009216517 0.11769361793994904 0.984626293182373 0.11721530556678772 0.851803183555603 0.8505109548568726
43.31468259216517 0.11769363284111023 0.984626293182373 0.11721532791852951 0.8551886081695557 0.853965699672699
43.49046384216517 0.11769363284111023 0.984626293182373 0.11721532791852951 0.8567673563957214 0.8555763959884644
43.66624509216517 0.11769363284111023 0.984626293182373 0.11721532791852951 0.8582673072814941 0.8571065664291382
43.84202634216517 0.11769363284111023 0.984626293182373 0.11721532791852951 0.8596901893615723 0.8585578203201294
44.19358884216517 0.11769363284111023 0.984626293182373 0.11721532791852951 0.8623648285865784 0.8612537980079651
44.54515134216517 0.11769363284111023 0.984626293182373 0.11721532791852951 0.8648540377616882 0.8637666702270508
45.07249509216516 0.11769363284111023 0.984626293182373 0.11721532791852951 0.8681727647781372 0.8671493530273438
45.86351071716516 0.11769363284111023 0.984626293182373 0.11721532791852951 0.8725860714912415 0.8715819120407104
46.65452634216516 0.11769363284111023 0.984626293182373 0.11721532791852951 0.8763689398765564 0.8754376173019409
47.18187009216516 0.11769363284111023 0.984626293182373 0.11721532791852951 0.8785865306854248 0.8776460289955139
47.53343259216516 0.11769363284111023 0.984626293182373 0.11721532791852951 0.8799574971199036 0.8790284395217896
47.88499509216516 0.11769363284111023 0.984626293182373 0.11721532791852951 0.8812254667282104 0.8803298473358154
48.412338842165155 0.11769363284111023 0.984626293182373 0.11721532791852951 0.8829535841941833 0.8821017742156982
48.939682592165155 0.11769363284111023 0.984626293182373 0.11721532791852951 0.8845250606536865 0.8836870789527893
49.115463842165155 0.11769363284111023 0.984626293182373 0.11721532791852951 0.8850201964378357 0.8841866850852966
49.291245092165155 0.11769363284111023 0.984626293182373 0.11721532791852951 0.8854984641075134 0.8846757411956787
49.467026342165155 0.11769363284111023 0.984626293182373 0.11721532791852951 0.8859611749649048 0.8851504325866699
49.642807592165155 0.11769363284111023 0.984626293182373 0.11721532791852951 0.8864086270332336 0.8856092691421509
50.170151342165155 0.11769363284111023 0.984626293182373 0.11721532791852951 0.887665331363678 0.8868973255157471
50.697495092165155 0.11769363284111023 0.984626293182373 0.11721532791852951 0.8888070583343506 0.8880665898323059
51.224838842165155 0.11769363284111023 0.984626293182373 0.11721532791852951 0.8898895978927612 0.8891312479972839
51.92796384216515 0.11769363284111023 0.984626293182373 0.11721532791852951 0.8912394046783447 0.8904761075973511
52.63108884216515 0.11769363284111023 0.984626293182373 0.11721532791852951 0.8924728035926819 0.8917166590690613
53.86155759216515 0.11769363284111023 0.984626293182373 0.11721532791852951 0.8943599462509155 0.8936517834663391
55.09202634216514 0.11769363284111023 0.984626293182373 0.11721532791852951 0.8959392309188843 0.8952757120132446
55.26780759216514 0.11769363284111023 0.984626293182373 0.11721532791852951 0.8961440324783325 0.8954859972000122
55.44358884216514 0.11769363284111023 0.984626293182373 0.11721532791852951 0.8963466882705688 0.8956913352012634
55.61937009216514 0.11769363284111023 0.984626293182373 0.11721532791852951 0.8965522050857544 0.8958917856216431
56.14671384216514 0.11769363284111023 0.984626293182373 0.11721532791852951 0.8971672058105469 0.8964673280715942
56.67405759216514 0.11769363284111023 0.984626293182373 0.11721532791852951 0.8977428674697876 0.8970345854759216
57.20140134216514 0.11769363284111023 0.984626293182373 0.11721532791852951 0.8982819318771362 0.8975924253463745
57.72874509216514 0.11769363284111023 0.984626293182373 0.11721532791852951 0.8987875580787659 0.8981150984764099
58.256088842165134 0.11769363284111023 0.984626293182373 0.11721532791852951 0.8992626070976257 0.8986057043075562
58.783432592165134 0.11769363284111023 0.984626293182373 0.11721532791852951 0.8997098803520203 0.8990674018859863
59.310776342165134 0.11769363284111023 0.984626293182373 0.11721532791852951 0.90013188123703 0.8995025157928467
59.99999999999999 0.11769363284111023 0.984626293182373 0.11721532791852951 0.9006497859954834 0.9000361561775208
60.000099999999996 0.11769363284111023 0.984626293182373 0.11721532791852951 0.9006498456001282 0.9000359177589417
60.000299999999996 0.11769363284111023 0.984626293182373 0.11721500754356384 0.900649905204773 0.9000356793403625
60.000699999999995 0.11769363284111023 0.984626293182373 0.11721109598875046 0.9006498456001282 0.900035560131073
60.001000000000005 0.11769363284111023 0.984626293182373 0.11720384657382965 0.9006498456001282 0.900035560131073
60.25269062500148 0.11769363284111023 0.984626293182373 0.08291039615869522 0.9006498456001282 0.900035560131073
60.504381250002936 0.11769363284111023 0.984626293182373 0.0515749454498291 0.9006498456001282 0.900035560131073
60.680162500002936 0.11769363284111023 0.984626293182373 0.03270559757947922 0.9006498456001282 0.900035560131073
60.855943750002936 0.11769363284111023 0.984626293182373 0.017044616863131523 0.9006498456001282 0.900035560131073
61.031725000002936 0.11769363284111023 0.984626293182373 0.00426970049738884 0.9006498456001282 0.900035560131073
61.10140640331458 0.11769363284111023 0.984626293182373 0.0003857714182231575 0.9006498456001282 0.900035560131073
61.11834822299614 0.11769363284111023 0.984626293182373 -3.338721299428471e-08 0.9006498456001282 0.900035560131073
89.99999999999999 0.11769363284111023 0.984626293182373 -3.333419940076965e-08 0.9006498456001282 0.900035560131073
90.0001 0.11769363284111023 0.984626293182373 -3.335623333100557e-08 0.9006498456001282 0.900035560131073
90.0003 0.11769363284111023 0.984626293182373 -3.3342708150030376e-08 0.9006498456001282 0.900035560131073
90.00047239419938 0.11769363284111023 0.984626293182373 -1.5598711655684383e-08 0.900650143623352 0.900035560131073
90.00081718259814 0.11769363284111023 0.984626293182373 7.301252935576485e-08 0.9006518125534058 0.900035560131073
90.001 0.11769363284111023 0.984626293182373 1.2938299676079623e-07 0.9006528854370117 0.900035560131073
119.99999999999999 0.11769363284111023 0.984626293182373 1.2938299676079623e-07 0.9006528854370117 0.900035560131073
120.0001 0.11769363284111023 0.984626293182373 1.2938299676079623e-07 0.9006528854370117 0.900035560131073
120.0003 0.11769363284111023 0.984626293182373 1.2938299676079623e-07 0.9006528854370117 0.900035560131073
120.0007 0.11768893897533417 0.984626293182373 1.2938299676079623e-07 0.9006528854370117 0.900035560131073
120.001 0.11767721176147461 0.984626293182373 1.2938299676079623e-07 0.9006528854370117 0.900035560131073
120.17848155298024 0.09322495758533478 0.984626293182373 0.0005134919192641973 0.9006528854370117 0.900035560131073
120.35596310596048 0.06999585777521133 0.984626293182373 0.001026007579639554 0.9006528854370117 0.900035560131073
120.53174435596048 0.04881872981786728 0.984626293182373 0.0015331560280174017 0.9006528854370117 0.900035560131073
120.70752560596048 0.030365528538823128 0.984626293182373 0.002039942191913724 0.9006528854370117 0.900035560131073
120.88330685596048 0.015166007913649082 0.984626293182373 0.0025464408099651337 0.9006528854370117 0.900035560131073
121.05908810596048 0.0031293309293687344 0.984626293182373 0.003052744083106518 0.9006528854370117 0.900035560131073
121.12120729901372 0.00022996170446276665 0.984626293182373 0.003231683513149619 0.9006528854370117 0.900035560131073
121.13507269182227 -3.338720233614367e-08 0.984626293182373 0.003271649358794093 0.9006528854370117 0.900035560131073
124.5097696175375 -3.338720233614367e-08 0.984626293182373 0.012934339232742786 0.9006528854370117 0.900035560131073
124.68555086753751 -3.338720233614367e-08 0.984626293182373 0.013434695079922676 0.9006528854370117 0.900035560131073
124.86133211753753 -3.338720233614367e-08 0.984626293182373 0.013934765011072159 0.9006528854370117 0.900035560131073
125.03711336753754 -3.338720233614367e-08 0.984626293182373 0.014434547163546085 0.9006528854370117 0.900035560131073
128.46484774253778 -3.338720233614367e-08 0.984626293182373 0.024122877046465874 0.9006528854370117 0.900035560131073
131.89258211753807 -3.338720233614367e-08 0.984626293182373 0.03370191529393196 0.9006528854370117 0.900035560131073
135.0566446175383 -3.338720233614367e-08 0.984626293182373 0.0424470491707325 0.9006528854370117 0.900035560131073
135.2324258675383 -3.338720233614367e-08 0.984626293182373 0.042930155992507935 0.9006528854370117 0.900035560131073
135.40820711753832 -3.338720233614367e-08 0.984626293182373 0.04341297969222069 0.9006528854370117 0.900035560131073
135.58398836753832 -3.338720233614367e-08 0.984626293182373 0.04389551281929016 0.9006528854370117 0.900035560131073
135.75976961753835 -3.338720233614367e-08 0.984626293182373 0.044377755373716354 0.9006528854370117 0.900035560131073
135.93555086753835 -3.338720233614367e-08 0.984626293182373 0.044859714806079865 0.9006528854370117 0.900035560131073
136.11133211753838 -3.338720233614367e-08 0.984626293182373 0.045341383665800095 0.9006528854370117 0.900035560131073
136.28711336753838 -3.338720233614367e-08 0.984626293182373 0.04582276567816734 0.9006528854370117 0.900035560131073
146.83398836753918 -3.338720233614367e-08 0.984626293182373 0.07417936623096466 0.9006528854370117 0.900035560131073
147.00976961753918 -3.338720233614367e-08 0.984626293182373 0.07464320212602615 0.9006528854370117 0.900035560131073
147.1855508675392 -3.338720233614367e-08 0.984626293182373 0.07510675489902496 0.9006528854370117 0.900035560131073
147.3613321175392 -3.338720233614367e-08 0.984626293182373 0.0755700170993805 0.9006528854370117 0.900035560131073
150.0 -3.341043708360303e-08 0.984626293182373 0.08248970657587051 0.9006528854370117 0.900035560131073
150.0001 -3.337326504038174e-08 0.984626293182373 0.08249124884605408 0.9006528854370117 0.900035560131073
150.0003 -3.3344100813792465e-08 0.984626293182373 0.08249790966510773 0.900652289390564 0.9000355005264282
150.0007 -3.332730003080542e-08 0.984626293182373 0.08251772075891495 0.9006487727165222 0.9000351428985596
150.00082296332263 -2.959698441884484e-08 0.984626293182373 0.08252403140068054 0.9006466865539551 0.9000345468521118
150.0008939564836 3.934427539320495e-08 0.984626293182373 0.08252713084220886 0.900644838809967 0.9000337719917297
150.00092970002356 8.674408036313253e-08 0.984626293182373 0.08252841234207153 0.9006438255310059 0.9000331163406372
150.00095183027258 8.364167314311999e-08 0.984626293182373 0.08252912014722824 0.9006431102752686 0.900032639503479
150.00096444363274 2.508080569896265e-07 0.984626293182373 0.08252949267625809 0.9006426930427551 0.9000322818756104
150.00097431149928 7.032612643342873e-07 0.984626293182373 0.08252977579832077 0.9006423950195312 0.9000319838523865
150.00098532488911 1.5531257986367564e-06 0.984626293182373 0.08253007382154465 0.9006419777870178 0.9000316262245178
150.0009975958614 2.7647222395899007e-06 0.984626293182373 0.08253040164709091 0.9006415605545044 0.9000312089920044
150.001 3.044856612177682e-06 0.984626293182373 0.08253046870231628 0.9006414413452148 0.9000311493873596
150.0195697170946 0.0024413494393229485 0.984626293182373 0.08300656825304031 0.8999531865119934 0.8993428945541382
150.0381394341892 0.00487538892775774 0.984626293182373 0.08348122239112854 0.8992533683776855 0.8986430764198303
150.14956285198951 0.019412562251091003 0.984626293182373 0.08630659431219101 0.8949042558670044 0.8942939639091492
150.47390865905663 0.06115180626511574 0.984626293182373 0.09433823078870773 0.8811299204826355 0.8805196285247803
150.64968990905666 0.08343125879764557 0.984626293182373 0.09857761859893799 0.8729883432388306 0.8723780512809753
150.82547115905666 0.10546444356441498 0.984626293182373 0.10273578763008118 0.8643413782119751 0.8637310266494751
151.0012524090567 0.12722715735435486 0.984626293182373 0.10680528730154037 0.8551763892173767 0.8545660376548767
151.35281490905672 0.1699390858411789 0.984626293182373 0.11467959731817245 0.835273802280426 0.834663450717926
151.52859615905672 0.19089655578136444 0.984626293182373 0.11848825961351395 0.8244742751121521 0.8238639831542969
151.70437740905675 0.2115694135427475 0.984626293182373 0.1222059428691864 0.8130853772163391 0.8124750852584839
151.88015865905675 0.2319619059562683 0.984626293182373 0.1258345991373062 0.8011547327041626 0.8005444407463074
152.23172115905678 0.2718573808670044 0.984626293182373 0.1328124850988388 0.7758530378341675 0.7752426862716675
152.40750240905678 0.29132601618766785 0.984626293182373 0.1361524611711502 0.7624410390853882 0.7618306875228882
152.5832836590568 0.31048783659935 0.984626293182373 0.13939808309078217 0.7485102415084839 0.7478999495506287
152.7590649090568 0.32934632897377014 0.984626293182373 0.1425512731075287 0.734082818031311 0.733472466468811
152.93484615905683 0.34789425134658813 0.984626293182373 0.14561064541339874 0.7192229628562927 0.7186126708984375
153.11062740905683 0.3661350607872009 0.984626293182373 0.14857806265354156 0.7039546966552734 0.7033443450927734
153.28640865905686 0.3840934932231903 0.984626293182373 0.1514616161584854 0.6882390379905701 0.6876286864280701
153.46218990905686 0.401836097240448 0.984626293182373 0.15428154170513153 0.6721638441085815 0.6715535521507263
153.52810787780686 0.4083285331726074 0.984626293182373 0.1552920937538147 0.665999174118042 0.6653888821601868
153.61599850280686 0.41688427329063416 0.984626293182373 0.1566103845834732 0.6576453447341919 0.6570350527763367
153.7917797528069 0.4338274300098419 0.984626293182373 0.1591988205909729 0.6406581401824951 0.6400478482246399
154.14334225280692 0.4668577313423157 0.984626293182373 0.1641337275505066 0.6056846380233765 0.6050742864608765
154.67068600280695 0.5136418342590332 0.984626293182373 0.1707732230424881 0.550845205783844 0.5502349138259888
154.84646725280697 0.5284672975540161 0.984626293182373 0.17277993261814117 0.5319511890411377 0.5313408970832825
155.02224850280697 0.5428988933563232 0.984626293182373 0.17468371987342834 0.5127600431442261 0.5121496915817261
155.549592252807 0.5837957859039307 0.984626293182373 0.179787278175354 0.45349740982055664 0.45288708806037903
155.72537350280703 0.596641480922699 0.984626293182373 0.18129536509513855 0.4332144558429718 0.4326041340827942
155.90115475280703 0.6090849041938782 0.984626293182373 0.18270820379257202 0.41272491216659546 0.41211459040641785
156.09890865905706 0.6226895451545715 0.984626293182373 0.1842058300971985 0.38949742913246155 0.38888710737228394
156.14285397155706 0.6256166100502014 0.984626293182373 0.18451668322086334 0.384286493062973 0.3836761713027954
156.23074459655706 0.6313823461532593 0.984626293182373 0.18511883914470673 0.3738202154636383 0.3732098937034607
156.5823070965571 0.6535258293151855 0.984626293182373 0.18732810020446777 0.331574022769928 0.33096373081207275
156.7580883465571 0.6640375852584839 0.984626293182373 0.1883145272731781 0.3101870119571686 0.30957674980163574
157.10965084655712 0.6839024424552917 0.984626293182373 0.19005471467971802 0.2668495178222656 0.2662394344806671
157.28543209655714 0.6932434439659119 0.984626293182373 0.190810889005661 0.24492013454437256 0.24431027472019196
157.46121334655714 0.7022178173065186 0.984626293182373 0.19149966537952423 0.22284649312496185 0.22223706543445587
157.63699459655717 0.7108402252197266 0.984626293182373 0.19212613999843597 0.20067164301872253 0.2000630497932434
157.81277584655717 0.7191063761711121 0.984626293182373 0.19269201159477234 0.17842353880405426 0.17781656980514526
158.1643383465572 0.734544575214386 0.984626293182373 0.19364753365516663 0.13383953273296356 0.13324163854122162
158.51590084655723 0.7486493587493896 0.984626293182373 0.1944032609462738 0.09004753828048706 0.08948047459125519
158.69168209655726 0.7552465200424194 0.984626293182373 0.19471895694732666 0.06931497901678085 0.06878207623958588
158.86746334655726 0.7615432739257812 0.984626293182373 0.19499647617340088 0.05010410398244858 0.04962238669395447
159.04324459655726 0.7675318717956543 0.984626293182373 0.195236936211586 0.03304996341466904 0.03263454511761665
159.2190258465573 0.7732253074645996 0.984626293182373 0.19544391334056854 0.018626706674695015 0.018285006284713745
159.3948070965573 0.7786787152290344 0.984626293182373 0.1956252008676529 0.006662357598543167 0.006392992101609707
159.48727865323414 0.7814510464668274 0.984626293182373 0.19571077823638916 0.0014573197113350034 0.001305525773204863
159.51966411617252 0.7823988795280457 0.984626293182373 0.19573847949504852 0.0001023346558213234 8.35739920148626e-05
159.52584535261775 0.7825777530670166 0.984626293182373 0.195743590593338 -3.33822711695575e-08 -3.33822711695575e-08
159.6182925074636 0.7852127552032471 0.984626293182373 0.19581612944602966 -3.33822711695575e-08 -3.33822711695575e-08
159.71073966230946 0.7877627611160278 0.984626293182373 0.19588115811347961 -3.33822711695575e-08 -3.33822711695575e-08
159.88652091230946 0.7924444079399109 0.984626293182373 0.19599074125289917 -3.33822711695575e-08 -3.33822711695575e-08
160.0623021623095 0.7969263195991516 0.984626293182373 0.1960846334695816 -3.33822711695575e-08 -3.33822711695575e-08
160.2380834123095 0.8011837601661682 0.984626293182373 0.1961624175310135 -3.33822711695575e-08 -3.33822711695575e-08
161.02909903730955 0.8178905844688416 0.984626293182373 0.19636809825897217 -3.33822711695575e-08 -3.33822711695575e-08
161.8201146623096 0.831279993057251 0.984626293182373 0.19643770158290863 -3.33822711695575e-08 -3.33822711695575e-08
161.99589591230963 0.8338741064071655 0.984626293182373 0.19644387066364288 -3.33822711695575e-08 -3.33822711695575e-08
162.17167716230963 0.8363427519798279 0.984626293182373 0.19644805788993835 -3.33822711695575e-08 -3.33822711695575e-08
162.34745841230966 0.8386936187744141 0.984626293182373 0.19645078480243683 -3.33822711695575e-08 -3.33822711695575e-08
162.52323966230966 0.8409338593482971 0.984626293182373 0.19645246863365173 -3.33822711695575e-08 -3.33822711695575e-08
162.6990209123097 0.8430702090263367 0.984626293182373 0.19645343720912933 -3.33822711695575e-08 -3.33822711695575e-08
162.8748021623097 0.8451090455055237 0.984626293182373 0.19645394384860992 -3.33822711695575e-08 -3.33822711695575e-08
163.05058341230972 0.8470561504364014 0.984626293182373 0.19645418226718903 -3.33822711695575e-08 -3.33822711695575e-08
163.22636466230972 0.8489171862602234 0.984626293182373 0.1964542716741562 -3.33822711695575e-08 -3.33822711695575e-08
163.57792716230975 0.8523966073989868 0.984626293182373 0.19645428657531738 -3.33822711695575e-08 -3.33822711695575e-08
163.75370841230975 0.8540158867835999 0.984626293182373 0.19645428657531738 -3.33822711695575e-08 -3.33822711695575e-08
164.10527091230978 0.8570519089698792 0.984626293182373 0.19645428657531738 -3.33822711695575e-08 -3.33822711695575e-08
164.2810521623098 0.8584802150726318 0.984626293182373 0.19645428657531738 -3.33822711695575e-08 -3.33822711695575e-08
164.63261466230983 0.8611581325531006 0.984626293182373 0.19645428657531738 -3.33822711695575e-08 -3.33822711695575e-08
164.80839591230983 0.8624152541160583 0.984626293182373 0.19645428657531738 -3.33822711695575e-08 -3.33822711695575e-08
164.98417716230986 0.863623321056366 0.984626293182373 0.19645428657531738 -3.33822711695575e-08 -3.33822711695575e-08
165.15995841230986 0.8647811412811279 0.984626293182373 0.19645428657531738 -3.33822711695575e-08 -3.33822711695575e-08
165.3357396623099 0.865895688533783 0.984626293182373 0.19645428657531738 -3.33822711695575e-08 -3.33822711695575e-08
165.5115209123099 0.8669692873954773 0.984626293182373 0.19645428657531738 -3.33822711695575e-08 -3.33822711695575e-08
165.6873021623099 0.8680004477500916 0.984626293182373 0.19645428657531738 -3.33822711695575e-08 -3.33822711695575e-08
165.86308341230992 0.8689953088760376 0.984626293182373 0.19645428657531738 -3.33822711695575e-08 -3.33822711695575e-08
166.03886466230992 0.8699556589126587 0.984626293182373 0.19645428657531738 -3.33822711695575e-08 -3.33822711695575e-08
166.21464591230995 0.870876669883728 0.984626293182373 0.19645428657531738 -3.33822711695575e-08 -3.33822711695575e-08
166.39042716230995 0.8717610836029053 0.984626293182373 0.19645428657531738 -3.33822711695575e-08 -3.33822711695575e-08
166.56620841230998 0.8726181387901306 0.984626293182373 0.19645428657531738 -3.33822711695575e-08 -3.33822711695575e-08
166.74198966230998 0.8734501600265503 0.984626293182373 0.19645428657531738 -3.33822711695575e-08 -3.33822711695575e-08
166.91777091231 0.8742520213127136 0.984626293182373 0.19645428657531738 -3.33822711695575e-08 -3.33822711695575e-08
167.09355216231 0.8750236630439758 0.984626293182373 0.19645428657531738 -3.33822711695575e-08 -3.33822711695575e-08
167.44511466231003 0.8764973878860474 0.984626293182373 0.19645428657531738 -3.33822711695575e-08 -3.33822711695575e-08
167.62089591231006 0.8771979808807373 0.984626293182373 0.19645428657531738 -3.33822711695575e-08 -3.33822711695575e-08
167.79667716231006 0.8778737783432007 0.984626293182373 0.19645428657531738 -3.33822711695575e-08 -3.33822711695575e-08
167.97245841231006 0.8785303831100464 0.984626293182373 0.19645428657531738 -3.33822711695575e-08 -3.33822711695575e-08
168.49980216231012 0.8803831338882446 0.984626293182373 0.19645428657531738 -3.33822711695575e-08 -3.33822711695575e-08
168.67558341231012 0.8809588551521301 0.984626293182373 0.19645428657531738 -3.33822711695575e-08 -3.33822711695575e-08
168.85136466231015 0.8815202116966248 0.984626293182373 0.19645428657531738 -3.33822711695575e-08 -3.33822711695575e-08
169.02714591231015 0.882068395614624 0.984626293182373 0.19645428657531738 -3.33822711695575e-08 -3.33822711695575e-08
169.46659903731017 0.8833621740341187 0.984626293182373 0.19645428657531738 -3.33822711695575e-08 -3.33822711695575e-08
169.90605216231023 0.884559154510498 0.984626293182373 0.19645428657531738 -3.33822711695575e-08 -3.33822711695575e-08
170.08183341231023 0.8850200772285461 0.984626293182373 0.19645428657531738 -3.33822711695575e-08 -3.33822711695575e-08
170.25761466231026 0.8854681849479675 0.984626293182373 0.19645428657531738 -3.33822711695575e-08 -3.33822711695575e-08
170.43339591231026 0.8859018683433533 0.984626293182373 0.19645428657531738 -3.33822711695575e-08 -3.33822711695575e-08
170.60917716231026 0.8863217234611511 0.984626293182373 0.19645428657531738 -3.33822711695575e-08 -3.33822711695575e-08
170.7849584123103 0.8867300748825073 0.984626293182373 0.19645428657531738 -3.33822711695575e-08 -3.33822711695575e-08
170.9607396623103 0.8871310949325562 0.984626293182373 0.19645428657531738 -3.33822711695575e-08 -3.33822711695575e-08
171.13652091231032 0.8875253200531006 0.984626293182373 0.19645428657531738 -3.33822711695575e-08 -3.33822711695575e-08
171.31230216231032 0.887909471988678 0.984626293182373 0.19645428657531738 -3.33822711695575e-08 -3.33822711695575e-08
171.48808341231035 0.888282060623169 0.984626293182373 0.19645428657531738 -3.33822711695575e-08 -3.33822711695575e-08
172.71855216231043 0.8906474113464355 0.984626293182373 0.19645428657531738 -3.33822711695575e-08 -3.33822711695575e-08
172.89433341231043 0.8909545540809631 0.984626293182373 0.19645428657531738 -3.33822711695575e-08 -3.33822711695575e-08
173.07011466231046 0.8912532925605774 0.984626293182373 0.19645428657531738 -3.33822711695575e-08 -3.33822711695575e-08
173.24589591231046 0.891543984413147 0.984626293182373 0.19645428657531738 -3.33822711695575e-08 -3.33822711695575e-08
174.65214591231057 0.8936837911605835 0.984626293182373 0.19645428657531738 -3.33822711695575e-08 -3.33822711695575e-08
174.8279271623106 0.8939238786697388 0.984626293182373 0.19645428657531738 -3.33822711695575e-08 -3.33822711695575e-08
175.1794896623106 0.8943878412246704 0.984626293182373 0.19645428657531738 -3.33822711695575e-08 -3.33822711695575e-08
177.11308341231077 0.8966799378395081 0.984626293182373 0.19645428657531738 -3.33822711695575e-08 -3.33822711695575e-08
177.6404271623108 0.8972389698028564 0.984626293182373 0.19645428657531738 -3.33822711695575e-08 -3.33822711695575e-08
178.69511466231089 0.8982564806938171 0.984626293182373 0.19645428657531738 -3.33822711695575e-08 -3.33822711695575e-08
179.74980216231097 0.8991800546646118 0.984626293182373 0.19645428657531738 -3.33822711695575e-08 -3.33822711695575e-08
179.92558341231097 0.8993287086486816 0.984626293182373 0.19645428657531738 -3.33822711695575e-08 -3.33822711695575e-08
179.99999999999997 0.8993911147117615 0.984626293182373 0.19645428657531738 -3.33822711695575e-08 -3.33822711695575e-08
