time a b c w1
0.0 0.0 0.0 0.0 0.0
2.34374997708231e-06 2.34398437508335e-23 1.0801570415496826 2.34398437508335e-23 2.34398437508335e-23
2.3531289769906394e-06 2.35336424679079e-23 1.0037916898727417 2.35336424679079e-23 2.35336424679079e-23
2.3718869768072985e-06 2.372124147977851e-23 0.9922298789024353 2.372124147977851e-23 2.372124147977851e-23
2.449126245505041e-06 2.449371143311084e-23 0.9876051545143127 2.449371143311084e-23 2.449371143311084e-23
0.00019360463173130613 1.9362399824984054e-21 0.9876051545143127 1.9362399824984054e-21 1.9362399824984054e-21
0.00038480681743822704 3.8484529531415596e-21 0.9876051545143127 3.8484529531415596e-21 -5.559351645700872e-09
0.0007672111888520689 7.672878894427868e-21 0.9876051545143127 7.672878894427868e-21 -2.7054065654397164e-08
0.001 1.0000999731091105e-20 0.9876051545143127 1.0000999731091105e-20 -3.338482201797888e-08
29.999999999999996 3.000300019364487e-16 0.9876051545143127 3.000300019364487e-16 -3.3384647935008616e-08
30.000099999999996 3.0003100778807355e-16 0.9876051545143127 3.0003100778807355e-16 -3.336399245768007e-08
30.0003 3.0003299302154367e-16 0.9876051545143127 3.0003299302154367e-16 -3.334358567030904e-08
30.0007 3.0003698995826353e-16 0.9876051545143127 3.0003698995826353e-16 -3.3332788973439165e-08
30.000822963448677 3.6462233232725794e-09 0.9876051545143127 3.000382340379048e-16 -3.292110761776712e-08
30.000893956550424 2.3734298082445093e-08 0.9876051545143127 3.0003894872195405e-16 8.16647721668673e-11
30.000929665302287 6.765468896219318e-08 0.9876051545143127 3.000392928290889e-16 1.2647201685922482e-07
30.000951525014887 1.3692256572994665e-07 0.9876051545143127 3.000395045873257e-16 3.9602241486136336e-07
30.0009725382969 2.5906032874445373e-07 0.9876051545143127 3.000397163455625e-16 9.841659220910515e-07
30.000990216563853 4.1541588302607124e-07 0.9876051545143127 3.000399016340197e-16 1.866522325144615e-06
30.001 5.289493856253102e-07 0.9876051545143127 3.000400075131381e-16 2.570845936133992e-06
30.002004238245238 1.4853828361083288e-05 0.9876051545143127 3.0005003955960717e-16 9.774290811037645e-05
30.00300847649047 2.9176615498727188e-05 0.9876051545143127 3.000600980758558e-16 0.00019290756608825177
30.005018916301065 5.784390668850392e-05 0.9876051545143127 3.000801886385735e-16 0.0003834007366094738
30.00903979592226 0.00011515333608258516 0.9876051545143127 3.001203962337885e-16 0.0007642981945537031
30.017081555164637 0.0002296715829288587 0.9876051545143127 3.0020083789399803e-16 0.0015257373452186584
30.033165073649396 0.00045830573071725667 0.9876051545143127 3.0036169474463754e-16 0.003047192469239235
30.065332110618918 0.0009139649337157607 0.9876051545143127 3.0068338197613697e-16 0.006084407214075327
30.12966618455796 0.0018188382964581251 0.9876051545143127 3.013267829089154e-16 0.012135963886976242
30.258334332436043 0.0036040584091097116 0.9876051545143127 3.026136112442519e-16 0.024151774123311043
30.492709332436043 0.006791615858674049 0.9876051545143127 3.0495758963732097e-16 0.045809321105480194
30.72708433243604 0.00989802461117506 0.9876051545143127 3.0730156803039004e-16 0.06717457622289658
30.961459332436036 0.012912464328110218 0.9876051545143127 3.096455464234591e-16 0.08820521831512451
31.195834332436036 0.015834763646125793 0.9876051545143127 3.1198955128630777e-16 0.1088971495628357
31.430209332436032 0.018665118142962456 0.9876051545143127 3.1433352967937683e-16 0.12924805283546448
31.66458433243603 0.021403681486845016 0.9876051545143127 3.166775080724459e-16 0.14925509691238403
31.898959332436025 0.024050571024417877 0.9876051545143127 3.1902148646551496e-16 0.1689150184392929
32.13333433243602 0.026606082916259766 0.9876051545143127 3.21365464858584e-16 0.18822526931762695
32.36770933243602 0.02907058224081993 0.9876051545143127 3.237094697214327e-16 0.20718342065811157
32.602084332436014 0.03144433721899986 0.9876051545143127 3.2605344811450175e-16 0.22578595578670502
33.070834332436014 0.035921454429626465 0.9876051545143127 3.307414049006399e-16 0.261913537979126
33.30520933243601 0.0380258783698082 0.9876051545143127 3.3308540976348855e-16 0.279432475566864
33.53958433243601 0.04004187136888504 0.9876051545143127 3.354293881565576e-16 0.2965855598449707
33.773959332436 0.041970428079366684 0.9876051545143127 3.377733665496267e-16 0.3133722245693207
34.008334332436 0.043812401592731476 0.9876051545143127 3.4011734494269574e-16 0.32978957891464233
34.242709332436 0.045568786561489105 0.9876051545143127 3.424613233357648e-16 0.34583523869514465
34.47708433243599 0.04724089428782463 0.9876051545143127 3.4480532819861347e-16 0.3615094721317291
34.71145933243599 0.04883010685443878 0.9876051545143127 3.4714930659168254e-16 0.37681227922439575
34.94583433243599 0.050337761640548706 0.9876051545143127 3.494932849847516e-16 0.391741544008255
35.180209332435986 0.051765404641628265 0.9876051545143127 3.5183726337782066e-16 0.40629690885543823
35.414584332435986 0.05311480164527893 0.9876051545143127 3.5418126824066933e-16 0.42048001289367676
35.88333433243598 0.055586230009794235 0.9876051545143127 3.5886922502680746e-16 0.44773536920547485
36.11770933243598 0.05671215057373047 0.9876051545143127 3.612132034198765e-16 0.460811048746109
36.35208433243597 0.05776763707399368 0.9876051545143127 3.635572082827252e-16 0.4735221266746521
36.58645933243597 0.05875486880540848 0.9876051545143127 3.6590118667579425e-16 0.48587051033973694
36.820834332435965 0.05967608839273453 0.9876051545143127 3.682451650688633e-16 0.49785906076431274
37.055209332435965 0.06053364649415016 0.9876051545143127 3.705891434619324e-16 0.5094912052154541
37.289584332435965 0.06133009120821953 0.9876051545143127 3.7293312185500145e-16 0.520769476890564
37.52395933243596 0.062067911028862 0.9876051545143127 3.752771267178501e-16 0.5316981077194214
37.75833433243596 0.0627494752407074 0.9876051545143127 3.776211051109192e-16 0.5422833561897278
37.99270933243595 0.06337729841470718 0.9876051545143127 3.7996508350398824e-16 0.5525305867195129
38.22708433243595 0.06395410001277924 0.9876051545143127 3.823090618970573e-16 0.5624440908432007
38.46145933243595 0.06448270380496979 0.9876051545143127 3.8465306675990597e-16 0.5720285177230835
38.69583433243594 0.06496574729681015 0.9876051545143127 3.8699704515297504e-16 0.5812902450561523
38.93020933243594 0.0654057040810585 0.9876051545143127 3.893410235460441e-16 0.5902363061904907
39.164584332435936 0.06580508500337601 0.9876051545143127 3.9168500193911316e-16 0.5988736748695374
39.398959332435936 0.06616643816232681 0.9876051545143127 3.9402898033218223e-16 0.607209324836731
39.633334332435936 0.06649226695299149 0.9876051545143127 3.963729851950309e-16 0.6152503490447998
39.86770933243593 0.06678500771522522 0.9876051545143127 3.9871696358809996e-16 0.6230040788650513
40.10208433243593 0.06704705208539963 0.9876051545143127 4.01060941981169e-16 0.630478024482727
40.33645933243593 0.06728070229291916 0.9876051545143127 4.034049203742381e-16 0.6376798748970032
40.80520933243592 0.06767137348651886 0.9876051545143127 4.080929036301558e-16 0.6512986421585083
41.039584332435915 0.0678325966000557 0.9876051545143127 4.104368820232249e-16 0.6577311158180237
41.273959332435915 0.06797374784946442 0.9876051545143127 4.1278086041629395e-16 0.6639227867126465
41.508334332435915 0.06809662282466888 0.9876051545143127 4.15124838809363e-16 0.6698813438415527
41.74270933243591 0.06820310652256012 0.9876051545143127 4.174688436722117e-16 0.6756146550178528
41.97708433243591 0.06829500198364258 0.9876051545143127 4.1981282206528074e-16 0.6811303496360779
42.2114593324359 0.06837379932403564 0.9876051545143127 4.221568004583498e-16 0.6864361763000488
42.4458343324359 0.06844086945056915 0.9876051545143127 4.2450077885141887e-16 0.6915397644042969
42.6802093324359 0.06849749386310577 0.9876051545143127 4.2684478371426754e-16 0.6964485049247742
42.91458433243589 0.0685449093580246 0.9876051545143127 4.291887621073366e-16 0.7011697292327881
43.14895933243589 0.0685843676328659 0.9876051545143127 4.3153274050040566e-16 0.7057105898857117
43.383334332435886 0.06861687451601028 0.9876051545143127 4.3387671889347473e-16 0.7100781202316284
43.617709332435886 0.06864327937364578 0.9876051545143127 4.362207237563234e-16 0.7142789959907532
43.852084332435886 0.0686645358800888 0.9876051545143127 4.3856470214939246e-16 0.7183200120925903
44.08645933243588 0.068681500852108 0.9876051545143127 4.409086805424615e-16 0.7222076058387756
44.32083433243588 0.06869480013847351 0.9876051545143127 4.432526589355306e-16 0.7259480357170105
44.55520933243588 0.0687050148844719 0.9876051545143127 4.455966637983793e-16 0.7295472621917725
44.78958433243587 0.0687127411365509 0.9876051545143127 4.479406157216687e-16 0.7330112457275391
45.02395933243587 0.06871844083070755 0.9876051545143127 4.502846205845174e-16 0.7363455295562744
45.258334332435865 0.06872249394655228 0.9876051545143127 4.52628625447366e-16 0.7395555973052979
45.492709332435865 0.06872528791427612 0.9876051545143127 4.549725773706555e-16 0.7426466941833496
45.727084332435865 0.06872715801000595 0.9876051545143127 4.573165822335042e-16 0.7456239461898804
45.96145933243586 0.06872833520174026 0.9876051545143127 4.596605341567936e-16 0.7484921813011169
46.19583433243586 0.06872899830341339 0.9876051545143127 4.620045390196423e-16 0.7512559294700623
46.43020933243585 0.06872933357954025 0.9876051545143127 4.64348543882491e-16 0.7539197206497192
46.66458433243585 0.0687294751405716 0.9876051545143127 4.666924958057804e-16 0.7564878463745117
46.89895933243585 0.06872951239347458 0.9876051545143127 4.690365006686291e-16 0.7589645385742188
47.133334332435844 0.06872951984405518 0.9876051545143127 4.713804525919186e-16 0.7613536715507507
47.60208433243584 0.06872951984405518 0.9876051545143127 4.760684623176159e-16 0.7658843398094177
48.07083433243584 0.06872951984405518 0.9876051545143127 4.80756419103754e-16 0.7701074481010437
48.53958433243583 0.06872951984405518 0.9876051545143127 4.854443758898922e-16 0.7740485668182373
48.77395933243582 0.06872951984405518 0.9876051545143127 4.877883807527408e-16 0.7759208679199219
49.00833433243582 0.06872951984405518 0.9876051545143127 4.901323326760303e-16 0.7777313590049744
49.24270933243582 0.06872951984405518 0.9876051545143127 4.924763375388789e-16 0.7794824838638306
49.477084332435815 0.06872951984405518 0.9876051545143127 4.948203424017276e-16 0.7811766862869263
49.711459332435815 0.06872951984405518 0.9876051545143127 4.971642943250171e-16 0.782816469669342
49.945834332435815 0.06872951984405518 0.9876051545143127 4.995082991878657e-16 0.7844042181968689
50.18020933243581 0.06872951984405518 0.9876051545143127 5.018522511111552e-16 0.7859419584274292
50.41458433243581 0.06872951984405518 0.9876051545143127 5.041962559740039e-16 0.7874317169189453
50.6489593324358 0.06872951984405518 0.9876051545143127 5.065402608368525e-16 0.7888755202293396
50.8833343324358 0.06872951984405518 0.9876051545143127 5.08884212760142e-16 0.7902752161026001
51.586459332435794 0.06872951984405518 0.9876051545143127 5.159161744091288e-16 0.7942265868186951
51.82083433243579 0.06872951984405518 0.9876051545143127 5.182601792719775e-16 0.7954666614532471
52.05520933243579 0.06872951984405518 0.9876051545143127 5.206041311952669e-16 0.7966707348823547
52.28958433243579 0.06872951984405518 0.9876051545143127 5.229481360581156e-16 0.7978402376174927
52.52395933243578 0.06872951984405518 0.9876051545143127 5.252921409209643e-16 0.7989764213562012
52.75833433243578 0.06872951984405518 0.9876051545143127 5.276360928442537e-16 0.8000805974006653
54.164584332435766 0.06872951984405518 0.9876051545143127 5.417000161422273e-16 0.8060979843139648
54.39895933243576 0.06872951984405518 0.9876051545143127 5.440439680655168e-16 0.8070093989372253
54.63333433243576 0.06872951984405518 0.9876051545143127 5.463879729283654e-16 0.8078972697257996
54.86770933243575 0.06872951984405518 0.9876051545143127 5.487319777912141e-16 0.8087623119354248
55.10208433243575 0.06872951984405518 0.9876051545143127 5.510759297145036e-16 0.8096054196357727
55.805209332435744 0.06872951984405518 0.9876051545143127 5.581078913634904e-16 0.8120102882385254
56.03958433243574 0.06872951984405518 0.9876051545143127 5.60451896226339e-16 0.8127729296684265
56.27395933243574 0.06872951984405518 0.9876051545143127 5.627958481496285e-16 0.813517153263092
56.50833433243574 0.06872951984405518 0.9876051545143127 5.651398530124772e-16 0.8142435550689697
56.74270933243573 0.06872951984405518 0.9876051545143127 5.674838578753258e-16 0.8149527311325073
56.97708433243573 0.06872951984405518 0.9876051545143127 5.698278097986153e-16 0.8156453371047974
57.44583433243572 0.06872951984405518 0.9876051545143127 5.745157665847534e-16 0.8169827461242676
57.68020933243572 0.06872951984405518 0.9876051545143127 5.768597714476021e-16 0.8176286220550537
57.914584332435716 0.06872951984405518 0.9876051545143127 5.792037763104507e-16 0.8182599544525146
58.148959332435716 0.06872951984405518 0.9876051545143127 5.815477282337402e-16 0.8188772797584534
58.85208433243571 0.06872951984405518 0.9876051545143127 5.88579689882727e-16 0.8206490278244019
59.0864593324357 0.06872951984405518 0.9876051545143127 5.909236947455757e-16 0.8212143182754517
59.3208343324357 0.06872951984405518 0.9876051545143127 5.932676466688651e-16 0.8217675685882568
59.5552093324357 0.06872951984405518 0.9876051545143127 5.956116515317138e-16 0.8223092555999756
59.99999999999999 0.06872951984405518 0.9876051545143127 6.000600038728974e-16 0.823309063911438
60.000099999999996 0.06872951984405518 0.9876051545143127 6.000610097245222e-16 0.8233085870742798
60.000299999999996 0.06872924417257309 0.9876051545143127 6.00063021427772e-16 0.8233081102371216
60.000699999999995 0.06872588396072388 0.9876051545143127 6.000669918947122e-16 0.8233079314231873
60.001000000000005 0.06871969252824783 0.9876051545143127 6.000700094495868e-16 0.8233079314231873
60.04192000000037 0.06389816850423813 0.9876051545143127 6.00479232242229e-16 0.8233079314231873
60.082840000000736 0.05920591577887535 0.9876051545143127 6.008885079744305e-16 0.8233079314231873
60.16476000000147 0.05028646066784859 0.9876051545143127 6.01707747653103e-16 0.8233079314231873
60.328600000002936 0.03431650623679161 0.9876051545143127 6.033463328895664e-16 0.8233079314231873
60.562975000002936 0.01539779081940651 0.9876051545143127 6.056903377524151e-16 0.8233079314231873
60.79735000000293 0.0011629333021119237 0.9876051545143127 6.080342896757046e-16 0.8233079314231873
60.84367367728731 -3.3384647935008616e-08 0.9876051545143127 6.084975637582935e-16 0.8233079314231873
89.99999999999999 -3.3433938284588294e-08 0.9876051545143127 9.000900322791256e-16 0.8233079314231873
90.0001 -3.338042375844452e-08 0.9876051545143127 9.000909851911913e-16 0.8233079314231873
90.0003 -3.334358567030904e-08 0.9876051545143127 9.00092996894441e-16 0.8233079314231873
90.0007 -3.331121689598149e-08 0.9876051545143127 9.000970203009405e-16 0.8233079314231873
90.001 -3.3253584774683986e-08 0.9876051545143127 9.000999849162559e-16 0.8233079314231873
119.99999999999999 -3.3253584774683986e-08 0.9876051545143127 1.2001200077457947e-15 0.8233079314231873
120.0001 -3.3253584774683986e-08 0.9876051545143127 1.2001209606578604e-15 0.8233079314231873
120.0003 -3.3253584774683986e-08 0.9876051545143127 1.2001229723611101e-15 0.8233079314231873
120.0007 -3.3253584774683986e-08 0.9876051545143127 1.2001269957676096e-15 0.8233079314231873
120.001 -3.3253584774683986e-08 0.9876051545143127 1.200129960382925e-15 0.8233079314231873
120.01432785295766 -3.3253584774683986e-08 0.9876051545143127 6.481879245257005e-05 0.8233079314231873
120.02766221683518 -3.3253584774683986e-08 0.9876051545143127 0.0001296634436585009 0.8233079314231873
120.05433094459022 -3.3253584774683986e-08 0.9876051545143127 0.00025933535653166473 0.8233079314231873
120.10766840010032 -3.3253584774683986e-08 0.9876051545143127 0.0005186095950193703 0.8233079314231873
120.21434331112049 -3.3253584774683986e-08 0.9876051545143127 0.0010368796065449715 0.8233079314231873
120.42769313316082 -3.3253584774683986e-08 0.9876051545143127 0.0020725734066218138 0.8233079314231873
127.92769313316055 -3.3253584774683986e-08 0.9876051545143127 0.03773156926035881 0.8233079314231873
135.4276931331603 -3.3253584774683986e-08 0.9876051545143127 0.07192187011241913 0.8233079314231873
135.6620681331603 -3.3253584774683986e-08 0.9876051545143127 0.07296668738126755 0.8233079314231873
135.8964431331603 -3.3253584774683986e-08 0.9876051545143127 0.07401006668806076 0.8233079314231873
136.13081813316026 -3.3253584774683986e-08 0.9876051545143127 0.07505202293395996 0.8233079314231873
143.86519313315995 -3.3253584774683986e-08 0.9876051545143127 0.10863596200942993 0.8233079314231873
144.09956813315995 -3.3253584774683986e-08 0.9876051545143127 0.10962945967912674 0.8233079314231873
144.33394313315995 -3.3253584774683986e-08 0.9876051545143127 0.11062154173851013 0.8233079314231873
144.56831813315992 -3.3253584774683986e-08 0.9876051545143127 0.11161220073699951 0.8233079314231873
150.0 -3.3253584774683986e-08 0.9876051545143127 0.13417479395866394 0.8233079314231873
150.0001 -3.3253584774683986e-08 0.9876051545143127 0.1341754049062729 0.8233079314231873
150.0003 -3.3253584774683986e-08 0.9876051545143127 0.13417768478393555 0.8233079314231873
150.0007 -2.064867388185121e-08 0.9876051545143127 0.134185329079628 0.8233079314231873
150.0008229636434 1.313741933017809e-07 0.9876051545143127 0.1341882199048996 0.8233079314231873
150.00089408181813 4.6529126507266483e-07 0.9876051545143127 0.13418978452682495 0.8233079314231873
150.00093231444114 8.502552191202994e-07 0.9876051545143127 0.13419045507907867 0.8233079314231873
150.00095673647922 1.3899566511099692e-06 0.9876051545143127 0.13419082760810852 0.8233079314231873
150.00097389976554 2.1562348138104426e-06 0.9876051545143127 0.13419106602668762 0.8233079314231873
150.0009944795052 3.4897650493803667e-06 0.9876051545143127 0.1341913342475891 0.8233079314231873
150.001 3.916017249139259e-06 0.9876051545143127 0.13419140875339508 0.8233079314231873
150.0031053073687 0.0001881221978692338 0.9876051545143127 0.13421720266342163 0.8233079314231873
150.00521061473742 0.0003722995170392096 0.9876051545143127 0.13424299657344818 0.8233079314231873
150.00942534542278 0.0007409275276586413 0.9876051545143127 0.13429459929466248 0.8233079314231873
150.06843157501777 0.005889569874852896 0.9876051545143127 0.13501381874084473 0.8233079314231873
150.1358672659835 0.011745943687856197 0.9876051545143127 0.13582833111286163 0.8233079314231873
150.27073864791495 0.02337583154439926 0.9876051545143127 0.13743513822555542 0.8233079314231873
150.50511364791495 0.04337954521179199 0.9876051545143127 0.14017240703105927 0.8233079314231873
150.97386364791492 0.08257412165403366 0.9876051545143127 0.14543259143829346 0.8233079314231873
151.4426136479149 0.12058567255735397 0.9876051545143127 0.15038563311100006 0.8233079314231873
151.6769886479149 0.13914218544960022 0.9876051545143127 0.1527474820613861 0.8233079314231873
151.9113636479149 0.15739592909812927 0.9876051545143127 0.1550331711769104 0.8233079314231873
152.14573864791487 0.17534443736076355 0.9876051545143127 0.157243013381958 0.8233079314231873
152.38011364791487 0.19298675656318665 0.9876051545143127 0.15937750041484833 0.8233079314231873
152.84886364791484 0.22734785079956055 0.9876051545143127 0.16342255473136902 0.8233079314231873
153.08323864791484 0.24406194686889648 0.9876051545143127 0.16533401608467102 0.8233079314231873
153.31761364791484 0.2604618966579437 0.9876051545143127 0.1671721488237381 0.8233079314231873
153.5519886479148 0.2765464186668396 0.9876051545143127 0.16893765330314636 0.8233079314231873
153.7863636479148 0.29231542348861694 0.9876051545143127 0.17063142359256744 0.8233079314231873
154.25511364791478 0.3229045271873474 0.9876051545143127 0.1738072782754898 0.8233079314231873
154.48948864791478 0.3377237915992737 0.9876051545143127 0.1752912849187851 0.8233079314231873
154.72386364791478 0.35222676396369934 0.9876051545143127 0.1767074465751648 0.8233079314231873
155.19261364791475 0.38028231263160706 0.9876051545143127 0.179340660572052 0.8233079314231873
155.42698864791475 0.3938334882259369 0.9876051545143127 0.18056008219718933 0.8233079314231873
155.66136364791473 0.4070669710636139 0.9876051545143127 0.18171647191047668 0.8233079314231873
155.89573864791473 0.41998451948165894 0.9876051545143127 0.18281129002571106 0.8233079314231873
156.3644886479147 0.4448785185813904 0.9876051545143127 0.18482209742069244 0.8233079314231873
156.5988636479147 0.4568568170070648 0.9876051545143127 0.18574124574661255 0.8233079314231873
156.8332386479147 0.4685242474079132 0.9876051545143127 0.18660518527030945 0.8233079314231873
157.06761364791467 0.4798831045627594 0.9876051545143127 0.18741562962532043 0.8233079314231873
157.53636364791464 0.5016884207725525 0.9876051545143127 0.18888314068317413 0.8233079314231873
157.77073864791464 0.5121415257453918 0.9876051545143127 0.18954381346702576 0.8233079314231873
158.00511364791464 0.5223000049591064 0.9876051545143127 0.1901581883430481 0.8233079314231873
158.2394886479146 0.5321675539016724 0.9876051545143127 0.19072814285755157 0.8233079314231873
158.4738636479146 0.5417470335960388 0.9876051545143127 0.19125571846961975 0.8233079314231873
158.7082386479146 0.5510421395301819 0.9876051545143127 0.19174295663833618 0.8233079314231873
158.94261364791458 0.5600577592849731 0.9876051545143127 0.1921917349100113 0.8233079314231873
159.17698864791458 0.5687991380691528 0.9876051545143127 0.19260388612747192 0.8233079314231873
159.41136364791458 0.5772706270217896 0.9876051545143127 0.19298143684864044 0.8233079314231873
159.64573864791456 0.5854767560958862 0.9876051545143127 0.1933264434337616 0.8233079314231873
159.88011364791456 0.5934233665466309 0.9876051545143127 0.19364070892333984 0.8233079314231873
160.11448864791456 0.6011160612106323 0.9876051545143127 0.19392594695091248 0.8233079314231873
160.34886364791453 0.6085602045059204 0.9876051545143127 0.19418415427207947 0.8233079314231873
160.58323864791453 0.6157609224319458 0.9876051545143127 0.19441726803779602 0.8233079314231873
160.81761364791453 0.622724175453186 0.9876051545143127 0.194627046585083 0.8233079314231873
161.0519886479145 0.6294560432434082 0.9876051545143127 0.19481508433818817 0.8233079314231873
161.5207386479145 0.6422503590583801 0.9876051545143127 0.19513219594955444 0.8233079314231873
161.75511364791447 0.648324728012085 0.9876051545143127 0.19526435434818268 0.8233079314231873
161.98948864791447 0.6541919708251953 0.9876051545143127 0.19538086652755737 0.8233079314231873
162.45823864791444 0.6653294563293457 0.9876051545143127 0.1955724060535431 0.8233079314231873
162.69261364791444 0.6706117391586304 0.9876051545143127 0.19564995169639587 0.8233079314231873
162.92698864791444 0.6757109761238098 0.9876051545143127 0.19571693241596222 0.8233079314231873
163.6301136479144 0.6899691224098206 0.9876051545143127 0.19586455821990967 0.8233079314231873
163.86448864791438 0.6943944096565247 0.9876051545143127 0.19589918851852417 0.8233079314231873
164.09886364791438 0.6986652612686157 0.9876051545143127 0.19592809677124023 0.8233079314231873
164.33323864791438 0.7027871608734131 0.9876051545143127 0.19595196843147278 0.8233079314231873
164.56761364791436 0.706765353679657 0.9876051545143127 0.19597136974334717 0.8233079314231873
165.03636364791436 0.7143113017082214 0.9876051545143127 0.1959993988275528 0.8233079314231873
165.27073864791433 0.7178890705108643 0.9876051545143127 0.19600915908813477 0.8233079314231873
165.50511364791433 0.7213431596755981 0.9876051545143127 0.19601669907569885 0.8233079314231873
165.73948864791433 0.7246782183647156 0.9876051545143127 0.1960224062204361 0.8233079314231873
166.67698864791427 0.7369154095649719 0.9876051545143127 0.19603291153907776 0.8233079314231873
166.91136364791427 0.7397198677062988 0.9876051545143127 0.19603374600410461 0.8233079314231873
167.14573864791427 0.7424302101135254 0.9876051545143127 0.19603422284126282 0.8233079314231873
167.38011364791424 0.7450500726699829 0.9876051545143127 0.1960344910621643 0.8233079314231873
167.61448864791424 0.7475829124450684 0.9876051545143127 0.19603458046913147 0.8233079314231873
167.84886364791424 0.7500321865081787 0.9876051545143127 0.19603461027145386 0.8233079314231873
168.08323864791421 0.7524012923240662 0.9876051545143127 0.19603461027145386 0.8233079314231873
168.31761364791421 0.7546932697296143 0.9876051545143127 0.19603461027145386 0.8233079314231873
169.95823864791416 0.7688160538673401 0.9876051545143127 0.19603461027145386 0.8233079314231873
170.19261364791413 0.7705901861190796 0.9876051545143127 0.19603461027145386 0.8233079314231873
170.42698864791413 0.7723103761672974 0.9876051545143127 0.19603461027145386 0.8233079314231873
170.66136364791413 0.7739788293838501 0.9876051545143127 0.19603461027145386 0.8233079314231873
172.53636364791404 0.7856817245483398 0.9876051545143127 0.19603461027145386 0.8233079314231873
172.77073864791404 0.786963701248169 0.9876051545143127 0.19603461027145386 0.8233079314231873
173.00511364791402 0.7882103323936462 0.9876051545143127 0.19603461027145386 0.8233079314231873
173.23948864791402 0.789422869682312 0.9876051545143127 0.19603461027145386 0.8233079314231873
173.47386364791402 0.7906026840209961 0.9876051545143127 0.19603461027145386 0.8233079314231873
173.708238647914 0.7917507886886597 0.9876051545143127 0.19603461027145386 0.8233079314231873
173.942613647914 0.7928683161735535 0.9876051545143127 0.19603461027145386 0.8233079314231873
174.176988647914 0.7939563989639282 0.9876051545143127 0.19603461027145386 0.8233079314231873
174.41136364791396 0.7950161695480347 0.9876051545143127 0.19603461027145386 0.8233079314231873
174.64573864791396 0.7960485219955444 0.9876051545143127 0.19603461027145386 0.8233079314231873
174.88011364791396 0.7970545291900635 0.9876051545143127 0.19603461027145386 0.8233079314231873
178.39573864791382 0.8095177412033081 0.9876051545143127 0.19603461027145386 0.8233079314231873
178.6301136479138 0.8102037906646729 0.9876051545143127 0.19603461027145386 0.8233079314231873
178.8644886479138 0.810874879360199 0.9876051545143127 0.19603461027145386 0.8233079314231873
179.0988636479138 0.8115314841270447 0.9876051545143127 0.19603461027145386 0.8233079314231873
179.99999999999997 0.8139315843582153 0.9876051545143127 0.19603461027145386 0.8233079314231873
180.0001 0.8139311075210571 0.9876051545143127 0.19603461027145386 0.8233079314231873
180.0003 0.8139305710792542 0.9876051545143127 0.1960342973470688 0.8233079314231873
180.0007 0.8139303922653198 0.9876051545143127 0.19603051245212555 0.8233079314231873
180.001 0.8139303922653198 0.9876051545143127 0.19602353870868683 0.8233079314231873
180.28198750000257 0.8139303922653198 0.9876051545143127 0.1583203822374344 0.8233079314231873
180.56297500000517 0.8139303922653198 0.9876051545143127 0.12098214030265808 0.8233079314231873
180.79735000000514 0.8139303922653198 0.9876051545143127 0.09086260199546814 0.8233079314231873
181.03172500000514 0.8139303922653198 0.9876051545143127 0.06278910487890244 0.8233079314231873
181.26610000000514 0.8139303922653198 0.9876051545143127 0.03815045207738876 0.8233079314231873
181.5004750000051 0.8139303922653198 0.9876051545143127 0.018077928572893143 0.8233079314231873
181.7348500000051 0.8139303922653198 0.9876051545143127 0.002677972661331296 0.8233079314231873
181.79861954364978 0.8139303922653198 0.9876051545143127 5.7653138355817646e-05 0.8233079314231873
181.80308878476598 0.8139303922653198 0.9876051545143127 -3.3384647935008616e-08 0.8233079314231873
202.6827966136248 0.8139303922653198 0.9876051545143127 -3.3384647935008616e-08 0.8233079314231873
209.99999999999997 0.8139303922653198 0.9876051545143127 -3.338606191505278e-08 0.8233079314231873
210.00009999999997 0.8139303922653198 0.9876051545143127 -3.336446496859935e-08 0.8233079314231873
210.0003 0.8139303922653198 0.9876051545143127 -3.334358567030904e-08 0.8233079314231873
210.00070000000002 0.8139303922653198 0.9876051545143127 -3.333224540824631e-08 0.8233079314231873
210.00086495919618 0.8139303922653198 0.9876051545143127 -3.33299503552098e-08 0.8233079314231873
210.00100000000003 0.8139303922653198 0.9876051545143127 -3.3328969806234454e-08 0.8233079314231873
210.0122584170321 0.8139303922653198 0.9876051545143127 6.946818029973656e-05 0.8233079314231873
210.0235223340236 0.8139303922653198 0.9876051545143127 0.00013899736222811043 0.8233079314231873
210.04605016800667 0.8139303922653198 0.9876051545143127 0.00027803692501038313 0.8233079314231873
210.09110583597277 0.8139303922653198 0.9876051545143127 0.0005560407880693674 0.8233079314231873
212.23643984376935 0.8139303922653198 0.9876051545143127 0.013701181858778 0.8233079314231873
212.47081484376935 0.8139303922653198 0.9876051545143127 0.01512627862393856 0.8233079314231873
212.70518984376932 0.8139303922653198 0.9876051545143127 0.01654919795691967 0.8233079314231873
212.93956484376932 0.8139303922653198 0.9876051545143127 0.01796993985772133 0.8233079314231873
217.27550234376912 0.8139303922653198 0.9876051545143127 0.0438602939248085 0.8233079314231873
221.61143984376898 0.8139303922653198 0.9876051545143127 0.06900319457054138 0.8233079314231873
221.84581484376895 0.8139303922653198 0.9876051545143127 0.07034096121788025 0.8233079314231873
222.08018984376895 0.8139303922653198 0.9876051545143127 0.07167653739452362 0.8233079314231873
222.31456484376895 0.8139303922653198 0.9876051545143127 0.0730099231004715 0.8233079314231873
230.98643984376858 0.8139303922653198 0.9876051545143127 0.12080954015254974 0.8233079314231873
239.65831484376824 0.8139303922653198 0.9876051545143127 0.1656310111284256 0.8233079314231873
239.8926898437682 0.8139303922653198 0.9876051545143127 0.16680163145065308 0.8233079314231873
239.99999999999997 0.8139303922653198 0.9876051545143127 0.16733700037002563 0.8233079314231873
