time a b c w1 w2
0.0 0.0 0.0 0.0 0.0 0.0
0.00014062499775757686 1.4063906124282356e-21 1.0 1.4063906124282356e-21 1.4063906124282356e-21 1.4063906124282356e-21
0.00028124999551515373 2.8127812248564712e-21 1.0 2.8127812248564712e-21 -5.556931359507189e-09 -5.556931359507189e-09
0.0005624999910303075 5.6255624497129424e-21 1.0 5.6255624497129424e-21 -2.320215486406596e-08 -2.320215486406596e-08
0.001 1.0000999731091105e-20 1.0 1.0000999731091105e-20 -3.33825056486603e-08 -3.33825056486603e-08
29.999999999999996 3.000300019364487e-16 1.0 3.000300019364487e-16 -3.338226761684382e-08 -3.338226761684382e-08
30.000099999999996 3.0003100778807355e-16 1.0 3.0003100778807355e-16 -3.336256781949487e-08 -3.336256781949487e-08
30.0003 3.0003299302154367e-16 1.0 3.0003299302154367e-16 -3.334310960667608e-08 -3.334310960667608e-08
30.0007 3.0003698995826353e-16 1.0 3.0003698995826353e-16 -3.3332813842434916e-08 -3.3332813842434916e-08
30.000822963442523 1.804670191063451e-08 1.0 1.804862570509158e-08 -2.72339200080296e-08 -2.7232987420688914e-08
30.000893956500256 9.094452479985193e-08 1.0 9.095312236695463e-08 5.5711701918426115e-08 5.571873629151014e-08
30.00092972430537 1.9890043745363073e-07 1.0 1.9891832891971717e-07 1.444227990532454e-07 1.4444152895976003e-07
30.000951819488137 3.1793695143278455e-07 1.0 3.179646625994792e-07 2.0082391927189747e-07 2.008577837386838e-07
30.00097409510776 5.651880883306148e-07 1.0 5.652319146065565e-07 8.764190511101333e-07 8.76487774803536e-07
30.00098525523231 7.751567068225995e-07 1.0 7.752119017823134e-07 1.7767284816727624e-06 1.7768273892215802e-06
30.001 1.1075076145061757e-06 1.0 1.1075800330218044e-06 3.3190224257850787e-06 3.3191695365530904e-06
30.306858781233238 0.008092967793345451 1.0 0.008088750764727592 0.04090259596705437 0.04088996350765228
30.612717562466468 0.015851594507694244 1.0 0.015822140499949455 0.08081315457820892 0.08072484284639359
31.224436452315537 0.03055114857852459 1.0 0.030455512925982475 0.15815846621990204 0.1578708291053772
32.10334270231554 0.049908868968486786 1.0 0.04976211488246918 0.26384350657463074 0.2634022831916809
32.98224895231553 0.06695184111595154 1.0 0.06680411100387573 0.36215776205062866 0.36171668767929077
33.86115520231553 0.08133713901042938 1.0 0.08120599389076233 0.451643705368042 0.45125913619995117
34.74006145231553 0.09299004077911377 1.0 0.09287510067224503 0.5314940810203552 0.5311684608459473
35.61896770231553 0.10195751488208771 1.0 0.10184898227453232 0.6011300086975098 0.6008232831954956
36.49787395231552 0.10845774412155151 1.0 0.10833148658275604 0.6604374051094055 0.660038411617279
37.37678020231552 0.11284758150577545 1.0 0.11268877238035202 0.7097126245498657 0.7091445922851562
38.25568645231552 0.11554818600416183 1.0 0.11535952985286713 0.7495216727256775 0.7487566471099854
39.13459270231552 0.11702264100313187 1.0 0.11680638790130615 0.7808155417442322 0.7798101902008057
40.013498952315516 0.11771993339061737 1.0 0.11748383939266205 0.8049823045730591 0.8037866950035095
40.892405202315516 0.11800031363964081 1.0 0.11775832623243332 0.823637068271637 0.8223867416381836
41.771311452315516 0.11809399724006653 1.0 0.11785205453634262 0.8381277322769165 0.8369218707084656
42.65021770231551 0.11811701208353043 1.0 0.11787563562393188 0.8493988513946533 0.8482682704925537
43.52912395231551 0.11812002956867218 1.0 0.11787907779216766 0.8582360744476318 0.8571577072143555
44.40803020231551 0.11812013387680054 1.0 0.11787918955087662 0.865266740322113 0.8642406463623047
45.28693645231551 0.11812013387680054 1.0 0.11787918955087662 0.8709264993667603 0.8699800968170166
46.1658427023155 0.11812013387680054 1.0 0.11787918955087662 0.875544011592865 0.8746792078018188
47.9236552023155 0.11812013387680054 1.0 0.11787918955087662 0.8826012015342712 0.8818560838699341
48.8025614523155 0.11812013387680054 1.0 0.11787918955087662 0.8853543996810913 0.884652853012085
49.681467702315494 0.11812013387680054 1.0 0.11787918955087662 0.8877314925193787 0.8870659470558167
50.560373952315494 0.11812013387680054 1.0 0.11787918955087662 0.8898070454597473 0.8891717195510864
52.75763957731549 0.11812013387680054 1.0 0.11787918955087662 0.8940016031265259 0.8934239149093628
54.95490520231549 0.11812013387680054 1.0 0.11787918955087662 0.8971806764602661 0.8966432809829712
55.83381145231548 0.11812013387680054 1.0 0.11787918955087662 0.8982475399971008 0.8977230191230774
56.71271770231548 0.11812013387680054 1.0 0.11787918955087662 0.89922034740448 0.8987073302268982
57.59162395231548 0.11812013387680054 1.0 0.11787918955087662 0.9001110196113586 0.899608314037323
58.47053020231548 0.11812013387680054 1.0 0.11787918955087662 0.9009296894073486 0.9004361629486084
59.34943645231547 0.11812013387680054 1.0 0.11787918955087662 0.9016903042793274 0.9012051820755005
59.99999999999999 0.11812013387680054 1.0 0.11787918955087662 0.9022270441055298 0.9017477631568909
60.000099999999996 0.11812013387680054 1.0 0.11787918955087662 0.9022271037101746 0.9017475247383118
60.000299999999996 0.11812013387680054 1.0 0.11787886917591095 0.9022271633148193 0.9017472863197327
60.000699999999995 0.11812013387680054 1.0 0.11787495017051697 0.9022271037101746 0.9017471671104431
60.001000000000005 0.11812013387680054 1.0 0.11786770075559616 0.9022270441055298 0.9017471671104431
60.32864000000294 0.11812013387680054 1.0 0.07425693422555923 0.9022270441055298 0.9017471671104431
60.65628000000588 0.11812013387680054 1.0 0.03748543933033943 0.9022270441055298 0.9017471671104431
60.96038376201741 0.11812013387680054 1.0 0.01011713594198227 0.9022270441055298 0.9017471671104431
61.092915774296024 0.11812013387680054 1.0 0.001500450074672699 0.9022270441055298 0.9017471671104431
61.13486800420822 0.11812013387680054 1.0 0.00020681257592514157 0.9022270441055298 0.9017471671104431
61.17623535278688 0.11812013387680054 1.0 -3.3387223652425746e-08 0.9022270441055298 0.9017471671104431
89.99999999999999 0.11812013387680054 1.0 -3.33717125045041e-08 0.9022270441055298 0.9017471671104431
90.0001 0.11812013387680054 1.0 -3.3368742435868626e-08 0.9022270441055298 0.9017471671104431
90.0003 0.11812013387680054 1.0 -3.335139453497504e-08 0.9022270441055298 0.9017472863197327
90.00047239245087 0.11812013387680054 1.0 -1.5628170757508997e-08 0.9022282361984253 0.9017475247383118
90.0008171773526 0.11812013387680054 1.0 7.293277093367578e-08 0.9022342562675476 0.9017481803894043
90.001 0.11812013387680054 1.0 1.2928026649206004e-07 0.9022380709648132 0.9017482995986938
119.99999999999999 0.11812013387680054 1.0 1.2928026649206004e-07 0.9022380709648132 0.9017482995986938
120.0001 0.11812013387680054 1.0 1.2928026649206004e-07 0.9022380709648132 0.9017482995986938
120.0003 0.11812013387680054 1.0 1.2928026649206004e-07 0.9022380709648132 0.9017482995986938
120.0007 0.11811544001102448 1.0 1.2928026649206004e-07 0.9022380709648132 0.9017482995986938
120.001 0.11810370534658432 1.0 1.2928026649206004e-07 0.9022380709648132 0.9017482995986938
120.18335172245966 0.09301980584859848 1.0 0.000518400629516691 0.9022380709648132 0.9017482995986938
120.36570344491935 0.06956539303064346 1.0 0.0010356648126617074 0.9022380709648132 0.9017482995986938
120.64572256534991 0.03802063688635826 1.0 0.0018287531565874815 0.9022380709648132 0.9017482995986938
120.91146370333408 0.013657118193805218 1.0 0.002580593340098858 0.9022380709648132 0.9017482995986938
121.06295229881997 0.0030782215762883425 1.0 0.003009125590324402 0.9022380709648132 0.9017482995986938
121.12365223973254 0.0002352856972720474 1.0 0.003180940169841051 0.9022380709648132 0.9017482995986938
121.13727601599412 -3.338720233614367e-08 1.0 0.0032195334788411856 0.9022380709648132 0.9017482995986938
122.00161094068066 -3.338720233614367e-08 1.0 0.0056581199169158936 0.9022380709648132 0.9017482995986938
122.8659458653672 -3.338720233614367e-08 1.0 0.008077684789896011 0.9022380709648132 0.9017482995986938
123.74485211536721 -3.338720233614367e-08 1.0 0.010527592152357101 0.9022380709648132 0.9017482995986938
126.38157086536725 -3.338720233614367e-08 1.0 0.017830614000558853 0.9022380709648132 0.9017482995986938
127.26047711536727 -3.338720233614367e-08 1.0 0.020251082256436348 0.9022380709648132 0.9017482995986938
128.13938336536728 -3.338720233614367e-08 1.0 0.022664619609713554 0.9022380709648132 0.9017482995986938
129.01828961536728 -3.338720233614367e-08 1.0 0.025071226060390472 0.9022380709648132 0.9017482995986938
132.53391461536734 -3.338720233614367e-08 1.0 0.03462832421064377 0.9022380709648132 0.9017482995986938
133.41282086536734 -3.338720233614367e-08 1.0 0.03700026497244835 0.9022380709648132 0.9017482995986938
134.29172711536737 -3.338720233614367e-08 1.0 0.03936527296900749 0.9022380709648132 0.9017482995986938
135.17063336536737 -3.338720233614367e-08 1.0 0.0417233482003212 0.9022380709648132 0.9017482995986938
143.95969586536748 -3.338720233614367e-08 1.0 0.06492295116186142 0.9022380709648132 0.9017482995986938
144.83860211536748 -3.338720233614367e-08 1.0 0.06720481812953949 0.9022380709648132 0.9017482995986938
145.7175083653675 -3.338720233614367e-08 1.0 0.06947976350784302 0.9022380709648132 0.9017482995986938
146.5964146153675 -3.338720233614367e-08 1.0 0.071747787296772 0.9022380709648132 0.9017482995986938
150.0 -3.3413794398029495e-08 1.0 0.08046876639127731 0.9022380709648132 0.9017482995986938
150.0001 -3.337438414519056e-08 1.0 0.08047030121088028 0.9022380709648132 0.9017482995986938
150.0003 -3.3344100813792465e-08 1.0 0.08047695457935333 0.9022374749183655 0.9017482399940491
150.0007 -3.3326511328368724e-08 1.0 0.08049676567316055 0.9022339582443237 0.9017478823661804
150.00082296330706 -2.956517164420802e-08 1.0 0.08050309121608734 0.9022318720817566 0.9017472863197327
150.000893956482 3.960068184483134e-08 1.0 0.08050619065761566 0.9022300839424133 0.9017465114593506
150.00092970030585 8.747943525122537e-08 1.0 0.08050747215747833 0.9022290706634521 0.9017458558082581
150.00095183214592 8.499640813397491e-08 1.0 0.08050817996263504 0.9022283554077148 0.9017453789710999
150.00096444072693 2.5266274406021694e-07 1.0 0.08050855249166489 0.9022279381752014 0.9017450213432312
150.00097430484294 7.055837727421022e-07 1.0 0.08050883561372757 0.9022275805473328 0.9017447233200073
150.00098531515266 1.5561219015580718e-06 1.0 0.08050914108753204 0.9022272229194641 0.9017443656921387
150.00099758267984 2.7686567136697704e-06 1.0 0.08050946891307831 0.9022267460823059 0.9017439484596252
150.001 3.050620080102817e-06 1.0 0.08050952851772308 0.9022266864776611 0.9017438888549805
150.00564514438494 0.0006140674231573939 1.0 0.08062899112701416 0.9020561575889587 0.9015733599662781
150.01029028876988 0.001224822597578168 1.0 0.08074835687875748 0.9018847942352295 0.9014019966125488
150.03816629619413 0.004884404595941305 1.0 0.08146282285451889 0.9008409380912781 0.9003581404685974
150.14967032589115 0.019448453560471535 1.0 0.08429571986198425 0.8964993953704834 0.8960165977478027
150.33551037538615 0.04355727881193161 1.0 0.08896210044622421 0.8889161348342896 0.8884333372116089
150.40984639518416 0.053098417818546295 1.0 0.09079447388648987 0.8856837749481201 0.8852009773254395
150.55851843478018 0.07199536263942719 1.0 0.09439782053232193 0.8788856267929077 0.878402829170227
150.8558625139722 0.10910394042730331 1.0 0.1013793870806694 0.8639362454414368 0.8634534478187561
151.45055067235626 0.1809324026107788 1.0 0.11457090079784393 0.8292080760002136 0.828725278377533
152.3294569223563 0.2817302346229553 1.0 0.1323738843202591 0.7679166197776794 0.7674338221549988
153.2083631723563 0.37531405687332153 1.0 0.14796820282936096 0.695315957069397 0.6948331594467163
154.0872694223563 0.4604185223579407 1.0 0.1610775887966156 0.612098217010498 0.6116154193878174
154.96617567235631 0.5364821553230286 1.0 0.17169389128684998 0.5202646851539612 0.5197818875312805
155.84508192235631 0.6030638217926025 1.0 0.1798902451992035 0.4214900732040405 0.42100727558135986
156.72398817235634 0.659956157207489 1.0 0.18584521114826202 0.31708720326423645 0.3166048526763916
157.60289442235634 0.7073564529418945 1.0 0.18986424803733826 0.20886912941932678 0.2083972543478012
158.48180067235634 0.7467643022537231 1.0 0.19246020913124084 0.10106434673070908 0.10064353048801422
158.96326808046894 0.7650815844535828 1.0 0.19338150322437286 0.04691704735159874 0.046573981642723083
159.2380172986993 0.7742803692817688 1.0 0.1937416046857834 0.02161167375743389 0.021343238651752472
159.44503068839938 0.7807164788246155 1.0 0.19395700097084045 0.006809852086007595 0.006605363916605711
159.55028947606758 0.7838550209999084 1.0 0.19405274093151093 0.0010263847652822733 0.0009169394033960998
159.58023585434054 0.7847262620925903 1.0 0.19407787919044495 5.523533764062449e-05 4.042763612233102e-05
159.58638177095534 0.7849032878875732 1.0 0.19408287107944489 -3.33822711695575e-08 -3.33822711695575e-08
159.59543485133082 0.7851631045341492 1.0 0.19409014284610748 -3.33822711695575e-08 -3.33822711695575e-08
159.62231908033388 0.7859319448471069 1.0 0.19411146640777588 -3.33822711695575e-08 -3.33822711695575e-08
159.65816471900462 0.7869436740875244 1.0 0.19413870573043823 -3.33822711695575e-08 -3.33822711695575e-08
159.87323855102912 0.79274982213974 1.0 0.19427987933158875 -3.33822711695575e-08 -3.33822711695575e-08
160.16000366039512 0.7998579144477844 1.0 0.19442147016525269 -3.33822711695575e-08 -3.33822711695575e-08
160.73353387912718 0.8123685121536255 1.0 0.1946038007736206 -3.33822711695575e-08 -3.33822711695575e-08
161.61244012912718 0.8283973932266235 1.0 0.194743812084198 -3.33822711695575e-08 -3.33822711695575e-08
162.49134637912718 0.8412431478500366 1.0 0.1947929859161377 -3.33822711695575e-08 -3.33822711695575e-08
163.3702526291272 0.8513339757919312 1.0 0.19480253756046295 -3.33822711695575e-08 -3.33822711695575e-08
164.2491588791272 0.8593506217002869 1.0 0.19480344653129578 -3.33822711695575e-08 -3.33822711695575e-08
165.12806512912724 0.8658022284507751 1.0 0.19480344653129578 -3.338227472227118e-08 -3.33822711695575e-08
166.00697137912724 0.871062159538269 1.0 0.19480344653129578 -3.338227472227118e-08 -3.33822711695575e-08
166.88587762912724 0.87540602684021 1.0 0.19480344653129578 -3.338227472227118e-08 -3.33822711695575e-08
167.76478387912726 0.8790411353111267 1.0 0.19480344653129578 -3.338227472227118e-08 -3.33822711695575e-08
168.64369012912726 0.8821261525154114 1.0 0.19480344653129578 -3.338227472227118e-08 -3.33822711695575e-08
169.5225963791273 0.8847759962081909 1.0 0.19480344653129578 -3.338227472227118e-08 -3.33822711695575e-08
170.4015026291273 0.8870736360549927 1.0 0.19480344653129578 -3.338227472227118e-08 -3.33822711695575e-08
171.2804088791273 0.8890853524208069 1.0 0.19480344653129578 -3.338227472227118e-08 -3.33822711695575e-08
172.15931512912732 0.8908630013465881 1.0 0.19480344653129578 -3.338227472227118e-08 -3.33822711695575e-08
173.91712762912735 0.893862247467041 1.0 0.19480344653129578 -3.338227472227118e-08 -3.33822711695575e-08
174.79603387912735 0.8951385617256165 1.0 0.19480344653129578 -3.338227472227118e-08 -3.33822711695575e-08
175.67494012912738 0.8962941765785217 1.0 0.19480344653129578 -3.338227472227118e-08 -3.33822711695575e-08
176.55384637912738 0.8973453640937805 1.0 0.19480344653129578 -3.338227472227118e-08 -3.338227472227118e-08
177.43275262912738 0.8983057737350464 1.0 0.19480344653129578 -3.338227472227118e-08 -3.338227472227118e-08
179.1905651291274 0.8999979496002197 1.0 0.19480344653129578 -3.338227472227118e-08 -3.338227472227118e-08
179.99999999999997 0.9007005095481873 1.0 0.19480344653129578 -3.3375737729102184e-08 -3.336437615075738e-08
180.0001 0.9007005095481873 1.0 0.19480344653129578 -3.3368003471423435e-08 -3.3364216278641834e-08
180.0003 0.9007005095481873 1.0 0.19480344653129578 -3.335179599162075e-08 -3.335179599162075e-08
180.00048065552758 0.9007005095481873 1.0 0.19480344653129578 -2.258570752644573e-08 -2.2589127013361576e-08
180.0008419665827 0.9007005095481873 1.0 0.19480344653129578 3.120581482107809e-08 3.118841718219301e-08
180.001 0.9007005095481873 1.0 0.19480344653129578 5.9437891053448766e-08 5.9417370579240014e-08
728.1152343750068 0.9007005095481873 1.0 0.19480344653129578 5.9437898158876123e-08 5.941737768466737e-08
899.5019531250091 0.9007005095481873 1.0 0.19480344653129578 5.9437898158876123e-08 5.941737768466737e-08
900.0000000000001 0.9007005095481873 1.0 0.19480344653129578 5.9437898158876123e-08 5.941737768466737e-08
