time a b c w1 w2
0.0 0.0 0.0 0.0 0.0 0.0
1.757812428601624e-06 1.757988202426422e-23 1.0832566022872925 1.757988202426422e-23 1.757988202426422e-23 1.757988202426422e-23
1.7648476783160305e-06 1.7650242106122693e-23 1.0055341720581055 1.7650242106122693e-23 1.7650242106122693e-23 1.7650242106122693e-23
1.7789181777448437e-06 1.7790960692117828e-23 0.9905999898910522 1.7790960692117828e-23 1.7790960692117828e-23 1.7790960692117828e-23
1.8070591766024704e-06 1.8072399441829907e-23 0.984626293182373 1.8072399441829907e-23 1.8072399441829907e-23 1.8072399441829907e-23
0.00013281055255599797 1.3282383013875093e-21 0.984626293182373 1.3282383013875093e-21 1.3282383013875093e-21 1.3282383013875093e-21
0.00026381985277929004 2.6384624023353322e-21 0.984626293182373 2.6384624023353322e-21 2.6384624023353322e-21 2.6384624023353322e-21
0.0005258384532258742 5.258910200334195e-21 0.984626293182373 5.258910200334195e-21 -5.9402767149663305e-09 -5.9402767149663305e-09
0.001 1.0000999731091105e-20 0.984626293182373 1.0000999731091105e-20 -3.3380178621200685e-08 -3.3380178621200685e-08
29.999999999999996 3.000300019364487e-16 0.984626293182373 3.000300019364487e-16 -3.3380320729747837e-08 -3.3380320729747837e-08
30.000099999999996 3.0003100778807355e-16 0.984626293182373 3.0003100778807355e-16 -3.3361402529408224e-08 -3.3361402529408224e-08
30.0003 3.0003299302154367e-16 0.984626293182373 3.0003299302154367e-16 -3.334271880817141e-08 -3.334271880817141e-08
30.0007 3.0003698995826353e-16 0.984626293182373 3.0003698995826353e-16 -3.333283515871699e-08 -3.333283515871699e-08
30.00082296345324 1.0086059987202134e-08 0.984626293182373 9.91114479376165e-09 -3.079099286651399e-08 -3.0860519473208115e-08
30.000893956526316 5.472830721942046e-08 0.984626293182373 5.391577317936935e-08 2.5995147368007565e-08 2.5329082831149208e-08
30.0009296897619 1.2170579566372908e-07 0.984626293182373 1.199719577016367e-07 5.452290352536693e-08 5.265960112410539e-08
30.000951759056438 1.96786444917052e-07 0.984626293182373 1.9404144779855415e-07 3.210361754213409e-08 2.8629758119791404e-08
30.000964863764224 2.774812912775815e-07 0.984626293182373 2.738488547038287e-07 1.7602184243514785e-07 1.7069319824258855e-07
30.00097523267628 3.8588476058976084e-07 0.984626293182373 3.812895386090531e-07 6.017923510626133e-07 5.939746756666864e-07
30.000986755589775 5.538433356377936e-07 0.984626293182373 5.479091669258196e-07 1.4178273204379366e-06 1.4061594129088917e-06
30.001001328326574 8.112135674309684e-07 0.984626293182373 8.033252925088163e-07 2.765637646007235e-06 2.748063025137526e-06
30.175106420245463 0.0036387366708368063 0.984626293182373 0.003620617790147662 0.020339801907539368 0.020282745361328125
30.349211512164356 0.0072148083709180355 0.984626293182373 0.0071958149783313274 0.04048115015029907 0.04042133688926697
30.524992762164352 0.010748605243861675 0.984626293182373 0.010730111040174961 0.06057264655828476 0.0605144202709198
30.876555262164352 0.01760522462427616 0.984626293182373 0.017587698996067047 0.10008104890584946 0.10002593696117401
31.228117762164352 0.024202868342399597 0.984626293182373 0.02418629825115204 0.13875170052051544 0.1386996954679489
31.755461512164352 0.03356241062283516 0.984626293182373 0.03354725241661072 0.19499731063842773 0.19494998455047607
32.28280526216435 0.04222993925213814 0.984626293182373 0.04221615195274353 0.2489263266324997 0.24888363480567932
32.81014901216435 0.050129517912864685 0.984626293182373 0.05011705681681633 0.3002205193042755 0.30018243193626404
33.161711512164345 0.05499142408370972 0.984626293182373 0.05497981607913971 0.3329918086528778 0.33295679092407227
33.513274012164345 0.05950801074504852 0.984626293182373 0.059497229754924774 0.3645164966583252 0.3644844889640808
33.689055262164345 0.061653975397348404 0.984626293182373 0.06164359301328659 0.37986618280410767 0.37983566522598267
33.864836512164345 0.06372855603694916 0.984626293182373 0.06371857225894928 0.3949489891529083 0.3949199318885803
34.216399012164345 0.06765050441026688 0.984626293182373 0.06764127314090729 0.4242534041404724 0.424227237701416
34.743742762164345 0.07296052575111389 0.984626293182373 0.07295235991477966 0.46597808599472046 0.4659561216831207
35.095305262164345 0.076121985912323 0.984626293182373 0.0761144831776619 0.4922727346420288 0.49225348234176636
35.710539637164345 0.08090329170227051 0.984626293182373 0.08089681714773178 0.5351155400276184 0.5351007580757141
36.32577401216434 0.08477597683668137 0.984626293182373 0.08477038890123367 0.5738938450813293 0.5738831758499146
36.67733651216434 0.08665243536233902 0.984626293182373 0.08664728701114655 0.5944490432739258 0.5944405794143677
36.85311776216434 0.08750490844249725 0.984626293182373 0.0874999612569809 0.6042959690093994 0.6042884588241577
37.38046151216434 0.08969992399215698 0.984626293182373 0.08969549834728241 0.6319202184677124 0.6319155693054199
37.73202401216434 0.09089136123657227 0.984626293182373 0.09088722616434097 0.6488122344017029 0.6488092541694641
38.08358651216434 0.09190046787261963 0.984626293182373 0.09189658612012863 0.6645990014076233 0.6645976305007935
38.25936776216434 0.09234163165092468 0.984626293182373 0.09233785420656204 0.6720871925354004 0.6720864772796631
38.43514901216434 0.0927472859621048 0.984626293182373 0.09274360537528992 0.679336667060852 0.679336667060852
38.61093026216434 0.09311914443969727 0.984626293182373 0.09311555325984955 0.6863507032394409 0.6863513588905334
39.22616463716434 0.09415972977876663 0.984626293182373 0.09415639936923981 0.7089415788650513 0.7089441418647766
39.84139901216433 0.09485495090484619 0.984626293182373 0.0948517769575119 0.7286000847816467 0.7286041975021362
40.19296151216433 0.09512467682361603 0.984626293182373 0.09512156248092651 0.7385514378547668 0.7385562658309937
40.36874276216433 0.09523486346006393 0.984626293182373 0.09523177891969681 0.7432451844215393 0.74325031042099
40.54452401216433 0.09533300995826721 0.984626293182373 0.09532994776964188 0.7477869391441345 0.7477923631668091
40.72030526216433 0.09541801363229752 0.984626293182373 0.09541496634483337 0.752150297164917 0.7521560192108154
40.89608651216433 0.09548924118280411 0.984626293182373 0.09548620879650116 0.7563137412071228 0.7563196420669556
41.42343026216433 0.09564319998025894 0.984626293182373 0.09564020484685898 0.7678247094154358 0.7678312063217163
41.77499276216433 0.09570755064487457 0.984626293182373 0.0957045704126358 0.7747345566749573 0.7747414112091064
42.30233651216433 0.0957685112953186 0.984626293182373 0.09576554596424103 0.7842015027999878 0.7842086553573608
42.829680262164324 0.09580063074827194 0.984626293182373 0.09579766541719437 0.7926621437072754 0.7926694750785828
43.005461512164324 0.09580667316913605 0.984626293182373 0.09580370783805847 0.7952684760093689 0.795275866985321
43.181242762164324 0.09581133723258972 0.984626293182373 0.09580837190151215 0.797787070274353 0.7977945804595947
43.357024012164324 0.09581461548805237 0.984626293182373 0.09581165015697479 0.800199031829834 0.8002065420150757
43.532805262164324 0.09581674635410309 0.984626293182373 0.09581378102302551 0.8025053143501282 0.8025128245353699
43.708586512164324 0.09581811726093292 0.984626293182373 0.09581515938043594 0.804722785949707 0.8047302961349487
44.235930262164324 0.09581965953111649 0.984626293182373 0.0958167016506195 0.8108477592468262 0.8108553290367126
44.587492762164324 0.09581975638866425 0.984626293182373 0.09581679850816727 0.8145074248313904 0.8145149946212769
44.939055262164324 0.09581976383924484 0.984626293182373 0.09581679850816727 0.817959189414978 0.8179667592048645
45.730070887164324 0.09581976383924484 0.984626293182373 0.09581679850816727 0.8250260949134827 0.8250335454940796
46.52108651216432 0.09581976383924484 0.984626293182373 0.09581679850816727 0.8309942483901978 0.8310015797615051
46.69686776216432 0.09581976383924484 0.984626293182373 0.09581679850816727 0.832190752029419 0.8321980237960815
46.87264901216432 0.09581976383924484 0.984626293182373 0.09581679850816727 0.8333410024642944 0.8333483338356018
47.04843026216432 0.09581976383924484 0.984626293182373 0.09581679850816727 0.834448516368866 0.8344557881355286
47.39999276216432 0.09581976383924484 0.984626293182373 0.09581679850816727 0.8365546464920044 0.836561918258667
48.01522713716432 0.09581976383924484 0.984626293182373 0.09581679850816727 0.84001624584198 0.8400233387947083
48.63046151216432 0.09581976383924484 0.984626293182373 0.09581679850816727 0.8430984020233154 0.8431053757667542
49.42147713716431 0.09581976383924484 0.984626293182373 0.09581679850816727 0.8466243743896484 0.8466312885284424
50.21249276216431 0.09581976383924484 0.984626293182373 0.09581679850816727 0.8498694896697998 0.8498761653900146
51.17928963716431 0.09581976383924484 0.984626293182373 0.09581679850816727 0.8533254861831665 0.8533320426940918
52.14608651216431 0.09581976383924484 0.984626293182373 0.09581679850816727 0.856340229511261 0.8563466668128967
52.4976490121643 0.09581976383924484 0.984626293182373 0.09581679850816727 0.8573567867279053 0.8573631048202515
52.9371021371643 0.09581976383924484 0.984626293182373 0.09581679850816727 0.8585480451583862 0.8585543632507324
53.3765552621643 0.09581976383924484 0.984626293182373 0.09581679850816727 0.8596591949462891 0.8596653938293457
53.5523365121643 0.09581976383924484 0.984626293182373 0.09581679850816727 0.8600829839706421 0.860089123249054
53.7281177621643 0.09581976383924484 0.984626293182373 0.09581679850816727 0.8604955673217773 0.8605017066001892
53.9038990121643 0.09581976383924484 0.984626293182373 0.09581679850816727 0.8608974814414978 0.8609036207199097
55.1343677621643 0.09581976383924484 0.984626293182373 0.09581679850816727 0.8635143637657166 0.8635203242301941
56.364836512164295 0.09581976383924484 0.984626293182373 0.09581679850816727 0.86574387550354 0.865749716758728
57.155852137164295 0.09581976383924484 0.984626293182373 0.09581679850816727 0.8669978976249695 0.8670036792755127
57.946867762164295 0.09581976383924484 0.984626293182373 0.09581679850816727 0.8681963682174683 0.8682020902633667
58.91366463716429 0.09581976383924484 0.984626293182373 0.09581679850816727 0.8695658445358276 0.8695714473724365
59.88046151216429 0.09581976383924484 0.984626293182373 0.09581679850816727 0.8708266019821167 0.8708321452140808
59.99999999999999 0.09581976383924484 0.984626293182373 0.09581679850816727 0.8709755539894104 0.8709810972213745
60.000099999999996 0.09581976383924484 0.984626293182373 0.09581679850816727 0.8709756135940552 0.8709807395935059
60.000299999999996 0.09581976383924484 0.984626293182373 0.09581649303436279 0.8709756135940552 0.8709803819656372
60.000699999999995 0.09581976383924484 0.984626293182373 0.09581273794174194 0.8709753751754761 0.8709802627563477
60.001000000000005 0.09581976383924484 0.984626293182373 0.09580580145120621 0.8709750771522522 0.8709802627563477
60.25269062500148 0.09581976383924484 0.984626293182373 0.0637107789516449 0.8709750771522522 0.8709802627563477
60.504381250002936 0.09581976383924484 0.984626293182373 0.03580695390701294 0.8709750771522522 0.8709802627563477
60.680162500002936 0.09581976383924484 0.984626293182373 0.019848404452204704 0.8709750771522522 0.8709802627563477
60.855943750002936 0.09581976383924484 0.984626293182373 0.006749981082975864 0.8709750771522522 0.8709802627563477
60.94667340448123 0.09581976383924484 0.984626293182373 0.0013240717817097902 0.8709750771522522 0.8709802627563477
60.97769304747497 0.09581976383924484 0.984626293182373 7.745422044536099e-05 0.8709750771522522 0.8709802627563477
60.9831799921287 0.09581976383924484 0.984626293182373 -3.3386132969326354e-08 0.8709750771522522 0.8709802627563477
89.99999999999999 0.09581976383924484 0.984626293182373 -3.3398183774124846e-08 0.8709750771522522 0.8709802627563477
90.0001 0.09581976383924484 0.984626293182373 -3.337710552386852e-08 0.8709750771522522 0.8709802627563477
90.0003 0.09581976383924484 0.984626293182373 -3.335318865538284e-08 0.8709750771522522 0.8709802627563477
90.00047401459173 0.09581976383924484 0.984626293182373 -1.7202795632442758e-08 0.8709756135940552 0.8709802627563477
90.00082204377519 0.09581976383924484 0.984626293182373 6.350276038347147e-08 0.8709781169891357 0.8709802627563477
90.001 0.09581976383924484 0.984626293182373 1.1301336400038053e-07 0.8709796667098999 0.8709802627563477
119.99999999999999 0.09581976383924484 0.984626293182373 1.1301336400038053e-07 0.8709796667098999 0.8709802627563477
120.0001 0.09581976383924484 0.984626293182373 1.1301336400038053e-07 0.8709796667098999 0.8709802627563477
120.0003 0.09581976383924484 0.984626293182373 1.1301336400038053e-07 0.8709796667098999 0.8709802627563477
120.0007 0.0958152785897255 0.984626293182373 1.1301336400038053e-07 0.8709796667098999 0.8709802627563477
120.001 0.09580407291650772 0.984626293182373 1.1301336400038053e-07 0.8709796667098999 0.8709802627563477
120.24366911344616 0.0647953450679779 0.984626293182373 0.0008121752180159092 0.8709796667098999 0.8709802627563477
120.48633822689231 0.037636201828718185 0.984626293182373 0.0016222731210291386 0.8709796667098999 0.8709802627563477
120.66211947689231 0.021343056112527847 0.984626293182373 0.002208380028605461 0.8709796667098999 0.8709802627563477
120.83790072689231 0.007981987670063972 0.984626293182373 0.002794122090563178 0.8709796667098999 0.8709802627563477
120.94605243678237 0.0014262500917539 0.984626293182373 0.0031544642988592386 0.8709796667098999 0.8709802627563477
120.9800516364728 6.950414535822347e-05 0.984626293182373 0.0032677948474884033 0.8709796667098999 0.8709802627563477
120.98519000212117 -3.3386161391035785e-08 0.984626293182373 0.003284935373812914 0.8709796667098999 0.8709802627563477
121.21444984885414 -3.3386161391035785e-08 0.984626293182373 0.004051731899380684 0.8709796667098999 0.8709802627563477
121.44370969558712 -3.3386161391035785e-08 0.984626293182373 0.004837135784327984 0.8709796667098999 0.8709802627563477
121.61949094558712 -3.3386161391035785e-08 0.984626293182373 0.0054573966190218925 0.8709796667098999 0.8709802627563477
122.84995969558717 -3.3386161391035785e-08 0.984626293182373 0.00982411578297615 0.8709796667098999 0.8709802627563477
123.02574094558719 -3.3386161391035785e-08 0.984626293182373 0.010445971973240376 0.8709796667098999 0.8709802627563477
123.2015221955872 -3.3386161391035785e-08 0.984626293182373 0.01106733363121748 0.8709796667098999 0.8709802627563477
123.37730344558722 -3.3386161391035785e-08 0.984626293182373 0.011688201688230038 0.8709796667098999 0.8709802627563477
128.12339719558756 -3.3386161391035785e-08 0.984626293182373 0.028265053406357765 0.8709796667098999 0.8709802627563477
129.35386594558767 -3.3386161391035785e-08 0.984626293182373 0.03250408545136452 0.8709796667098999 0.8709802627563477
130.58433469558776 -3.3386161391035785e-08 0.984626293182373 0.03671899810433388 0.8709796667098999 0.8709802627563477
130.76011594558776 -3.3386161391035785e-08 0.984626293182373 0.037319160997867584 0.8709796667098999 0.8709802627563477
130.93589719558778 -3.3386161391035785e-08 0.984626293182373 0.037918832153081894 0.8709796667098999 0.8709802627563477
131.11167844558778 -3.3386161391035785e-08 0.984626293182373 0.03851801156997681 0.8709796667098999 0.8709802627563477
137.9671471955883 -3.3386161391035785e-08 0.984626293182373 0.061503227800130844 0.8709796667098999 0.8709802627563477
138.14292844558832 -3.3386161391035785e-08 0.984626293182373 0.06208279728889465 0.8709796667098999 0.8709802627563477
138.31870969558832 -3.3386161391035785e-08 0.984626293182373 0.06266187876462936 0.8709796667098999 0.8709802627563477
138.49449094558835 -3.3386161391035785e-08 0.984626293182373 0.06324047595262527 0.8709796667098999 0.8709802627563477
145.34995969558886 -3.3386161391035785e-08 0.984626293182373 0.08542566001415253 0.8709796667098999 0.8709802627563477
145.52574094558886 -3.3386161391035785e-08 0.984626293182373 0.08598479628562927 0.8709796667098999 0.8709802627563477
145.7015221955889 -3.3386161391035785e-08 0.984626293182373 0.08654344826936722 0.8709796667098999 0.8709802627563477
145.8773034455889 -3.3386161391035785e-08 0.984626293182373 0.08710161596536636 0.8709796667098999 0.8709802627563477
150.0 -3.339397380841547e-08 0.984626293182373 0.10005439817905426 0.8709796667098999 0.8709802627563477
150.0001 -3.3367502538794724e-08 0.984626293182373 0.10005594789981842 0.8709796667098999 0.8709802627563477
150.0003 -3.334388765097174e-08 0.984626293182373 0.10006221383810043 0.8709790706634521 0.8709802031517029
150.0007 -3.333093445689883e-08 0.984626293182373 0.10008012503385544 0.8709753751754761 0.8709797263145447
150.0008229633954 -3.224503331011874e-08 0.984626293182373 0.10008559376001358 0.8709731101989746 0.8709791302680969
150.00089395651378 1.2755887013327083e-08 0.984626293182373 0.10008815675973892 0.8709712028503418 0.8709782958030701
150.0009296729307 1.7703962384985061e-07 0.984626293182373 0.1000891849398613 0.8709700703620911 0.8709775805473328
150.0009516172645 5.212085056882643e-07 0.984626293182373 0.10008972883224487 0.870969295501709 0.8709770441055298
150.00097178154303 1.2274252867428004e-06 0.984626293182373 0.10009019076824188 0.8709685802459717 0.870976448059082
150.00098940641828 2.301868335052859e-06 0.984626293182373 0.10009056329727173 0.8709679245948792 0.8709758520126343
150.001 3.2109014682646375e-06 0.984626293182373 0.10009077936410904 0.8709675073623657 0.8709754347801208
150.06325332021382 0.00699599040672183 0.984626293182373 0.10130387544631958 0.8684656620025635 0.8684735298156738
150.12550664042763 0.01396004855632782 0.984626293182373 0.1025080531835556 0.8658918738365173 0.8658998012542725
150.2500151807048 0.027782481163740158 0.984626293182373 0.10488364845514297 0.8605844378471375 0.8605923652648926
150.42579643070482 0.0471198745071888 0.984626293182373 0.10818293690681458 0.8527653217315674 0.8527731895446777
150.60157768070482 0.06624685972929001 0.984626293182373 0.11141776293516159 0.8445547819137573 0.8445626497268677
150.77735893070485 0.08514846861362457 0.984626293182373 0.11458390206098557 0.8358972668647766 0.8359051942825317
150.95314018070485 0.10383827984333038 0.984626293182373 0.11768584698438644 0.826778769493103 0.8267866373062134
151.12892143070488 0.12231256812810898 0.984626293182373 0.12072295695543289 0.8172467947006226 0.8172547221183777
151.30470268070488 0.14054623246192932 0.984626293182373 0.12368815392255783 0.8073126673698425 0.8073205947875977
151.4804839307049 0.15853604674339294 0.984626293182373 0.12658095359802246 0.7969241142272949 0.7969319820404053
151.6562651807049 0.17630021274089813 0.984626293182373 0.12940724194049835 0.7860565185546875 0.7860643863677979
152.00782768070493 0.21111471951007843 0.984626293182373 0.13485169410705566 0.7629327774047852 0.7629407644271851
152.18360893070493 0.22813653945922852 0.984626293182373 0.13746270537376404 0.7507348656654358 0.7507427930831909
152.35939018070496 0.24491874873638153 0.984626293182373 0.14000529050827026 0.7381299138069153 0.7381378412246704
152.53517143070496 0.2614574730396271 0.984626293182373 0.1424790322780609 0.725089967250824 0.7250978946685791
152.710952680705 0.27773821353912354 0.984626293182373 0.14488041400909424 0.7116179466247559 0.711625874042511
152.886733930705 0.2937685549259186 0.984626293182373 0.1472122073173523 0.6977289915084839 0.6977369785308838
153.06251518070502 0.3095448315143585 0.984626293182373 0.1494741141796112 0.6834177374839783 0.6834256649017334
153.23829643070502 0.3250526487827301 0.984626293182373 0.1516629010438919 0.668720006942749 0.6687279343605042
153.41407768070505 0.3402998745441437 0.984626293182373 0.15378136932849884 0.653683602809906 0.6536915302276611
153.58985893070505 0.35528305172920227 0.984626293182373 0.15582945942878723 0.6382843255996704 0.6382922530174255
153.76564018070508 0.36998802423477173 0.984626293182373 0.15780416131019592 0.622485876083374 0.6224938035011292
153.94142143070508 0.38442301750183105 0.984626293182373 0.15970845520496368 0.6063027381896973 0.6063106656074524
154.1172026807051 0.39858490228652954 0.984626293182373 0.16154250502586365 0.5897700190544128 0.589777946472168
154.2929839307051 0.4124600887298584 0.984626293182373 0.1633036583662033 0.5729222297668457 0.5729301571846008
154.4687651807051 0.42605727910995483 0.984626293182373 0.164995014667511 0.5557647347450256 0.5557726621627808
154.64454643070513 0.43938469886779785 0.984626293182373 0.16661964356899261 0.5382921695709229 0.5383000373840332
154.82032768070513 0.4524397552013397 0.984626293182373 0.1681777983903885 0.5205361247062683 0.5205440521240234
154.99610893070516 0.4652201533317566 0.984626293182373 0.16966988146305084 0.5025283694267273 0.5025362968444824
155.17189018070516 0.4777238070964813 0.984626293182373 0.17109638452529907 0.48428112268447876 0.4842890501022339
155.3476714307052 0.48993825912475586 0.984626293182373 0.17245550453662872 0.46578848361968994 0.46579641103744507
155.5234526807052 0.5018518567085266 0.984626293182373 0.17374566197395325 0.44702643156051636 0.4470343589782715
155.69923393070522 0.5134748816490173 0.984626293182373 0.17497038841247559 0.42799699306488037 0.4280049204826355
155.87501518070522 0.5248173475265503 0.984626293182373 0.17613309621810913 0.4087282121181488 0.40873610973358154
156.05079643070525 0.5358785390853882 0.984626293182373 0.17723481357097626 0.3892308175563812 0.38923871517181396
156.40235893070528 0.5571564435958862 0.984626293182373 0.17925989627838135 0.34953272342681885 0.3495406210422516
156.57814018070528 0.5673739314079285 0.984626293182373 0.18018586933612823 0.32934340834617615 0.3293513059616089
156.7539214307053 0.5773114562034607 0.984626293182373 0.18105602264404297 0.3089548945426941 0.3089628219604492
156.9297026807053 0.586970329284668 0.984626293182373 0.1818719208240509 0.28840622305870056 0.2884141504764557
157.28126518070533 0.6054986715316772 0.984626293182373 0.18335464596748352 0.2468498796224594 0.24685779213905334
157.63282768070536 0.6229713559150696 0.984626293182373 0.18464666604995728 0.20475876331329346 0.204766646027565
157.80860893070536 0.6313036680221558 0.984626293182373 0.18522289395332336 0.18353380262851715 0.1835416704416275
157.9843901807054 0.6393712759017944 0.984626293182373 0.18575526773929596 0.16221122443675995 0.1622190773487091
158.1601714307054 0.6471781730651855 0.984626293182373 0.18624576926231384 0.14085765182971954 0.14086544513702393
158.33595268070542 0.6547379493713379 0.984626293182373 0.1866978108882904 0.11959090828895569 0.11959857493638992
158.51173393070542 0.6620638370513916 0.984626293182373 0.18711470067501068 0.09861565381288528 0.0986231192946434
158.68751518070545 0.6691501140594482 0.984626293182373 0.1874968409538269 0.07826632261276245 0.07827343791723251
158.86329643070545 0.6759921908378601 0.984626293182373 0.18784484267234802 0.05902986228466034 0.05903644487261772
159.03907768070547 0.6825959086418152 0.984626293182373 0.18816080689430237 0.04150346666574478 0.04150931164622307
159.21485893070547 0.6889669299125671 0.984626293182373 0.1884467601776123 0.02623850852251053 0.02624347060918808
159.39064018070547 0.6951111555099487 0.984626293182373 0.188704714179039 0.01352274976670742 0.0135267935693264
159.5664214307055 0.701069176197052 0.984626293182373 0.18894048035144806 0.0030920354183763266 0.0030941544100642204
159.6304350976845 0.7031909823417664 0.984626293182373 0.1890207976102829 0.0002839114749804139 0.00028423889307305217
159.647139102195 0.7037370204925537 0.984626293182373 0.1890408992767334 -3.3380324282461515e-08 -3.3380320729747837e-08
159.78165280819684 0.7080557942390442 0.984626293182373 0.18919424712657928 -3.3380324282461515e-08 -3.3380320729747837e-08
159.9161665141986 0.7122482061386108 0.984626293182373 0.18933428823947906 -3.3380324282461515e-08 -3.3380320729747837e-08
160.26772901419864 0.7227002382278442 0.984626293182373 0.1896502673625946 -3.3380324282461515e-08 -3.3380320729747837e-08
160.61929151419866 0.7323967218399048 0.984626293182373 0.18989711999893188 -3.3380324282461515e-08 -3.3380320729747837e-08
160.79507276419866 0.7369741201400757 0.984626293182373 0.1899980902671814 -3.3380324282461515e-08 -3.3380320729747837e-08
160.9708540141987 0.7413793802261353 0.984626293182373 0.1900859773159027 -3.3380324282461515e-08 -3.3380324282461515e-08
161.1466352641987 0.7456262111663818 0.984626293182373 0.1901625692844391 -3.3380324282461515e-08 -3.3380324282461515e-08
161.49819776419872 0.7536807656288147 0.984626293182373 0.19028730690479279 -3.3380324282461515e-08 -3.3380324282461515e-08
162.02554151419878 0.7646677494049072 0.984626293182373 0.19041326642036438 -3.3380324282461515e-08 -3.3380324282461515e-08
162.37710401419878 0.7713238596916199 0.984626293182373 0.1904667317867279 -3.3380324282461515e-08 -3.3380324282461515e-08
162.5528852641988 0.7744613289833069 0.984626293182373 0.19048641622066498 -3.3380324282461515e-08 -3.3380324282461515e-08
162.90444776419884 0.780364990234375 0.984626293182373 0.19051435589790344 -3.3380324282461515e-08 -3.3380324282461515e-08
163.08022901419884 0.7831548452377319 0.984626293182373 0.1905241310596466 -3.3380324282461515e-08 -3.3380324282461515e-08
163.43179151419886 0.788438618183136 0.984626293182373 0.19053761661052704 -3.3380324282461515e-08 -3.3380324282461515e-08
163.6075727641989 0.790941059589386 0.984626293182373 0.19054202735424042 -3.3380324282461515e-08 -3.3380324282461515e-08
163.7833540141989 0.7933558821678162 0.984626293182373 0.19054527580738068 -3.3380324282461515e-08 -3.3380324282461515e-08
163.95913526419892 0.7956870198249817 0.984626293182373 0.1905476152896881 -3.3380324282461515e-08 -3.3380324282461515e-08
164.13491651419892 0.7979327440261841 0.984626293182373 0.19054920971393585 -3.3380324282461515e-08 -3.3380324282461515e-08
164.48647901419895 0.802173912525177 0.984626293182373 0.1905508041381836 -3.3380324282461515e-08 -3.3380324282461515e-08
164.66226026419895 0.8041826486587524 0.984626293182373 0.19055114686489105 -3.3380324282461515e-08 -3.3380324282461515e-08
164.83804151419898 0.806115984916687 0.984626293182373 0.19055131077766418 -3.3380324282461515e-08 -3.3380324282461515e-08
165.01382276419898 0.8079829216003418 0.984626293182373 0.19055137038230896 -3.3380324282461515e-08 -3.3380324282461515e-08
165.189604014199 0.8097912073135376 0.984626293182373 0.19055140018463135 -3.3380324282461515e-08 -3.3380324282461515e-08
165.365385264199 0.8115430474281311 0.984626293182373 0.19055140018463135 -3.3380324282461515e-08 -3.3380324282461515e-08
165.54116651419903 0.8132362365722656 0.984626293182373 0.19055140018463135 -3.3380324282461515e-08 -3.3380324282461515e-08
165.71694776419903 0.8148688673973083 0.984626293182373 0.19055140018463135 -3.3380324282461515e-08 -3.3380324282461515e-08
165.89272901419906 0.8164487481117249 0.984626293182373 0.19055140018463135 -3.3380324282461515e-08 -3.3380324282461515e-08
166.06851026419906 0.8179781436920166 0.984626293182373 0.19055140018463135 -3.3380324282461515e-08 -3.3380324282461515e-08
166.2442915141991 0.8194504976272583 0.984626293182373 0.19055140018463135 -3.3380324282461515e-08 -3.3380324282461515e-08
166.4200727641991 0.820868968963623 0.984626293182373 0.19055140018463135 -3.3380324282461515e-08 -3.3380324282461515e-08
166.59585401419912 0.8222447633743286 0.984626293182373 0.19055140018463135 -3.3380324282461515e-08 -3.3380324282461515e-08
166.77163526419912 0.8235792517662048 0.984626293182373 0.19055140018463135 -3.3380324282461515e-08 -3.3380324282461515e-08
166.94741651419915 0.8248701095581055 0.984626293182373 0.19055140018463135 -3.3380324282461515e-08 -3.3380324282461515e-08
167.12319776419915 0.8261234760284424 0.984626293182373 0.19055140018463135 -3.3380324282461515e-08 -3.3380324282461515e-08
167.29897901419915 0.8273409605026245 0.984626293182373 0.19055140018463135 -3.3380324282461515e-08 -3.3380324282461515e-08
167.47476026419918 0.8285162448883057 0.984626293182373 0.19055140018463135 -3.3380324282461515e-08 -3.3380324282461515e-08
167.65054151419918 0.8296516537666321 0.984626293182373 0.19055140018463135 -3.3380324282461515e-08 -3.3380324282461515e-08
167.8263227641992 0.8307575583457947 0.984626293182373 0.19055140018463135 -3.3380324282461515e-08 -3.3380324282461515e-08
168.0021040141992 0.831836462020874 0.984626293182373 0.19055140018463135 -3.3380324282461515e-08 -3.3380324282461515e-08
168.17788526419923 0.8328819274902344 0.984626293182373 0.19055140018463135 -3.3380324282461515e-08 -3.3380324282461515e-08
168.35366651419923 0.833893358707428 0.984626293182373 0.19055140018463135 -3.3380324282461515e-08 -3.3380324282461515e-08
168.52944776419926 0.8348777890205383 0.984626293182373 0.19055140018463135 -3.3380324282461515e-08 -3.3380324282461515e-08
169.0567915141993 0.837669849395752 0.984626293182373 0.19055140018463135 -3.3380324282461515e-08 -3.3380324282461515e-08
169.23257276419932 0.8385491371154785 0.984626293182373 0.19055140018463135 -3.3380324282461515e-08 -3.3380324282461515e-08
169.40835401419932 0.8394080400466919 0.984626293182373 0.19055140018463135 -3.3380324282461515e-08 -3.3380324282461515e-08
169.58413526419932 0.8402419686317444 0.984626293182373 0.19055140018463135 -3.3380324282461515e-08 -3.3380324282461515e-08
170.11147901419938 0.8425966501235962 0.984626293182373 0.19055140018463135 -3.3380324282461515e-08 -3.3380324282461515e-08
170.28726026419938 0.8433458209037781 0.984626293182373 0.19055140018463135 -3.3380324282461515e-08 -3.3380324282461515e-08
170.4630415141994 0.844074547290802 0.984626293182373 0.19055140018463135 -3.3380324282461515e-08 -3.3380324282461515e-08
170.6388227641994 0.8447805643081665 0.984626293182373 0.19055140018463135 -3.3380324282461515e-08 -3.3380324282461515e-08
171.07827588919943 0.8464715480804443 0.984626293182373 0.19055140018463135 -3.3380324282461515e-08 -3.3380324282461515e-08
171.5177290141995 0.8480658531188965 0.984626293182373 0.19055140018463135 -3.3380324282461515e-08 -3.3380324282461515e-08
171.6935102641995 0.8486710786819458 0.984626293182373 0.19055140018463135 -3.3380324282461515e-08 -3.3380324282461515e-08
171.8692915141995 0.8492607474327087 0.984626293182373 0.19055140018463135 -3.3380324282461515e-08 -3.3380324282461515e-08
172.74819776419957 0.852031946182251 0.984626293182373 0.19055140018463135 -3.3380324282461515e-08 -3.3380324282461515e-08
172.92397901419957 0.8525447845458984 0.984626293182373 0.19055140018463135 -3.3380324282461515e-08 -3.3380324282461515e-08
173.0997602641996 0.8530498743057251 0.984626293182373 0.19055140018463135 -3.3380324282461515e-08 -3.3380324282461515e-08
173.2755415141996 0.8535478115081787 0.984626293182373 0.19055140018463135 -3.3380324282461515e-08 -3.3380324282461515e-08
174.3302290141997 0.8562923073768616 0.984626293182373 0.19055140018463135 -3.3380324282461515e-08 -3.3380324282461515e-08
174.5060102641997 0.8567211031913757 0.984626293182373 0.19055140018463135 -3.3380324282461515e-08 -3.3380324282461515e-08
174.68179151419972 0.8571411967277527 0.984626293182373 0.19055140018463135 -3.3380324282461515e-08 -3.3380324282461515e-08
174.85757276419972 0.8575507998466492 0.984626293182373 0.19055140018463135 -3.3380324282461515e-08 -3.3380324282461515e-08
175.03335401419974 0.8579501509666443 0.984626293182373 0.19055140018463135 -3.3380324282461515e-08 -3.3380324282461515e-08
176.26382276419983 0.8605358004570007 0.984626293182373 0.19055140018463135 -3.3380324282461515e-08 -3.3380324282461515e-08
176.43960401419986 0.860878050327301 0.984626293182373 0.19055140018463135 -3.3380324282461515e-08 -3.3380324282461515e-08
176.61538526419986 0.861212432384491 0.984626293182373 0.19055140018463135 -3.3380324282461515e-08 -3.3380324282461515e-08
176.79116651419986 0.8615391254425049 0.984626293182373 0.19055140018463135 -3.3380324282461515e-08 -3.3380324282461515e-08
178.5489790142 0.8645254373550415 0.984626293182373 0.19055140018463135 -3.3380324282461515e-08 -3.3380324282461515e-08
178.72476026420003 0.864793062210083 0.984626293182373 0.19055140018463135 -3.3380324282461515e-08 -3.3380324282461515e-08
178.90054151420003 0.8650552034378052 0.984626293182373 0.19055140018463135 -3.3380324282461515e-08 -3.3380324282461515e-08
179.07632276420003 0.8653133511543274 0.984626293182373 0.19055140018463135 -3.3380324282461515e-08 -3.3380324282461515e-08
179.9552290142001 0.8665711879730225 0.984626293182373 0.19055140018463135 -3.3380324282461515e-08 -3.3380324282461515e-08
179.99999999999997 0.8666321635246277 0.984626293182373 0.19055140018463135 -3.3380324282461515e-08 -3.3380324282461515e-08
