time a b c w1 w2
0.0 0.0 0.0 0.0 0.0 0.0
1.757812428601624e-06 1.757988202426422e-23 1.0832566022872925 1.757988202426422e-23 1.757988202426422e-23 1.757988202426422e-23
1.7648476783160305e-06 1.7650242106122693e-23 1.0055341720581055 1.7650242106122693e-23 1.7650242106122693e-23 1.7650242106122693e-23
1.7789181777448437e-06 1.7790960692117828e-23 0.9905999898910522 1.7790960692117828e-23 1.7790960692117828e-23 1.7790960692117828e-23
1.8070591766024704e-06 1.8072399441829907e-23 0.984626293182373 1.8072399441829907e-23 1.8072399441829907e-23 1.8072399441829907e-23
0.00013281055255599797 1.3282383013875093e-21 0.984626293182373 1.3282383013875093e-21 1.3282383013875093e-21 1.3282383013875093e-21
0.00026381985277929004 2.6384624023353322e-21 0.984626293182373 2.6384624023353322e-21 2.6384624023353322e-21 2.6384624023353322e-21
0.0005258384532258742 5.258910200334195e-21 0.984626293182373 5.258910200334195e-21 -5.940374858681707e-09 -5.940374858681707e-09
0.001 1.0000999731091105e-20 0.984626293182373 1.0000999731091105e-20 -3.33807292918209e-08 -3.33807292918209e-08
29.999999999999996 3.000300019364487e-16 0.984626293182373 3.000300019364487e-16 -3.338087140036805e-08 -3.338087140036805e-08
30.000099999999996 3.0003100778807355e-16 0.984626293182373 3.0003100778807355e-16 -3.336173293178035e-08 -3.336173293178035e-08
30.0003 3.0003299302154367e-16 0.984626293182373 3.0003299302154367e-16 -3.3342828942295455e-08 -3.3342828942295455e-08
30.0007 3.0003698995826353e-16 0.984626293182373 3.0003698995826353e-16 -3.333282805328963e-08 -3.333282805328963e-08
30.00082296344988 1.2100600521591787e-08 0.984626293182373 1.1912399067171009e-08 -2.995842152131445e-08 -3.003851034577565e-08
30.000893956518155 6.402842700481415e-08 0.984626293182373 6.316544443052408e-08 3.363257050637003e-08 3.292706551860647e-08
30.000929698231268 1.4156206873394694e-07 0.984626293182373 1.3973641443953966e-07 7.619414077453257e-08 7.425234116453794e-08
30.000951818107062 2.2816770695044397e-07 0.984626293182373 2.2529515320002247e-07 7.152560499434912e-08 6.793745654931627e-08
30.000964734493266 3.1712374948256183e-07 0.984626293182373 3.133589814297011e-07 2.3112528424462653e-07 2.2571127544779301e-07
30.00097494105395 4.336645531566319e-07 0.984626293182373 4.289434514248569e-07 6.721866725456493e-07 6.643612096013385e-07
30.000986321672986 6.128125846771582e-07 0.984626293182373 6.067662070563529e-07 1.5101026065167389e-06 1.4985615734985913e-06
30.00099939795511 8.571797707190854e-07 0.984626293182373 8.49401885716361e-07 2.7344804038875736e-06 2.7178559776075417e-06
30.001 8.698266356077511e-07 0.984626293182373 8.619617233307508e-07 2.8007104901917046e-06 2.783822992569185e-06
30.246712479392027 0.005486096255481243 0.984626293182373 0.005449154879897833 0.029799172654747963 0.029684916138648987
30.492424958784053 0.010833154432475567 0.984626293182373 0.01076014619320631 0.059166524559259415 0.05893988162279129
30.843987458784056 0.01819736883044243 0.984626293182373 0.018074067309498787 0.10028836131095886 0.09990325570106506
31.195549958784053 0.025257552042603493 0.984626293182373 0.025089118629693985 0.1404481828212738 0.139919251203537
31.547112458784053 0.03206722438335419 0.984626293182373 0.03188815712928772 0.17980509996414185 0.17924240231513977
31.898674958784053 0.038573071360588074 0.984626293182373 0.03840012848377228 0.21817684173583984 0.2176341712474823
32.25023745878405 0.04477555677294731 0.984626293182373 0.04460878297686577 0.255550354719162 0.2550281286239624
32.60179995878405 0.0506092831492424 0.984626293182373 0.0504487045109272 0.2916907072067261 0.29118940234184265
32.77758120878405 0.0533871129155159 0.984626293182373 0.05322963371872902 0.3092888593673706 0.3087981641292572
33.12914370878405 0.05868365615606308 0.984626293182373 0.05853237584233284 0.343590646982193 0.3431214690208435
33.65648745878405 0.06593333929777145 0.984626293182373 0.06579127907752991 0.39258989691734314 0.39215368032455444
34.00804995878405 0.0703485831618309 0.984626293182373 0.07021259516477585 0.42374387383461 0.42333000898361206
34.18383120878405 0.07244452089071274 0.984626293182373 0.07231153547763824 0.43890681862831116 0.4385042190551758
34.53539370878405 0.07638218998908997 0.984626293182373 0.07625512778759003 0.4682691693305969 0.46788913011550903
34.88695620878405 0.07996354252099991 0.984626293182373 0.07984224706888199 0.49625104665756226 0.4958937466144562
35.41429995878404 0.08470436930656433 0.984626293182373 0.084591343998909 0.5356788635253906 0.5353555083274841
35.59008120878404 0.08610942959785461 0.984626293182373 0.08599903434515 0.5480901598930359 0.5477780699729919
35.94164370878404 0.08866799622774124 0.984626293182373 0.08856263756752014 0.571816623210907 0.5715267658233643
36.46898745878404 0.09194497764110565 0.984626293182373 0.09184658527374268 0.6048629283905029 0.6046056151390076
36.99633120878404 0.09463891386985779 0.984626293182373 0.09454674273729324 0.6350818872451782 0.6348557472229004
37.34789370878404 0.09609747678041458 0.984626293182373 0.09600895643234253 0.6534742712974548 0.6532679200172424
37.78734683378404 0.09760262817144394 0.984626293182373 0.09751811623573303 0.6746761202812195 0.6744930744171143
38.22679995878404 0.0988004058599472 0.984626293182373 0.09871929883956909 0.6940045356750488 0.6938433051109314
38.402581208784035 0.0992075502872467 0.984626293182373 0.09912765771150589 0.7012630105018616 0.7011100649833679
38.578362458784035 0.0995749831199646 0.984626293182373 0.09949620068073273 0.7082431316375732 0.7080981731414795
39.105706208784035 0.10045820474624634 0.984626293182373 0.1003822609782219 0.727537989616394 0.727415144443512
39.633049958784035 0.10106311738491058 0.984626293182373 0.10098927468061447 0.7444692850112915 0.7443658709526062
39.808831208784035 0.10121376812458038 0.984626293182373 0.10114048421382904 0.7496166229248047 0.7495191097259521
39.984612458784035 0.10134581476449966 0.984626293182373 0.10127303004264832 0.7545640468597412 0.7544720768928528
40.160393708784035 0.10146254301071167 0.984626293182373 0.10139021277427673 0.759333610534668 0.7592470645904541
40.336174958784035 0.1015629917383194 0.984626293182373 0.1014910638332367 0.7638999223709106 0.7638183832168579
40.511956208784035 0.10164672881364822 0.984626293182373 0.10157514363527298 0.768242359161377 0.768165647983551
40.687737458784035 0.10171631723642349 0.984626293182373 0.10164503008127213 0.7723804116249084 0.7723082900047302
41.302971833784035 0.10188458114862442 0.984626293182373 0.10181406885385513 0.7855836749076843 0.7855256795883179
41.91820620878403 0.10197272151708603 0.984626293182373 0.10190265625715256 0.7970729470252991 0.7970266342163086
42.26976870878403 0.10199879854917526 0.984626293182373 0.10192888975143433 0.8028953075408936 0.802854597568512
42.62133120878403 0.10201407223939896 0.984626293182373 0.10194426029920578 0.808264970779419 0.8082292079925537
42.79711245878403 0.10201878100633621 0.984626293182373 0.10194900631904602 0.8107781410217285 0.8107447028160095
42.97289370878403 0.10202188044786453 0.984626293182373 0.10195212811231613 0.8131729364395142 0.8131415843963623
43.14867495878403 0.10202392190694809 0.984626293182373 0.10195418447256088 0.8154675364494324 0.8154382705688477
43.76390933378403 0.10202641785144806 0.984626293182373 0.10195671021938324 0.8227323293685913 0.8227091431617737
44.37914370878403 0.10202649980783463 0.984626293182373 0.1019567996263504 0.8291022777557373 0.829084038734436
44.90648745878402 0.10202649980783463 0.984626293182373 0.1019567996263504 0.8340019583702087 0.833987295627594
45.96117495878402 0.10202649980783463 0.984626293182373 0.1019567996263504 0.8421703577041626 0.8421610593795776
46.13695620878402 0.10202649980783463 0.984626293182373 0.1019567996263504 0.8433449268341064 0.843336284160614
46.31273745878402 0.10202649980783463 0.984626293182373 0.1019567996263504 0.8444792032241821 0.8444712162017822
46.48851870878402 0.10202649980783463 0.984626293182373 0.1019567996263504 0.8455893993377686 0.845582127571106
47.71898745878402 0.10202649980783463 0.984626293182373 0.1019567996263504 0.852429211139679 0.8524255156517029
48.949456208784014 0.10202649980783463 0.984626293182373 0.1019567996263504 0.8580440282821655 0.8580427765846252
49.740471833784014 0.10202649980783463 0.984626293182373 0.1019567996263504 0.861110270023346 0.861110270023346
50.531487458784014 0.10202649980783463 0.984626293182373 0.1019567996263504 0.8638070225715637 0.8638079762458801
51.058831208784014 0.10202649980783463 0.984626293182373 0.1019567996263504 0.8654676079750061 0.8654690980911255
51.58617495878401 0.10202649980783463 0.984626293182373 0.1019567996263504 0.8669792413711548 0.8669811487197876
52.11351870878401 0.10202649980783463 0.984626293182373 0.1019567996263504 0.8683605790138245 0.8683629035949707
52.46508120878401 0.10202649980783463 0.984626293182373 0.1019567996263504 0.8692262172698975 0.869228720664978
52.64086245878401 0.10202649980783463 0.984626293182373 0.1019567996263504 0.8696496486663818 0.869652271270752
52.81664370878401 0.10202649980783463 0.984626293182373 0.1019567996263504 0.8700634241104126 0.8700661659240723
52.99242495878401 0.10202649980783463 0.984626293182373 0.1019567996263504 0.8704659342765808 0.8704687356948853
54.04711245878401 0.10202649980783463 0.984626293182373 0.1019567996263504 0.872665524482727 0.8726688623428345
55.101799958784 0.10202649980783463 0.984626293182373 0.1019567996263504 0.8745519518852234 0.8745556473731995
55.629143708784 0.10202649980783463 0.984626293182373 0.1019567996263504 0.8754348158836365 0.8754386901855469
57.738518708784 0.10202649980783463 0.984626293182373 0.1019567996263504 0.8785898685455322 0.878594160079956
59.32054995878399 0.10202649980783463 0.984626293182373 0.1019567996263504 0.8805269002914429 0.8805314302444458
59.84789370878399 0.10202649980783463 0.984626293182373 0.1019567996263504 0.8810989856719971 0.8811036348342896
59.99999999999999 0.10202649980783463 0.984626293182373 0.1019567996263504 0.8812595009803772 0.8812641501426697
60.000099999999996 0.10202649980783463 0.984626293182373 0.1019567996263504 0.881259560585022 0.8812638521194458
60.000299999999996 0.10202649980783463 0.984626293182373 0.10195648670196533 0.8812596201896667 0.8812635540962219
60.000699999999995 0.10202649980783463 0.984626293182373 0.1019526794552803 0.8812594413757324 0.8812634348869324
60.001000000000005 0.10202649980783463 0.984626293182373 0.10194563865661621 0.8812592029571533 0.8812634348869324
60.16480000000147 0.10202649980783463 0.984626293182373 0.080218605697155 0.8812592029571533 0.8812634348869324
60.328600000002936 0.10202649980783463 0.984626293182373 0.059903938323259354 0.8812592029571533 0.8812634348869324
60.504381250002936 0.10202649980783463 0.984626293182373 0.04018325358629227 0.8812592029571533 0.8812634348869324
60.680162500002936 0.10202649980783463 0.984626293182373 0.023366466164588928 0.8812592029571533 0.8812634348869324
60.855943750002936 0.10202649980783463 0.984626293182373 0.009737842716276646 0.8812592029571533 0.8812634348869324
61.00876188404269 0.10202649980783463 0.984626293182373 0.000762599753215909 0.8812592029571533 0.8812634348869324
61.039933453867015 0.10202649980783463 0.984626293182373 -3.338644205541641e-08 0.8812592029571533 0.8812634348869324
89.99999999999999 0.10202649980783463 0.984626293182373 -3.3437039803629887e-08 0.8812592029571533 0.8812634348869324
90.0001 0.10202649980783463 0.984626293182373 -3.3390186615633866e-08 0.8812592029571533 0.8812634348869324
90.0003 0.10202649980783463 0.984626293182373 -3.335329878950688e-08 0.8812592029571533 0.8812634348869324
90.0004734883744 0.10202649980783463 0.984626293182373 -1.6700115068601917e-08 0.8812596201896667 0.8812634348869324
90.0008204651232 0.10202649980783463 0.984626293182373 6.650779482697544e-08 0.8812616467475891 0.8812634348869324
90.001 0.10202649980783463 0.984626293182373 1.1814673683829824e-07 0.8812628984451294 0.8812634348869324
119.99999999999999 0.10202649980783463 0.984626293182373 1.1814673683829824e-07 0.8812628984451294 0.8812634348869324
120.0001 0.10202649980783463 0.984626293182373 1.1814673683829824e-07 0.8812628984451294 0.8812634348869324
120.0003 0.10202649980783463 0.984626293182373 1.1814673683829824e-07 0.8812628984451294 0.8812634348869324
120.0007 0.1020219475030899 0.984626293182373 1.1814673683829824e-07 0.8812628984451294 0.8812634348869324
120.001 0.102010577917099 0.984626293182373 1.1814673683829824e-07 0.8812628984451294 0.8812634348869324
120.16014436433558 0.08088432252407074 0.984626293182373 0.0005183708271943033 0.8812628984451294 0.8812634348869324
120.31928872867115 0.061074137687683105 0.984626293182373 0.0010356701677665114 0.8812628984451294 0.8812634348869324
120.49506997867115 0.04121485725045204 0.984626293182373 0.0016064089722931385 0.8812628984451294 0.8812634348869324
120.67085122867115 0.02421628311276436 0.984626293182373 0.0021766156423836946 0.8812628984451294 0.8812634348869324
120.84663247867115 0.010673614218831062 0.984626293182373 0.0027464034501463175 0.8812628984451294 0.8812634348869324
121.02241372867115 0.0007858714088797569 0.984626293182373 0.003315920941531658 0.8812628984451294 0.8812634348869324
121.056562825847 -3.3386456266271125e-08 0.984626293182373 0.003426600946113467 0.8812628984451294 0.8812634348869324
121.2249946229052 -3.3386456266271125e-08 0.984626293182373 0.003972693812102079 0.8812628984451294 0.8812634348869324
121.3934264199634 -3.3386456266271125e-08 0.984626293182373 0.004517869558185339 0.8812628984451294 0.8812634348869324
121.5692076699634 -3.3386456266271125e-08 0.984626293182373 0.005086214281618595 0.8812628984451294 0.8812634348869324
125.6121764199637 -3.3386456266271125e-08 0.984626293182373 0.01804528944194317 0.8812628984451294 0.8812634348869324
129.65514516996396 -3.3386456266271125e-08 0.984626293182373 0.030793076381087303 0.8812628984451294 0.8812634348869324
129.830926419964 -3.3386456266271125e-08 0.984626293182373 0.03134253993630409 0.8812628984451294 0.8812634348869324
130.006707669964 -3.3386456266271125e-08 0.984626293182373 0.031891606748104095 0.8812628984451294 0.8812634348869324
130.18248891996402 -3.3386456266271125e-08 0.984626293182373 0.03244027495384216 0.8812628984451294 0.8812634348869324
136.15905141996447 -3.3386456266271125e-08 0.984626293182373 0.0508580282330513 0.8812628984451294 0.8812634348869324
136.33483266996447 -3.3386456266271125e-08 0.984626293182373 0.05139761418104172 0.8812628984451294 0.8812634348869324
136.5106139199645 -3.3386456266271125e-08 0.984626293182373 0.05195145681500435 0.8812628984451294 0.8812634348869324
136.6863951699645 -3.3386456266271125e-08 0.984626293182373 0.0525197833776474 0.8812628984451294 0.8812634348869324
138.2684264199646 -3.3386456266271125e-08 0.984626293182373 0.05766259506344795 0.8812628984451294 0.8812634348869324
138.44420766996464 -3.3386456266271125e-08 0.984626293182373 0.058231811970472336 0.8812628984451294 0.8812634348869324
138.61998891996464 -3.3386456266271125e-08 0.984626293182373 0.0588005855679512 0.8812628984451294 0.8812634348869324
138.79577016996467 -3.3386456266271125e-08 0.984626293182373 0.05936891585588455 0.8812628984451294 0.8812634348869324
146.1785826699652 -3.3386456266271125e-08 0.984626293182373 0.08283856511116028 0.8812628984451294 0.8812634348869324
146.3543639199652 -3.3386456266271125e-08 0.984626293182373 0.08338785916566849 0.8812628984451294 0.8812634348869324
146.53014516996524 -3.3386456266271125e-08 0.984626293182373 0.08393670618534088 0.8812628984451294 0.8812634348869324
146.70592641996524 -3.3386456266271125e-08 0.984626293182373 0.08448512107133865 0.8812628984451294 0.8812634348869324
150.0 -3.342814380857817e-08 0.984626293182373 0.09468083828687668 0.8812628984451294 0.8812634348869324
150.0001 -3.337897069854989e-08 0.984626293182373 0.09468241035938263 0.8812628984451294 0.8812634348869324
150.0003 -3.334394804710428e-08 0.984626293182373 0.09468884021043777 0.8812623023986816 0.8812633752822876
150.0007 -3.332296927283096e-08 0.984626293182373 0.09470738470554352 0.8812586069107056 0.8812628984451294
150.00082296321884 -3.1632012564841716e-08 0.984626293182373 0.09471312165260315 0.8812564015388489 0.8812623023986816
150.00089395648985 1.982963304669738e-08 0.984626293182373 0.09471584111452103 0.8812544941902161 0.8812614679336548
150.00092967952725 2.0202764972054865e-07 0.984626293182373 0.09471693634986877 0.8812534213066101 0.8812608122825623
150.00095167898843 5.791104058516794e-07 0.984626293182373 0.09471753239631653 0.881252646446228 0.8812602758407593
150.00097170252587 1.3413025499176001e-06 0.984626293182373 0.09471802413463593 0.8812519311904907 0.8812596201896667
150.0009896495022 2.5145470772258705e-06 0.984626293182373 0.09471843391656876 0.8812512755393982 0.881259024143219
150.001 3.457345201240969e-06 0.984626293182373 0.09471866488456726 0.8812508583068848 0.8812586665153503
150.031521751616 0.0036018802784383297 0.984626293182373 0.09536698460578918 0.880061149597168 0.8800689578056335
150.062043503232 0.007189235184341669 0.984626293182373 0.09601176530122757 0.8788542747497559 0.8788620829582214
150.1230888694207 0.014335592277348042 0.984626293182373 0.09729229658842087 0.876377284526825 0.8763850331306458
150.24517960179818 0.02853906713426113 0.984626293182373 0.09982507675886154 0.8712708950042725 0.8712786436080933
150.4209608517982 0.04881364107131958 0.984626293182373 0.10341639071702957 0.8636114001274109 0.8636192083358765
150.5967421017982 0.06888378411531448 0.984626293182373 0.10694341361522675 0.8555492758750916 0.8555570840835571
150.77252335179824 0.08873040229082108 0.984626293182373 0.11040052771568298 0.8470134735107422 0.8470212817192078
150.94830460179824 0.10833270847797394 0.984626293182373 0.11378173530101776 0.8379887342453003 0.8379964828491211
151.12408585179827 0.12768696248531342 0.984626293182373 0.11708632111549377 0.8285205364227295 0.8285282850265503
151.47564835179827 0.16569867730140686 0.984626293182373 0.12348219752311707 0.8082354664802551 0.8082432746887207
151.6514296017983 0.18432587385177612 0.984626293182373 0.1265653669834137 0.7973423004150391 0.7973501682281494
151.8272108517983 0.20268815755844116 0.984626293182373 0.12956896424293518 0.7859500646591187 0.7859578728675842
152.00299210179833 0.2208029329776764 0.984626293182373 0.13249878585338593 0.7740823030471802 0.774090051651001
152.35455460179836 0.2562609016895294 0.984626293182373 0.1381310522556305 0.7490588426589966 0.7490666508674622
152.53033585179836 0.27359557151794434 0.984626293182373 0.14083215594291687 0.7359284162521362 0.7359362244606018
152.70611710179838 0.290664941072464 0.984626293182373 0.1434568464756012 0.7223476767539978 0.7223554849624634
152.88189835179838 0.30745381116867065 0.984626293182373 0.1460014134645462 0.708289384841919 0.7082971930503845
153.0576796017984 0.32396894693374634 0.984626293182373 0.1484685242176056 0.6937693357467651 0.6937770843505859
153.2334608517984 0.3402059078216553 0.984626293182373 0.15085777640342712 0.6788458824157715 0.6788536906242371
153.40924210179844 0.3561496138572693 0.984626293182373 0.1531657725572586 0.6635686159133911 0.6635764241218567
153.76080460179844 0.38717424869537354 0.984626293182373 0.15754607319831848 0.6318920850753784 0.6318998336791992
153.93658585179847 0.4022362232208252 0.984626293182373 0.1596151739358902 0.6154849529266357 0.6154927611351013
154.2881483517985 0.4314744770526886 0.984626293182373 0.163519948720932 0.581663966178894 0.5816717743873596
154.4639296017985 0.44565415382385254 0.984626293182373 0.16535857319831848 0.5642529726028442 0.5642607808113098
154.81549210179853 0.47311729192733765 0.984626293182373 0.1688089519739151 0.5285584926605225 0.5285662412643433
154.99127335179855 0.4863946735858917 0.984626293182373 0.17042137682437897 0.5103216171264648 0.5103294253349304
155.16705460179855 0.4993656277656555 0.984626293182373 0.1719592809677124 0.49182483553886414 0.4918326139450073
155.34283585179858 0.5120278000831604 0.984626293182373 0.17342332005500793 0.4730452597141266 0.4730530381202698
155.51861710179858 0.5243792533874512 0.984626293182373 0.17481428384780884 0.4539860188961029 0.4539937973022461
155.8701796017986 0.5481441020965576 0.984626293182373 0.17738091945648193 0.41512730717658997 0.41513508558273315
156.22174210179864 0.5706524848937988 0.984626293182373 0.1796683967113495 0.3752990961074829 0.3753069043159485
156.39752335179864 0.5814350843429565 0.984626293182373 0.18071098625659943 0.35504773259162903 0.3550555109977722
156.74908585179867 0.6020604372024536 0.984626293182373 0.18260210752487183 0.31402528285980225 0.31403303146362305
156.9248671017987 0.611916184425354 0.984626293182373 0.18345624208450317 0.29325661063194275 0.29326438903808594
157.27642960179872 0.6307516694068909 0.984626293182373 0.1849968135356903 0.25127696990966797 0.25128474831581116
157.62799210179875 0.6483786106109619 0.984626293182373 0.18631643056869507 0.2086803913116455 0.2086881697177887
157.80377335179875 0.6567545533180237 0.984626293182373 0.1869000792503357 0.18716716766357422 0.1871749311685562
157.97955460179878 0.6648569107055664 0.984626293182373 0.1874382048845291 0.16555455327033997 0.16556227207183838
158.15533585179878 0.6726797819137573 0.984626293182373 0.1879313886165619 0.14390575885772705 0.1439134180545807
158.3311171017988 0.6802281141281128 0.984626293182373 0.18838182091712952 0.12233339995145798 0.12234096974134445
158.5068983517988 0.6875167489051819 0.984626293182373 0.1887933611869812 0.10104645788669586 0.10105383396148682
158.6826796017988 0.6945412755012512 0.984626293182373 0.18916690349578857 0.08039326220750809 0.08040031045675278
158.85846085179884 0.701298713684082 0.984626293182373 0.1895035356283188 0.06085367873311043 0.06086021661758423
159.03424210179884 0.7077965140342712 0.984626293182373 0.18980582058429718 0.042999546974897385 0.04300537332892418
159.21002335179887 0.7140504121780396 0.984626293182373 0.19007724523544312 0.027382344007492065 0.027387302368879318
159.38580460179887 0.7200756669044495 0.984626293182373 0.19032113254070282 0.014330568723380566 0.014334610663354397
159.5615858517989 0.7259070873260498 0.984626293182373 0.1905425786972046 0.0035173604264855385 0.003519495250657201
159.6286593975179 0.7280788421630859 0.984626293182373 0.19062107801437378 0.00031975837191566825 0.0003200684441253543
159.64504243571253 0.7286015152931213 0.984626293182373 0.19063939154148102 -3.338087140036805e-08 -3.338087140036805e-08
159.79387824298078 0.7332231998443604 0.984626293182373 0.19079264998435974 -3.338087140036805e-08 -3.338087140036805e-08
159.94271405024904 0.7376781105995178 0.984626293182373 0.19092917442321777 -3.338087140036805e-08 -3.338087140036805e-08
160.29427655024907 0.747673749923706 0.984626293182373 0.19120272994041443 -3.338087140036805e-08 -3.338087140036805e-08
160.4700578002491 0.7523750066757202 0.984626293182373 0.19131380319595337 -3.338087140036805e-08 -3.338087140036805e-08
160.6458390502491 0.7568908333778381 0.984626293182373 0.191410094499588 -3.338087140036805e-08 -3.338087140036805e-08
160.82162030024912 0.7612357139587402 0.984626293182373 0.19149371981620789 -3.338087140036805e-08 -3.338087140036805e-08
161.52474530024915 0.776921808719635 0.984626293182373 0.1917201280593872 -3.338087495308173e-08 -3.338087140036805e-08
161.87630780024918 0.7838332653045654 0.984626293182373 0.1917845606803894 -3.338087495308173e-08 -3.338087140036805e-08
162.0520890502492 0.7870801687240601 0.984626293182373 0.19180820882320404 -3.338087495308173e-08 -3.338087140036805e-08
162.40365155024924 0.79318767786026 0.984626293182373 0.19184234738349915 -3.338087495308173e-08 -3.338087140036805e-08
162.93099530024926 0.801471471786499 0.984626293182373 0.1918703317642212 -3.338087495308173e-08 -3.338087140036805e-08
163.1067765502493 0.8040205240249634 0.984626293182373 0.19187551736831665 -3.338087495308173e-08 -3.338087140036805e-08
163.2825578002493 0.8064719438552856 0.984626293182373 0.1918792724609375 -3.338087495308173e-08 -3.338087140036805e-08
163.45833905024932 0.8088303208351135 0.984626293182373 0.19188192486763 -3.338087495308173e-08 -3.338087140036805e-08
163.80990155024932 0.8132858276367188 0.984626293182373 0.19188490509986877 -3.338087495308173e-08 -3.338087140036805e-08
163.98568280024935 0.8153912425041199 0.984626293182373 0.19188562035560608 -3.338087495308173e-08 -3.338087140036805e-08
164.16146405024935 0.8174152374267578 0.984626293182373 0.1918860226869583 -3.338087495308173e-08 -3.338087140036805e-08
164.33724530024938 0.8193570971488953 0.984626293182373 0.19188621640205383 -3.338087495308173e-08 -3.338087140036805e-08
164.51302655024938 0.8212262392044067 0.984626293182373 0.1918862760066986 -3.338087495308173e-08 -3.338087140036805e-08
164.6888078002494 0.8230263590812683 0.984626293182373 0.191886305809021 -3.338087495308173e-08 -3.338087140036805e-08
164.8645890502494 0.824755847454071 0.984626293182373 0.1918863207101822 -3.338087495308173e-08 -3.338087140036805e-08
165.04037030024944 0.8264232873916626 0.984626293182373 0.1918863207101822 -3.338087495308173e-08 -3.338087140036805e-08
165.21615155024944 0.8280316591262817 0.984626293182373 0.1918863207101822 -3.338087495308173e-08 -3.338087140036805e-08
165.56771405024946 0.8310737609863281 0.984626293182373 0.1918863207101822 -3.338087495308173e-08 -3.338087140036805e-08
165.7434953002495 0.832517683506012 0.984626293182373 0.1918863207101822 -3.338087495308173e-08 -3.338087140036805e-08
165.9192765502495 0.8339090943336487 0.984626293182373 0.1918863207101822 -3.338087495308173e-08 -3.338087140036805e-08
166.0950578002495 0.8352549076080322 0.984626293182373 0.1918863207101822 -3.338087495308173e-08 -3.338087140036805e-08
166.27083905024952 0.8365573287010193 0.984626293182373 0.1918863207101822 -3.338087495308173e-08 -3.338087140036805e-08
166.44662030024952 0.837814211845398 0.984626293182373 0.1918863207101822 -3.338087495308173e-08 -3.338087140036805e-08
166.62240155024955 0.8390318155288696 0.984626293182373 0.1918863207101822 -3.338087495308173e-08 -3.338087140036805e-08
166.79818280024955 0.8402120471000671 0.984626293182373 0.1918863207101822 -3.338087495308173e-08 -3.338087140036805e-08
166.97396405024958 0.8413525819778442 0.984626293182373 0.1918863207101822 -3.338087495308173e-08 -3.338087140036805e-08
167.14974530024958 0.8424602150917053 0.984626293182373 0.1918863207101822 -3.338087495308173e-08 -3.338087140036805e-08
167.3255265502496 0.8435381650924683 0.984626293182373 0.1918863207101822 -3.338087495308173e-08 -3.338087140036805e-08
167.5013078002496 0.8445802330970764 0.984626293182373 0.1918863207101822 -3.338087495308173e-08 -3.338087140036805e-08
167.85287030024963 0.8465622663497925 0.984626293182373 0.1918863207101822 -3.338087495308173e-08 -3.338087140036805e-08
168.02865155024966 0.8475120067596436 0.984626293182373 0.1918863207101822 -3.338087495308173e-08 -3.338087140036805e-08
168.20443280024966 0.848430871963501 0.984626293182373 0.1918863207101822 -3.338087495308173e-08 -3.338087140036805e-08
168.38021405024966 0.8493192195892334 0.984626293182373 0.1918863207101822 -3.338087495308173e-08 -3.338087495308173e-08
168.7317765502497 0.8510263562202454 0.984626293182373 0.1918863207101822 -3.338087495308173e-08 -3.338087495308173e-08
168.90755780024972 0.8518429398536682 0.984626293182373 0.1918863207101822 -3.338087495308173e-08 -3.338087495308173e-08
169.08333905024972 0.8526313304901123 0.984626293182373 0.1918863207101822 -3.338087495308173e-08 -3.338087495308173e-08
169.25912030024975 0.8533948659896851 0.984626293182373 0.1918863207101822 -3.338087495308173e-08 -3.338087495308173e-08
169.78646405024978 0.8555752635002136 0.984626293182373 0.1918863207101822 -3.338087495308173e-08 -3.338087495308173e-08
169.9622453002498 0.8562591671943665 0.984626293182373 0.1918863207101822 -3.338087495308173e-08 -3.338087495308173e-08
170.1380265502498 0.85692298412323 0.984626293182373 0.1918863207101822 -3.338087495308173e-08 -3.338087495308173e-08
170.31380780024983 0.8575724363327026 0.984626293182373 0.1918863207101822 -3.338087495308173e-08 -3.338087495308173e-08
170.75326092524986 0.8591293096542358 0.984626293182373 0.1918863207101822 -3.338087495308173e-08 -3.338087495308173e-08
171.1927140502499 0.8605736494064331 0.984626293182373 0.1918863207101822 -3.338087495308173e-08 -3.338087495308173e-08
171.3684953002499 0.8611283302307129 0.984626293182373 0.1918863207101822 -3.338087495308173e-08 -3.338087495308173e-08
171.54427655024992 0.8616732358932495 0.984626293182373 0.1918863207101822 -3.338087495308173e-08 -3.338087495308173e-08
172.42318280024998 0.8641892671585083 0.984626293182373 0.1918863207101822 -3.338087495308173e-08 -3.338087495308173e-08
172.59896405025 0.8646622896194458 0.984626293182373 0.1918863207101822 -3.338087495308173e-08 -3.338087495308173e-08
172.77474530025 0.8651243448257446 0.984626293182373 0.1918863207101822 -3.338087495308173e-08 -3.338087495308173e-08
172.95052655025003 0.8655735850334167 0.984626293182373 0.1918863207101822 -3.338087495308173e-08 -3.338087495308173e-08
173.12630780025003 0.8660104274749756 0.984626293182373 0.1918863207101822 -3.338087495308173e-08 -3.338087495308173e-08
173.47787030025006 0.8668506145477295 0.984626293182373 0.1918863207101822 -3.338087495308173e-08 -3.338087495308173e-08
173.65365155025006 0.8672604560852051 0.984626293182373 0.1918863207101822 -3.338087495308173e-08 -3.338087495308173e-08
174.0052140502501 0.8680613040924072 0.984626293182373 0.1918863207101822 -3.338087495308173e-08 -3.338087495308173e-08
174.18099530025012 0.8684471249580383 0.984626293182373 0.1918863207101822 -3.338087495308173e-08 -3.338087495308173e-08
174.35677655025012 0.8688230514526367 0.984626293182373 0.1918863207101822 -3.338087495308173e-08 -3.338087495308173e-08
174.53255780025015 0.8691893219947815 0.984626293182373 0.1918863207101822 -3.338087495308173e-08 -3.338087495308173e-08
174.70833905025015 0.8695464134216309 0.984626293182373 0.1918863207101822 -3.338087495308173e-08 -3.338087495308173e-08
176.11458905025026 0.8721885681152344 0.984626293182373 0.1918863207101822 -3.338087495308173e-08 -3.338087495308173e-08
176.29037030025026 0.8724868893623352 0.984626293182373 0.1918863207101822 -3.338087495308173e-08 -3.338087495308173e-08
176.4661515502503 0.872779905796051 0.984626293182373 0.1918863207101822 -3.338087495308173e-08 -3.338087495308173e-08
176.6419328002503 0.8730708360671997 0.984626293182373 0.1918863207101822 -3.338087495308173e-08 -3.338087495308173e-08
178.39974530025043 0.8757100701332092 0.984626293182373 0.1918863207101822 -3.338087495308173e-08 -3.338087495308173e-08
178.57552655025043 0.8759530782699585 0.984626293182373 0.1918863207101822 -3.338087495308173e-08 -3.338087495308173e-08
178.75130780025046 0.8761924505233765 0.984626293182373 0.1918863207101822 -3.338087495308173e-08 -3.338087495308173e-08
178.92708905025046 0.8764269351959229 0.984626293182373 0.1918863207101822 -3.338087495308173e-08 -3.338087495308173e-08
179.98177655025054 0.8777380585670471 0.984626293182373 0.1918863207101822 -3.338087495308173e-08 -3.338087495308173e-08
179.99999999999997 0.8777593970298767 0.984626293182373 0.1918863207101822 -3.338087495308173e-08 -3.338087495308173e-08
