time a b c w1 w2
0.0 0.0 0.0 0.0 0.0 0.0
1.757812428601624e-06 1.757988202426422e-23 1.0832566022872925 1.757988202426422e-23 1.757988202426422e-23 1.757988202426422e-23
1.7648476783160305e-06 1.7650242106122693e-23 1.0055341720581055 1.7650242106122693e-23 1.7650242106122693e-23 1.7650242106122693e-23
1.7789181777448437e-06 1.7790960692117828e-23 0.9905999898910522 1.7790960692117828e-23 1.7790960692117828e-23 1.7790960692117828e-23
1.8070591766024704e-06 1.8072399441829907e-23 0.984626293182373 1.8072399441829907e-23 1.8072399441829907e-23 1.8072399441829907e-23
0.00013281055255599797 1.3282383013875093e-21 0.984626293182373 1.3282383013875093e-21 1.3282383013875093e-21 1.3282383013875093e-21
0.00026381985277929004 2.6384624023353322e-21 0.984626293182373 2.6384624023353322e-21 2.6384624023353322e-21 2.6384624023353322e-21
0.0005258384532258742 5.258910200334195e-21 0.984626293182373 5.258910200334195e-21 -5.940206548871174e-09 -5.940206548871174e-09
0.001 1.0000999731091105e-20 0.984626293182373 1.0000999731091105e-20 -3.337978426998234e-08 -3.337978426998234e-08
29.999999999999996 3.000300019364487e-16 0.984626293182373 3.000300019364487e-16 -3.337992637852949e-08 -3.337992637852949e-08
30.000099999999996 3.0003100778807355e-16 0.984626293182373 3.0003100778807355e-16 -3.336116805030542e-08 -3.336116805030542e-08
30.0003 3.0003299302154367e-16 0.984626293182373 3.0003299302154367e-16 -3.33426370957568e-08 -3.33426370957568e-08
30.0007 3.0003698995826353e-16 0.984626293182373 3.0003698995826353e-16 -3.333283871143067e-08 -3.333283871143067e-08
30.00082296345599 8.621262814756392e-09 0.984626293182373 8.622700775617886e-09 -3.1357746621551996e-08 -3.13572101617865e-08
30.000893956533208 4.78832653527661e-08 0.984626293182373 4.789002261418318e-08 2.035941726319379e-08 2.0364977260101114e-08
30.00092968437499 1.2332240828527574e-07 0.984626293182373 1.23337514423838e-07 2.000841448079882e-07 2.001029315579217e-07
30.00095171819319 2.3393823767037247e-07 0.984626293182373 2.3396370352202212e-07 5.707155423806398e-07 5.70756697015895e-07
30.00097213627457 4.140442229072505e-07 0.984626293182373 4.1408452489122283e-07 1.3320105836100993e-06 1.3320902780833421e-06
30.00099049122834 6.503281042569142e-07 0.984626293182373 6.503861413875711e-07 2.4959313122963067e-06 2.496062279533362e-06
30.001 8.058715366132674e-07 0.984626293182373 8.059406013671833e-07 3.333012955408776e-06 3.3331778013234725e-06
30.21298151666884 0.004087300039827824 0.984626293182373 0.004087578505277634 0.023671863600611687 0.023672761395573616
30.424963033337676 0.008053785189986229 0.984626293182373 0.008054335601627827 0.04695189371705055 0.046953678131103516
30.77652553333768 0.014454405754804611 0.984626293182373 0.014455393888056278 0.08497995883226395 0.08498317748308182
31.128088033337676 0.020590534433722496 0.984626293182373 0.020591942593455315 0.12213416397571564 0.12213877588510513
31.655431783337676 0.029329266399145126 0.984626293182373 0.0293312668800354 0.1763063371181488 0.17631295323371887
32.182775533337676 0.037392813712358475 0.984626293182373 0.03739536181092262 0.22816993296146393 0.22817844152450562
32.534338033337676 0.04238693416118622 0.984626293182373 0.042389821261167526 0.26141223311424255 0.26142191886901855
32.885900533337676 0.04710623621940613 0.984626293182373 0.04709460958838463 0.29367339611053467 0.2936301529407501
33.23746303333767 0.05153576657176018 0.984626293182373 0.05148141831159592 0.32487940788269043 0.3246786594390869
33.41324428333767 0.05363667383790016 0.984626293182373 0.05356057733297348 0.3400610089302063 0.3397788405418396
33.58902553333767 0.05567413568496704 0.984626293182373 0.055577054619789124 0.3550046682357788 0.35464316606521606
33.76480678333767 0.05764787644147873 0.984626293182373 0.05753058195114136 0.3697061538696289 0.36926743388175964
34.29215053333767 0.06316699087619781 0.984626293182373 0.06299379467964172 0.4122564196586609 0.41159921884536743
34.81949428333767 0.06805522739887238 0.984626293182373 0.06781309843063354 0.45229288935661316 0.45135298371315
35.17105678333767 0.07098022103309631 0.984626293182373 0.07069111615419388 0.47760313749313354 0.4764661490917206
35.34683803333767 0.0723295658826828 0.984626293182373 0.07202864438295364 0.4897748529911041 0.4885866641998291
35.52261928333767 0.07360610365867615 0.984626293182373 0.07329411059617996 0.5016282200813293 0.5003910660743713
35.69840053333767 0.07481597363948822 0.984626293182373 0.07449369877576828 0.5131844878196716 0.5119010210037231
35.87418178333767 0.07596050202846527 0.984626293182373 0.07562872767448425 0.5244432687759399 0.5231161117553711
36.40152553333767 0.0790051817893982 0.984626293182373 0.07864940166473389 0.5563901662826538 0.5549478530883789
36.75308803333766 0.08077248185873032 0.984626293182373 0.08040428161621094 0.5764020681381226 0.5748971700668335
37.10465053333766 0.08233368396759033 0.984626293182373 0.08195570111274719 0.5953475832939148 0.5937910676002502
37.63199428333766 0.08427807688713074 0.984626293182373 0.08388978987932205 0.6215852499008179 0.6199705004692078
37.98355678333766 0.08533456176519394 0.984626293182373 0.08494189381599426 0.6376692056655884 0.6360276937484741
38.15933803333766 0.08580519258975983 0.984626293182373 0.08541099727153778 0.645349383354187 0.6436980366706848
38.33511928333766 0.08623679727315903 0.984626293182373 0.08583883196115494 0.6527737975120544 0.6510963439941406
38.51090053333766 0.08663404732942581 0.984626293182373 0.08622761815786362 0.6599662899971008 0.6582292318344116
38.86246303333766 0.08734005689620972 0.984626293182373 0.08692404627799988 0.6737241744995117 0.6719201803207397
39.03824428333766 0.08764944225549698 0.984626293182373 0.08723429590463638 0.680277943611145 0.6784806847572327
39.38980678333766 0.08818258345127106 0.984626293182373 0.08776157349348068 0.6927074193954468 0.6908590793609619
39.56558803333766 0.0884123370051384 0.984626293182373 0.08798699080944061 0.6986120343208313 0.6967272162437439
39.917150533337654 0.0887952521443367 0.984626293182373 0.08837179094552994 0.7097212076187134 0.7078564167022705
40.268713033337654 0.089092917740345 0.984626293182373 0.08867304027080536 0.719980001449585 0.7181533575057983
40.444494283337654 0.0892137736082077 0.984626293182373 0.08879559487104416 0.7247987389564514 0.722991943359375
40.620275533337654 0.08931846916675568 0.984626293182373 0.08890190720558167 0.7294236421585083 0.7276371121406555
40.796056783337654 0.08941145986318588 0.984626293182373 0.08899594843387604 0.7339001893997192 0.7321269512176514
40.971838033337654 0.0894949659705162 0.984626293182373 0.08907943964004517 0.7382469177246094 0.7364731431007385
41.147619283337654 0.08956780284643173 0.984626293182373 0.08915230631828308 0.7424371838569641 0.7406648397445679
41.674963033337654 0.08972545713186264 0.984626293182373 0.0893109142780304 0.7540161609649658 0.7522553205490112
41.850744283337654 0.08976387977600098 0.984626293182373 0.08934859186410904 0.7576115727424622 0.7558373808860779
42.202306783337654 0.08982148766517639 0.984626293182373 0.08940749615430832 0.7643686532974243 0.7626263499259949
42.729650533337654 0.08987767994403839 0.984626293182373 0.08946223556995392 0.7737014293670654 0.7719122171401978
43.16910365833765 0.08990491181612015 0.984626293182373 0.08949011564254761 0.7807802557945251 0.7790287137031555
43.60855678333765 0.08991824835538864 0.984626293182373 0.08950422704219818 0.7871838212013245 0.7854678630828857
43.78433803333765 0.08992157131433487 0.984626293182373 0.08950751274824142 0.789606511592865 0.7878904342651367
43.96011928333765 0.08992389589548111 0.984626293182373 0.08951002359390259 0.7919343709945679 0.7902415990829468
44.31168178333765 0.08992623537778854 0.984626293182373 0.08951276540756226 0.7963008880615234 0.7946662902832031
44.66324428333765 0.08992704749107361 0.984626293182373 0.08951368182897568 0.8003581166267395 0.798753023147583
45.01480678333765 0.08992723375558853 0.984626293182373 0.08951392769813538 0.8041085600852966 0.8025569915771484
45.54215053333765 0.08992724120616913 0.984626293182373 0.08951394259929657 0.8092294931411743 0.8077203631401062
46.42105678333764 0.08992724120616913 0.984626293182373 0.08951394259929657 0.8168944716453552 0.8154264092445374
47.29996303333764 0.08992724120616913 0.984626293182373 0.08951394259929657 0.8234108686447144 0.8220116496086121
47.47574428333764 0.08992724120616913 0.984626293182373 0.08951394259929657 0.8245916962623596 0.8232011198997498
47.65152553333764 0.08992724120616913 0.984626293182373 0.08951394259929657 0.8257322907447815 0.8243613243103027
47.82730678333764 0.08992724120616913 0.984626293182373 0.08951394259929657 0.8268345594406128 0.8254855871200562
48.35465053333764 0.08992724120616913 0.984626293182373 0.08951394259929657 0.8299154043197632 0.828626811504364
48.70621303333764 0.08992724120616913 0.984626293182373 0.08951394259929657 0.8318263292312622 0.8305479288101196
48.88199428333764 0.08992724120616913 0.984626293182373 0.08951394259929657 0.8327599763870239 0.8314809203147888
49.05777553333764 0.08992724120616913 0.984626293182373 0.08951394259929657 0.8336685299873352 0.8324023485183716
49.23355678333764 0.08992724120616913 0.984626293182373 0.08951394259929657 0.8345471620559692 0.8332993984222412
49.40933803333763 0.08992724120616913 0.984626293182373 0.08951394259929657 0.835397481918335 0.8341670632362366
50.20035365833763 0.08992724120616913 0.984626293182373 0.08951394259929657 0.8389280438423157 0.8377415537834167
50.99136928333763 0.08992724120616913 0.984626293182373 0.08951394259929657 0.842134416103363 0.8409509062767029
51.51871303333763 0.08992724120616913 0.984626293182373 0.08951394259929657 0.8441429734230042 0.842938244342804
52.04605678333763 0.08992724120616913 0.984626293182373 0.08951394259929657 0.8460065126419067 0.8448396325111389
52.749181783337626 0.08992724120616913 0.984626293182373 0.08951394259929657 0.8482477068901062 0.8471393585205078
53.452306783337626 0.08992724120616913 0.984626293182373 0.08951394259929657 0.8503096103668213 0.849193274974823
53.979650533337626 0.08992724120616913 0.984626293182373 0.08951394259929657 0.8517743945121765 0.8506470322608948
54.506994283337626 0.08992724120616913 0.984626293182373 0.08951394259929657 0.8531288504600525 0.8520395755767822
54.682775533337626 0.08992724120616913 0.984626293182373 0.08951394259929657 0.8535575866699219 0.8524800539016724
54.858556783337626 0.08992724120616913 0.984626293182373 0.08951394259929657 0.8539756536483765 0.852909505367279
55.034338033337626 0.08992724120616913 0.984626293182373 0.08951394259929657 0.8543833494186401 0.853328287601471
55.210119283337626 0.08992724120616913 0.984626293182373 0.08951394259929657 0.8547811508178711 0.8537367582321167
55.737463033337626 0.08992724120616913 0.984626293182373 0.08951394259929657 0.8559198379516602 0.8549036383628845
56.35269740833762 0.08992724120616913 0.984626293182373 0.08951394259929657 0.8571866154670715 0.8561692833900452
56.96793178333762 0.08992724120616913 0.984626293182373 0.08951394259929657 0.858364999294281 0.8573732376098633
57.67105678333762 0.08992724120616913 0.984626293182373 0.08951394259929657 0.8596037030220032 0.8586453199386597
58.37418178333762 0.08992724120616913 0.984626293182373 0.08951394259929657 0.8607406616210938 0.8598120212554932
59.07730678333762 0.08992724120616913 0.984626293182373 0.08951394259929657 0.8617859482765198 0.8608859181404114
59.78043178333761 0.08992724120616913 0.984626293182373 0.08951394259929657 0.8627895712852478 0.8618767857551575
59.99999999999999 0.08992724120616913 0.984626293182373 0.08951394259929657 0.8631048202514648 0.862174391746521
60.000099999999996 0.08992724120616913 0.984626293182373 0.08951394259929657 0.8631048798561096 0.8621740341186523
60.000299999999996 0.08992724120616913 0.984626293182373 0.08951364457607269 0.8631049394607544 0.8621736168861389
60.000699999999995 0.08992724120616913 0.984626293182373 0.08950994908809662 0.863104522228241 0.8621734976768494
60.001000000000005 0.08992724120616913 0.984626293182373 0.08950313180685043 0.8631040453910828 0.8621734976768494
60.25269062500148 0.08992724120616913 0.984626293182373 0.05822319909930229 0.8631040453910828 0.8621734976768494
60.504381250002936 0.08992724120616913 0.984626293182373 0.03147964924573898 0.8631040453910828 0.8621734976768494
60.680162500002936 0.08992724120616913 0.984626293182373 0.016404395923018456 0.8631040453910828 0.8621734976768494
60.855943750002936 0.08992724120616913 0.984626293182373 0.00407623453065753 0.8631040453910828 0.8621734976768494
60.924869496490835 0.08992724120616913 0.984626293182373 0.0003678888315334916 0.8631040453910828 0.8621734976768494
60.94163285314757 0.08992724120616913 0.984626293182373 -3.338585585765941e-08 0.8631040453910828 0.8621734976768494
89.99999999999999 0.08992724120616913 0.984626293182373 -3.3436585056279e-08 0.8631040453910828 0.8621734976768494
90.0001 0.08992724120616913 0.984626293182373 -3.338979226441552e-08 0.8631040453910828 0.8621734976768494
90.0003 0.08992724120616913 0.984626293182373 -3.335308917939983e-08 0.8631040453910828 0.8621734976768494
90.00047441100354 0.08992724120616913 0.984626293182373 -1.756528966723181e-08 0.863104522228241 0.8621734976768494
90.00082323301065 0.08992724120616913 0.984626293182373 6.131612195758862e-08 0.8631069660186768 0.8621734976768494
90.001 0.08992724120616913 0.984626293182373 1.0925887750090624e-07 0.8631083965301514 0.8621734976768494
119.99999999999999 0.08992724120616913 0.984626293182373 1.0925887750090624e-07 0.8631083965301514 0.8621734976768494
120.0001 0.08992724120616913 0.984626293182373 1.0925887750090624e-07 0.8631083965301514 0.8621734976768494
120.0003 0.08992724120616913 0.984626293182373 1.0925887750090624e-07 0.8631083965301514 0.8621734976768494
120.0007 0.08992283791303635 0.984626293182373 1.0925887750090624e-07 0.8631083965301514 0.8621734976768494
120.001 0.0899118185043335 0.984626293182373 1.0925887750090624e-07 0.8631083965301514 0.8621734976768494
120.06724449912728 0.08128099143505096 0.984626293182373 0.00025936434394679964 0.8631083965301514 0.8621734976768494
120.13348899825458 0.07289727032184601 0.984626293182373 0.0005183288594707847 0.8631083965301514 0.8621734976768494
120.26598608348945 0.05702199041843414 0.984626293182373 0.0010356081183999777 0.8631083965301514 0.8621734976768494
120.44176733348945 0.03795650973916054 0.984626293182373 0.0017208859790116549 0.8631083965301514 0.8621734976768494
120.61754858348945 0.02169676125049591 0.984626293182373 0.002405318431556225 0.8631083965301514 0.8621734976768494
120.79332983348945 0.008368629030883312 0.984626293182373 0.0030892048962414265 0.8631083965301514 0.8621734976768494
120.91014540726407 0.0013419031165540218 0.984626293182373 0.003543579252436757 0.8631083965301514 0.8621734976768494
120.94395188852447 2.6563930077827536e-05 0.984626293182373 0.0036751285661011934 0.8631083965301514 0.8621734976768494
120.94695349144357 -3.3385838094091014e-08 0.984626293182373 0.00368682062253356 0.8631083965301514 0.8621734976768494
123.0638127778885 -3.3385838094091014e-08 0.984626293182373 0.011871041730046272 0.8631083965301514 0.8621734976768494
123.23959402788851 -3.3385838094091014e-08 0.984626293182373 0.01254657655954361 0.8631083965301514 0.8621734976768494
123.41537527788853 -3.3385838094091014e-08 0.984626293182373 0.013221511617302895 0.8631083965301514 0.8621734976768494
123.59115652788854 -3.3385838094091014e-08 0.984626293182373 0.013895845972001553 0.8631083965301514 0.8621734976768494
126.66732840288877 -3.3385838094091014e-08 0.984626293182373 0.02559959888458252 0.8631083965301514 0.8621734976768494
129.743500277889 -3.3385838094091014e-08 0.984626293182373 0.03711998462677002 0.8631083965301514 0.8621734976768494
129.919281527889 -3.3385838094091014e-08 0.984626293182373 0.0377727672457695 0.8631083965301514 0.8621734976768494
130.09506277788904 -3.3385838094091014e-08 0.984626293182373 0.03842495009303093 0.8631083965301514 0.8621734976768494
130.27084402788904 -3.3385838094091014e-08 0.984626293182373 0.039076536893844604 0.8631083965301514 0.8621734976768494
136.2474065278895 -3.3385838094091014e-08 0.984626293182373 0.06087625026702881 0.8631083965301514 0.8621734976768494
136.4231877778895 -3.3385838094091014e-08 0.984626293182373 0.061507027596235275 0.8631083965301514 0.8621734976768494
136.59896902788952 -3.3385838094091014e-08 0.984626293182373 0.06213720887899399 0.8631083965301514 0.8621734976768494
136.77475027788952 -3.3385838094091014e-08 0.984626293182373 0.06276679784059525 0.8631083965301514 0.8621734976768494
138.44467215288967 -3.3385838094091014e-08 0.984626293182373 0.06871841847896576 0.8631083965301514 0.8621734976768494
140.11459402788978 -3.3385838094091014e-08 0.984626293182373 0.07461673766374588 0.8631083965301514 0.8621734976768494
142.75131277788998 -3.3385838094091014e-08 0.984626293182373 0.08382168412208557 0.8631083965301514 0.8621734976768494
142.92709402788998 -3.3385838094091014e-08 0.984626293182373 0.08443064242601395 0.8631083965301514 0.8621734976768494
143.10287527789 -3.3385838094091014e-08 0.984626293182373 0.08503901958465576 0.8631083965301514 0.8621734976768494
143.27865652789 -3.3385838094091014e-08 0.984626293182373 0.08564680814743042 0.8631083965301514 0.8621734976768494
149.07943777789046 -3.3385838094091014e-08 0.984626293182373 0.10537616908550262 0.8631083965301514 0.8621734976768494
149.25521902789046 -3.3385838094091014e-08 0.984626293182373 0.10596413910388947 0.8631083965301514 0.8621734976768494
149.4310002778905 -3.3385838094091014e-08 0.984626293182373 0.10655152797698975 0.8631083965301514 0.8621734976768494
149.6067815278905 -3.3385838094091014e-08 0.984626293182373 0.10713833570480347 0.8631083965301514 0.8621734976768494
150.0 -3.3385273212616084e-08 0.984626293182373 0.10844923555850983 0.8631083965301514 0.8621734976768494
150.0001 -3.336451470659085e-08 0.984626293182373 0.10845080018043518 0.8631083965301514 0.8621734976768494
150.0003 -3.334382370212552e-08 0.984626293182373 0.10845694690942764 0.8631078004837036 0.8621734380722046
150.0007 -3.3332909765704244e-08 0.984626293182373 0.10847426950931549 0.8631040453910828 0.8621729016304016
150.0008229634439 -3.270207216132803e-08 0.984626293182373 0.10847948491573334 0.8631017208099365 0.8621723055839539
150.00089395652697 6.321482448612414e-09 0.984626293182373 0.10848188400268555 0.8630997538566589 0.8621714115142822
150.00092966755014 1.5332778957599658e-07 0.984626293182373 0.10848283767700195 0.8630986213684082 0.8621706962585449
150.0009515562584 4.647599780582823e-07 0.984626293182373 0.10848334431648254 0.8630978465080261 0.8621701598167419
150.0009718781843 1.1125687251478666e-06 0.984626293182373 0.10848376899957657 0.863097071647644 0.8621695041656494
150.00098909177436 2.082696937577566e-06 0.984626293182373 0.10848410427570343 0.8630964159965515 0.8621689081192017
150.001 2.9587015433207853e-06 0.984626293182373 0.10848430544137955 0.8630959987640381 0.8621684908866882
150.01696870348005 0.0017054806230589747 0.984626293182373 0.10876749455928802 0.8624458909034729 0.861518383026123
150.0329374069601 0.0034051602706313133 0.984626293182373 0.10904982686042786 0.8617905378341675 0.8608630299568176
150.0648767633438 0.006796105764806271 0.984626293182373 0.10961192846298218 0.86046302318573 0.8595355153083801
150.12875547611114 0.013560174964368343 0.984626293182373 0.11073074489831924 0.8577754497528076 0.8568479418754578
150.144725154303 0.01524723693728447 0.984626293182373 0.11100925505161285 0.8570953607559204 0.8561678528785706
150.17666451068666 0.018611731007695198 0.984626293182373 0.11156339198350906 0.8557204604148865 0.8547929525375366
150.36830064898876 0.03862776607275009 0.984626293182373 0.11483701318502426 0.8472267389297485 0.8462992310523987
150.54408189898876 0.05678418651223183 0.984626293182373 0.11777914315462112 0.8390661478042603 0.8381385803222656
150.7198631489888 0.07475419342517853 0.984626293182373 0.1206660196185112 0.8305131196975708 0.8295856714248657
150.8956443989888 0.0925227701663971 0.984626293182373 0.12349358946084976 0.8215123414993286 0.8205848336219788
151.07142564898882 0.11006952822208405 0.984626293182373 0.1262562870979309 0.8120662569999695 0.8111387491226196
151.24720689898882 0.1273919641971588 0.984626293182373 0.12895379960536957 0.8021906614303589 0.801263153553009
151.42298814898885 0.14453089237213135 0.984626293182373 0.13159826397895813 0.7919049859046936 0.7909774780273438
151.59876939898885 0.16152603924274445 0.984626293182373 0.13420142233371735 0.781225323677063 0.7802978157997131
151.77455064898885 0.17835146188735962 0.984626293182373 0.13675622642040253 0.7701146602630615 0.7691872119903564
151.95033189898888 0.19496022164821625 0.984626293182373 0.13924965262413025 0.7585278153419495 0.7576003074645996
152.12611314898888 0.21134957671165466 0.984626293182373 0.14168134331703186 0.746494472026825 0.7455669641494751
152.3018943989889 0.22751644253730774 0.984626293182373 0.1440509855747223 0.734075665473938 0.7331481575965881
152.4776756489889 0.24343611299991608 0.984626293182373 0.14635226130485535 0.7212924957275391 0.7203649878501892
152.65345689898894 0.2591061592102051 0.984626293182373 0.14858508110046387 0.7081277370452881 0.707200288772583
152.82923814898894 0.27454572916030884 0.984626293182373 0.15075528621673584 0.6945627927780151 0.6936352849006653
153.00501939898896 0.28975170850753784 0.984626293182373 0.15286268293857574 0.6805896759033203 0.6796621680259705
153.18080064898896 0.30471038818359375 0.984626293182373 0.15490421652793884 0.6662113666534424 0.6652838587760925
153.356581898989 0.31943023204803467 0.984626293182373 0.15688273310661316 0.651472806930542 0.6505452990531921
153.532363148989 0.33390840888023376 0.984626293182373 0.1587982177734375 0.6364204287528992 0.6354929208755493
153.70814439898902 0.3481314778327942 0.984626293182373 0.16064785420894623 0.6210283041000366 0.6201007962226868
153.88392564898902 0.36210814118385315 0.984626293182373 0.16243457794189453 0.6052585244178772 0.6043310165405273
154.05970689898905 0.3758358955383301 0.984626293182373 0.16415856778621674 0.5891242027282715 0.5881966948509216
154.23548814898905 0.38930168747901917 0.984626293182373 0.16581730544567108 0.5726491212844849 0.5717216730117798
154.41126939898905 0.40251463651657104 0.984626293182373 0.16741380095481873 0.5558565258979797 0.5549290180206299
154.58705064898908 0.41548335552215576 0.984626293182373 0.16895100474357605 0.5387692451477051 0.537841796875
154.76283189898908 0.4282056987285614 0.984626293182373 0.17042917013168335 0.5213816165924072 0.5204541087150574
154.9386131489891 0.4406690299510956 0.984626293182373 0.1718461811542511 0.5036960244178772 0.5027685165405273
155.29017564898913 0.4647929072380066 0.984626293182373 0.17449422180652618 0.4675786793231964 0.46665117144584656
155.46595689898913 0.4764728844165802 0.984626293182373 0.1757315695285797 0.44918766617774963 0.4482601583003998
155.81751939898916 0.49907374382019043 0.984626293182373 0.17803870141506195 0.4117051362991333 0.41077762842178345
155.9933006489892 0.5099932551383972 0.984626293182373 0.17911005020141602 0.3925894796848297 0.39166197180747986
156.34486314898922 0.5310688018798828 0.984626293182373 0.18109288811683655 0.35369986295700073 0.35277238488197327
156.52064439898922 0.5412147045135498 0.984626293182373 0.18200446665287018 0.3339282274246216 0.3330007493495941
156.87220689898925 0.5606977939605713 0.984626293182373 0.1836683303117752 0.29373544454574585 0.29280808568000793
157.04798814898925 0.5700584053993225 0.984626293182373 0.18442749977111816 0.2733475863933563 0.27242034673690796
157.39955064898928 0.5880346298217773 0.984626293182373 0.18580904603004456 0.2321421205997467 0.23121561110019684
157.5753318989893 0.596653938293457 0.984626293182373 0.1864343136548996 0.21133333444595337 0.21040771901607513
157.92689439898933 0.6131762266159058 0.984626293182373 0.18756292760372162 0.16943329572677612 0.16851240396499634
158.10267564898933 0.6211031079292297 0.984626293182373 0.18807236850261688 0.1483963131904602 0.14748118817806244
158.27845689898936 0.6288034915924072 0.984626293182373 0.1885460764169693 0.12738709151744843 0.12648263573646545
158.45423814898936 0.6362711191177368 0.984626293182373 0.18898408114910126 0.10656705498695374 0.10568179190158844
158.6300193989894 0.6435098648071289 0.984626293182373 0.18938812613487244 0.08620596677064896 0.0853537917137146
158.8058006489894 0.6505236625671387 0.984626293182373 0.18975989520549774 0.06671600043773651 0.06591677665710449
158.9815818989894 0.6573166251182556 0.984626293182373 0.19010107219219208 0.048639021813869476 0.0479162260890007
159.15736314898942 0.6638931035995483 0.984626293182373 0.19041335582733154 0.0325414314866066 0.0319155789911747
159.33314439898942 0.6702576875686646 0.984626293182373 0.19069838523864746 0.01883218251168728 0.018313154578208923
159.50892564898945 0.6764394640922546 0.984626293182373 0.19096066057682037 0.007403261493891478 0.0069887954741716385
159.61727014583226 0.6801692247390747 0.984626293182373 0.19111259281635284 0.001534360577352345 0.0013068619882687926
159.65213604532605 0.681351900100708 0.984626293182373 0.1911594122648239 9.931245585903525e-05 7.3343537223991e-05
159.65811773408316 0.6815528273582458 0.984626293182373 0.1911672055721283 -3.337992993124317e-08 -3.337992993124317e-08
159.6608603566529 0.6816445589065552 0.984626293182373 0.19117073714733124 -3.337992993124317e-08 -3.337992993124317e-08
159.66351730652391 0.681733250617981 0.984626293182373 0.19117414951324463 -3.337992993124317e-08 -3.337992993124317e-08
159.91879577339878 0.6900449395179749 0.984626293182373 0.19147787988185883 -3.337992993124317e-08 -3.337992993124317e-08
160.17407424027363 0.6979763507843018 0.984626293182373 0.1917411983013153 -3.337992993124317e-08 -3.337992993124317e-08
160.34985549027363 0.7032164931297302 0.984626293182373 0.19190038740634918 -3.337992993124317e-08 -3.337992993124317e-08
160.52563674027363 0.7082770466804504 0.984626293182373 0.1920425444841385 -3.337992993124317e-08 -3.337992993124317e-08
160.70141799027365 0.7131645679473877 0.984626293182373 0.1921691596508026 -3.337992993124317e-08 -3.337992993124317e-08
161.05298049027368 0.722441554069519 0.984626293182373 0.19238078594207764 -3.337992993124317e-08 -3.337992993124317e-08
161.4045429902737 0.7310892939567566 0.984626293182373 0.19254480302333832 -3.337992993124317e-08 -3.337992993124317e-08
161.5803242402737 0.7351901531219482 0.984626293182373 0.1926116645336151 -3.337992993124317e-08 -3.337992993124317e-08
161.93188674027374 0.7429714202880859 0.984626293182373 0.19271989166736603 -3.337992993124317e-08 -3.337992993124317e-08
162.4592304902738 0.7536653876304626 0.984626293182373 0.1928311437368393 -3.337992993124317e-08 -3.337992993124317e-08
162.6350117402738 0.7569882273674011 0.984626293182373 0.1928575336933136 -3.337992993124317e-08 -3.337992993124317e-08
162.8107929902738 0.7601976990699768 0.984626293182373 0.19287961721420288 -3.337992993124317e-08 -3.337992993124317e-08
162.98657424027382 0.7632982134819031 0.984626293182373 0.1928979754447937 -3.337992993124317e-08 -3.337992993124317e-08
163.33813674027385 0.7691890001296997 0.984626293182373 0.19292539358139038 -3.337992993124317e-08 -3.337992993124317e-08
163.51391799027385 0.7719813585281372 0.984626293182373 0.19293521344661713 -3.337992993124317e-08 -3.337992993124317e-08
163.68969924027388 0.7746694684028625 0.984626293182373 0.1929427981376648 -3.337992993124317e-08 -3.337992993124317e-08
163.86548049027388 0.7772641181945801 0.984626293182373 0.19294863939285278 -3.337992993124317e-08 -3.337992993124317e-08
164.0412617402739 0.7797747850418091 0.984626293182373 0.19295313954353333 -3.337992993124317e-08 -3.337992993124317e-08
164.2170429902739 0.7822045087814331 0.984626293182373 0.19295655190944672 -3.337992993124317e-08 -3.337992993124317e-08
164.56860549027394 0.7868127822875977 0.984626293182373 0.192960724234581 -3.337992993124317e-08 -3.337992993124317e-08
164.74438674027397 0.7889989018440247 0.984626293182373 0.19296185672283173 -3.337992993124317e-08 -3.337992993124317e-08
165.09594924027397 0.79315185546875 0.984626293182373 0.19296303391456604 -3.337992993124317e-08 -3.337992993124317e-08
165.271730490274 0.7951250672340393 0.984626293182373 0.19296325743198395 -3.337992993124317e-08 -3.337992993124317e-08
165.447511740274 0.7970399856567383 0.984626293182373 0.1929633766412735 -3.337992993124317e-08 -3.337992993124317e-08
165.62329299027402 0.7988986372947693 0.984626293182373 0.19296342134475708 -3.337992993124317e-08 -3.337992993124317e-08
165.79907424027402 0.8006985187530518 0.984626293182373 0.19296345114707947 -3.337992993124317e-08 -3.337992993124317e-08
165.97485549027405 0.8024327754974365 0.984626293182373 0.19296345114707947 -3.337992993124317e-08 -3.337992993124317e-08
166.15063674027405 0.8041048049926758 0.984626293182373 0.19296345114707947 -3.337992993124317e-08 -3.337992993124317e-08
166.32641799027408 0.8057268857955933 0.984626293182373 0.19296345114707947 -3.337992993124317e-08 -3.337992993124317e-08
166.50219924027408 0.8073006272315979 0.984626293182373 0.19296345114707947 -3.337992993124317e-08 -3.337992993124317e-08
166.6779804902741 0.8088234663009644 0.984626293182373 0.19296345114707947 -3.337992993124317e-08 -3.337992993124317e-08
166.8537617402741 0.8103022575378418 0.984626293182373 0.19296345114707947 -3.337992993124317e-08 -3.337992993124317e-08
167.20532424027414 0.8131301403045654 0.984626293182373 0.19296345114707947 -3.337992993124317e-08 -3.337992993124317e-08
167.38110549027414 0.8144829273223877 0.984626293182373 0.19296345114707947 -3.337992993124317e-08 -3.337992993124317e-08
167.55688674027417 0.8157985806465149 0.984626293182373 0.19296345114707947 -3.337992993124317e-08 -3.337992993124317e-08
167.73266799027417 0.8170703649520874 0.984626293182373 0.19296345114707947 -3.337992993124317e-08 -3.337992993124317e-08
167.9084492402742 0.818300724029541 0.984626293182373 0.19296345114707947 -3.337992993124317e-08 -3.337992993124317e-08
168.0842304902742 0.819500207901001 0.984626293182373 0.19296345114707947 -3.337992993124317e-08 -3.337992993124317e-08
168.26001174027422 0.8206714987754822 0.984626293182373 0.19296345114707947 -3.337992993124317e-08 -3.337992993124317e-08
168.43579299027422 0.821807861328125 0.984626293182373 0.19296345114707947 -3.337992993124317e-08 -3.337992993124317e-08
168.96313674027428 0.8250266313552856 0.984626293182373 0.19296345114707947 -3.337992993124317e-08 -3.337992993124317e-08
169.13891799027428 0.8260419964790344 0.984626293182373 0.19296345114707947 -3.337992993124317e-08 -3.337992993124317e-08
169.3146992402743 0.8270267248153687 0.984626293182373 0.19296345114707947 -3.337992993124317e-08 -3.337992993124317e-08
169.4904804902743 0.8279876708984375 0.984626293182373 0.19296345114707947 -3.337992993124317e-08 -3.337992993124317e-08
169.66626174027434 0.8289268612861633 0.984626293182373 0.19296345114707947 -3.337992993124317e-08 -3.337992993124317e-08
169.84204299027434 0.8298396468162537 0.984626293182373 0.19296345114707947 -3.337992993124317e-08 -3.337992993124317e-08
170.01782424027434 0.8307234048843384 0.984626293182373 0.19296345114707947 -3.337992993124317e-08 -3.337992993124317e-08
170.19360549027436 0.8315816521644592 0.984626293182373 0.19296345114707947 -3.337992993124317e-08 -3.337992993124317e-08
170.36938674027436 0.8324210047721863 0.984626293182373 0.19296345114707947 -3.337992993124317e-08 -3.337992993124317e-08
170.5451679902744 0.8332431316375732 0.984626293182373 0.19296345114707947 -3.337992993124317e-08 -3.337992993124317e-08
171.07251174027442 0.8355742692947388 0.984626293182373 0.19296345114707947 -3.337992993124317e-08 -3.337992993124317e-08
171.24829299027445 0.8363140821456909 0.984626293182373 0.19296345114707947 -3.337992993124317e-08 -3.337992993124317e-08
171.42407424027445 0.8370400667190552 0.984626293182373 0.19296345114707947 -3.337992993124317e-08 -3.337992993124317e-08
171.59985549027448 0.8377478718757629 0.984626293182373 0.19296345114707947 -3.337992993124317e-08 -3.337992993124317e-08
172.0393086152745 0.839435875415802 0.984626293182373 0.19296345114707947 -3.337992993124317e-08 -3.337992993124317e-08
172.47876174027454 0.841039776802063 0.984626293182373 0.19296345114707947 -3.337992993124317e-08 -3.337992993124317e-08
172.65454299027454 0.8416533470153809 0.984626293182373 0.19296345114707947 -3.337992993124317e-08 -3.337992993124317e-08
172.83032424027456 0.8422497510910034 0.984626293182373 0.19296345114707947 -3.337992993124317e-08 -3.337992993124317e-08
173.88501174027465 0.8455654978752136 0.984626293182373 0.19296345114707947 -3.337992993124317e-08 -3.337992993124317e-08
174.06079299027465 0.8460755944252014 0.984626293182373 0.19296345114707947 -3.337992993124317e-08 -3.337992993124317e-08
174.23657424027468 0.8465745449066162 0.984626293182373 0.19296345114707947 -3.337992993124317e-08 -3.337992993124317e-08
174.41235549027468 0.8470668792724609 0.984626293182373 0.19296345114707947 -3.337992993124317e-08 -3.337992993124317e-08
175.46704299027476 0.8498199582099915 0.984626293182373 0.19296345114707947 -3.337992993124317e-08 -3.337992993124317e-08
175.64282424027476 0.8502424955368042 0.984626293182373 0.19296345114707947 -3.337992993124317e-08 -3.337992993124317e-08
175.8186054902748 0.8506606221199036 0.984626293182373 0.19296345114707947 -3.337992993124317e-08 -3.337992993124317e-08
175.9943867402748 0.8510746955871582 0.984626293182373 0.19296345114707947 -3.337992993124317e-08 -3.337992993124317e-08
176.52173049027485 0.8522658348083496 0.984626293182373 0.19296345114707947 -3.337992993124317e-08 -3.337992993124317e-08
176.69751174027485 0.8526445627212524 0.984626293182373 0.19296345114707947 -3.337992993124317e-08 -3.337992993124317e-08
176.87329299027488 0.8530147075653076 0.984626293182373 0.19296345114707947 -3.337992993124317e-08 -3.337992993124317e-08
177.04907424027488 0.8533765077590942 0.984626293182373 0.19296345114707947 -3.337992993124317e-08 -3.337992993124317e-08
177.5764179902749 0.8544349074363708 0.984626293182373 0.19296345114707947 -3.337992993124317e-08 -3.337992993124317e-08
177.75219924027493 0.8547793626785278 0.984626293182373 0.19296345114707947 -3.337992993124317e-08 -3.337992993124317e-08
177.92798049027493 0.8551163077354431 0.984626293182373 0.19296345114707947 -3.337992993124317e-08 -3.337992993124317e-08
178.10376174027496 0.8554459810256958 0.984626293182373 0.19296345114707947 -3.337992993124317e-08 -3.337992993124317e-08
179.86157424027508 0.8584543466567993 0.984626293182373 0.19296345114707947 -3.337992993124317e-08 -3.337992993124317e-08
179.99999999999997 0.8586730360984802 0.984626293182373 0.19296345114707947 -3.337992993124317e-08 -3.337992993124317e-08
