time a b c w1
0.0 0.0 0.0 0.0 0.0
2.34374997708231e-06 2.34398437508335e-23 1.0801570415496826 1.0801570415496826 2.34398437508335e-23
2.3531289769906394e-06 2.35336424679079e-23 1.0037916898727417 1.0037916898727417 2.35336424679079e-23
2.3718869768072985e-06 2.372124147977851e-23 0.9922298789024353 0.9922298789024353 2.372124147977851e-23
2.449126245505041e-06 2.449371143311084e-23 0.9876051545143127 0.9876051545143127 2.449371143311084e-23
0.00019360463173130613 1.9362399824984054e-21 0.9876051545143127 0.9876051545143127 1.9362399824984054e-21
0.00038480681743822704 3.8484529531415596e-21 0.9876051545143127 0.9876051545143127 -5.5595421599718975e-09
0.0007672111888520689 7.672878894427868e-21 0.9876051545143127 0.9876051545143127 -2.7055429896449823e-08
0.001 1.0000999731091105e-20 0.9876051545143127 0.9876051545143127 -3.3387372866400256e-08
29.999999999999996 3.000300019364487e-16 0.9876051545143127 0.9876051545143127 -3.3387198783429994e-08
30.000099999999996 3.0003100778807355e-16 0.9876051545143127 0.9876051545143127 -3.3365520124561954e-08
30.0003 3.0003299302154367e-16 0.9876051545143127 0.9876051545143127 -3.3344100813792465e-08
30.0007 3.0003698995826353e-16 0.9876051545143127 0.9876051545143127 -3.333276410444341e-08
30.000822963430707 1.7995027690176357e-08 0.9876051545143127 0.9876051545143127 -2.72587978855654e-08
30.0008939564898 9.071325024478938e-08 0.9876051545143127 0.9876051545143127 5.5522061614965423e-08
30.00092972407711 1.983852513376405e-07 0.9876051545143127 0.9876051545143127 1.4353508959175088e-07
30.000951826484386 3.171428772930085e-07 0.9876051545143127 0.9876051545143127 1.9891710678621166e-07
30.00096426956048 4.273285583167308e-07 0.9876051545143127 0.9876051545143127 3.99712092757909e-07
30.000974110333754 5.641192046823562e-07 0.9876051545143127 0.9876051545143127 8.741667443246115e-07
30.000985267291764 7.737522196293867e-07 0.9876051545143127 0.9876051545143127 1.7736508652888006e-06
30.001 1.105454998651112e-06 0.9876051545143127 0.9876051545143127 3.314002924525994e-06
30.27106086099064 0.0071837445721030235 0.9876051545143127 0.9876051545143127 0.03622819855809212
30.541121721981273 0.014165221713483334 0.9876051545143127 0.9876051545143127 0.07185982912778854
30.77549672198127 0.02007458731532097 0.9876051545143127 0.9876051545143127 0.10233788192272186
31.00987172198127 0.02582453191280365 0.9876051545143127 0.9876051545143127 0.13233761489391327
31.244246721981266 0.031411390751600266 0.9876051545143127 0.9876051545143127 0.16184401512145996
31.478621721981263 0.036832425743341446 0.9876051545143127 0.9876051545143127 0.19084498286247253
31.71299672198126 0.04208454489707947 0.9876051545143127 0.9876051545143127 0.21932679414749146
31.94737172198126 0.047164324671030045 0.9876051545143127 0.9876051545143127 0.24727389216423035
32.181746721981256 0.052068404853343964 0.9876051545143127 0.9876051545143127 0.27467042207717896
32.65049672198125 0.06133655086159706 0.9876051545143127 0.9876051545143127 0.3277468681335449
32.88487172198125 0.06569455564022064 0.9876051545143127 0.9876051545143127 0.3533938527107239
33.35362172198124 0.07384493947029114 0.9876051545143127 0.9876051545143127 0.40282249450683594
34.056746721981234 0.0846257358789444 0.9876051545143127 0.9876051545143127 0.47205865383148193
34.75987172198123 0.09364888072013855 0.9876051545143127 0.9876051545143127 0.5350468158721924
35.22862172198122 0.09869522601366043 0.9876051545143127 0.9876051545143127 0.573401689529419
35.46299672198121 0.10093449056148529 0.9876051545143127 0.9876051545143127 0.5914610624313354
35.93174672198121 0.10486521571874619 0.9876051545143127 0.9876051545143127 0.6253199577331543
36.166121721981206 0.10656742006540298 0.9876051545143127 0.9876051545143127 0.6411175727844238
36.400496721981206 0.10810282081365585 0.9876051545143127 0.9876051545143127 0.6561638712882996
36.6348717219812 0.10947892814874649 0.9876051545143127 0.9876051545143127 0.6704651117324829
36.8692467219812 0.11070401966571808 0.9876051545143127 0.9876051545143127 0.6840304732322693
37.1036217219812 0.11178700625896454 0.9876051545143127 0.9876051545143127 0.6968719959259033
37.33799672198119 0.11273731291294098 0.9876051545143127 0.9876051545143127 0.7090047001838684
37.57237172198119 0.11356478929519653 0.9876051545143127 0.9876051545143127 0.7204464673995972
37.80674672198119 0.11427947878837585 0.9876051545143127 0.9876051545143127 0.731217622756958
38.041121721981185 0.11489129811525345 0.9876051545143127 0.9876051545143127 0.7413414120674133
38.275496721981185 0.1154097467660904 0.9876051545143127 0.9876051545143127 0.75084388256073
38.74424672198118 0.1162058562040329 0.9876051545143127 0.9876051545143127 0.7680861949920654
38.97862172198118 0.11650305241346359 0.9876051545143127 0.9876051545143127 0.7758791446685791
39.21299672198117 0.11674477905035019 0.9876051545143127 0.9876051545143127 0.7831581830978394
39.44737172198117 0.1169390007853508 0.9876051545143127 0.9876051545143127 0.7899524569511414
39.68174672198116 0.11709297448396683 0.9876051545143127 0.9876051545143127 0.7962908744812012
39.91612172198116 0.11721327155828476 0.9876051545143127 0.9876051545143127 0.8022019863128662
40.15049672198116 0.11730573326349258 0.9876051545143127 0.9876051545143127 0.8077135682106018
40.619246721981156 0.11742705851793289 0.9876051545143127 0.9876051545143127 0.8176442384719849
40.85362172198115 0.11746422946453094 0.9876051545143127 0.9876051545143127 0.8221136927604675
41.32237172198115 0.11750784516334534 0.9876051545143127 0.9876051545143127 0.8301772475242615
41.55674672198114 0.11751920729875565 0.9876051545143127 0.9876051545143127 0.8338139057159424
41.79112172198114 0.11752614378929138 0.9876051545143127 0.9876051545143127 0.8372132182121277
42.025496721981135 0.11753004789352417 0.9876051545143127 0.9876051545143127 0.8403931856155396
43.43174672198112 0.11753296107053757 0.9876051545143127 0.9876051545143127 0.8557142615318298
43.90049672198111 0.11753295361995697 0.9876051545143127 0.9876051545143127 0.8596879243850708
44.603621721981106 0.11753295361995697 0.9876051545143127 0.9876051545143127 0.864852249622345
45.0723717219811 0.11753295361995697 0.9876051545143127 0.9876051545143127 0.8678494095802307
45.3067467219811 0.11753295361995697 0.9876051545143127 0.9876051545143127 0.8692326545715332
45.77549672198109 0.11753295361995697 0.9876051545143127 0.9876051545143127 0.8717945218086243
46.00987172198109 0.11753295361995697 0.9876051545143127 0.9876051545143127 0.8729821443557739
46.244246721981085 0.11753295361995697 0.9876051545143127 0.9876051545143127 0.874113142490387
46.478621721981085 0.11753295361995697 0.9876051545143127 0.9876051545143127 0.8751910924911499
46.712996721981085 0.11753295361995697 0.9876051545143127 0.9876051545143127 0.8762193918228149
46.94737172198108 0.11753295361995697 0.9876051545143127 0.9876051545143127 0.8772013783454895
47.41612172198108 0.11753295361995697 0.9876051545143127 0.9876051545143127 0.8790372610092163
47.65049672198107 0.11753295361995697 0.9876051545143127 0.9876051545143127 0.8798964619636536
47.88487172198107 0.11753295361995697 0.9876051545143127 0.9876051545143127 0.8807196021080017
48.353621721981064 0.11753295361995697 0.9876051545143127 0.9876051545143127 0.8822659850120544
48.587996721981064 0.11753295361995697 0.9876051545143127 0.9876051545143127 0.8829930424690247
48.82237172198106 0.11753295361995697 0.9876051545143127 0.9876051545143127 0.883691668510437
49.05674672198106 0.11753295361995697 0.9876051545143127 0.9876051545143127 0.8843635320663452
49.52549672198105 0.11753295361995697 0.9876051545143127 0.9876051545143127 0.8856323957443237
49.75987172198105 0.11753295361995697 0.9876051545143127 0.9876051545143127 0.8862321376800537
49.99424672198104 0.11753295361995697 0.9876051545143127 0.9876051545143127 0.886810302734375
50.22862172198104 0.11753295361995697 0.9876051545143127 0.9876051545143127 0.8873680830001831
50.931746721981035 0.11753295361995697 0.9876051545143127 0.9876051545143127 0.8889290690422058
51.16612172198103 0.11753295361995697 0.9876051545143127 0.9876051545143127 0.8894150257110596
51.63487172198102 0.11753295361995697 0.9876051545143127 0.9876051545143127 0.8903401494026184
52.337996721981014 0.11753295361995697 0.9876051545143127 0.9876051545143127 0.8916217088699341
53.04112172198101 0.11753295361995697 0.9876051545143127 0.9876051545143127 0.8927907943725586
53.509871721981 0.11753295361995697 0.9876051545143127 0.9876051545143127 0.8935146927833557
54.916121721980986 0.11753295361995697 0.9876051545143127 0.9876051545143127 0.8954590559005737
55.61924672198098 0.11753295361995697 0.9876051545143127 0.9876051545143127 0.896321177482605
57.25987172198096 0.11753295361995697 0.9876051545143127 0.9876051545143127 0.8981006145477295
57.49424672198096 0.11753295361995697 0.9876051545143127 0.9876051545143127 0.8983317017555237
57.72862172198095 0.11753295361995697 0.9876051545143127 0.9876051545143127 0.8985576033592224
57.96299672198095 0.11753295361995697 0.9876051545143127 0.9876051545143127 0.89877849817276
58.43174672198094 0.11753295361995697 0.9876051545143127 0.9876051545143127 0.8992058634757996
59.99999999999999 0.11753295361995697 0.9876051545143127 0.9876051545143127 0.9005113840103149
60.000099999999996 0.11753295361995697 0.9876051545143127 0.9876051545143127 0.9005111455917358
60.000299999999996 0.1175326406955719 0.9876051545143127 0.9876051545143127 0.900510847568512
60.000699999999995 0.1175287589430809 0.9876051545143127 0.9876051545143127 0.9005107283592224
60.001000000000005 0.11752156168222427 0.9876051545143127 0.9876051545143127 0.9005107283592224
60.16480000000147 0.09515419602394104 0.9876051545143127 0.9876051545143127 0.9005107283592224
60.328600000002936 0.07402712851762772 0.9876051545143127 0.9876051545143127 0.9005107283592224
60.562975000002936 0.04674224928021431 0.9876051545143127 0.9876051545143127 0.9005107283592224
60.79735000000293 0.023952370509505272 0.9876051545143127 0.9876051545143127 0.9005107283592224
61.03172500000293 0.005862881429493427 0.9876051545143127 0.9876051545143127 0.9005107283592224
61.12651181664455 0.0005064274300821126 0.9876051545143127 0.9876051545143127 0.9005107283592224
61.14923693970647 -3.3387195230716316e-08 0.9876051545143127 0.9876051545143127 0.9005107283592224
89.99999999999999 -3.3435998858522e-08 0.9876051545143127 0.9876051545143127 0.9005107283592224
90.0001 -3.33817844477835e-08 0.9876051545143127 0.9876051545143127 0.9005107283592224
90.0003 -3.3344100813792465e-08 0.9876051545143127 0.9876051545143127 0.9005107283592224
90.0007 -3.331138032081071e-08 0.9876051545143127 0.9876051545143127 0.9005107283592224
90.001 -3.3254032416607515e-08 0.9876051545143127 0.9876051545143127 0.9005107283592224
119.99999999999999 -3.3254028863893836e-08 0.9876051545143127 0.9876051545143127 0.9005107283592224
120.0001 -3.3254028863893836e-08 0.9876051545143127 0.9876051545143127 0.9005107283592224
120.0003 -3.3254028863893836e-08 0.9876051545143127 0.9876051545143127 0.9005107283592224
120.0007 -3.3254028863893836e-08 0.9876051545143127 0.9876051545143127 0.9005107283592224
120.001 -3.3254028863893836e-08 0.9876051545143127 0.9876051545143127 0.9005107283592224
150.0 -3.3254028863893836e-08 0.9876051545143127 0.9876051545143127 0.9005107283592224
150.0001 -3.3254028863893836e-08 0.9876051545143127 0.9876051545143127 0.9005107283592224
150.0003 -3.3254028863893836e-08 0.9876051545143127 0.9876051545143127 0.9005109667778015
150.0007 -3.3254028863893836e-08 0.9876051545143127 0.9876051545143127 0.9005120396614075
150.001 -3.3254028863893836e-08 0.9876051545143127 0.9876051545143127 0.9005129933357239
179.99999999999997 -3.3254028863893836e-08 0.9876051545143127 0.9876051545143127 0.9005129933357239
180.0001 -3.3254028863893836e-08 0.9876051545143127 0.9876051545143127 0.9005129933357239
180.0003 -3.3254028863893836e-08 0.9876051545143127 0.9876051545143127 0.9005129933357239
180.0007 -3.3254028863893836e-08 0.9876051545143127 0.9876049160957336 0.9005129933357239
180.001 -3.3254028863893836e-08 0.9876051545143127 0.9876044392585754 0.9005129933357239
180.00608000000008 -3.3254028863893836e-08 0.9876051545143127 0.9875606298446655 0.9005129933357239
180.01116000000016 -3.3254028863893836e-08 0.9876051545143127 0.9875166416168213 0.9005129933357239
180.04188000000067 -3.3254028863893836e-08 0.9876051545143127 0.9872456789016724 0.9005129933357239
180.32860000000517 -3.3254028863893836e-08 0.9876051545143127 0.9842836856842041 0.9005129933357239
180.56297500000517 -3.3254028863893836e-08 0.9876051545143127 0.9812898635864258 0.9005129933357239
180.79735000000514 -3.3254028863893836e-08 0.9876051545143127 0.9776633977890015 0.9005129933357239
181.26610000000514 -3.3254028863893836e-08 0.9876051545143127 0.9677033424377441 0.9005129933357239
181.9692250000051 -3.3254028863893836e-08 0.9876051545143127 0.9429046511650085 0.9005129933357239
182.20360000000508 -3.3254028863893836e-08 0.9876051545143127 0.931252658367157 0.9005129933357239
182.43797500000508 -3.3254028863893836e-08 0.9876051545143127 0.9177204370498657 0.9005129933357239
182.67235000000508 -3.3254028863893836e-08 0.9876051545143127 0.9022940397262573 0.9005129933357239
182.90672500000505 -3.3254028863893836e-08 0.9876051545143127 0.8850234746932983 0.9005129933357239
183.14110000000505 -3.3254028863893836e-08 0.9876051545143127 0.866007924079895 0.9005129933357239
183.37547500000505 -3.3254028863893836e-08 0.9876051545143127 0.845378041267395 0.9005129933357239
183.60985000000503 -3.3254028863893836e-08 0.9876051545143127 0.8232797384262085 0.9005129933357239
183.84422500000503 -3.3254028863893836e-08 0.9876051545143127 0.7998608946800232 0.9005129933357239
184.078600000005 -3.3254028863893836e-08 0.9876051545143127 0.7752634882926941 0.9005129933357239
184.312975000005 -3.3254028863893836e-08 0.9876051545143127 0.749618411064148 0.9005129933357239
184.547350000005 -3.3254028863893836e-08 0.9876051545143127 0.72304368019104 0.9005129933357239
184.78172500000497 -3.3254028863893836e-08 0.9876051545143127 0.6956437230110168 0.9005129933357239
185.01610000000497 -3.3254028863893836e-08 0.9876051545143127 0.667510449886322 0.9005129933357239
185.25047500000497 -3.3254028863893836e-08 0.9876051545143127 0.6387238502502441 0.9005129933357239
185.48485000000494 -3.3254028863893836e-08 0.9876051545143127 0.6093537211418152 0.9005129933357239
185.71922500000494 -3.3254028863893836e-08 0.9876051545143127 0.5794607400894165 0.9005129933357239
185.95360000000494 -3.3254028863893836e-08 0.9876051545143127 0.5490976572036743 0.9005129933357239
186.1879750000049 -3.3254028863893836e-08 0.9876051545143127 0.5183106660842896 0.9005129933357239
186.4223500000049 -3.3254028863893836e-08 0.9876051545143127 0.4871399998664856 0.9005129933357239
186.89110000000488 -3.3254028863893836e-08 0.9876051545143127 0.42378467321395874 0.9005129933357239
187.12547500000488 -3.3254028863893836e-08 0.9876051545143127 0.3916587233543396 0.9005129933357239
187.35985000000488 -3.3254028863893836e-08 0.9876051545143127 0.3592677116394043 0.9005129933357239
187.59422500000485 -3.3254028863893836e-08 0.9876051545143127 0.3266342878341675 0.9005129933357239
187.82860000000485 -3.3254028863893836e-08 0.9876051545143127 0.2937803864479065 0.9005129933357239
188.06297500000485 -3.3254028863893836e-08 0.9876051545143127 0.26073020696640015 0.9005129933357239
188.29735000000483 -3.3254028863893836e-08 0.9876051545143127 0.22751715779304504 0.9005129933357239
188.53172500000483 -3.3254028863893836e-08 0.9876051545143127 0.1942012757062912 0.9005129933357239
188.76610000000483 -3.3254028863893836e-08 0.9876051545143127 0.16091132164001465 0.9005129933357239
189.0004750000048 -3.3254028863893836e-08 0.9876051545143127 0.12794005870819092 0.9005129933357239
189.2348500000048 -3.3254028863893836e-08 0.9876051545143127 0.09591849148273468 0.9005129933357239
189.4692250000048 -3.3254028863893836e-08 0.9876051545143127 0.06599652767181396 0.9005129933357239
189.70360000000477 -3.3254028863893836e-08 0.9876051545143127 0.03973248973488808 0.9005129933357239
189.93797500000477 -3.3254028863893836e-08 0.9876051545143127 0.018442988395690918 0.9005129933357239
190.17235000000477 -3.3254028863893836e-08 0.9876051545143127 0.002317963168025017 0.9005129933357239
190.2297091233374 -3.3254028863893836e-08 0.9876051545143127 0.0001520999358035624 0.9005129933357239
190.2474856285736 -3.3254028863893836e-08 0.9876051545143127 -3.3387195230716316e-08 0.9005129933357239
205.3970265674784 -3.3254028863893836e-08 0.9876051545143127 -3.3387195230716316e-08 0.9005129933357239
209.99999999999997 -3.3254028863893836e-08 0.9876051545143127 -3.3376238661730895e-08 0.9005129933357239
210.00009999999997 -3.3254028863893836e-08 0.9876051545143127 -3.336186438218647e-08 0.9005129933357239
210.0003 -3.3254028863893836e-08 0.9876051545143127 -3.334180220804228e-08 0.9005129933357239
210.00070000000002 -3.3254028863893836e-08 0.9876051545143127 -3.3321562398214155e-08 0.9005129933357239
210.00082296351698 -1.5258954988439655e-08 0.9876051545143127 -2.724700998157914e-08 0.9005129933357239
210.00089395654894 5.7459395463865803e-08 0.9876051545143127 5.5533696752263495e-08 0.9005129933357239
210.000929724133 1.6513162393039238e-07 0.9876051545143127 1.4354758093304554e-07 0.9005129933357239
210.00095182653584 2.838894772594358e-07 0.9876051545143127 1.9893072078502883e-07 0.9005129933357239
210.00096426960533 3.940752435482864e-07 0.9876051545143127 3.997263320343336e-07 0.9005129933357239
210.00097411037422 5.308659183356212e-07 0.9876051545143127 8.741814099266776e-07 0.9005129933357239
210.00098526733143 7.404991038129083e-07 0.9876051545143127 1.7736664403855684e-06 0.9005129933357239
210.00099857345995 1.036562707668054e-06 0.9876051545143127 3.1415067951456876e-06 0.9005129933357239
210.00100000000003 1.0722011438701884e-06 0.9876051545143127 3.314014747957117e-06 0.9005129933357239
210.07743646607793 0.00205717864446342 0.9876051545143127 0.010324333794414997 0.9005129933357239
210.15387293215582 0.0040935794822871685 0.9876051545143127 0.02058752439916134 0.9005129933357239
210.30674721134002 0.00811414048075676 0.9876051545143127 0.04096014052629471 0.9005129933357239
210.54112221134002 0.014164837077260017 0.9876051545143127 0.07185858488082886 0.9005129933357239
210.77549721134002 0.020073121413588524 0.9876051545143127 0.10233274102210999 0.9005129933357239
211.00987221134 0.025822006165981293 0.9876051545143127 0.13232864439487457 0.9005129933357239
211.24424721134 0.03140855208039284 0.9876051545143127 0.16183388233184814 0.9005129933357239
211.47862221134 0.03682965040206909 0.9876051545143127 0.19083505868911743 0.9005129933357239
211.71299721133997 0.04208183288574219 0.9876051545143127 0.21931704878807068 0.9005129933357239
211.94737221133997 0.04716167598962784 0.9876051545143127 0.2472643405199051 0.9005129933357239
212.18174721133997 0.05206581950187683 0.9876051545143127 0.2746610641479492 0.9005129933357239
212.41612221133994 0.056791000068187714 0.9876051545143127 0.3014910817146301 0.9005129933357239
212.88487221133994 0.06569216400384903 0.9876051545143127 0.35338515043258667 0.9005129933357239
213.1192472113399 0.069862499833107 0.9876051545143127 0.3784160614013672 0.9005129933357239
213.3536222113399 0.07384268939495087 0.9876051545143127 0.40281420946121216 0.9005129933357239
213.5879972113399 0.07763063907623291 0.9876051545143127 0.4265632629394531 0.9005129933357239
213.82237221133988 0.0812247022986412 0.9876051545143127 0.44964736700057983 0.9005129933357239
214.05674721133988 0.08462368696928024 0.9876051545143127 0.47205111384391785 0.9005129933357239
214.29112221133988 0.08782696723937988 0.9876051545143127 0.49375998973846436 0.9005129933357239
214.52549721133985 0.09083452075719833 0.9876051545143127 0.5147603750228882 0.9005129933357239
214.99424721133985 0.09626595675945282 0.9876051545143127 0.5545880198478699 0.9005129933357239
215.22862221133983 0.09869352728128433 0.9876051545143127 0.5733953714370728 0.9005129933357239
215.9317472113398 0.10486370325088501 0.9876051545143127 0.625314474105835 0.9005129933357239
216.1661222113398 0.10656596720218658 0.9876051545143127 0.6411123275756836 0.9005129933357239
216.4004972113398 0.10810142010450363 0.9876051545143127 0.6561589241027832 0.9005129933357239
216.63487221133977 0.10947758704423904 0.9876051545143127 0.6704604029655457 0.9005129933357239
216.86924721133977 0.11070272326469421 0.9876051545143127 0.6840260028839111 0.9005129933357239
217.10362221133977 0.11178575456142426 0.9876051545143127 0.6968677639961243 0.9005129933357239
217.33799721133974 0.11273611336946487 0.9876051545143127 0.7090007662773132 0.9005129933357239
217.57237221133974 0.11356362700462341 0.9876051545143127 0.7204427719116211 0.9005129933357239
217.80674721133974 0.11427836120128632 0.9876051545143127 0.7312140464782715 0.9005129933357239
218.0411222113397 0.11489047110080719 0.9876051545143127 0.7413372993469238 0.9005129933357239
218.5098722113397 0.11584697663784027 0.9876051545143127 0.759739339351654 0.9005129933357239
218.74424721133968 0.11621050536632538 0.9876051545143127 0.7680721282958984 0.9005129933357239
218.97862221133968 0.11650943756103516 0.9876051545143127 0.7758640646934509 0.9005129933357239
219.21299721133965 0.11675284802913666 0.9876051545143127 0.7831430435180664 0.9005129933357239
219.44737221133965 0.11694920063018799 0.9876051545143127 0.7899371385574341 0.9005129933357239
220.6192472113396 0.11744358390569687 0.9876051545143127 0.8176336288452148 0.9005129933357239
220.8536222113396 0.11748134344816208 0.9876051545143127 0.8221042156219482 0.9005129933357239
221.0879972113396 0.11750759184360504 0.9876051545143127 0.8262754082679749 0.9005129933357239
221.32237221133957 0.11752529442310333 0.9876051545143127 0.8301693797111511 0.9005129933357239
221.55674721133957 0.11753695458173752 0.9876051545143127 0.8338070511817932 0.9005129933357239
221.79112221133957 0.11754418909549713 0.9876051545143127 0.8372073769569397 0.9005129933357239
222.02549721133954 0.11754819750785828 0.9876051545143127 0.8403878808021545 0.9005129933357239
222.25987221133954 0.11755020171403885 0.9876051545143127 0.8433655500411987 0.9005129933357239
222.49424721133954 0.11755114048719406 0.9876051545143127 0.8461562991142273 0.9005129933357239
222.7286222113395 0.1175515428185463 0.9876051545143127 0.8487743139266968 0.9005129933357239
222.9629972113395 0.11755166947841644 0.9876051545143127 0.8512322902679443 0.9005129933357239
223.1973722113395 0.11755168437957764 0.9876051545143127 0.8535417914390564 0.9005129933357239
223.43174721133948 0.11755166947841644 0.9876051545143127 0.855713963508606 0.9005129933357239
224.13487221133946 0.11755166947841644 0.9876051545143127 0.8615072965621948 0.9005129933357239
224.36924721133946 0.11755166947841644 0.9876051545143127 0.8632264137268066 0.9005129933357239
224.60362221133946 0.11755166947841644 0.9876051545143127 0.8648523092269897 0.9005129933357239
224.83799721133943 0.11755166947841644 0.9876051545143127 0.8663915395736694 0.9005129933357239
225.5411222113394 0.11755166947841644 0.9876051545143127 0.8705474734306335 0.9005129933357239
225.7754972113394 0.11755166947841644 0.9876051545143127 0.8717963099479675 0.9005129933357239
226.0098722113394 0.11755166947841644 0.9876051545143127 0.8729841709136963 0.9005129933357239
226.24424721133937 0.11755166947841644 0.9876051545143127 0.8741151690483093 0.9005129933357239
226.47862221133937 0.11755166947841644 0.9876051545143127 0.875193178653717 0.9005129933357239
226.71299721133937 0.11755166947841644 0.9876051545143127 0.8762216567993164 0.9005129933357239
229.05674721133926 0.11755166947841644 0.9876051545143127 0.884364902973175 0.9005129933357239
229.29112221133926 0.11755166947841644 0.9876051545143127 0.8850113749504089 0.9005129933357239
229.52549721133926 0.11755166947841644 0.9876051545143127 0.8856338262557983 0.9005129933357239
229.75987221133923 0.11755166947841644 0.9876051545143127 0.8862336277961731 0.9005129933357239
229.99424721133923 0.11755166947841644 0.9876051545143127 0.8868117928504944 0.9005129933357239
230.22862221133923 0.11755166947841644 0.9876051545143127 0.8873695731163025 0.9005129933357239
231.16612221133917 0.11755166947841644 0.9876051545143127 0.8894162178039551 0.9005129933357239
231.40049721133917 0.11755166947841644 0.9876051545143127 0.8898863196372986 0.9005129933357239
231.63487221133917 0.11755166947841644 0.9876051545143127 0.8903413414955139 0.9005129933357239
231.86924721133914 0.11755166947841644 0.9876051545143127 0.8907819986343384 0.9005129933357239
234.33018471133903 0.11755166947841644 0.9876051545143127 0.8946895003318787 0.9005129933357239
236.79112221133894 0.11755166947841644 0.9876051545143127 0.8976227641105652 0.9005129933357239
237.25987221133894 0.11755166947841644 0.9876051545143127 0.8981012105941772 0.9005129933357239
237.49424721133892 0.11755166947841644 0.9876051545143127 0.8983322381973267 0.9005129933357239
237.72862221133892 0.11755166947841644 0.9876051545143127 0.8985581398010254 0.9005129933357239
237.96299721133892 0.11755166947841644 0.9876051545143127 0.8987789750099182 0.9005129933357239
238.1973722113389 0.11755166947841644 0.9876051545143127 0.8989949822425842 0.9005129933357239
238.4317472113389 0.11755166947841644 0.9876051545143127 0.8992063403129578 0.9005129933357239
239.60362221133883 0.11755166947841644 0.9876051545143127 0.9001979827880859 0.9005129933357239
239.83799721133883 0.11755166947841644 0.9876051545143127 0.9003845453262329 0.9005129933357239
239.99999999999997 0.11755166947841644 0.9876051545143127 0.9005117416381836 0.9005129933357239
