time a b c w1 w2
0.0 0.0 0.0 0.0 0.0 0.0
1.757812428601624e-06 1.757988202426422e-23 1.0832566022872925 1.0832566022872925 1.757988202426422e-23 1.757988202426422e-23
1.7648476783160305e-06 1.7650242106122693e-23 1.0055341720581055 1.0055341720581055 1.7650242106122693e-23 1.7650242106122693e-23
1.7789181777448437e-06 1.7790960692117828e-23 0.9905999898910522 0.9905999898910522 1.7790960692117828e-23 1.7790960692117828e-23
1.8070591766024704e-06 1.8072399441829907e-23 0.984626293182373 0.984626293182373 1.8072399441829907e-23 1.8072399441829907e-23
0.00013281055255599797 1.3282383013875093e-21 0.984626293182373 0.984626293182373 1.3282383013875093e-21 1.3282383013875093e-21
0.00026381985277929004 2.6384624023353322e-21 0.984626293182373 0.984626293182373 2.6384624023353322e-21 2.6384624023353322e-21
0.0005258384532258742 5.258910200334195e-21 0.984626293182373 0.984626293182373 -5.9402767149663305e-09 -5.9402767149663305e-09
0.001 1.0000999731091105e-20 0.984626293182373 0.984626293182373 -3.3380178621200685e-08 -3.3380178621200685e-08
29.999999999999996 3.000300019364487e-16 0.984626293182373 0.984626293182373 -3.3380320729747837e-08 -3.3380320729747837e-08
30.000099999999996 3.0003100778807355e-16 0.984626293182373 0.984626293182373 -3.3361402529408224e-08 -3.3361402529408224e-08
30.0003 3.0003299302154367e-16 0.984626293182373 0.984626293182373 -3.334271880817141e-08 -3.334271880817141e-08
30.0007 3.0003698995826353e-16 0.984626293182373 0.984626293182373 -3.333283515871699e-08 -3.333283515871699e-08
30.00082296345327 1.0052024101980805e-08 0.984626293182373 0.984626293182373 -3.080455712733965e-08 -3.3331549076365263e-08
30.000893956526436 5.4572257823792825e-08 0.984626293182373 0.984626293182373 2.5870189546139954e-08 -3.333114761971956e-08
30.000929690353672 1.2138117710946972e-07 0.984626293182373 0.984626293182373 5.420393023314318e-08 -3.333114761971956e-08
30.000951763362696 1.9629598568826623e-07 0.984626293182373 0.984626293182373 3.156057104547472e-08 -3.333114761971956e-08
30.00096487030537 2.7685288728207524e-07 0.984626293182373 0.984626293182373 1.7524561712889408e-07 -3.333114761971956e-08
30.00097524143747 3.8512058608830557e-07 0.984626293182373 0.984626293182373 6.007633146509761e-07 -3.333114761971956e-08
30.00098676726625 5.528979727387195e-07 0.984626293182373 0.984626293182373 1.416441136825597e-06 -3.333114761971956e-08
30.001 7.81959329287929e-07 0.984626293182373 0.984626293182373 2.6070752028317656e-06 -3.333114761971956e-08
30.175202423863784 0.0036359974183142185 0.984626293182373 0.984626293182373 0.02033606730401516 -3.333114761971956e-08
30.34940484772757 0.007209430914372206 0.984626293182373 0.984626293182373 0.04047399014234543 -3.333114761971956e-08
30.52518609772757 0.01073866430670023 0.984626293182373 0.984626293182373 0.06055095046758652 -3.333114761971956e-08
30.87674859772757 0.01758657768368721 0.984626293182373 0.984626293182373 0.10003136098384857 -3.333114761971956e-08
31.22831109772757 0.024176085367798805 0.984626293182373 0.984626293182373 0.13867557048797607 -3.333114761971956e-08
31.755654847727566 0.0335245355963707 0.984626293182373 0.984626293182373 0.1948845237493515 -3.333114761971956e-08
32.28299859772757 0.04218234866857529 0.984626293182373 0.984626293182373 0.24878066778182983 -3.333114761971956e-08
32.81034234772756 0.050073642283678055 0.984626293182373 0.984626293182373 0.30004602670669556 -3.333114761971956e-08
33.16190484772756 0.05493081361055374 0.984626293182373 0.984626293182373 0.3328004479408264 -3.333114761971956e-08
33.33768609772756 0.057228296995162964 0.984626293182373 0.984626293182373 0.34870582818984985 -3.333114761971956e-08
33.68924859772756 0.06158745288848877 0.984626293182373 0.984626293182373 0.37965312600135803 -3.333114761971956e-08
34.21659234772756 0.06757943332195282 0.984626293182373 0.984626293182373 0.4240230619907379 -3.333114761971956e-08
34.74393609772756 0.07288623601198196 0.984626293182373 0.984626293182373 0.4657350182533264 -3.333114761971956e-08
35.09549859772756 0.07604623585939407 0.984626293182373 0.984626293182373 0.4920237064361572 -3.333114761971956e-08
35.622842347727556 0.08020086586475372 0.984626293182373 0.984626293182373 0.5289920568466187 -3.333114761971956e-08
36.150186097727556 0.08367632329463959 0.984626293182373 0.984626293182373 0.5629511475563049 -3.333114761971956e-08
36.677529847727556 0.08657573908567429 0.984626293182373 0.984626293182373 0.5941963791847229 -3.333114761971956e-08
37.380654847727556 0.08962485194206238 0.984626293182373 0.984626293182373 0.6316762566566467 -3.333114761971956e-08
37.732217347727556 0.09081733971834183 0.984626293182373 0.984626293182373 0.6485744714736938 -3.333114761971956e-08
38.083779847727556 0.09182758629322052 0.984626293182373 0.984626293182373 0.6643683910369873 -3.333114761971956e-08
38.611123597727556 0.09304803609848022 0.984626293182373 0.984626293182373 0.6861321926116943 -3.333114761971956e-08
39.22635797272755 0.09409061074256897 0.984626293182373 0.984626293182373 0.7087386250495911 -3.333114761971956e-08
39.84159234772755 0.09478756040334702 0.984626293182373 0.984626293182373 0.7284133434295654 -3.333114761971956e-08
40.19315484772755 0.09505811333656311 0.984626293182373 0.984626293182373 0.7383739948272705 -3.333114761971956e-08
40.54471734772755 0.09526717662811279 0.984626293182373 0.984626293182373 0.747618556022644 -3.333114761971956e-08
41.07206109772755 0.09548381716012955 0.984626293182373 0.984626293182373 0.7601394653320312 -3.333114761971956e-08
41.77518609772755 0.09564363956451416 0.984626293182373 0.984626293182373 0.774599015712738 -3.333114761971956e-08
42.47831109772754 0.09571859240531921 0.984626293182373 0.984626293182373 0.7870230078697205 -3.333114761971956e-08
42.82987359772754 0.09573709219694138 0.984626293182373 0.984626293182373 0.7925447225570679 -3.333114761971956e-08
43.18143609772754 0.09574790298938751 0.984626293182373 0.984626293182373 0.7976760864257812 -3.333114761971956e-08
43.35721734772754 0.09575121849775314 0.984626293182373 0.984626293182373 0.800091028213501 -3.333114761971956e-08
43.53299859772754 0.09575337171554565 0.984626293182373 0.984626293182373 0.8024001717567444 -3.333114761971956e-08
43.70877984772754 0.09575477242469788 0.984626293182373 0.984626293182373 0.8046204447746277 -3.333114761971956e-08
44.23612359772754 0.09575634449720383 0.984626293182373 0.984626293182373 0.810753345489502 -3.333114761971956e-08
44.58768609772754 0.09575644135475159 0.984626293182373 0.984626293182373 0.8144177198410034 -3.333114761971956e-08
45.29081109772754 0.09575644880533218 0.984626293182373 0.984626293182373 0.8211636543273926 -3.333114761971956e-08
45.993936097727534 0.09575644880533218 0.984626293182373 0.984626293182373 0.8270416855812073 -3.333114761971956e-08
47.048623597727534 0.09575644880533218 0.984626293182373 0.984626293182373 0.8343541026115417 -3.333114761971956e-08
48.103311097727534 0.09575644880533218 0.984626293182373 0.984626293182373 0.8404057621955872 -3.333114761971956e-08
48.63065484772753 0.09575644880533218 0.984626293182373 0.984626293182373 0.8430260419845581 -3.333114761971956e-08
49.42167047272753 0.09575644880533218 0.984626293182373 0.984626293182373 0.8465587496757507 -3.333114761971956e-08
50.21268609772753 0.09575644880533218 0.984626293182373 0.984626293182373 0.8498096466064453 -3.333114761971956e-08
51.17948297272753 0.09575644880533218 0.984626293182373 0.984626293182373 0.8532715439796448 -3.333114761971956e-08
52.14627984772752 0.09575644880533218 0.984626293182373 0.984626293182373 0.8562912344932556 -3.333114761971956e-08
52.49784234772752 0.09575644880533218 0.984626293182373 0.984626293182373 0.8573093414306641 -3.333114761971956e-08
53.11307672272752 0.09575644880533218 0.984626293182373 0.984626293182373 0.8589567542076111 -3.333114761971956e-08
53.72831109772752 0.09575644880533218 0.984626293182373 0.984626293182373 0.8604528307914734 -3.333114761971956e-08
54.07987359772752 0.09575644880533218 0.984626293182373 0.984626293182373 0.8612492680549622 -3.333114761971956e-08
55.22245172272751 0.09575644880533218 0.984626293182373 0.984626293182373 0.8636490702629089 -3.333114761971956e-08
56.36502984772751 0.09575644880533218 0.984626293182373 0.984626293182373 0.8657084703445435 -3.333114761971956e-08
57.15604547272751 0.09575644880533218 0.984626293182373 0.984626293182373 0.8669641613960266 -3.333114761971956e-08
57.94706109772751 0.09575644880533218 0.984626293182373 0.984626293182373 0.8681640625 -3.333114761971956e-08
58.97353054886375 0.09575644880533218 0.984626293182373 0.984626293182373 0.8696139454841614 -3.333114761971956e-08
59.99999999999999 0.09575644880533218 0.984626293182373 0.984626293182373 0.8709360957145691 -3.333114761971956e-08
60.000099999999996 0.09575644880533218 0.984626293182373 0.984626293182373 0.8709361553192139 -3.333114761971956e-08
60.000299999999996 0.09575644880533218 0.984626293182373 0.984626293182373 0.8709361553192139 -3.333114761971956e-08
60.000699999999995 0.09575644880533218 0.984626293182373 0.9846261143684387 0.8709359169006348 -3.333114761971956e-08
60.001000000000005 0.09575644880533218 0.984626293182373 0.9846256971359253 0.8709356188774109 -3.333114761971956e-08
60.00672000000005 0.09575644880533218 0.984626293182373 0.9845820665359497 0.8709356188774109 -3.333114761971956e-08
60.0124400000001 0.09575644880533218 0.984626293182373 0.9845383167266846 0.8709356188774109 -3.333114761971956e-08
60.03612000000031 0.09575644880533218 0.984626293182373 0.9843540787696838 0.8709356188774109 -3.333114761971956e-08
60.05980000000053 0.09575644880533218 0.984626293182373 0.984167218208313 0.8709356188774109 -3.333114761971956e-08
60.182680000001625 0.09575644880533218 0.984626293182373 0.9831337928771973 0.8709356188774109 -3.333114761971956e-08
60.698082500003096 0.09575644880533218 0.984626293182373 0.9777777791023254 0.8709356188774109 -3.333114761971956e-08
61.04964500000309 0.09575644880533218 0.984626293182373 0.972864031791687 0.8709356188774109 -3.333114761971956e-08
61.24739890625309 0.09575644880533218 0.984626293182373 0.9695696830749512 0.8709356188774109 -3.333114761971956e-08
61.56050925781559 0.09575644880533218 0.984626293182373 0.9630276560783386 0.8709356188774109 -3.333114761971956e-08
61.873619609378096 0.09575644880533218 0.984626293182373 0.9549589157104492 0.8709356188774109 -3.333114761971956e-08
62.6646352343781 0.09575644880533218 0.984626293182373 0.9243772029876709 0.8709356188774109 -3.333114761971956e-08
63.0161977343781 0.09575644880533218 0.984626293182373 0.9054041504859924 0.8709356188774109 -3.333114761971956e-08
63.1919789843781 0.09575644880533218 0.984626293182373 0.8945672512054443 0.8709356188774109 -3.333114761971956e-08
63.3677602343781 0.09575644880533218 0.984626293182373 0.8828327655792236 0.8709356188774109 -3.333114761971956e-08
63.543541484378096 0.09575644880533218 0.984626293182373 0.8702332377433777 0.8709356188774109 -3.333114761971956e-08
63.719322734378096 0.09575644880533218 0.984626293182373 0.8568035364151001 0.8709356188774109 -3.333114761971956e-08
63.895103984378096 0.09575644880533218 0.984626293182373 0.8425652980804443 0.8709356188774109 -3.333114761971956e-08
64.0708852343781 0.09575644880533218 0.984626293182373 0.8275464773178101 0.8709356188774109 -3.333114761971956e-08
64.2466664843781 0.09575644880533218 0.984626293182373 0.8117861747741699 0.8709356188774109 -3.333114761971956e-08
64.4224477343781 0.09575644880533218 0.984626293182373 0.795323371887207 0.8709356188774109 -3.333114761971956e-08
64.5982289843781 0.09575644880533218 0.984626293182373 0.7782049179077148 0.8709356188774109 -3.333114761971956e-08
64.7740102343781 0.09575644880533218 0.984626293182373 0.7604941129684448 0.8709356188774109 -3.333114761971956e-08
64.9497914843781 0.09575644880533218 0.984626293182373 0.742246687412262 0.8709356188774109 -3.333114761971956e-08
65.1255727343781 0.09575644880533218 0.984626293182373 0.7234921455383301 0.8709356188774109 -3.333114761971956e-08
65.3013539843781 0.09575644880533218 0.984626293182373 0.7042480111122131 0.8709356188774109 -3.333114761971956e-08
65.4771352343781 0.09575644880533218 0.984626293182373 0.6845456957817078 0.8709356188774109 -3.333114761971956e-08
65.8286977343781 0.09575644880533218 0.984626293182373 0.6439586877822876 0.8709356188774109 -3.333114761971956e-08
66.0044789843781 0.09575644880533218 0.984626293182373 0.6231161952018738 0.8709356188774109 -3.333114761971956e-08
66.1802602343781 0.09575644880533218 0.984626293182373 0.6019307374954224 0.8709356188774109 -3.333114761971956e-08
66.5318227343781 0.09575644880533218 0.984626293182373 0.5586503744125366 0.8709356188774109 -3.333114761971956e-08
66.7076039843781 0.09575644880533218 0.984626293182373 0.5365904569625854 0.8709356188774109 -3.333114761971956e-08
67.0591664843781 0.09575644880533218 0.984626293182373 0.49177050590515137 0.8709356188774109 -3.333114761971956e-08
67.4107289843781 0.09575644880533218 0.984626293182373 0.4461054801940918 0.8709356188774109 -3.333114761971956e-08
67.7622914843781 0.09575644880533218 0.984626293182373 0.3996405601501465 0.8709356188774109 -3.333114761971956e-08
68.1138539843781 0.09575644880533218 0.984626293182373 0.35248228907585144 0.8709356188774109 -3.333114761971956e-08
68.46541648437808 0.09575644880533218 0.984626293182373 0.304715633392334 0.8709356188774109 -3.333114761971956e-08
68.81697898437808 0.09575644880533218 0.984626293182373 0.25644373893737793 0.8709356188774109 -3.333114761971956e-08
69.34432273437808 0.09575644880533218 0.984626293182373 0.18328991532325745 0.8709356188774109 -3.333114761971956e-08
69.87166648437808 0.09575644880533218 0.984626293182373 0.11018144339323044 0.8709356188774109 -3.333114761971956e-08
70.04744773437808 0.09575644880533218 0.984626293182373 0.08668185025453568 0.8709356188774109 -3.333114761971956e-08
70.22322898437808 0.09575644880533218 0.984626293182373 0.0644654855132103 0.8709356188774109 -3.333114761971956e-08
70.39901023437808 0.09575644880533218 0.984626293182373 0.04427953436970711 0.8709356188774109 -3.333114761971956e-08
70.57479148437808 0.09575644880533218 0.984626293182373 0.02686033397912979 0.8709356188774109 -3.333114761971956e-08
70.75057273437808 0.09575644880533218 0.984626293182373 0.012624748982489109 0.8709356188774109 -3.333114761971956e-08
70.92635398437808 0.09575644880533218 0.984626293182373 0.0015365899307653308 0.8709356188774109 -3.333114761971956e-08
70.9676712400534 0.09575644880533218 0.984626293182373 0.00013209476310294122 0.8709356188774109 -3.333114761971956e-08
70.98722026162419 0.09575644880533218 0.984626293182373 -3.3386132969326354e-08 0.8709356188774109 -3.333114761971956e-08
89.99999999999999 0.09575644880533218 0.984626293182373 -3.3371858165764934e-08 0.8709356188774109 -3.333114406700588e-08
90.0001 0.09575644880533218 0.984626293182373 -3.3368330321081885e-08 0.8709356188774109 -3.333114406700588e-08
90.0003 0.09575644880533218 0.984626293182373 -3.335318865538284e-08 0.8709356188774109 -3.333114406700588e-08
90.00047403557271 0.09575644880533218 0.984626293182373 -1.7223502624119646e-08 0.8709361553192139 -3.333114406700588e-08
90.00082210671812 0.09575644880533218 0.984626293182373 6.338625979651624e-08 0.8709386587142944 -3.333114406700588e-08
90.001 0.09575644880533218 0.984626293182373 1.1282554623903707e-07 0.8709402084350586 -3.333114406700588e-08
119.99999999999999 0.09575644880533218 0.984626293182373 1.1282554623903707e-07 0.8709402084350586 -3.333114406700588e-08
120.0001 0.09575644880533218 0.984626293182373 1.1282554623903707e-07 0.8709402084350586 -3.333114406700588e-08
120.0003 0.09575644880533218 0.984626293182373 1.1282554623903707e-07 0.8709402084350586 -3.333114406700588e-08
120.00040039956022 0.09575644880533218 0.984626293182373 1.1282554623903707e-07 0.8709402084350586 -3.333114406700588e-08
120.00046059150081 0.09575644880533218 0.984626293182373 1.1282554623903707e-07 0.8709402084350586 -3.333114406700588e-08
120.00049548710604 0.09575638920068741 0.984626293182373 1.1282554623903707e-07 0.8709402084350586 1.9241605286879349e-07
120.00051584041881 0.09575622528791428 0.984626293182373 1.1282554623903707e-07 0.8709402084350586 8.473888897242432e-07
120.00053473202833 0.0957559123635292 0.984626293182373 1.1282554623903707e-07 0.8709402084350586 1.977714418899268e-06
120.00054565562267 0.0957556888461113 0.984626293182373 1.1282554623903707e-07 0.8709402084350586 2.710827175178565e-06
120.00055970492417 0.09575537592172623 0.984626293182373 1.1282554623903707e-07 0.8709402084350586 3.6189655929774744e-06
120.0005878035272 0.09575463831424713 0.984626293182373 1.1282554623903707e-07 0.8709402084350586 5.331620741344523e-06
120.00064400073322 0.09575272351503372 0.984626293182373 1.1282554623903707e-07 0.8709402084350586 8.379280188819394e-06
120.00075639514529 0.09574767202138901 0.984626293182373 1.2290006168313994e-07 0.8709402084350586 1.36231710712309e-05
120.00081281679584 0.09574434161186218 0.984626293182373 1.7078082237276249e-07 0.8709402084350586 1.586957114341203e-05
120.00084713720861 0.09574176371097565 0.984626293182373 3.147874849673826e-07 0.8709402084350586 1.7040294551406987e-05
120.00088891407512 0.09573810547590256 0.984626293182373 8.102668402898416e-07 0.8709402084350586 1.8318751244805753e-05
120.00092353980904 0.09573467820882797 0.984626293182373 1.7292537677349173e-06 0.8709402084350586 1.9276412785984576e-05
120.00095769521985 0.09573087841272354 0.984626293182373 3.4111840250261594e-06 0.8709402084350586 2.0127848983975127e-05
120.001 0.09572567790746689 0.984626293182373 6.741289780620718e-06 0.8709402084350586 2.1084169929963537e-05
120.06602197317578 0.08709519356489182 0.984626293182373 0.007596634328365326 0.8709402084350586 0.0013780309818685055
120.13104394635154 0.07867248356342316 0.984626293182373 0.015198162756860256 0.8709402084350586 0.0027386758010834455
120.26109186145048 0.0626080259680748 0.984626293182373 0.030309055000543594 0.8709402084350586 0.005430756136775017
120.43687311145048 0.042738042771816254 0.984626293182373 0.05052522197365761 0.8709402084350586 0.00900372862815857
120.61265436145048 0.025571448728442192 0.984626293182373 0.07048994302749634 0.8709402084350586 0.01249778550118208
120.78843561145048 0.011595345102250576 0.984626293182373 0.09021678566932678 0.8709402084350586 0.015917593613266945
120.96421686145048 0.0009080353775061667 0.984626293182373 0.10978387296199799 0.8709402084350586 0.019287746399641037
120.99883056643725 7.799431841704063e-06 0.984626293182373 0.11361508071422577 0.8709402084350586 0.019944626837968826
121.26715507647663 -3.01065711028059e-06 0.984626293182373 0.14284564554691315 0.8709402084350586 0.02489275485277176
121.53547958651602 -3.3386157838322106e-08 0.984626293182373 0.17160874605178833 0.8709402084350586 0.029698314145207405
121.88704208651602 -3.3386157838322106e-08 0.984626293182373 0.20856517553329468 0.8709402084350586 0.03577512875199318
122.06282333651602 -3.3386157838322106e-08 0.984626293182373 0.22662203013896942 0.8709402084350586 0.038687869906425476
122.41438583651603 -3.3386157838322106e-08 0.984626293182373 0.2618507742881775 0.8709402084350586 0.044253189116716385
122.76594833651605 -3.3386157838322106e-08 0.984626293182373 0.29592591524124146 0.8709402084350586 0.049484480172395706
123.11751083651608 -3.3386157838322106e-08 0.984626293182373 0.32886606454849243 0.8709402084350586 0.05439376458525658
123.4690733365161 -3.3386157838322106e-08 0.984626293182373 0.3605412244796753 0.8709402084350586 0.058951739221811295
123.64485458651612 -3.3386157838322106e-08 0.984626293182373 0.3759135901927948 0.8709402084350586 0.06110391765832901
123.99641708651615 -3.3386157838322106e-08 0.984626293182373 0.4058822989463806 0.8709402084350586 0.06520070135593414
124.52376083651619 -3.3386157838322106e-08 0.984626293182373 0.4488220512866974 0.8709402084350586 0.07082055509090424
125.05110458651623 -3.3386157838322106e-08 0.984626293182373 0.48898079991340637 0.8709402084350586 0.0757390707731247
125.40266708651625 -3.3386157838322106e-08 0.984626293182373 0.5141527652740479 0.8709402084350586 0.07863170653581619
125.93001083651629 -3.3386157838322106e-08 0.984626293182373 0.5494060516357422 0.8709402084350586 0.08239404857158661
126.45735458651633 -3.3386161391035785e-08 0.984626293182373 0.5817643404006958 0.8709402084350586 0.08552489429712296
126.80891708651636 -3.3386161391035785e-08 0.984626293182373 0.6019318103790283 0.8709402084350586 0.08732360601425171
127.16047958651639 -3.3386161391035785e-08 0.984626293182373 0.6208378076553345 0.8709402084350586 0.08887765556573868
127.5120420865164 -3.3386161391035785e-08 0.984626293182373 0.6384828686714172 0.8709402084350586 0.09020056575536728
127.86360458651643 -3.3386161391035785e-08 0.984626293182373 0.6549897193908691 0.8709402084350586 0.09132703393697739
128.03938583651646 -3.3386161391035785e-08 0.984626293182373 0.6627990007400513 0.8709402084350586 0.0918181911110878
128.21516708651646 -3.3386161391035785e-08 0.984626293182373 0.6703083515167236 0.8709402084350586 0.09226273000240326
128.3909483365165 -3.3386161391035785e-08 0.984626293182373 0.677580714225769 0.8709402084350586 0.09267158806324005
128.5667295865165 -3.3386161391035785e-08 0.984626293182373 0.6846553683280945 0.8709402084350586 0.09305188059806824
129.35774521151654 -3.3386161391035785e-08 0.984626293182373 0.713466465473175 0.8709402084350586 0.09436249732971191
130.1487608365166 -3.3386161391035785e-08 0.984626293182373 0.7373932003974915 0.8709402084350586 0.09511906653642654
130.32454208651663 -3.3386161391035785e-08 0.984626293182373 0.7421354055404663 0.8709402084350586 0.09523331373929977
130.50032333651663 -3.3386161391035785e-08 0.984626293182373 0.7467086315155029 0.8709402084350586 0.09533396363258362
130.67610458651666 -3.3386161391035785e-08 0.984626293182373 0.7511031031608582 0.8709402084350586 0.09542115777730942
130.85188583651666 -3.3386161391035785e-08 0.984626293182373 0.7553115487098694 0.8709402084350586 0.09549533575773239
131.55501083651671 -3.3386161391035785e-08 0.984626293182373 0.7705240845680237 0.8709402084350586 0.09569445997476578
132.25813583651677 -3.3386161391035785e-08 0.984626293182373 0.7835338711738586 0.8709402084350586 0.09579025208950043
132.7854795865168 -3.3386161391035785e-08 0.984626293182373 0.7920889258384705 0.8709402084350586 0.09582468867301941
132.96126083651683 -3.3386161391035785e-08 0.984626293182373 0.7947235107421875 0.8709402084350586 0.0958312451839447
133.13704208651683 -3.3386161391035785e-08 0.984626293182373 0.7972690463066101 0.8709402084350586 0.0958363264799118
133.31282333651686 -3.3386161391035785e-08 0.984626293182373 0.7997063994407654 0.8709402084350586 0.09583991765975952
133.48860458651686 -3.3386161391035785e-08 0.984626293182373 0.8020311594009399 0.8709402084350586 0.09584224224090576
134.01594833651689 -3.3386161391035785e-08 0.984626293182373 0.8084548115730286 0.8709402084350586 0.09584509581327438
134.3675108365169 -3.3386161391035785e-08 0.984626293182373 0.8123120069503784 0.8709402084350586 0.09584545344114304
135.510088961517 -3.3386161391035785e-08 0.984626293182373 0.8231930136680603 0.8709402084350586 0.09584549814462662
136.65266708651708 -3.3386161391035785e-08 0.984626293182373 0.8318953514099121 0.8709402084350586 0.09584549069404602
136.8284483365171 -3.3386161391035785e-08 0.984626293182373 0.8330579996109009 0.8709402084350586 0.09584549069404602
137.0042295865171 -3.3386161391035785e-08 0.984626293182373 0.8341771960258484 0.8709402084350586 0.09584549069404602
137.18001083651714 -3.3386161391035785e-08 0.984626293182373 0.8352569341659546 0.8709402084350586 0.09584549069404602
137.9710264615172 -3.3386161391035785e-08 0.984626293182373 0.8397976756095886 0.8709402084350586 0.09584549069404602
138.76204208651725 -3.3386161391035785e-08 0.984626293182373 0.8437302708625793 0.8709402084350586 0.09584549069404602
139.4651670865173 -3.3386161391035785e-08 0.984626293182373 0.8468438982963562 0.8709402084350586 0.09584549069404602
140.16829208651737 -3.3386161391035785e-08 0.984626293182373 0.849737823009491 0.8709402084350586 0.09584549069404602
141.13508896151743 -3.3386161391035785e-08 0.984626293182373 0.853218674659729 0.8709402084350586 0.09584549069404602
142.1018858365175 -3.3386161391035785e-08 0.984626293182373 0.8562530875205994 0.8709402084350586 0.09584549069404602
142.45344833651754 -3.3386161391035785e-08 0.984626293182373 0.8572757840156555 0.8709402084350586 0.09584549069404602
142.89290146151757 -3.3386161391035785e-08 0.984626293182373 0.85847407579422 0.8709402084350586 0.09584549069404602
143.3323545865176 -3.3386161391035785e-08 0.984626293182373 0.859591543674469 0.8709402084350586 0.09584549069404602
143.5081358365176 -3.3386161391035785e-08 0.984626293182373 0.8600176572799683 0.8709402084350586 0.09584549069404602
143.68391708651762 -3.3386161391035785e-08 0.984626293182373 0.860432505607605 0.8709402084350586 0.09584549069404602
143.85969833651762 -3.3386161391035785e-08 0.984626293182373 0.8608366250991821 0.8709402084350586 0.09584549069404602
145.0022764615177 -3.3386161391035785e-08 0.984626293182373 0.8632922768592834 0.8709402084350586 0.09584549069404602
146.1448545865178 -3.3386161391035785e-08 0.984626293182373 0.8654088973999023 0.8709402084350586 0.09584549069404602
147.3753233365179 -3.3386161391035785e-08 0.984626293182373 0.8673638105392456 0.8709402084350586 0.09584549069404602
147.90266708651794 -3.3386161391035785e-08 0.984626293182373 0.8681693077087402 0.8709402084350586 0.09584549069404602
148.95133354325895 -3.337997611652099e-08 0.984626293182373 0.8696523904800415 0.8709402084350586 0.09584549069404602
150.0 -3.3436805324527086e-08 0.984626293182373 0.871005117893219 0.8709402084350586 0.09584549069404602
150.0001 -3.3381780895069824e-08 0.984626293182373 0.8710052371025085 0.8709402084350586 0.09584549069404602
150.0003 -3.334388765097174e-08 0.984626293182373 0.8710054159164429 0.8709394335746765 0.09584540873765945
150.0007 -3.3314513814275415e-08 0.984626293182373 0.8710055947303772 0.8709335923194885 0.09584373235702515
150.00092007237322 -3.3281224887105054e-08 0.984626293182373 0.871005654335022 0.8709264993667603 0.09584001451730728
150.001 -3.327321707047304e-08 0.984626293182373 0.871005654335022 0.8709223866462708 0.09583710134029388
150.01139056048459 3.5999131796415895e-05 0.984626293182373 0.871005654335022 0.8702281713485718 0.09518134593963623
150.0217811209692 7.202831329777837e-05 0.984626293182373 0.871005654335022 0.8695304989814758 0.09452313929796219
150.05503957557576 0.000187312500202097 0.984626293182373 0.871005654335022 0.8672729730606079 0.09240022301673889
150.09938418171785 0.00034092870191670954 0.984626293182373 0.871005654335022 0.8642125129699707 0.08954031020402908
150.18807339400203 0.0006478360155597329 0.984626293182373 0.871005654335022 0.8579414486885071 0.08375757187604904
150.36385464400203 0.0012552913976833224 0.984626293182373 0.871005654335022 0.84507155418396 0.07216804474592209
150.71541714400206 0.002468080259859562 0.984626293182373 0.871005654335022 0.8176442980766296 0.04909905046224594
150.9131710502521 0.003149627707898617 0.984626293182373 0.871005654335022 0.8013286590576172 0.03657839819788933
150.95711636275206 0.0033012323547154665 0.984626293182373 0.871005654335022 0.7975630164146423 0.033950578421354294
151.0450069877521 0.003605932230129838 0.984626293182373 0.871005654335022 0.7899199724197388 0.028909526765346527
151.2207882377521 0.004222467541694641 0.984626293182373 0.871005654335022 0.774308979511261 0.01952636055648327
151.39656948775212 0.004845301620662212 0.984626293182373 0.871005654335022 0.7582970857620239 0.01108933612704277
151.57235073775212 0.005468745715916157 0.984626293182373 0.871005654335022 0.7419066429138184 0.003597333561629057
151.6464735776295 0.005728778894990683 0.984626293182373 0.871005654335022 0.7348818778991699 0.0008582198061048985
151.67614695020313 0.005831416696310043 0.984626293182373 0.871005654335022 0.732041597366333 5.906048318138346e-05
151.6819604507861 0.005851412191987038 0.984626293182373 0.871005654335022 0.7314832210540771 -3.33686962505908e-08
151.8961729843047 0.0065907202661037445 0.984626293182373 0.871005654335022 0.7105945944786072 -3.337180487505975e-08
152.11038551782337 0.007332762703299522 0.984626293182373 0.871005654335022 0.689216673374176 -3.337054366170378e-08
152.19827614282337 0.007635846734046936 0.984626293182373 0.871005654335022 0.680259644985199 -3.337087051136223e-08
152.3740573928234 0.00824913289397955 0.984626293182373 0.871005654335022 0.6621497869491577 -3.337145315640555e-08
152.72561989282343 0.009490304626524448 0.984626293182373 0.871005654335022 0.6251430511474609 -3.3372657526342664e-08
152.90140114282343 0.010111402720212936 0.984626293182373 0.871005654335022 0.6062166690826416 -3.337322951324495e-08
153.07718239282343 0.010731999762356281 0.984626293182373 0.871005654335022 0.5870301723480225 -3.337374465672838e-08
153.42874489282346 0.011971691623330116 0.984626293182373 0.871005654335022 0.5479838848114014 -3.3374639940575435e-08
153.6045261428235 0.012590786442160606 0.984626293182373 0.871005654335022 0.5281471610069275 -3.337505916078953e-08
153.7803073928235 0.013209383934736252 0.984626293182373 0.871005654335022 0.5081327557563782 -3.3375382457734304e-08
154.13186989282352 0.01444508507847786 0.984626293182373 0.871005654335022 0.46765175461769104 -3.337602549891017e-08
154.48343239282354 0.01567879505455494 0.984626293182373 0.871005654335022 0.42652374505996704 -3.337669696179546e-08
155.0107761428236 0.017525631934404373 0.984626293182373 0.871005654335022 0.3637545704841614 -3.3377546060364693e-08
155.36233864282363 0.018754372373223305 0.984626293182373 0.871005654335022 0.32126089930534363 -3.337803633485237e-08
155.88968239282366 0.020593825727701187 0.984626293182373 0.871005654335022 0.256792813539505 -3.33786012163273e-08
156.2412448928237 0.02181774564087391 0.984626293182373 0.871005654335022 0.21342730522155762 -3.337891740784471e-08
156.59280739282372 0.023039773106575012 0.984626293182373 0.871005654335022 0.16983570158481598 -3.337928333735363e-08
157.12015114282374 0.02486911229789257 0.984626293182373 0.871005654335022 0.10486409068107605 -3.33797736118413e-08
157.29593239282377 0.025477852672338486 0.984626293182373 0.871005654335022 0.08402928709983826 -3.337991927310213e-08
157.47171364282377 0.026086056604981422 0.984626293182373 0.871005654335022 0.06426519900560379 -3.338005072350825e-08
157.6474948928238 0.02669375203549862 0.984626293182373 0.871005654335022 0.04611917957663536 -3.338013598863654e-08
157.8232761428238 0.02730095572769642 0.984626293182373 0.871005654335022 0.03014473058283329 -3.3380178621200685e-08
157.9990573928238 0.027907665818929672 0.984626293182373 0.871005654335022 0.016701046377420425 -3.3380231911905867e-08
158.17483864282383 0.02851402759552002 0.984626293182373 0.871005654335022 0.005523299798369408 -3.3380295860752085e-08
158.25964438055183 0.028806570917367935 0.984626293182373 0.871005654335022 0.0011186421616002917 -3.3380320729747837e-08
158.28929663325317 0.028908919543027878 0.984626293182373 0.871005654335022 6.680990190943703e-05 -3.3380324282461515e-08
158.29459138213699 0.028927206993103027 0.984626293182373 0.871005654335022 -3.3380324282461515e-08 -3.3380324282461515e-08
158.71451647675394 0.030374575406312943 0.984626293182373 0.871005654335022 -3.3380324282461515e-08 -3.3380324282461515e-08
159.13444157137093 0.03181743249297142 0.984626293182373 0.871005654335022 -3.3380324282461515e-08 -3.3380324282461515e-08
169.4176446963717 0.06627865135669708 0.984626293182373 0.871005654335022 -3.3380324282461515e-08 -3.3380324282461515e-08
179.70084782137246 0.09907553344964981 0.984626293182373 0.871005654335022 -3.3380324282461515e-08 -3.3380324282461515e-08
179.8766290713725 0.09962190687656403 0.984626293182373 0.871005654335022 -3.3380324282461515e-08 -3.3380324282461515e-08
179.99999999999997 0.10000523179769516 0.984626293182373 0.871005654335022 -3.3380324282461515e-08 -3.3380324282461515e-08
