time a b c w1
0.0 0.0 0.0 0.0 0.0
2.34374997708231e-06 2.34398437508335e-23 1.0801570415496826 1.0801570415496826 2.34398437508335e-23
2.3531289769906394e-06 2.35336424679079e-23 1.0037916898727417 1.0037916898727417 2.35336424679079e-23
2.3718869768072985e-06 2.372124147977851e-23 0.9922298789024353 0.9922298789024353 2.372124147977851e-23
2.449126245505041e-06 2.449371143311084e-23 0.9876051545143127 0.9876051545143127 2.449371143311084e-23
0.00019360463173130613 1.9362399824984054e-21 0.9876051545143127 0.9876051545143127 1.9362399824984054e-21
0.00038480681743822704 3.8484529531415596e-21 0.9876051545143127 0.9876051545143127 -5.559351645700872e-09
0.0007672111888520689 7.672878894427868e-21 0.9876051545143127 0.9876051545143127 -2.7054065654397164e-08
0.001 1.0000999731091105e-20 0.9876051545143127 0.9876051545143127 -3.338482201797888e-08
29.999999999999996 3.000300019364487e-16 0.9876051545143127 0.9876051545143127 -3.3384647935008616e-08
30.000099999999996 3.0003100778807355e-16 0.9876051545143127 0.9876051545143127 -3.336399245768007e-08
30.0003 3.0003299302154367e-16 0.9876051545143127 0.9876051545143127 -3.334358567030904e-08
30.0007 3.0003698995826353e-16 0.9876051545143127 0.9876051545143127 -3.3332788973439165e-08
30.000822963448677 3.646223989406394e-09 0.9876051545143127 0.9876051545143127 -3.292110761776712e-08
30.000893956550424 2.3734301635158772e-08 0.9876051545143127 0.9876051545143127 8.166891468652793e-11
30.00092966530229 6.765469606762053e-08 0.9876051545143127 0.9876051545143127 1.2647203107007954e-07
30.000951525014933 1.3692257994080137e-07 0.9876051545143127 0.9876051545143127 3.960224432830728e-07
30.000972538296836 2.5906035716616316e-07 0.9876051545143127 0.9876051545143127 9.841660357778892e-07
30.000990216563935 4.1541591144778067e-07 0.9876051545143127 0.9876051545143127 1.866522325144615e-06
30.001 5.289494424687291e-07 0.9876051545143127 0.9876051545143127 2.570845936133992e-06
30.002004238246975 1.4853827451588586e-05 0.9876051545143127 0.9876051545143127 9.774290083441883e-05
30.00300847649395 2.9176608222769573e-05 0.9876051545143127 0.9876051545143127 0.00019290755153633654
30.005018916308025 5.784386667073704e-05 0.9876051545143127 0.9876051545143127 0.000383400620194152
30.009039795936175 0.00011515317601151764 0.9876051545143127 0.9876051545143127 0.0007642976124770939
30.017081555192476 0.00022967092809267342 0.9876051545143127 0.9876051545143127 0.001525735016912222
30.03316507370508 0.0004583030240610242 0.9876051545143127 0.9876051545143127 0.003047182923182845
30.065332110730285 0.0009139541070908308 0.9876051545143127 0.9876051545143127 0.00608436856418848
30.129666184780696 0.0018187948735430837 0.9876051545143127 0.9876051545143127 0.01213581021875143
30.258334332881518 0.003603887977078557 0.9876051545143127 0.9876051545143127 0.024151166900992393
30.492709332881518 0.006791051477193832 0.9876051545143127 0.9876051545143127 0.04580729827284813
30.727084332881518 0.009896860457956791 0.9876051545143127 0.9876051545143127 0.0671703889966011
30.961459332881514 0.012910464778542519 0.9876051545143127 0.9876051545143127 0.0881979763507843
31.195834332881514 0.01583169586956501 0.9876051545143127 0.9876051545143127 0.10888595879077911
31.43020933288151 0.01866074837744236 0.9876051545143127 0.9876051545143127 0.1292320042848587
31.664584332881507 0.021397778764367104 0.9876051545143127 0.9876051545143127 0.14923328161239624
31.898959332881503 0.02404290996491909 0.9876051545143127 0.9876051545143127 0.1688864827156067
32.1333343328815 0.02659643441438675 0.9876051545143127 0.9876051545143127 0.1881890743970871
32.367709332881496 0.029058722779154778 0.9876051545143127 0.9876051545143127 0.20713859796524048
32.602084332881496 0.03143004700541496 0.9876051545143127 0.9876051545143127 0.22573155164718628
33.07083433288149 0.03590167313814163 0.9876051545143127 0.9876051545143127 0.2618370056152344
33.30520933288149 0.03800303861498833 0.9876051545143127 0.9876051545143127 0.2793433666229248
33.53958433288148 0.04001578316092491 0.9876051545143127 0.9876051545143127 0.29648295044898987
33.77395933288148 0.04194090887904167 0.9876051545143127 0.9876051545143127 0.31325507164001465
34.00833433288148 0.043779268860816956 0.9876051545143127 0.9876051545143127 0.3296568989753723
34.242709332881475 0.045531876385211945 0.9876051545143127 0.9876051545143127 0.34568604826927185
34.477084332881475 0.04720002040266991 0.9876051545143127 0.9876051545143127 0.361342191696167
34.71145933288147 0.04878506436944008 0.9876051545143127 0.9876051545143127 0.37662479281425476
34.94583433288147 0.05028845742344856 0.9876051545143127 0.9876051545143127 0.3915335536003113
35.18020933288147 0.05171184614300728 0.9876051545143127 0.9876051545143127 0.406069815158844
35.41458433288146 0.05305691435933113 0.9876051545143127 0.9876051545143127 0.42023348808288574
35.64895933288146 0.0543254129588604 0.9876051545143127 0.9876051545143127 0.4340243637561798
35.883334332881454 0.05551929026842117 0.9876051545143127 0.9876051545143127 0.4474443197250366
36.117709332881454 0.05664058402180672 0.9876051545143127 0.9876051545143127 0.4604962468147278
36.352084332881454 0.05769140273332596 0.9876051545143127 0.9876051545143127 0.4731827676296234
36.58645933288145 0.05867395177483559 0.9876051545143127 0.9876051545143127 0.4855059087276459
36.82083433288145 0.05959048867225647 0.9876051545143127 0.9876051545143127 0.4974685311317444
37.05520933288145 0.06044337898492813 0.9876051545143127 0.9876051545143127 0.5090740919113159
37.28958433288144 0.06123518943786621 0.9876051545143127 0.9876051545143127 0.5203251838684082
37.52395933288144 0.061968427151441574 0.9876051545143127 0.9876051545143127 0.5312260985374451
37.75833433288143 0.06264548003673553 0.9876051545143127 0.9876051545143127 0.5417832136154175
37.99270933288143 0.06326885521411896 0.9876051545143127 0.9876051545143127 0.5520018339157104
38.22708433288143 0.0638413205742836 0.9876051545143127 0.9876051545143127 0.5618863105773926
38.461459332881425 0.0643656998872757 0.9876051545143127 0.9876051545143127 0.5714415907859802
38.695834332881425 0.06484463065862656 0.9876051545143127 0.9876051545143127 0.5806738138198853
38.93020933288142 0.06528061628341675 0.9876051545143127 0.9876051545143127 0.5895901918411255
39.16458433288142 0.06567616760730743 0.9876051545143127 0.9876051545143127 0.5981977581977844
39.39895933288142 0.06603385508060455 0.9876051545143127 0.9876051545143127 0.6065035462379456
39.63333433288141 0.06635617464780807 0.9876051545143127 0.9876051545143127 0.6145147085189819
39.86770933288141 0.06664557754993439 0.9876051545143127 0.9876051545143127 0.6222386360168457
40.102084332881404 0.0669044479727745 0.9876051545143127 0.9876051545143127 0.6296828985214233
40.336459332881404 0.06713510304689407 0.9876051545143127 0.9876051545143127 0.6368551850318909
40.8052093328814 0.06752032786607742 0.9876051545143127 0.9876051545143127 0.6504154801368713
41.0395843328814 0.06767909228801727 0.9876051545143127 0.9876051545143127 0.6568191647529602
41.27395933288139 0.06781796365976334 0.9876051545143127 0.9876051545143127 0.6629822850227356
41.50833433288139 0.06793873012065887 0.9876051545143127 0.9876051545143127 0.6689127683639526
41.74270933288139 0.06804327666759491 0.9876051545143127 0.9876051545143127 0.6746183633804321
41.97708433288138 0.06813346594572067 0.9876051545143127 0.9876051545143127 0.6801067590713501
42.21145933288138 0.06821076571941376 0.9876051545143127 0.9876051545143127 0.6853857040405273
42.44583433288138 0.06827638298273087 0.9876051545143127 0.9876051545143127 0.6904628872871399
42.680209332881375 0.06833158433437347 0.9876051545143127 0.9876051545143127 0.6953458189964294
42.914584332881375 0.06837776303291321 0.9876051545143127 0.9876051545143127 0.7000417113304138
43.14895933288137 0.06841617822647095 0.9876051545143127 0.9876051545143127 0.7045577764511108
43.38333433288137 0.0684477686882019 0.9876051545143127 0.9876051545143127 0.7089011073112488
43.61770933288137 0.06847337633371353 0.9876051545143127 0.9876051545143127 0.7130783796310425
43.85208433288136 0.06849393248558044 0.9876051545143127 0.9876051545143127 0.717096209526062
44.320834332881354 0.06852312386035919 0.9876051545143127 0.9876051545143127 0.7246797680854797
44.555209332881354 0.06853298842906952 0.9876051545143127 0.9876051545143127 0.7282577157020569
44.789584332881354 0.06854044646024704 0.9876051545143127 0.9876051545143127 0.7317009568214417
45.02395933288135 0.06854589283466339 0.9876051545143127 0.9876051545143127 0.7350150346755981
45.25833433288135 0.06854971498250961 0.9876051545143127 0.9876051545143127 0.7382053136825562
45.49270933288134 0.06855233013629913 0.9876051545143127 0.9876051545143127 0.7412772178649902
45.72708433288134 0.06855406612157822 0.9876051545143127 0.9876051545143127 0.7442358732223511
45.96145933288134 0.06855514645576477 0.9876051545143127 0.9876051545143127 0.7470859885215759
46.19583433288133 0.06855574995279312 0.9876051545143127 0.9876051545143127 0.7498321533203125
46.43020933288133 0.0685560405254364 0.9876051545143127 0.9876051545143127 0.752478837966919
46.664584332881326 0.06855615228414536 0.9876051545143127 0.9876051545143127 0.7550303936004639
46.898959332881326 0.06855618208646774 0.9876051545143127 0.9876051545143127 0.7574909925460815
47.133334332881326 0.06855618208646774 0.9876051545143127 0.9876051545143127 0.7598645687103271
47.60208433288132 0.06855618208646774 0.9876051545143127 0.9876051545143127 0.7643654346466064
48.07083433288131 0.06855618208646774 0.9876051545143127 0.9876051545143127 0.7685603499412537
48.539584332881304 0.06855618208646774 0.9876051545143127 0.9876051545143127 0.7724749445915222
48.773959332881304 0.06855618208646774 0.9876051545143127 0.9876051545143127 0.7743346691131592
49.008334332881304 0.06855618208646774 0.9876051545143127 0.9876051545143127 0.7761329412460327
49.2427093328813 0.06855618208646774 0.9876051545143127 0.9876051545143127 0.7778722643852234
49.4770843328813 0.06855618208646774 0.9876051545143127 0.9876051545143127 0.7795550227165222
49.71145933288129 0.06855618208646774 0.9876051545143127 0.9876051545143127 0.7811837196350098
49.94583433288129 0.06855618208646774 0.9876051545143127 0.9876051545143127 0.7827606201171875
50.18020933288129 0.06855618208646774 0.9876051545143127 0.9876051545143127 0.7842878103256226
50.41458433288128 0.06855618208646774 0.9876051545143127 0.9876051545143127 0.7857674360275269
50.64895933288128 0.06855618208646774 0.9876051545143127 0.9876051545143127 0.7872014045715332
50.883334332881276 0.06855618208646774 0.9876051545143127 0.9876051545143127 0.7885915040969849
51.58645933288127 0.06855618208646774 0.9876051545143127 0.9876051545143127 0.7925159335136414
51.82083433288127 0.06855618208646774 0.9876051545143127 0.9876051545143127 0.7937475442886353
52.05520933288127 0.06855618208646774 0.9876051545143127 0.9876051545143127 0.7949434518814087
52.28958433288126 0.06855618208646774 0.9876051545143127 0.9876051545143127 0.796104907989502
52.52395933288126 0.06855618208646774 0.9876051545143127 0.9876051545143127 0.7972334027290344
52.758334332881255 0.06855618208646774 0.9876051545143127 0.9876051545143127 0.7983300685882568
54.16458433288124 0.06855618208646774 0.9876051545143127 0.9876051545143127 0.8043065667152405
54.39895933288124 0.06855618208646774 0.9876051545143127 0.9876051545143127 0.8052117824554443
54.63333433288123 0.06855618208646774 0.9876051545143127 0.9876051545143127 0.8060935735702515
54.86770933288123 0.06855618208646774 0.9876051545143127 0.9876051545143127 0.8069528341293335
55.102084332881226 0.06855618208646774 0.9876051545143127 0.9876051545143127 0.8077901601791382
55.570834332881226 0.06855618208646774 0.9876051545143127 0.9876051545143127 0.8094024658203125
55.80520933288122 0.06855618208646774 0.9876051545143127 0.9876051545143127 0.8101788759231567
56.03958433288122 0.06855618208646774 0.9876051545143127 0.9876051545143127 0.8109363913536072
56.27395933288121 0.06855618208646774 0.9876051545143127 0.9876051545143127 0.8116756081581116
56.50833433288121 0.06855618208646774 0.9876051545143127 0.9876051545143127 0.8123971223831177
56.74270933288121 0.06855618208646774 0.9876051545143127 0.9876051545143127 0.813101589679718
56.977084332881205 0.06855618208646774 0.9876051545143127 0.9876051545143127 0.8137894868850708
57.211459332881205 0.06855618208646774 0.9876051545143127 0.9876051545143127 0.8144614696502686
57.445834332881205 0.06855618208646774 0.9876051545143127 0.9876051545143127 0.8151180148124695
57.6802093328812 0.06855618208646774 0.9876051545143127 0.9876051545143127 0.8157596588134766
57.9145843328812 0.06855618208646774 0.9876051545143127 0.9876051545143127 0.8163868188858032
58.852084332881184 0.06855618208646774 0.9876051545143127 0.9876051545143127 0.8187600374221802
59.086459332881184 0.06855618208646774 0.9876051545143127 0.9876051545143127 0.8193216323852539
59.32083433288118 0.06855618208646774 0.9876051545143127 0.9876051545143127 0.8198713064193726
59.55520933288118 0.06855618208646774 0.9876051545143127 0.9876051545143127 0.82040935754776
59.99999999999999 0.06855618208646774 0.9876051545143127 0.9876051545143127 0.8214026093482971
60.000099999999996 0.06855618208646774 0.9876051545143127 0.9876051545143127 0.8214021325111389
60.000299999999996 0.06855590641498566 0.9876051545143127 0.9876051545143127 0.8214016556739807
60.000699999999995 0.06855254620313644 0.9876051545143127 0.9876051545143127 0.8214014768600464
60.001000000000005 0.068546362221241 0.9876051545143127 0.9876051545143127 0.8214014768600464
60.04192000000037 0.06372850388288498 0.9876051545143127 0.9876051545143127 0.8214014768600464
60.082840000000736 0.059040337800979614 0.9876051545143127 0.9876051545143127 0.8214014768600464
60.16476000000147 0.050130151212215424 0.9876051545143127 0.9876051545143127 0.8214014768600464
60.328600000002936 0.034181155264377594 0.9876051545143127 0.9876051545143127 0.8214014768600464
60.562975000002936 0.015312142670154572 0.9876051545143127 0.9876051545143127 0.8214014768600464
60.79735000000293 0.0011543610598891973 0.9876051545143127 0.9876051545143127 0.8214014768600464
60.84367159325588 -3.3384651487722294e-08 0.9876051545143127 0.9876051545143127 0.8214014768600464
89.99999999999999 -3.3433192214715746e-08 0.9876051545143127 0.9876051545143127 0.8214014768600464
90.0001 -3.3380175068487006e-08 0.9876051545143127 0.9876051545143127 0.8214014768600464
90.0003 -3.334358567030904e-08 0.9876051545143127 0.9876051545143127 0.8214014768600464
90.0007 -3.331154019292626e-08 0.9876051545143127 0.9876051545143127 0.8214014768600464
90.001 -3.325470032677913e-08 0.9876051545143127 0.9876051545143127 0.8214014768600464
119.99999999999999 -3.325470032677913e-08 0.9876051545143127 0.9876051545143127 0.8214014768600464
120.0001 -3.325470032677913e-08 0.9876051545143127 0.9876051545143127 0.8214014768600464
120.0003 -3.325470032677913e-08 0.9876051545143127 0.9876051545143127 0.8214014768600464
120.0007 -3.325470032677913e-08 0.9876051545143127 0.9876051545143127 0.8214014768600464
120.001 -3.325470032677913e-08 0.9876051545143127 0.9876051545143127 0.8214014768600464
150.0 -3.325470032677913e-08 0.9876051545143127 0.9876051545143127 0.8214014768600464
150.0001 -3.325470032677913e-08 0.9876051545143127 0.9876051545143127 0.8214014768600464
150.0003 -3.325470032677913e-08 0.9876051545143127 0.9876051545143127 0.8214018940925598
150.0007 -3.325470032677913e-08 0.9876051545143127 0.9876051545143127 0.8214040994644165
150.001 -3.325470032677913e-08 0.9876051545143127 0.9876051545143127 0.8214060664176941
179.99999999999997 -3.325470032677913e-08 0.9876051545143127 0.9876051545143127 0.8214060664176941
180.0001 -3.325470032677913e-08 0.9876051545143127 0.9876051545143127 0.8214060664176941
180.0003 -3.325470032677913e-08 0.9876051545143127 0.9876051545143127 0.8214060664176941
180.0007 -3.325470032677913e-08 0.9876051545143127 0.9876050353050232 0.8214060664176941
180.001 -3.325470032677913e-08 0.9876051545143127 0.9876047968864441 0.8214060664176941
180.00608000000008 -3.325470032677913e-08 0.9876051545143127 0.9875823259353638 0.8214060664176941
180.01116000000016 -3.325470032677913e-08 0.9876051545143127 0.9875597953796387 0.8214060664176941
180.28706750000265 -3.325470032677913e-08 0.9876051545143127 0.9862419366836548 0.8214060664176941
180.56297500000517 -3.325470032677913e-08 0.9876051545143127 0.9847530722618103 0.8214060664176941
180.79735000000514 -3.325470032677913e-08 0.9876051545143127 0.9833426475524902 0.8214060664176941
181.26610000000514 -3.325470032677913e-08 0.9876051545143127 0.9799907803535461 0.8214060664176941
181.7348500000051 -3.325470032677913e-08 0.9876051545143127 0.9757258892059326 0.8214060664176941
181.9692250000051 -3.325470032677913e-08 0.9876051545143127 0.9731504917144775 0.8214060664176941
182.67235000000508 -3.325470032677913e-08 0.9876051545143127 0.9629855155944824 0.8214060664176941
182.90672500000505 -3.325470032677913e-08 0.9876051545143127 0.9585508108139038 0.8214060664176941
183.14110000000505 -3.325470032677913e-08 0.9876051545143127 0.9534545540809631 0.8214060664176941
183.60985000000503 -3.325470032677913e-08 0.9876051545143127 0.9408976435661316 0.8214060664176941
183.84422500000503 -3.325470032677913e-08 0.9876051545143127 0.9332416653633118 0.8214060664176941
184.078600000005 -3.325470032677913e-08 0.9876051545143127 0.9245424866676331 0.8214060664176941
184.312975000005 -3.325470032677913e-08 0.9876051545143127 0.9147178530693054 0.8214060664176941
184.78172500000497 -3.325470032677913e-08 0.9876051545143127 0.8914428949356079 0.8214060664176941
185.01610000000497 -3.325470032677913e-08 0.9876051545143127 0.8779172897338867 0.8214060664176941
185.25047500000497 -3.325470032677913e-08 0.9876051545143127 0.8631186485290527 0.8214060664176941
185.48485000000494 -3.325470032677913e-08 0.9876051545143127 0.8470616340637207 0.8214060664176941
185.71922500000494 -3.325470032677913e-08 0.9876051545143127 0.8297784328460693 0.8214060664176941
185.95360000000494 -3.325470032677913e-08 0.9876051545143127 0.8113150000572205 0.8214060664176941
186.1879750000049 -3.325470032677913e-08 0.9876051545143127 0.7917274236679077 0.8214060664176941
186.4223500000049 -3.325470032677913e-08 0.9876051545143127 0.77107834815979 0.8214060664176941
186.6567250000049 -3.325470032677913e-08 0.9876051545143127 0.7494338750839233 0.8214060664176941
186.89110000000488 -3.325470032677913e-08 0.9876051545143127 0.726860761642456 0.8214060664176941
187.12547500000488 -3.325470032677913e-08 0.9876051545143127 0.7034249901771545 0.8214060664176941
187.35985000000488 -3.325470032677913e-08 0.9876051545143127 0.6791899800300598 0.8214060664176941
187.59422500000485 -3.325470032677913e-08 0.9876051545143127 0.654215931892395 0.8214060664176941
187.82860000000485 -3.325470032677913e-08 0.9876051545143127 0.6285591721534729 0.8214060664176941
188.06297500000485 -3.325470032677913e-08 0.9876051545143127 0.602272093296051 0.8214060664176941
188.29735000000483 -3.325470032677913e-08 0.9876051545143127 0.575403094291687 0.8214060664176941
188.53172500000483 -3.325470032677913e-08 0.9876051545143127 0.547996461391449 0.8214060664176941
188.76610000000483 -3.325470032677913e-08 0.9876051545143127 0.5200929641723633 0.8214060664176941
189.0004750000048 -3.325470032677913e-08 0.9876051545143127 0.4917295575141907 0.8214060664176941
189.2348500000048 -3.325470032677913e-08 0.9876051545143127 0.4629402160644531 0.8214060664176941
189.4692250000048 -3.325470032677913e-08 0.9876051545143127 0.4337557852268219 0.8214060664176941
189.70360000000477 -3.325470032677913e-08 0.9876051545143127 0.40420442819595337 0.8214060664176941
189.93797500000477 -3.325470032677913e-08 0.9876051545143127 0.37431204319000244 0.8214060664176941
190.17235000000477 -3.325470032677913e-08 0.9876051545143127 0.34410253167152405 0.8214060664176941
190.40672500000474 -3.325470032677913e-08 0.9876051545143127 0.31359854340553284 0.8214060664176941
190.64110000000474 -3.325470032677913e-08 0.9876051545143127 0.282822847366333 0.8214060664176941
190.87547500000474 -3.325470032677913e-08 0.9876051545143127 0.251801073551178 0.8214060664176941
191.1098500000047 -3.325470032677913e-08 0.9876051545143127 0.22056880593299866 0.8214060664176941
191.3442250000047 -3.325470032677913e-08 0.9876051545143127 0.18918749690055847 0.8214060664176941
191.5786000000047 -3.325470032677913e-08 0.9876051545143127 0.1577824205160141 0.8214060664176941
191.81297500000468 -3.325470032677913e-08 0.9876051545143127 0.12662388384342194 0.8214060664176941
192.04735000000468 -3.325470032677913e-08 0.9876051545143127 0.09627123177051544 0.8214060664176941
192.28172500000468 -3.325470032677913e-08 0.9876051545143127 0.06772402673959732 0.8214060664176941
192.51610000000466 -3.325470032677913e-08 0.9876051545143127 0.042353130877017975 0.8214060664176941
192.75047500000466 -3.325470032677913e-08 0.9876051545143127 0.02139347232878208 0.8214060664176941
192.98485000000466 -3.325470032677913e-08 0.9876051545143127 0.004864101763814688 0.8214060664176941
193.0743828387432 -3.325470032677913e-08 0.9876051545143127 0.000424383906647563 0.8214060664176941
193.09726392770835 -3.325470032677913e-08 0.9876051545143127 -3.3384647935008616e-08 0.8214060664176941
206.58621377515803 -3.325470032677913e-08 0.9876051545143127 -3.3384647935008616e-08 0.8214060664176941
209.99999999999997 -3.325470032677913e-08 0.9876051545143127 -3.334875842142537e-08 0.8214060664176941
210.00009999999997 -3.325470032677913e-08 0.9876051545143127 -3.335203047072355e-08 0.8214060664176941
210.0003 -3.325470032677913e-08 0.9876051545143127 -3.33329168711316e-08 0.8214060664176941
210.00070000000002 -3.325470032677913e-08 0.9876051545143127 -3.327721032064801e-08 0.8214060664176941
210.0008229639238 -2.9608374418899075e-08 0.9876051545143127 -3.2858981313665936e-08 0.8214060664176941
210.0008939569339 -9.51994927333999e-09 0.9876051545143127 1.441903679788581e-10 0.8214060664176941
210.00092966564537 3.4400969184389396e-08 0.9876051545143127 1.2653674730245257e-07 0.8214060664176941
210.00095152530358 1.0366939307004941e-07 0.9876051545143127 3.960907974942529e-07 0.8214060664176941
210.00097253855512 2.2580817926609598e-07 0.9876051545143127 9.842424333328381e-07 0.8214060664176941
210.00099021690497 3.821654388502793e-07 0.9876051545143127 1.8666110008780379e-06 0.8214060664176941
210.00100000000003 4.956954740009678e-07 0.9876051545143127 2.570914148236625e-06 0.8214060664176941
210.00200423368094 1.4820508113189135e-05 0.9876051545143127 9.774253703653812e-05 0.8214060664176941
210.00300846736184 2.9143224310246296e-05 0.9876051545143127 0.00019290675118099898 0.8214060664176941
210.00501889803488 5.7810353609966114e-05 0.9876051545143127 0.0003833989321719855 0.8214060664176941
210.00903975938093 0.0001151194010162726 0.9876051545143127 0.0007642941782251 0.8214060664176941
210.01708148207302 0.00022963662922848016 0.9876051545143127 0.0015257281484082341 0.8214060664176941
210.03316492745722 0.00045826772111468017 0.9876051545143127 0.0030471691861748695 0.8214060664176941
210.06533181822562 0.0009139167377725244 0.9876051545143127 0.006084341090172529 0.8214060664176941
210.12966559976243 0.001818753546103835 0.9876051545143127 0.012135755270719528 0.8214060664176941
210.25833316283607 0.0036038386169821024 0.9876051545143127 0.02415105700492859 0.8214060664176941
210.49270816283604 0.006791002582758665 0.9876051545143127 0.045807190239429474 0.8214060664176941
210.72708316283604 0.009896812029182911 0.9876051545143127 0.06717028468847275 0.8214060664176941
210.96145816283604 0.012910418212413788 0.9876051545143127 0.08819787204265594 0.8214060664176941
211.195833162836 0.01583164930343628 0.9876051545143127 0.10888585448265076 0.8214060664176941
211.430208162836 0.01866070181131363 0.9876051545143127 0.12923189997673035 0.8214060664176941
211.664583162836 0.021397732198238373 0.9876051545143127 0.14923317730426788 0.8214060664176941
211.89895816283598 0.02404286339879036 0.9876051545143127 0.16888639330863953 0.8214060664176941
212.13333316283598 0.02659638784825802 0.9876051545143127 0.18818898499011993 0.8214060664176941
212.36770816283598 0.029058678075671196 0.9876051545143127 0.20713850855827332 0.8214060664176941
212.60208316283595 0.03143000230193138 0.9876051545143127 0.22573146224021912 0.8214060664176941
213.07083316283595 0.03590162843465805 0.9876051545143127 0.2618368864059448 0.8214060664176941
213.30520816283592 0.038002997636795044 0.9876051545143127 0.27934330701828003 0.8214060664176941
213.53958316283592 0.04001574218273163 0.9876051545143127 0.2964828610420227 0.8214060664176941
213.77395816283592 0.04194086790084839 0.9876051545143127 0.3132549822330475 0.8214060664176941
214.0083331628359 0.04377923160791397 0.9876051545143127 0.32965683937072754 0.8214060664176941
214.2427081628359 0.04553183168172836 0.9876051545143127 0.3456859588623047 0.8214060664176941
214.4770831628359 0.047199979424476624 0.9876051545143127 0.3613421320915222 0.8214060664176941
214.71145816283587 0.048785027116537094 0.9876051545143127 0.3766247034072876 0.8214060664176941
214.94583316283587 0.05028841644525528 0.9876051545143127 0.3915334939956665 0.8214060664176941
215.18020816283587 0.051711805164813995 0.9876051545143127 0.4060697555541992 0.8214060664176941
215.41458316283584 0.05305687338113785 0.9876051545143127 0.42023342847824097 0.8214060664176941
215.64895816283584 0.054325371980667114 0.9876051545143127 0.43402430415153503 0.8214060664176941
215.88333316283584 0.05551924929022789 0.9876051545143127 0.44744426012039185 0.8214060664176941
216.1177081628358 0.05664054676890373 0.9876051545143127 0.460496187210083 0.8214060664176941
216.3520831628358 0.057691365480422974 0.9876051545143127 0.47318270802497864 0.8214060664176941
216.5864581628358 0.0586739182472229 0.9876051545143127 0.4855058491230011 0.8214060664176941
216.82083316283578 0.059590451419353485 0.9876051545143127 0.4974684715270996 0.8214060664176941
217.05520816283578 0.060443345457315445 0.9876051545143127 0.5090740919113159 0.8214060664176941
217.28958316283578 0.061235152184963226 0.9876051545143127 0.5203251838684082 0.8214060664176941
217.52395816283575 0.06196838989853859 0.9876051545143127 0.5312260389328003 0.8214060664176941
217.75833316283575 0.06264544278383255 0.9876051545143127 0.5417831540107727 0.8214060664176941
217.99270816283575 0.06326881796121597 0.9876051545143127 0.5520017743110657 0.8214060664176941
218.22708316283573 0.06384128332138062 0.9876051545143127 0.5618863105773926 0.8214060664176941
218.46145816283573 0.06436565518379211 0.9876051545143127 0.5714415311813354 0.8214060664176941
218.69583316283573 0.06484459340572357 0.9876051545143127 0.5806737542152405 0.8214060664176941
218.9302081628357 0.06528057903051376 0.9876051545143127 0.5895901918411255 0.8214060664176941
219.1645831628357 0.06567613780498505 0.9876051545143127 0.5981977581977844 0.8214060664176941
219.3989581628357 0.06603382527828217 0.9876051545143127 0.6065034866333008 0.8214060664176941
219.63333316283567 0.06635613739490509 0.9876051545143127 0.6145146489143372 0.8214060664176941
219.86770816283567 0.0666455402970314 0.9876051545143127 0.6222385764122009 0.8214060664176941
220.10208316283567 0.06690441817045212 0.9876051545143127 0.6296828389167786 0.8214060664176941
220.33645816283564 0.06713507324457169 0.9876051545143127 0.6368551254272461 0.8214060664176941
220.80520816283564 0.06752029806375504 0.9876051545143127 0.6504154205322266 0.8214060664176941
221.0395831628356 0.06767906248569489 0.9876051545143127 0.6568191051483154 0.8214060664176941
221.2739581628356 0.06781793385744095 0.9876051545143127 0.6629822254180908 0.8214060664176941
221.50833316283558 0.06793870031833649 0.9876051545143127 0.6689127683639526 0.8214060664176941
221.74270816283558 0.06804324686527252 0.9876051545143127 0.6746183633804321 0.8214060664176941
221.97708316283558 0.06813342869281769 0.9876051545143127 0.6801067590713501 0.8214060664176941
222.21145816283556 0.06821073591709137 0.9876051545143127 0.6853857040405273 0.8214060664176941
222.44583316283556 0.06827635318040848 0.9876051545143127 0.6904628872871399 0.8214060664176941
222.68020816283556 0.06833155453205109 0.9876051545143127 0.6953458189964294 0.8214060664176941
222.91458316283553 0.06837773323059082 0.9876051545143127 0.7000417113304138 0.8214060664176941
223.14895816283553 0.06841614842414856 0.9876051545143127 0.7045577764511108 0.8214060664176941
223.38333316283553 0.06844773143529892 0.9876051545143127 0.708901047706604 0.8214060664176941
223.6177081628355 0.06847333908081055 0.9876051545143127 0.7130783200263977 0.8214060664176941
223.8520831628355 0.06849390268325806 0.9876051545143127 0.717096209526062 0.8214060664176941
224.32083316283547 0.0685230940580368 0.9876051545143127 0.7246797680854797 0.8214060664176941
224.55520816283547 0.06853295862674713 0.9876051545143127 0.7282576560974121 0.8214060664176941
224.78958316283547 0.06854041665792465 0.9876051545143127 0.7317008972167969 0.8214060664176941
225.02395816283544 0.068545863032341 0.9876051545143127 0.7350149750709534 0.8214060664176941
225.25833316283544 0.06854968518018723 0.9876051545143127 0.7382053136825562 0.8214060664176941
225.49270816283544 0.06855229288339615 0.9876051545143127 0.7412772178649902 0.8214060664176941
225.7270831628354 0.06855402886867523 0.9876051545143127 0.7442358136177063 0.8214060664176941
225.9614581628354 0.06855511665344238 0.9876051545143127 0.7470859289169312 0.8214060664176941
226.1958331628354 0.06855571269989014 0.9876051545143127 0.7498321533203125 0.8214060664176941
226.43020816283538 0.06855600327253342 0.9876051545143127 0.752478837966919 0.8214060664176941
226.66458316283538 0.06855611503124237 0.9876051545143127 0.7550303936004639 0.8214060664176941
226.89895816283538 0.06855614483356476 0.9876051545143127 0.7574909925460815 0.8214060664176941
227.13333316283536 0.06855614483356476 0.9876051545143127 0.7598645091056824 0.8214060664176941
227.60208316283536 0.06855614483356476 0.9876051545143127 0.7643653750419617 0.8214060664176941
228.07083316283533 0.06855614483356476 0.9876051545143127 0.7685603499412537 0.8214060664176941
228.5395831628353 0.06855614483356476 0.9876051545143127 0.7724749445915222 0.8214060664176941
228.7739581628353 0.06855614483356476 0.9876051545143127 0.7743346691131592 0.8214060664176941
229.0083331628353 0.06855614483356476 0.9876051545143127 0.7761329412460327 0.8214060664176941
229.24270816283527 0.06855614483356476 0.9876051545143127 0.7778722643852234 0.8214060664176941
229.47708316283527 0.06855614483356476 0.9876051545143127 0.7795550227165222 0.8214060664176941
229.71145816283527 0.06855614483356476 0.9876051545143127 0.7811837196350098 0.8214060664176941
229.94583316283524 0.06855614483356476 0.9876051545143127 0.7827606201171875 0.8214060664176941
230.18020816283524 0.06855614483356476 0.9876051545143127 0.7842878103256226 0.8214060664176941
230.41458316283524 0.06855614483356476 0.9876051545143127 0.7857673764228821 0.8214060664176941
230.6489581628352 0.06855614483356476 0.9876051545143127 0.7872013449668884 0.8214060664176941
230.8833331628352 0.06855614483356476 0.9876051545143127 0.7885915040969849 0.8214060664176941
231.58645816283519 0.06855614483356476 0.9876051545143127 0.7925159335136414 0.8214060664176941
231.82083316283519 0.06855614483356476 0.9876051545143127 0.7937475442886353 0.8214060664176941
232.05520816283516 0.06855614483356476 0.9876051545143127 0.7949434518814087 0.8214060664176941
232.28958316283516 0.06855614483356476 0.9876051545143127 0.796104907989502 0.8214060664176941
232.52395816283516 0.06855614483356476 0.9876051545143127 0.7972334027290344 0.8214060664176941
232.75833316283513 0.06855614483356476 0.9876051545143127 0.7983300685882568 0.8214060664176941
234.16458316283507 0.06855614483356476 0.9876051545143127 0.8043065667152405 0.8214060664176941
234.39895816283507 0.06855614483356476 0.9876051545143127 0.8052117824554443 0.8214060664176941
234.63333316283507 0.06855614483356476 0.9876051545143127 0.8060935735702515 0.8214060664176941
234.86770816283504 0.06855614483356476 0.9876051545143127 0.8069528341293335 0.8214060664176941
235.10208316283504 0.06855614483356476 0.9876051545143127 0.8077901601791382 0.8214060664176941
235.57083316283502 0.06855614483356476 0.9876051545143127 0.8094024658203125 0.8214060664176941
235.80520816283502 0.06855614483356476 0.9876051545143127 0.8101788759231567 0.8214060664176941
236.03958316283502 0.06855614483356476 0.9876051545143127 0.8109363913536072 0.8214060664176941
236.273958162835 0.06855614483356476 0.9876051545143127 0.8116756081581116 0.8214060664176941
236.508333162835 0.06855614483356476 0.9876051545143127 0.8123971223831177 0.8214060664176941
236.742708162835 0.06855614483356476 0.9876051545143127 0.813101589679718 0.8214060664176941
236.97708316283496 0.06855614483356476 0.9876051545143127 0.8137894868850708 0.8214060664176941
237.21145816283496 0.06855614483356476 0.9876051545143127 0.8144614696502686 0.8214060664176941
237.44583316283496 0.06855614483356476 0.9876051545143127 0.8151180148124695 0.8214060664176941
237.68020816283493 0.06855614483356476 0.9876051545143127 0.8157596588134766 0.8214060664176941
237.91458316283493 0.06855614483356476 0.9876051545143127 0.8163868188858032 0.8214060664176941
238.8520831628349 0.06855614483356476 0.9876051545143127 0.8187600374221802 0.8214060664176941
239.08645816283487 0.06855614483356476 0.9876051545143127 0.8193216323852539 0.8214060664176941
239.32083316283487 0.06855614483356476 0.9876051545143127 0.8198713064193726 0.8214060664176941
239.55520816283487 0.06855614483356476 0.9876051545143127 0.82040935754776 0.8214060664176941
239.78958316283484 0.06855614483356476 0.9876051545143127 0.8209365010261536 0.8214060664176941
239.99999999999997 0.06855614483356476 0.9876051545143127 0.8214026093482971 0.8214060664176941
