time a b c w1
0.0 0.0 0.0 0.0 0.0
2.34374997708231e-06 1.0801570415496826 1.0801570415496826 1.0801570415496826 2.34398437508335e-23
2.3531289769906394e-06 1.0037916898727417 1.0037916898727417 1.0037916898727417 2.35336424679079e-23
2.3718869768072985e-06 0.9922298789024353 0.9922298789024353 0.9922298789024353 2.372124147977851e-23
2.449126245505041e-06 0.9876051545143127 0.9876051545143127 0.9876051545143127 2.449371143311084e-23
0.00019360463173130613 0.9876051545143127 0.9876051545143127 0.9876051545143127 1.9362399824984054e-21
0.00038480681743822704 0.9876051545143127 0.9876051545143127 0.9876051545143127 -5.559440463542842e-09
0.0007672111888520689 0.9876051545143127 0.9876051545143127 0.9876051545143127 -2.705469981378883e-08
0.001 0.9876051545143127 0.9876051545143127 0.9876051545143127 -3.3386008624347596e-08
29.999999999999996 0.9876051545143127 0.9876051545143127 0.9876051545143127 -3.3385834541377335e-08
30.000099999999996 0.9876051545143127 0.9876051545143127 0.9876051545143127 -3.336470300041583e-08
30.0003 0.9876051545143127 0.9876051545143127 0.9876051545143127 -3.334382370212552e-08
30.0007 0.9876051545143127 0.9876051545143127 0.9876051545143127 -3.333232001523356e-08
30.001 0.9876051545143127 0.9876051545143127 0.9876051545143127 -3.332738174322003e-08
59.99999999999999 0.9876051545143127 0.9876051545143127 0.9876051545143127 -3.332738174322003e-08
60.000099999999996 0.9876051545143127 0.9876051545143127 0.9876051545143127 -3.332738174322003e-08
60.000299999999996 0.9876051545143127 0.9876051545143127 0.9876051545143127 -3.332738174322003e-08
60.000699999999995 0.9876049160957336 0.9876051545143127 0.9876051545143127 -3.332738174322003e-08
60.001000000000005 0.9876046180725098 0.9876051545143127 0.9876051545143127 -3.332738174322003e-08
60.16480000000147 0.9864519238471985 0.9876051545143127 0.9876051545143127 -3.332738174322003e-08
60.328600000002936 0.9851633906364441 0.9876051545143127 0.9876051545143127 -3.332738174322003e-08
60.79735000000293 0.9807260036468506 0.9876051545143127 0.9876051545143127 -3.332738174322003e-08
61.03172500000293 0.9779530167579651 0.9876051545143127 0.9876051545143127 -3.332738174322003e-08
61.50047500000293 0.9708760976791382 0.9876051545143127 0.9876051545143127 -3.332738174322003e-08
61.969225000002936 0.9610497951507568 0.9876051545143127 0.9876051545143127 -3.332738174322003e-08
62.43797500000295 0.9474539160728455 0.9876051545143127 0.9876051545143127 -3.332738174322003e-08
62.67235000000295 0.9389058351516724 0.9876051545143127 0.9876051545143127 -3.332738174322003e-08
63.14110000000296 0.9177336692810059 0.9876051545143127 0.9876051545143127 -3.332738174322003e-08
63.375475000002965 0.9049562215805054 0.9876051545143127 0.9876051545143127 -3.332738174322003e-08
63.609850000002965 0.8906723260879517 0.9876051545143127 0.9876051545143127 -3.332738174322003e-08
63.84422500000297 0.8748908638954163 0.9876051545143127 0.9876051545143127 -3.332738174322003e-08
64.07860000000298 0.8576513528823853 0.9876051545143127 0.9876051545143127 -3.332738174322003e-08
64.31297500000298 0.8390169739723206 0.9876051545143127 0.9876051545143127 -3.332738174322003e-08
64.54735000000298 0.8190677165985107 0.9876051545143127 0.9876051545143127 -3.332738174322003e-08
64.781725000003 0.7978930473327637 0.9876051545143127 0.9876051545143127 -3.332738174322003e-08
65.016100000003 0.7755864858627319 0.9876051545143127 0.9876051545143127 -3.332738174322003e-08
65.250475000003 0.7522410154342651 0.9876051545143127 0.9876051545143127 -3.332738174322003e-08
65.484850000003 0.7279460430145264 0.9876051545143127 0.9876051545143127 -3.332738174322003e-08
65.71922500000301 0.702785849571228 0.9876051545143127 0.9876051545143127 -3.332738174322003e-08
65.95360000000301 0.6768382787704468 0.9876051545143127 0.9876051545143127 -3.332738174322003e-08
66.18797500000301 0.6501743197441101 0.9876051545143127 0.9876051545143127 -3.332738174322003e-08
66.42235000000302 0.6228585839271545 0.9876051545143127 0.9876051545143127 -3.332738174322003e-08
66.65672500000302 0.5949491262435913 0.9876051545143127 0.9876051545143127 -3.332738174322003e-08
66.89110000000302 0.5664981603622437 0.9876051545143127 0.9876051545143127 -3.332738174322003e-08
67.12547500000302 0.5375525951385498 0.9876051545143127 0.9876051545143127 -3.332738174322003e-08
67.35985000000304 0.5081542134284973 0.9876051545143127 0.9876051545143127 -3.332738174322003e-08
67.59422500000304 0.47834068536758423 0.9876051545143127 0.9876051545143127 -3.332738174322003e-08
67.82860000000304 0.44814565777778625 0.9876051545143127 0.9876051545143127 -3.332738174322003e-08
68.06297500000305 0.4175993800163269 0.9876051545143127 0.9876051545143127 -3.332738174322003e-08
68.29735000000305 0.3867291510105133 0.9876051545143127 0.9876051545143127 -3.332738174322003e-08
68.53172500000305 0.3555598258972168 0.9876051545143127 0.9876051545143127 -3.332738174322003e-08
68.76610000000305 0.32411453127861023 0.9876051545143127 0.9876051545143127 -3.332738174322003e-08
69.23485000000306 0.26048800349235535 0.9876051545143127 0.9876051545143127 -3.332738174322003e-08
69.46922500000306 0.22836410999298096 0.9876051545143127 0.9876051545143127 -3.332738174322003e-08
69.70360000000306 0.1960996836423874 0.9876051545143127 0.9876051545143127 -3.332738174322003e-08
69.93797500000308 0.16380858421325684 0.9876051545143127 0.9876051545143127 -3.332738174322003e-08
70.17235000000308 0.13174191117286682 0.9876051545143127 0.9876051545143127 -3.332738174322003e-08
70.40672500000308 0.10043609887361526 0.9876051545143127 0.9876051545143127 -3.332738174322003e-08
70.64110000000309 0.07088732719421387 0.9876051545143127 0.9876051545143127 -3.332738174322003e-08
70.87547500000309 0.04452124610543251 0.9876051545143127 0.9876051545143127 -3.332738174322003e-08
71.10985000000309 0.02268701232969761 0.9876051545143127 0.9876051545143127 -3.332738174322003e-08
71.34422500000309 0.0053908247500658035 0.9876051545143127 0.9876051545143127 -3.332738174322003e-08
71.43666318545012 0.0004558273358270526 0.9876051545143127 0.9876051545143127 -3.332738174322003e-08
71.45864104471694 -3.3385834541377335e-08 0.9876051545143127 0.9876051545143127 -3.332738174322003e-08
89.99999999999999 -3.342909238313041e-08 0.9876051545143127 0.9876051545143127 -3.332738174322003e-08
90.0001 -3.33791199125244e-08 0.9876051545143127 0.9876051545143127 -3.332738174322003e-08
90.0003 -3.334382370212552e-08 0.9876051545143127 0.9876051545143127 -3.332738174322003e-08
90.0007 -3.331378195525758e-08 0.9876051545143127 0.9876051545143127 -3.332738174322003e-08
90.001 -3.32624985333041e-08 0.9876051545143127 0.9876051545143127 -3.332738174322003e-08
119.99999999999999 -3.32624985333041e-08 0.9876051545143127 0.9876051545143127 -3.332738174322003e-08
120.0001 -3.32624985333041e-08 0.9876051545143127 0.9876051545143127 -3.332738174322003e-08
120.0003 -3.32624985333041e-08 0.9876051545143127 0.9876051545143127 -3.332738174322003e-08
120.0007 -3.32624985333041e-08 0.9876051545143127 0.9876051545143127 -3.332738174322003e-08
120.001 -3.32624985333041e-08 0.9876051545143127 0.9876051545143127 -3.332738174322003e-08
150.0 -3.32624985333041e-08 0.9876051545143127 0.9876051545143127 -3.332738174322003e-08
150.0001 -3.32624985333041e-08 0.9876051545143127 0.9876051545143127 -3.332738174322003e-08
150.0003 -2.0766652397696816e-08 0.9876051545143127 0.9876051545143127 -3.332738174322003e-08
150.00044239856592 9.523098754016246e-09 0.9876051545143127 0.9876051545143127 -3.332738174322003e-08
150.00072719569775 7.416161196260873e-08 0.9876051545143127 0.9876051545143127 -3.332738174322003e-08
150.001 9.509429332865693e-08 0.9876051545143127 0.9876051545143127 -3.332738174322003e-08
179.99999999999997 9.509429332865693e-08 0.9876051545143127 0.9876051545143127 -3.332738174322003e-08
180.0001 9.509429332865693e-08 0.9876051545143127 0.9876051545143127 -3.332738174322003e-08
180.0003 9.509429332865693e-08 0.9876051545143127 0.9876051545143127 -3.332738174322003e-08
180.0007 9.509429332865693e-08 0.9876051545143127 0.9876049160957336 -3.332738174322003e-08
180.001 9.509429332865693e-08 0.9876051545143127 0.9876046180725098 -3.332738174322003e-08
180.00608000000008 9.509429332865693e-08 0.9876051545143127 0.9875709414482117 -3.332738174322003e-08
180.01116000000016 9.509429332865693e-08 0.9876051545143127 0.9875370860099792 -3.332738174322003e-08
180.0828400000013 9.509429332865693e-08 0.9876051545143127 0.9870461225509644 -3.332738174322003e-08
180.32860000000517 9.509429332865693e-08 0.9876051545143127 0.9851617813110352 -3.332738174322003e-08
180.79735000000514 9.509429332865693e-08 0.9876051545143127 0.9807174205780029 -3.332738174322003e-08
181.03172500000514 9.509429332865693e-08 0.9876051545143127 0.9779422879219055 -3.332738174322003e-08
181.5004750000051 9.509429332865693e-08 0.9876051545143127 0.9708611965179443 -3.332738174322003e-08
181.9692250000051 9.509429332865693e-08 0.9876051545143127 0.9610289335250854 -3.332738174322003e-08
182.67235000000508 9.509429332865693e-08 0.9876051545143127 0.938872218132019 -3.332738174322003e-08
182.90672500000505 9.509429332865693e-08 0.9876051545143127 0.9289911985397339 -3.332738174322003e-08
183.14110000000505 9.509429332865693e-08 0.9876051545143127 0.9176897406578064 -3.332738174322003e-08
183.37547500000505 9.509429332865693e-08 0.9876051545143127 0.9049070477485657 -3.332738174322003e-08
183.60985000000503 9.509429332865693e-08 0.9876051545143127 0.8906177282333374 -3.332738174322003e-08
183.84422500000503 9.509429332865693e-08 0.9876051545143127 0.8748309016227722 -3.332738174322003e-08
184.078600000005 9.509429332865693e-08 0.9876051545143127 0.857586145401001 -3.332738174322003e-08
184.312975000005 9.509429332865693e-08 0.9876051545143127 0.8389468789100647 -3.332738174322003e-08
184.547350000005 9.509429332865693e-08 0.9876051545143127 0.8189930319786072 -3.332738174322003e-08
184.78172500000497 9.509429332865693e-08 0.9876051545143127 0.797814130783081 -3.332738174322003e-08
185.01610000000497 9.509429332865693e-08 0.9876051545143127 0.7755036354064941 -3.332738174322003e-08
185.25047500000497 9.509429332865693e-08 0.9876051545143127 0.7521544694900513 -3.332738174322003e-08
185.48485000000494 9.509429332865693e-08 0.9876051545143127 0.7278562784194946 -3.332738174322003e-08
185.71922500000494 9.509429332865693e-08 0.9876051545143127 0.7026931047439575 -3.332738174322003e-08
185.95360000000494 9.509429332865693e-08 0.9876051545143127 0.6767427325248718 -3.332738174322003e-08
186.1879750000049 9.509429332865693e-08 0.9876051545143127 0.6500763297080994 -3.332738174322003e-08
186.4223500000049 9.509429332865693e-08 0.9876051545143127 0.6227583289146423 -3.332738174322003e-08
186.6567250000049 9.509429332865693e-08 0.9876051545143127 0.594846785068512 -3.332738174322003e-08
186.89110000000488 9.509429332865693e-08 0.9876051545143127 0.5663939714431763 -3.332738174322003e-08
187.12547500000488 9.509429332865693e-08 0.9876051545143127 0.5374466776847839 -3.332738174322003e-08
187.59422500000485 9.509429332865693e-08 0.9876051545143127 0.4782317578792572 -3.332738174322003e-08
187.82860000000485 9.509429332865693e-08 0.9876051545143127 0.4480353891849518 -3.332738174322003e-08
188.06297500000485 9.509429332865693e-08 0.9876051545143127 0.41748788952827454 -3.332738174322003e-08
188.29735000000483 9.509429332865693e-08 0.9876051545143127 0.3866165280342102 -3.332738174322003e-08
188.53172500000483 9.509429332865693e-08 0.9876051545143127 0.3554461896419525 -3.332738174322003e-08
188.76610000000483 9.509429332865693e-08 0.9876051545143127 0.32399991154670715 -3.332738174322003e-08
189.0004750000048 9.509429332865693e-08 0.9876051545143127 0.2923002243041992 -3.332738174322003e-08
189.4692250000048 9.509429332865693e-08 0.9876051545143127 0.22824721038341522 -3.332738174322003e-08
189.70360000000477 9.509429332865693e-08 0.9876051545143127 0.195982426404953 -3.332738174322003e-08
189.93797500000477 9.509429332865693e-08 0.9876051545143127 0.16369155049324036 -3.332738174322003e-08
190.17235000000477 9.509429332865693e-08 0.9876051545143127 0.1316264569759369 -3.332738174322003e-08
190.40672500000474 9.509429332865693e-08 0.9876051545143127 0.10032490640878677 -3.332738174322003e-08
190.64110000000474 9.509429332865693e-08 0.9876051545143127 0.07078494131565094 -3.332738174322003e-08
190.87547500000474 9.509429332865693e-08 0.9876051545143127 0.04443315416574478 -3.332738174322003e-08
191.1098500000047 9.509429332865693e-08 0.9876051545143127 0.022617008537054062 -3.332738174322003e-08
191.3442250000047 9.509429332865693e-08 0.9876051545143127 0.005348725710064173 -3.332738174322003e-08
191.43637468762148 9.509429332865693e-08 0.9876051545143127 0.000450252991868183 -3.332738174322003e-08
191.45824301371962 9.509429332865693e-08 0.9876051545143127 -3.3385838094091014e-08 -3.332738174322003e-08
208.24955024038147 9.509429332865693e-08 0.9876051545143127 -3.3385834541377335e-08 -3.332738174322003e-08
209.99999999999997 9.509429332865693e-08 0.9876051545143127 -3.342838184039465e-08 -3.332738174322003e-08
210.00009999999997 9.509429332865693e-08 0.9876051545143127 -3.33788854334216e-08 -3.332738174322003e-08
210.0003 9.509429332865693e-08 0.9876051545143127 -3.334382370212552e-08 -3.332738174322003e-08
210.00070000000002 9.509429332865693e-08 0.9876051545143127 -3.3322773873578626e-08 -3.332738174322003e-08
210.00082296320653 1.0362357016902024e-07 0.9876051545143127 -3.1370511521799926e-08 -3.332738174322003e-08
210.00089395649712 1.4254490565690503e-07 0.9876051545143127 2.002855126193026e-08 -3.332738174322003e-08
210.0009296839202 2.1744502021192602e-07 0.9876051545143127 1.9888510394139303e-07 -3.332738174322003e-08
210.0009517151187 3.273752042787237e-07 0.9876051545143127 5.679458467966469e-07 -3.332738174322003e-08
210.00097214097477 5.065515438218426e-07 0.9876051545143127 1.326618416896963e-06 -3.332738174322003e-08
210.00099048292589 7.414789706672309e-07 0.9876051545143127 2.485914819772006e-06 -3.332738174322003e-08
210.00100000000003 8.964321409621334e-07 0.9876051545143127 3.321358235552907e-06 -3.332738174322003e-08
210.00487940885168 7.66963858040981e-05 0.9876051545143127 0.0004397431912366301 -3.332738174322003e-08
210.0087607128713 0.00015249292482621968 0.9876051545143127 0.000876248290296644 -3.332738174322003e-08
210.01652332091058 0.000303964625345543 0.9876051545143127 0.0017488684970885515 -3.332738174322003e-08
210.0320485369891 0.0006064223707653582 0.9876051545143127 0.0034925478976219893 -3.332738174322003e-08
210.06309896914615 0.001209394307807088 0.9876051545143127 0.006973654497414827 -3.332738174322003e-08
210.12519983346027 0.002407555701211095 0.9876051545143127 0.013910799287259579 -3.332738174322003e-08
210.2494015620885 0.0047736214473843575 0.9876051545143127 0.027687346562743187 -3.332738174322003e-08
210.4837765620885 0.009155268780887127 0.9876051545143127 0.053414370864629745 -3.332738174322003e-08
210.71815156208848 0.013430727645754814 0.9876051545143127 0.07879463583230972 -3.332738174322003e-08
210.95252656208848 0.017584359273314476 0.9876051545143127 0.10377369076013565 -3.332738174322003e-08
211.42127656208845 0.02552015706896782 0.9876051545143127 0.15249177813529968 -3.332738174322003e-08
211.89002656208845 0.032955706119537354 0.9876051545143127 0.19951479136943817 -3.332738174322003e-08
212.12440156208842 0.03648455813527107 0.9876051545143127 0.22237615287303925 -3.332738174322003e-08
212.35877656208842 0.039886392652988434 0.9876051545143127 0.24479380249977112 -3.332738174322003e-08
212.59315156208842 0.043160658329725266 0.9876051545143127 0.2667607367038727 -3.332738174322003e-08
212.8275265620884 0.046307146549224854 0.9876051545143127 0.2882710099220276 -3.332738174322003e-08
213.0619015620884 0.04932525008916855 0.9876051545143127 0.3093157410621643 -3.332738174322003e-08
213.76502656208837 0.057608623057603836 0.9876051545143127 0.3695853352546692 -3.332738174322003e-08
213.99940156208837 0.06011413410305977 0.9876051545143127 0.38870105147361755 -3.332738174322003e-08
214.23377656208834 0.06249317526817322 0.9876051545143127 0.4073218107223511 -3.332738174322003e-08
214.46815156208834 0.06474704295396805 0.9876051545143127 0.42544442415237427 -3.332738174322003e-08
214.70252656208834 0.06687723100185394 0.9876051545143127 0.4430663585662842 -3.332738174322003e-08
215.1712765620883 0.07077386230230331 0.9876051545143127 0.4768018126487732 -3.332738174322003e-08
215.4056515620883 0.07254394888877869 0.9876051545143127 0.4929060637950897 -3.332737819050635e-08
215.64002656208828 0.07419833540916443 0.9876051545143127 0.5084978342056274 -3.332737819050635e-08
215.87440156208828 0.07574008405208588 0.9876051545143127 0.5235806703567505 -3.332737819050635e-08
216.10877656208828 0.0771724060177803 0.9876051545143127 0.5381585955619812 -3.332737819050635e-08
216.34315156208825 0.07849858701229095 0.9876051545143127 0.5522327423095703 -3.332737819050635e-08
216.81190156208825 0.08084723353385925 0.9876051545143127 0.5788710117340088 -3.332737819050635e-08
217.04627656208822 0.08187772333621979 0.9876051545143127 0.5914466381072998 -3.332737819050635e-08
217.28065156208822 0.0828179344534874 0.9876051545143127 0.6035370826721191 -3.332737819050635e-08
217.51502656208822 0.08367232233285904 0.9876051545143127 0.6151486039161682 -3.332737819050635e-08
217.7494015620882 0.08444539457559586 0.9876051545143127 0.6262890696525574 -3.332737819050635e-08
217.9837765620882 0.08514183759689331 0.9876051545143127 0.6369675397872925 -3.332737819050635e-08
218.45252656208817 0.08632449805736542 0.9876051545143127 0.656975507736206 -3.332737819050635e-08
218.68690156208817 0.08682031184434891 0.9876051545143127 0.6663273572921753 -3.332737819050635e-08
218.92127656208817 0.08725887537002563 0.9876051545143127 0.675260066986084 -3.332737819050635e-08
219.15565156208814 0.08764468878507614 0.9876051545143127 0.6837867498397827 -3.332737819050635e-08
219.39002656208814 0.08798215538263321 0.9876051545143127 0.6919209957122803 -3.332737819050635e-08
219.8587765620881 0.08852917701005936 0.9876051545143127 0.7070662379264832 -3.332737819050635e-08
220.0931515620881 0.08874664455652237 0.9876051545143127 0.7141051888465881 -3.332737819050635e-08
220.3275265620881 0.0889320969581604 0.9876051545143127 0.7208065986633301 -3.332737819050635e-08
220.56190156208808 0.08908922970294952 0.9876051545143127 0.7271841764450073 -3.332737819050635e-08
220.79627656208808 0.08922100812196732 0.9876051545143127 0.7332521080970764 -3.332737819050635e-08
221.03065156208808 0.0893305093050003 0.9876051545143127 0.73902428150177 -3.332737819050635e-08
221.26502656208805 0.08942094445228577 0.9876051545143127 0.7445138692855835 -3.332737819050635e-08
221.49940156208805 0.08949495106935501 0.9876051545143127 0.7497343420982361 -3.332737819050635e-08
221.73377656208805 0.08955485373735428 0.9876051545143127 0.7546986937522888 -3.332737819050635e-08
221.96815156208802 0.08960286527872086 0.9876051545143127 0.7594196200370789 -3.332737819050635e-08
222.20252656208802 0.08964073657989502 0.9876051545143127 0.7639092206954956 -3.332737819050635e-08
222.43690156208802 0.08966992050409317 0.9876051545143127 0.7681793570518494 -3.332737819050635e-08
222.671276562088 0.08969195187091827 0.9876051545143127 0.7722413539886475 -3.332737819050635e-08
222.905651562088 0.08970833569765091 0.9876051545143127 0.7761061787605286 -3.332737819050635e-08
223.140026562088 0.08972035348415375 0.9876051545143127 0.779784619808197 -3.332737819050635e-08
223.37440156208797 0.08972886204719543 0.9876051545143127 0.783286452293396 -3.332737819050635e-08
223.60877656208797 0.08973462134599686 0.9876051545143127 0.7866212129592896 -3.332737819050635e-08
223.84315156208797 0.0897383913397789 0.9876051545143127 0.7897981405258179 -3.332737819050635e-08
224.31190156208794 0.08974200487136841 0.9876051545143127 0.7957120537757874 -3.332737819050635e-08
224.54627656208794 0.08974261581897736 0.9876051545143127 0.7984649538993835 -3.332737819050635e-08
224.7806515620879 0.08974286168813705 0.9876051545143127 0.8010920286178589 -3.332737819050635e-08
225.0150265620879 0.08974294364452362 0.9876051545143127 0.8036001324653625 -3.332737819050635e-08
225.2494015620879 0.08974295109510422 0.9876051545143127 0.8059958815574646 -3.332737819050635e-08
225.48377656208788 0.08974294364452362 0.9876051545143127 0.8082853555679321 -3.332737819050635e-08
225.95252656208788 0.08974294364452362 0.9876051545143127 0.8125686645507812 -3.332737819050635e-08
226.18690156208785 0.08974294364452362 0.9876051545143127 0.8145729899406433 -3.332737819050635e-08
226.42127656208785 0.08974294364452362 0.9876051545143127 0.8164923191070557 -3.332737819050635e-08
226.65565156208785 0.08974294364452362 0.9876051545143127 0.8183311820030212 -3.332737819050635e-08
226.89002656208783 0.08974294364452362 0.9876051545143127 0.8200938105583191 -3.332737819050635e-08
227.35877656208783 0.08974294364452362 0.9876051545143127 0.8234063982963562 -3.332737819050635e-08
227.5931515620878 0.08974294364452362 0.9876051545143127 0.8249639868736267 -3.332737819050635e-08
227.8275265620878 0.08974294364452362 0.9876051545143127 0.8264604806900024 -3.332737819050635e-08
228.0619015620878 0.08974294364452362 0.9876051545143127 0.8278988599777222 -3.332737819050635e-08
228.29627656208777 0.08974294364452362 0.9876051545143127 0.8292820453643799 -3.332737819050635e-08
228.53065156208777 0.08974294364452362 0.9876051545143127 0.8306128978729248 -3.332737819050635e-08
228.99940156208774 0.08974294364452362 0.9876051545143127 0.8331282138824463 -3.332737819050635e-08
229.23377656208774 0.08974294364452362 0.9876051545143127 0.8343175649642944 -3.332737819050635e-08
229.46815156208774 0.08974294364452362 0.9876051545143127 0.835464358329773 -3.332737819050635e-08
229.7025265620877 0.08974294364452362 0.9876051545143127 0.8365705609321594 -3.332737819050635e-08
229.9369015620877 0.08974294364452362 0.9876051545143127 0.8376381397247314 -3.332737819050635e-08
230.1712765620877 0.08974294364452362 0.9876051545143127 0.8386690616607666 -3.332737819050635e-08
230.64002656208768 0.08974294364452362 0.9876051545143127 0.8406273722648621 -3.332737819050635e-08
230.87440156208768 0.08974294364452362 0.9876051545143127 0.8415578603744507 -3.332737819050635e-08
231.10877656208766 0.08974294364452362 0.9876051545143127 0.8424578905105591 -3.332737819050635e-08
231.81190156208763 0.08974294364452362 0.9876051545143127 0.8449890613555908 -3.332737819050635e-08
232.04627656208763 0.08974294364452362 0.9876051545143127 0.845780611038208 -3.332737819050635e-08
232.28065156208763 0.08974294364452362 0.9876051545143127 0.8465480208396912 -3.332737819050635e-08
232.5150265620876 0.08974294364452362 0.9876051545143127 0.8472922444343567 -3.332737819050635e-08
232.7494015620876 0.08974294364452362 0.9876051545143127 0.848014235496521 -3.332737819050635e-08
234.6244015620875 0.08974294364452362 0.9876051545143127 0.8530944585800171 -3.332737819050635e-08
235.0931515620875 0.08974294364452362 0.9876051545143127 0.8541982173919678 -3.332737819050635e-08
235.56190156208748 0.08974294364452362 0.9876051545143127 0.8552452921867371 -3.332737819050635e-08
236.49940156208746 0.08974294364452362 0.9876051545143127 0.8571858406066895 -3.332737819050635e-08
236.73377656208743 0.08974294364452362 0.9876051545143127 0.8576416373252869 -3.332737819050635e-08
236.96815156208743 0.08974294364452362 0.9876051545143127 0.8580865859985352 -3.332737819050635e-08
237.2025265620874 0.08974294364452362 0.9876051545143127 0.8585208654403687 -3.332737819050635e-08
237.90565156208737 0.08974294364452362 0.9876051545143127 0.8597642779350281 -3.332737819050635e-08
238.14002656208737 0.08974294364452362 0.9876051545143127 0.8601599931716919 -3.332737819050635e-08
238.37440156208737 0.08974294364452362 0.9876051545143127 0.8605468273162842 -3.332737819050635e-08
238.60877656208734 0.08974294364452362 0.9876051545143127 0.8609251379966736 -3.332737819050635e-08
238.84315156208734 0.08974294364452362 0.9876051545143127 0.8612951040267944 -3.332737819050635e-08
239.07752656208734 0.08974294364452362 0.9876051545143127 0.8616571426391602 -3.332737819050635e-08
239.78065156208731 0.08974294364452362 0.9876051545143127 0.8626976013183594 -3.332737819050635e-08
239.99999999999997 0.08974294364452362 0.9876051545143127 0.8630104660987854 -3.332737819050635e-08
