time a b c w1
0.0 0.0 0.0 0.0 0.0
2.34374997708231e-06 1.0801570415496826 1.0801570415496826 1.0801570415496826 2.34398437508335e-23
2.3531289769906394e-06 1.0037916898727417 1.0037916898727417 1.0037916898727417 2.35336424679079e-23
2.3718869768072985e-06 0.9922298789024353 0.9922298789024353 0.9922298789024353 2.372124147977851e-23
2.449126245505041e-06 0.9876051545143127 0.9876051545143127 0.9876051545143127 2.449371143311084e-23
0.00019360463173130613 0.9876051545143127 0.9876051545143127 0.9876051545143127 1.9362399824984054e-21
0.00038480681743822704 0.9876051545143127 0.9876051545143127 0.9876051545143127 -5.559440463542842e-09
0.0007672111888520689 0.9876051545143127 0.9876051545143127 0.9876051545143127 -2.705469981378883e-08
0.001 0.9876051545143127 0.9876051545143127 0.9876051545143127 -3.3386008624347596e-08
29.999999999999996 0.9876051545143127 0.9876051545143127 0.9876051545143127 -3.3385834541377335e-08
30.000099999999996 0.9876051545143127 0.9876051545143127 0.9876051545143127 -3.336470300041583e-08
30.0003 0.9876051545143127 0.9876051545143127 0.9876051545143127 -3.334382370212552e-08
30.0007 0.9876051545143127 0.9876051545143127 0.9876051545143127 -3.333232001523356e-08
30.001 0.9876051545143127 0.9876051545143127 0.9876051545143127 -3.332738174322003e-08
59.99999999999999 0.9876051545143127 0.9876051545143127 0.9876051545143127 -3.332738174322003e-08
60.000099999999996 0.9876051545143127 0.9876051545143127 0.9876051545143127 -3.332738174322003e-08
60.000299999999996 0.9876051545143127 0.9876051545143127 0.9876051545143127 -3.332738174322003e-08
60.000699999999995 0.9876049160957336 0.9876051545143127 0.9876051545143127 -3.332738174322003e-08
60.001000000000005 0.9876046180725098 0.9876051545143127 0.9876051545143127 -3.332738174322003e-08
60.28198750000147 0.9856398701667786 0.9876051545143127 0.9876051545143127 -3.332738174322003e-08
60.562975000002936 0.9833112359046936 0.9876051545143127 0.9876051545143127 -3.332738174322003e-08
60.79735000000293 0.9810541868209839 0.9876051545143127 0.9876051545143127 -3.332738174322003e-08
61.03172500000293 0.9784240126609802 0.9876051545143127 0.9876051545143127 -3.332738174322003e-08
61.50047500000293 0.971725344657898 0.9876051545143127 0.9876051545143127 -3.332738174322003e-08
61.969225000002936 0.9624310731887817 0.9876051545143127 0.9876051545143127 -3.332738174322003e-08
62.20360000000294 0.956505298614502 0.9876051545143127 0.9876051545143127 -3.332738174322003e-08
62.67235000000295 0.9414191842079163 0.9876051545143127 0.9876051545143127 -3.332738174322003e-08
62.90672500000296 0.9320006370544434 0.9876051545143127 0.9876051545143127 -3.332738174322003e-08
63.375475000002965 0.9089118838310242 0.9876051545143127 0.9876051545143127 -3.332738174322003e-08
63.609850000002965 0.8951318264007568 0.9876051545143127 0.9876051545143127 -3.332738174322003e-08
63.84422500000297 0.8798466920852661 0.9876051545143127 0.9876051545143127 -3.332738174322003e-08
64.07860000000298 0.8630866408348083 0.9876051545143127 0.9876051545143127 -3.332738174322003e-08
64.31297500000298 0.8449078798294067 0.9876051545143127 0.9876051545143127 -3.332738174322003e-08
64.54735000000298 0.8253854513168335 0.9876051545143127 0.9876051545143127 -3.332738174322003e-08
64.781725000003 0.8046066164970398 0.9876051545143127 0.9876051545143127 -3.332738174322003e-08
65.016100000003 0.7826641798019409 0.9876051545143127 0.9876051545143127 -3.332738174322003e-08
65.250475000003 0.759651780128479 0.9876051545143127 0.9876051545143127 -3.332738174322003e-08
65.484850000003 0.7356604337692261 0.9876051545143127 0.9876051545143127 -3.332738174322003e-08
65.71922500000301 0.7107762694358826 0.9876051545143127 0.9876051545143127 -3.332738174322003e-08
65.95360000000301 0.6850793361663818 0.9876051545143127 0.9876051545143127 -3.332738174322003e-08
66.18797500000301 0.6586431264877319 0.9876051545143127 0.9876051545143127 -3.332738174322003e-08
66.42235000000302 0.6315342783927917 0.9876051545143127 0.9876051545143127 -3.332738174322003e-08
66.65672500000302 0.6038130521774292 0.9876051545143127 0.9876051545143127 -3.332738174322003e-08
66.89110000000302 0.5755336284637451 0.9876051545143127 0.9876051545143127 -3.332738174322003e-08
67.12547500000302 0.5467444658279419 0.9876051545143127 0.9876051545143127 -3.332738174322003e-08
67.35985000000304 0.5174891948699951 0.9876051545143127 0.9876051545143127 -3.332738174322003e-08
67.59422500000304 0.4878067672252655 0.9876051545143127 0.9876051545143127 -3.332738174322003e-08
67.82860000000304 0.45773205161094666 0.9876051545143127 0.9876051545143127 -3.332738174322003e-08
68.06297500000305 0.4272964596748352 0.9876051545143127 0.9876051545143127 -3.332738174322003e-08
68.29735000000305 0.3965282142162323 0.9876051545143127 0.9876051545143127 -3.332738174322003e-08
68.53172500000305 0.36545291543006897 0.9876051545143127 0.9876051545143127 -3.332738174322003e-08
68.76610000000305 0.3340941369533539 0.9876051545143127 0.9876051545143127 -3.332738174322003e-08
69.23485000000306 0.27061736583709717 0.9876051545143127 0.9876051545143127 -3.332738174322003e-08
69.46922500000306 0.2385520040988922 0.9876051545143127 0.9876051545143127 -3.332738174322003e-08
69.70360000000306 0.20632432401180267 0.9876051545143127 0.9876051545143127 -3.332738174322003e-08
69.93797500000308 0.17402386665344238 0.9876051545143127 0.9876051545143127 -3.332738174322003e-08
70.17235000000308 0.14184585213661194 0.9876051545143127 0.9876051545143127 -3.332738174322003e-08
70.40672500000308 0.11021625995635986 0.9876051545143127 0.9876051545143127 -3.332738174322003e-08
70.64110000000309 0.07997234910726547 0.9876051545143127 0.9876051545143127 -3.332738174322003e-08
70.87547500000309 0.05243368446826935 0.9876051545143127 0.9876051545143127 -3.332738174322003e-08
71.10985000000309 0.029055669903755188 0.9876051545143127 0.9876051545143127 -3.332738174322003e-08
71.34422500000309 0.010183654725551605 0.9876051545143127 0.9876051545143127 -3.332738174322003e-08
71.47688580799716 0.0018915447872132063 0.9876051545143127 0.9876051545143127 -3.332738174322003e-08
71.52100936591891 0.00010265320452162996 0.9876051545143127 0.9876051545143127 -3.332738174322003e-08
71.52842379842416 -3.3385838094091014e-08 0.9876051545143127 0.9876051545143127 -3.332738174322003e-08
89.99999999999999 -3.339594911722088e-08 0.9876051545143127 0.9876051545143127 -3.332738174322003e-08
90.0001 -3.336807452569701e-08 0.9876051545143127 0.9876051545143127 -3.332738174322003e-08
90.0003 -3.334382370212552e-08 0.9876051545143127 0.9876051545143127 -3.332738174322003e-08
90.0007 -3.3327985704545426e-08 0.9876051545143127 0.9876051545143127 -3.332738174322003e-08
90.001 -3.331221520852523e-08 0.9876051545143127 0.9876051545143127 -3.332738174322003e-08
119.99999999999999 -3.331221520852523e-08 0.9876051545143127 0.9876051545143127 -3.332738174322003e-08
120.0001 -3.331221520852523e-08 0.9876051545143127 0.9876051545143127 -3.332738174322003e-08
120.0003 -3.331221520852523e-08 0.9876051545143127 0.9876051545143127 -3.332738174322003e-08
120.0007 -3.331221520852523e-08 0.9876051545143127 0.9876051545143127 -3.332738174322003e-08
120.001 -3.331221520852523e-08 0.9876051545143127 0.9876051545143127 -3.332738174322003e-08
150.0 -3.331221520852523e-08 0.9876051545143127 0.9876051545143127 -3.332738174322003e-08
150.0001 -3.331221520852523e-08 0.9876051545143127 0.9876051545143127 -3.332738174322003e-08
150.0003 -1.908367330827332e-08 0.9876051545143127 0.9876051545143127 -3.332738174322003e-08
150.00043923885409 1.4956526683818083e-08 0.9876051545143127 0.9876051545143127 -3.332738174322003e-08
150.00071771656226 8.71958434345288e-08 0.9876051545143127 0.9876051545143127 -3.332738174322003e-08
150.001 1.1149401046850471e-07 0.9876051545143127 0.9876051545143127 -3.332738174322003e-08
179.99999999999997 1.1149401046850471e-07 0.9876051545143127 0.9876051545143127 -3.332738174322003e-08
180.0001 1.1149401046850471e-07 0.9876051545143127 0.9876051545143127 -3.332738174322003e-08
180.0003 1.1149401046850471e-07 0.9876051545143127 0.9876051545143127 -3.332738174322003e-08
180.0007 1.1149401046850471e-07 0.9876051545143127 0.9876049160957336 -3.332738174322003e-08
180.001 1.1149401046850471e-07 0.9876051545143127 0.9876046180725098 -3.332738174322003e-08
180.01120000000017 1.1149401046850471e-07 0.9876051545143127 0.9875399470329285 -3.332738174322003e-08
180.02140000000034 1.1149401046850471e-07 0.9876051545143127 0.9874747395515442 -3.332738174322003e-08
180.0828400000013 1.1149401046850471e-07 0.9876051545143127 0.987071692943573 -3.332738174322003e-08
180.1647600000026 1.1149401046850471e-07 0.9876051545143127 0.9865050911903381 -3.332738174322003e-08
180.79735000000514 1.1149401046850471e-07 0.9876051545143127 0.9810572862625122 -3.332738174322003e-08
181.26610000000514 1.1149401046850471e-07 0.9876051545143127 0.9753488302230835 -3.332738174322003e-08
181.7348500000051 1.1149401046850471e-07 0.9876051545143127 0.9674666523933411 -3.332738174322003e-08
182.20360000000508 1.1149401046850471e-07 0.9876051545143127 0.9565134644508362 -3.332738174322003e-08
182.90672500000505 1.1149401046850471e-07 0.9876051545143127 0.932013750076294 -3.332738174322003e-08
183.14110000000505 1.1149401046850471e-07 0.9876051545143127 0.9212037324905396 -3.332738174322003e-08
183.37547500000505 1.1149401046850471e-07 0.9876051545143127 0.9089284539222717 -3.332738174322003e-08
183.60985000000503 1.1149401046850471e-07 0.9876051545143127 0.8951504230499268 -3.332738174322003e-08
183.84422500000503 1.1149401046850471e-07 0.9876051545143127 0.879867434501648 -3.332738174322003e-08
184.078600000005 1.1149401046850471e-07 0.9876051545143127 0.863109290599823 -3.332738174322003e-08
184.312975000005 1.1149401046850471e-07 0.9876051545143127 0.8449321985244751 -3.332738174322003e-08
184.547350000005 1.1149401046850471e-07 0.9876051545143127 0.8254114389419556 -3.332738174322003e-08
184.78172500000497 1.1149401046850471e-07 0.9876051545143127 0.8046342134475708 -3.332738174322003e-08
185.01610000000497 1.1149401046850471e-07 0.9876051545143127 0.7826932668685913 -3.332738174322003e-08
185.25047500000497 1.1149401046850471e-07 0.9876051545143127 0.7596821784973145 -3.332738174322003e-08
185.48485000000494 1.1149401046850471e-07 0.9876051545143127 0.735692024230957 -3.332738174322003e-08
185.71922500000494 1.1149401046850471e-07 0.9876051545143127 0.7108089923858643 -3.332738174322003e-08
185.95360000000494 1.1149401046850471e-07 0.9876051545143127 0.6851130723953247 -3.332738174322003e-08
186.1879750000049 1.1149401046850471e-07 0.9876051545143127 0.6586777567863464 -3.332738174322003e-08
186.4223500000049 1.1149401046850471e-07 0.9876051545143127 0.6315697431564331 -3.332738174322003e-08
186.6567250000049 1.1149401046850471e-07 0.9876051545143127 0.6038492918014526 -3.332738174322003e-08
186.89110000000488 1.1149401046850471e-07 0.9876051545143127 0.5755705237388611 -3.332738174322003e-08
187.12547500000488 1.1149401046850471e-07 0.9876051545143127 0.5467820167541504 -3.332738174322003e-08
187.35985000000488 1.1149401046850471e-07 0.9876051545143127 0.5175273418426514 -3.332738174322003e-08
187.82860000000485 1.1149401046850471e-07 0.9876051545143127 0.4577712118625641 -3.332738174322003e-08
188.06297500000485 1.1149401046850471e-07 0.9876051545143127 0.42733606696128845 -3.332738174322003e-08
188.29735000000483 1.1149401046850471e-07 0.9876051545143127 0.3965682089328766 -3.332738174322003e-08
188.53172500000483 1.1149401046850471e-07 0.9876051545143127 0.3654932975769043 -3.332738174322003e-08
188.76610000000483 1.1149401046850471e-07 0.9876051545143127 0.33413487672805786 -3.332738174322003e-08
189.0004750000048 1.1149401046850471e-07 0.9876051545143127 0.30251550674438477 -3.332738174322003e-08
189.4692250000048 1.1149401046850471e-07 0.9876051545143127 0.23859359323978424 -3.332738174322003e-08
189.70360000000477 1.1149401046850471e-07 0.9876051545143127 0.20636606216430664 -3.332738174322003e-08
189.93797500000477 1.1149401046850471e-07 0.9876051545143127 0.17406561970710754 -3.332738174322003e-08
190.17235000000477 1.1149401046850471e-07 0.9876051545143127 0.14188724756240845 -3.332738174322003e-08
190.40672500000474 1.1149401046850471e-07 0.9876051545143127 0.11025650799274445 -3.332738174322003e-08
190.64110000000474 1.1149401046850471e-07 0.9876051545143127 0.08001004159450531 -3.332738174322003e-08
190.87547500000474 1.1149401046850471e-07 0.9876051545143127 0.052466899156570435 -3.332738174322003e-08
191.1098500000047 1.1149401046850471e-07 0.9876051545143127 0.02908274158835411 -3.332738174322003e-08
191.3442250000047 1.1149401046850471e-07 0.9876051545143127 0.010205423459410667 -3.332738174322003e-08
191.47715716158973 1.1149401046850471e-07 0.9876051545143127 0.0018943685572594404 -3.332738174322003e-08
191.52134285888735 1.1149401046850471e-07 0.9876051545143127 0.00010274352098349482 -3.332738174322003e-08
191.52876482169154 1.1149401046850471e-07 0.9876051545143127 -3.3385838094091014e-08 -3.332738174322003e-08
206.94613431644777 1.1149401757393207e-07 0.9876051545143127 -3.3385838094091014e-08 -3.332738174322003e-08
209.99999999999997 1.1149401757393207e-07 0.9876051545143127 -3.3395934906366165e-08 -3.332738174322003e-08
210.00009999999997 1.1149401757393207e-07 0.9876051545143127 -3.3368067420269654e-08 -3.332738174322003e-08
210.0003 1.1149401757393207e-07 0.9876051545143127 -3.334382370212552e-08 -3.332738174322003e-08
210.00070000000002 1.1149401757393207e-07 0.9876051545143127 -3.333040154984701e-08 -3.332738174322003e-08
210.00082296338388 1.2002330151972274e-07 0.9876051545143127 -3.1386804266730906e-08 -3.332738174322003e-08
210.00089395651338 1.5894461569132545e-07 0.9876051545143127 2.0008727119602554e-08 -3.332738174322003e-08
210.00092968396567 2.338448865657483e-07 0.9876051545143127 1.9886579138983507e-07 -3.332738174322003e-08
210.0009517151547 3.4377512747596484e-07 0.9876051545143127 5.67927031625004e-07 -3.332738174322003e-08
210.0009721410061 5.229516091276309e-07 0.9876051545143127 1.3266005680634407e-06 -3.332738174322003e-08
210.0009904829615 7.578792065032758e-07 0.9876051545143127 2.4858979941200232e-06 -3.332738174322003e-08
210.00100000000003 9.128318652074086e-07 0.9876051545143127 3.3213389087904943e-06 -3.332738174322003e-08
210.00487940758958 7.67127494327724e-05 0.9876051545143127 0.0004397429875098169 -3.332738174322003e-08
210.00876071034648 0.00015250922297127545 0.9876051545143127 0.0008762478246353567 -3.332738174322003e-08
210.01652331586033 0.00030398074886761606 0.9876051545143127 0.0017488673329353333 -3.332738174322003e-08
210.032048526888 0.0006064378540031612 0.9876051545143127 0.0034925444051623344 -3.332738174322003e-08
210.06309894894332 0.0012094074627384543 0.9876051545143127 0.006973643321543932 -3.332738174322003e-08
210.125199793054 0.002407560357823968 0.9876051545143127 0.01391075924038887 -3.332738174322003e-08
210.24940148127533 0.004773592576384544 0.9876051545143127 0.0276871956884861 -3.332738174322003e-08
210.48377648127533 0.009155132807791233 0.9876051545143127 0.05341387540102005 -3.332738174322003e-08
210.71815148127533 0.013430427759885788 0.9876051545143127 0.07879360765218735 -3.332738174322003e-08
210.9525264812753 0.017583828419446945 0.9876051545143127 0.10377189517021179 -3.332738174322003e-08
211.4212764812753 0.025518961250782013 0.9876051545143127 0.15248775482177734 -3.332738174322003e-08
211.89002648127527 0.03295356407761574 0.9876051545143127 0.19950750470161438 -3.332738174322003e-08
212.12440148127527 0.0364818349480629 0.9876051545143127 0.22236686944961548 -3.332738174322003e-08
212.35877648127524 0.039883024990558624 0.9876051545143127 0.2447822391986847 -3.332738174322003e-08
212.59315148127524 0.04315657168626785 0.9876051545143127 0.2667466104030609 -3.332738174322003e-08
212.82752648127524 0.04630227014422417 0.9876051545143127 0.2882540225982666 -3.332738174322003e-08
213.0619014812752 0.049319520592689514 0.9876051545143127 0.3092956840991974 -3.332738174322003e-08
213.76502648127519 0.05759992450475693 0.9876051545143127 0.3695541024208069 -3.332738174322003e-08
213.99940148127519 0.06010431796312332 0.9876051545143127 0.38866546750068665 -3.332738174322003e-08
214.23377648127519 0.06248218193650246 0.9876051545143127 0.4072815775871277 -3.332738174322003e-08
214.46815148127516 0.0647348165512085 0.9876051545143127 0.4253992438316345 -3.332738174322003e-08
214.70252648127516 0.06686373054981232 0.9876051545143127 0.4430159330368042 -3.332738174322003e-08
215.17127648127513 0.0707576721906662 0.9876051545143127 0.4767400324344635 -3.332738174322003e-08
215.40565148127513 0.07252635806798935 0.9876051545143127 0.49283820390701294 -3.332738174322003e-08
215.64002648127513 0.07417931407690048 0.9876051545143127 0.5084236264228821 -3.332737819050635e-08
215.8744014812751 0.07571961730718613 0.9876051545143127 0.5234997868537903 -3.332737819050635e-08
216.1087764812751 0.07715046405792236 0.9876051545143127 0.538070797920227 -3.332737819050635e-08
216.3431514812751 0.07847517728805542 0.9876051545143127 0.5521377921104431 -3.332737819050635e-08
216.81190148127507 0.08082087337970734 0.9876051545143127 0.5787612795829773 -3.332737819050635e-08
217.04627648127504 0.08184991776943207 0.9876051545143127 0.5913291573524475 -3.332737819050635e-08
217.28065148127504 0.08278869837522507 0.9876051545143127 0.6034117341041565 -3.332737819050635e-08
217.51502648127504 0.08364169299602509 0.9876051545143127 0.6150152683258057 -3.332737819050635e-08
217.74940148127502 0.08441339433193207 0.9876051545143127 0.6261476874351501 -3.332737819050635e-08
217.98377648127502 0.08510851860046387 0.9876051545143127 0.636817991733551 -3.332737819050635e-08
218.452526481275 0.086288683116436 0.9876051545143127 0.6568095088005066 -3.332737819050635e-08
218.686901481275 0.08678333461284637 0.9876051545143127 0.6661531329154968 -3.332737819050635e-08
218.921276481275 0.08722080290317535 0.9876051545143127 0.6750776171684265 -3.332737819050635e-08
219.15565148127496 0.08760558068752289 0.9876051545143127 0.683596134185791 -3.332737819050635e-08
219.39002648127496 0.08794207870960236 0.9876051545143127 0.6917222738265991 -3.332737819050635e-08
219.85877648127493 0.08848736435174942 0.9876051545143127 0.706851601600647 -3.332737819050635e-08
220.09315148127493 0.08870406448841095 0.9876051545143127 0.7138827443122864 -3.332737819050635e-08
220.32752648127493 0.08888881653547287 0.9876051545143127 0.7205765247344971 -3.332737819050635e-08
220.5619014812749 0.08904531598091125 0.9876051545143127 0.7269465923309326 -3.332737819050635e-08
220.7962764812749 0.08917652070522308 0.9876051545143127 0.7330072522163391 -3.332737819050635e-08
221.0306514812749 0.08928551524877548 0.9876051545143127 0.7387722730636597 -3.332737819050635e-08
221.26502648127487 0.08937550336122513 0.9876051545143127 0.7442549467086792 -3.332737819050635e-08
221.49940148127487 0.08944911509752274 0.9876051545143127 0.7494686841964722 -3.332737819050635e-08
221.73377648127487 0.08950867503881454 0.9876051545143127 0.7544264793395996 -3.332737819050635e-08
221.96815148127484 0.08955638855695724 0.9876051545143127 0.7591410875320435 -3.332737819050635e-08
222.20252648127484 0.08959399908781052 0.9876051545143127 0.7636245489120483 -3.332737819050635e-08
222.43690148127484 0.08962297439575195 0.9876051545143127 0.7678887844085693 -3.332737819050635e-08
222.67127648127482 0.08964482694864273 0.9876051545143127 0.7719449996948242 -3.332737819050635e-08
222.90565148127482 0.08966106921434402 0.9876051545143127 0.7758044004440308 -3.332737819050635e-08
223.14002648127482 0.08967296034097672 0.9876051545143127 0.7794775366783142 -3.332737819050635e-08
223.3744014812748 0.08968137949705124 0.9876051545143127 0.7829742431640625 -3.332737819050635e-08
223.6087764812748 0.08968706429004669 0.9876051545143127 0.7863041162490845 -3.332737819050635e-08
223.8431514812748 0.08969078212976456 0.9876051545143127 0.7894762754440308 -3.332737819050635e-08
224.31190148127476 0.08969433605670929 0.9876051545143127 0.7953813672065735 -3.332737819050635e-08
224.54627648127476 0.08969493210315704 0.9876051545143127 0.7981301546096802 -3.332737819050635e-08
224.78065148127473 0.08969517052173615 0.9876051545143127 0.800753116607666 -3.332737819050635e-08
225.01502648127473 0.08969523757696152 0.9876051545143127 0.803257405757904 -3.332737819050635e-08
225.24940148127473 0.08969524502754211 0.9876051545143127 0.80564945936203 -3.332737819050635e-08
225.4837764812747 0.08969524502754211 0.9876051545143127 0.8079354166984558 -3.332737819050635e-08
225.9525264812747 0.08969523757696152 0.9876051545143127 0.8122121095657349 -3.332737819050635e-08
226.18690148127467 0.08969523757696152 0.9876051545143127 0.8142132759094238 -3.332737819050635e-08
226.42127648127467 0.08969523757696152 0.9876051545143127 0.8161296844482422 -3.332737819050635e-08
226.65565148127467 0.08969523757696152 0.9876051545143127 0.8179656863212585 -3.332737819050635e-08
226.89002648127465 0.08969523757696152 0.9876051545143127 0.819725513458252 -3.332737819050635e-08
227.35877648127465 0.08969523757696152 0.9876051545143127 0.8230329751968384 -3.332737819050635e-08
227.59315148127462 0.08969523757696152 0.9876051545143127 0.8245881795883179 -3.332737819050635e-08
227.82752648127462 0.08969523757696152 0.9876051545143127 0.8260822892189026 -3.332737819050635e-08
228.06190148127462 0.08969523757696152 0.9876051545143127 0.8275184631347656 -3.332737819050635e-08
228.2962764812746 0.08969523757696152 0.9876051545143127 0.8288995027542114 -3.332737819050635e-08
228.5306514812746 0.08969523757696152 0.9876051545143127 0.8302282691001892 -3.332737819050635e-08
228.7650264812746 0.08969523757696152 0.9876051545143127 0.8315075039863586 -3.332737819050635e-08
228.99940148127456 0.08969523757696152 0.9876051545143127 0.8327396512031555 -3.332737819050635e-08
229.23377648127456 0.08969523757696152 0.9876051545143127 0.8339271545410156 -3.332737819050635e-08
229.46815148127456 0.08969523757696152 0.9876051545143127 0.8350721001625061 -3.332737819050635e-08
229.70252648127453 0.08969523757696152 0.9876051545143127 0.8361765146255493 -3.332737819050635e-08
229.93690148127453 0.08969523757696152 0.9876051545143127 0.8372424244880676 -3.332737819050635e-08
230.17127648127453 0.08969523757696152 0.9876051545143127 0.8382717370986938 -3.332737819050635e-08
230.6400264812745 0.08969523757696152 0.9876051545143127 0.8402270674705505 -3.332737819050635e-08
230.8744014812745 0.08969523757696152 0.9876051545143127 0.8411561250686646 -3.332737819050635e-08
231.10877648127448 0.08969523757696152 0.9876051545143127 0.8420548439025879 -3.332737819050635e-08
231.81190148127445 0.08969523757696152 0.9876051545143127 0.844582200050354 -3.332737819050635e-08
232.04627648127445 0.08969523757696152 0.9876051545143127 0.8453725576400757 -3.332737819050635e-08
232.28065148127445 0.08969523757696152 0.9876051545143127 0.8461388349533081 -3.332737819050635e-08
232.51502648127442 0.08969523757696152 0.9876051545143127 0.8468819260597229 -3.332737819050635e-08
232.74940148127442 0.08969523757696152 0.9876051545143127 0.8476028442382812 -3.332737819050635e-08
234.39002648127436 0.08969523757696152 0.9876051545143127 0.8521020412445068 -3.332737819050635e-08
234.62440148127433 0.08969523757696152 0.9876051545143127 0.8526756763458252 -3.332737819050635e-08
234.85877648127433 0.08969523757696152 0.9876051545143127 0.853234052658081 -3.332737819050635e-08
235.09315148127433 0.08969523757696152 0.9876051545143127 0.8537778258323669 -3.332737819050635e-08
235.3275264812743 0.08969523757696152 0.9876051545143127 0.8543074131011963 -3.332737819050635e-08
235.5619014812743 0.08969523757696152 0.9876051545143127 0.8548233509063721 -3.332737819050635e-08
236.49940148127428 0.08969523757696152 0.9876051545143127 0.8567611575126648 -3.332737819050635e-08
236.73377648127425 0.08969523757696152 0.9876051545143127 0.8572162985801697 -3.332737819050635e-08
236.96815148127425 0.08969523757696152 0.9876051545143127 0.8576605916023254 -3.332737819050635e-08
237.20252648127425 0.08969523757696152 0.9876051545143127 0.858094334602356 -3.332737819050635e-08
237.90565148127422 0.08969523757696152 0.9876051545143127 0.8593359589576721 -3.332737819050635e-08
238.1400264812742 0.08969523757696152 0.9876051545143127 0.859731137752533 -3.332737819050635e-08
238.3744014812742 0.08969523757696152 0.9876051545143127 0.8601174354553223 -3.332737819050635e-08
238.6087764812742 0.08969523757696152 0.9876051545143127 0.8604952096939087 -3.332737819050635e-08
238.84315148127416 0.08969523757696152 0.9876051545143127 0.8608646988868713 -3.332737819050635e-08
239.07752648127416 0.08969523757696152 0.9876051545143127 0.8612262010574341 -3.332737819050635e-08
239.78065148127413 0.08969523757696152 0.9876051545143127 0.8622652292251587 -3.332737819050635e-08
239.99999999999997 0.08969523757696152 0.9876051545143127 0.8625776767730713 -3.332737819050635e-08
