time a b c w1
0.0 0.0 0.0 0.0 0.0
2.34374997708231e-06 2.34398437508335e-23 1.0801570415496826 2.34398437508335e-23 2.34398437508335e-23
2.3531289769906394e-06 2.35336424679079e-23 1.0037916898727417 2.35336424679079e-23 2.35336424679079e-23
2.3718869768072985e-06 2.372124147977851e-23 0.9922298789024353 2.372124147977851e-23 2.372124147977851e-23
2.449126245505041e-06 2.449371143311084e-23 0.9876051545143127 2.449371143311084e-23 2.449371143311084e-23
0.00019360463173130613 1.9362399824984054e-21 0.9876051545143127 1.9362399824984054e-21 1.9362399824984054e-21
0.00038480681743822704 3.8484529531415596e-21 0.9876051545143127 3.8484529531415596e-21 -5.559464444360174e-09
0.0007672111888520689 7.672878894427868e-21 0.9876051545143127 7.672878894427868e-21 -2.705487389675909e-08
0.001 1.0000999731091105e-20 0.9876051545143127 1.0000999731091105e-20 -3.338633192129237e-08
29.999999999999996 3.000300019364487e-16 0.9876051545143127 3.000300019364487e-16 -3.3386157838322106e-08
30.000099999999996 3.0003100778807355e-16 0.9876051545143127 3.0003100778807355e-16 -3.3364894846954485e-08
30.0003 3.0003299302154367e-16 0.9876051545143127 3.0003299302154367e-16 -3.3343891203685416e-08
30.0007 3.0003698995826353e-16 0.9876051545143127 3.0003698995826353e-16 -3.333277120987077e-08
30.000822963436818 1.035799890303224e-08 0.9876051545143127 3.000382340379048e-16 -3.068175047360455e-08
30.00089395651092 5.599173746873021e-08 0.9876051545143127 3.0003894872195405e-16 2.7036357153065183e-08
30.000929691631658 1.2442259844647197e-07 0.9876051545143127 3.000392928290889e-16 5.754108656219614e-08
30.00095177264962 2.0111434650971205e-07 0.9876051545143127 3.000395310571053e-16 3.7655169649042364e-08
30.000964849418256 2.8296443588260445e-07 0.9876051545143127 3.000396369362237e-16 1.8382422695140122e-07
30.00097519458561 3.9251074213098036e-07 0.9876051545143127 3.000397428153421e-16 6.117741691014089e-07
30.00098669763866 5.620923957394552e-07 0.9876051545143127 3.000398751642401e-16 1.43125919294107e-06
30.00099995486286 7.944229878376063e-07 0.9876051545143127 3.000400075131381e-16 2.6319048629375175e-06
30.001 7.953127578730346e-07 0.9876051545143127 3.000400075131381e-16 2.6367065402155276e-06
30.09565940314266 0.001992029370740056 0.9876051545143127 3.009866991805928e-16 0.011101684533059597
30.190318806285315 0.0039575230330228806 0.9876051545143127 3.019333908480475e-16 0.02211969718337059
30.379637702844914 0.00782658252865076 0.9876051545143127 3.038267477131773e-16 0.04395987465977669
30.614012702844914 0.01251344382762909 0.9876051545143127 3.0617075257602594e-16 0.07067035138607025
30.848387702844914 0.0170766469091177 0.9876051545143127 3.08514730969095e-16 0.09698490053415298
31.08276270284491 0.02150820754468441 0.9876051545143127 3.1085870936216407e-16 0.12287440150976181
31.317137702844906 0.025806520134210587 0.9876051545143127 3.1320268775523314e-16 0.14832976460456848
31.785887702844903 0.03399764001369476 0.9876051545143127 3.1789067101115087e-16 0.19790257513523102
32.020262702844896 0.03788778930902481 0.9876051545143127 3.2023464940421993e-16 0.22200214862823486
32.489012702844896 0.045251473784446716 0.9876051545143127 3.2492260619035806e-16 0.2687830626964569
32.72338770284489 0.048723116517066956 0.9876051545143127 3.2726661105320673e-16 0.2914467751979828
33.19213770284488 0.05524258315563202 0.9876051545143127 3.3195456783934485e-16 0.335277795791626
33.42651270284488 0.05828963965177536 0.9876051545143127 3.342985462324139e-16 0.35642868280410767
33.895262702844875 0.0639583170413971 0.9876051545143127 3.3898652948833165e-16 0.39716270565986633
34.59838770284487 0.07140588760375977 0.9876051545143127 3.4601846466753884e-16 0.45424365997314453
35.30151270284486 0.07761767506599426 0.9876051545143127 3.5305042631652564e-16 0.5063759088516235
36.00463770284485 0.08265526592731476 0.9876051545143127 3.6008238796551243e-16 0.5534850358963013
36.707762702844846 0.08661092817783356 0.9876051545143127 3.671143231447196e-16 0.5955862998962402
36.94213770284484 0.08770915865898132 0.9876051545143127 3.694583280075683e-16 0.6085243225097656
37.17651270284484 0.08870543539524078 0.9876051545143127 3.7180230640063735e-16 0.6209250688552856
37.41088770284483 0.08960506319999695 0.9876051545143127 3.741462847937064e-16 0.6327968239784241
37.87963770284483 0.0911363884806633 0.9876051545143127 3.7883426804962415e-16 0.6549923419952393
38.348387702844825 0.09234826266765594 0.9876051545143127 3.835222248357623e-16 0.6752009391784668
38.58276270284482 0.09284869581460953 0.9876051545143127 3.8586620322883134e-16 0.6845927238464355
38.81713770284482 0.09328633546829224 0.9876051545143127 3.882101816219004e-16 0.6935285925865173
39.05151270284482 0.09366670995950699 0.9876051545143127 3.9055418648474907e-16 0.7020238637924194
39.28588770284481 0.09399516135454178 0.9876051545143127 3.9289816487781814e-16 0.7100942134857178
39.52026270284481 0.09427684545516968 0.9876051545143127 3.952421432708872e-16 0.717755913734436
40.2233877028448 0.09488916397094727 0.9876051545143127 4.02274104919874e-16 0.7384538650512695
40.692137702844796 0.0951463133096695 0.9876051545143127 4.069620617060121e-16 0.7505127787590027
41.86401270284478 0.09546233713626862 0.9876051545143127 4.1868198014113705e-16 0.7755094170570374
43.03588770284477 0.0955418050289154 0.9876051545143127 4.3040192504604157e-16 0.7945882081985474
43.27026270284477 0.09554630517959595 0.9876051545143127 4.3274590343911064e-16 0.7978342175483704
43.50463770284476 0.09554901719093323 0.9876051545143127 4.350898818321797e-16 0.8009156584739685
43.73901270284476 0.09555051475763321 0.9876051545143127 4.3743386022524876e-16 0.8038422465324402
43.97338770284476 0.09555123746395111 0.9876051545143127 4.3977783861831783e-16 0.8066232204437256
44.442137702844754 0.09555157274007797 0.9876051545143127 4.444658218742356e-16 0.8117822408676147
45.14526270284475 0.0955515205860138 0.9876051545143127 4.514977835232224e-16 0.8186286687850952
45.61401270284474 0.0955515205860138 0.9876051545143127 4.561857403093605e-16 0.8226768374443054
45.84838770284473 0.0955515205860138 0.9876051545143127 4.585297451722091e-16 0.8245638608932495
46.31713770284473 0.0955515205860138 0.9876051545143127 4.632177019583473e-16 0.8280896544456482
46.551512702844725 0.0955515205860138 0.9876051545143127 4.655616538816367e-16 0.8297379016876221
46.785887702844725 0.0955515205860138 0.9876051545143127 4.679056587444854e-16 0.8313153982162476
47.02026270284472 0.0955515205860138 0.9876051545143127 4.702496636073341e-16 0.8328261375427246
47.25463770284472 0.0955515205860138 0.9876051545143127 4.725936155306235e-16 0.8342738151550293
47.48901270284472 0.0955515205860138 0.9876051545143127 4.749376203934722e-16 0.8356620073318481
47.95776270284471 0.0955515205860138 0.9876051545143127 4.796255771796103e-16 0.8382726311683655
48.192137702844704 0.0955515205860138 0.9876051545143127 4.81969582042459e-16 0.839500904083252
48.426512702844704 0.0955515205860138 0.9876051545143127 4.843135339657485e-16 0.8406814932823181
48.8952627028447 0.0955515205860138 0.9876051545143127 4.890015436914458e-16 0.8429094552993774
49.1296377028447 0.0955515205860138 0.9876051545143127 4.913454956147353e-16 0.8439613580703735
49.3640127028447 0.0955515205860138 0.9876051545143127 4.936895004775839e-16 0.8449746966362
49.59838770284469 0.0955515205860138 0.9876051545143127 4.960334524008734e-16 0.8459514379501343
50.06713770284468 0.0955515205860138 0.9876051545143127 5.007214621265707e-16 0.8478022813796997
50.30151270284468 0.0955515205860138 0.9876051545143127 5.030654140498602e-16 0.8486796617507935
50.53588770284468 0.0955515205860138 0.9876051545143127 5.054094189127088e-16 0.84952712059021
50.770262702844676 0.0955515205860138 0.9876051545143127 5.077533708359983e-16 0.8503460884094238
51.23901270284467 0.0955515205860138 0.9876051545143127 5.124413805616956e-16 0.8519036769866943
51.47338770284467 0.0955515205860138 0.9876051545143127 5.147853324849851e-16 0.8526448607444763
51.70776270284467 0.0955515205860138 0.9876051545143127 5.171293373478338e-16 0.8533624410629272
51.94213770284466 0.0955515205860138 0.9876051545143127 5.194733422106824e-16 0.8540575504302979
52.645262702844654 0.0955515205860138 0.9876051545143127 5.2650525092011e-16 0.8560173511505127
52.879637702844654 0.0955515205860138 0.9876051545143127 5.288492557829587e-16 0.8566318154335022
53.11401270284465 0.0955515205860138 0.9876051545143127 5.311932606458074e-16 0.8572282791137695
53.34838770284465 0.0955515205860138 0.9876051545143127 5.335372125690968e-16 0.8578073978424072
54.52026270284463 0.0955515205860138 0.9876051545143127 5.452571310042217e-16 0.8604682683944702
54.75463770284463 0.0955515205860138 0.9876051545143127 5.476011358670704e-16 0.8609577417373657
54.989012702844626 0.0955515205860138 0.9876051545143127 5.499451407299191e-16 0.8614342212677002
55.223387702844626 0.0955515205860138 0.9876051545143127 5.522890926532085e-16 0.8618982434272766
56.629637702844605 0.0955515205860138 0.9876051545143127 5.663530159511821e-16 0.864446222782135
56.864012702844605 0.0955515205860138 0.9876051545143127 5.686969678744716e-16 0.8648352026939392
57.3327627028446 0.0955515205860138 0.9876051545143127 5.733849776001689e-16 0.8655858635902405
58.03588770284459 0.0955515205860138 0.9876051545143127 5.804169392491557e-16 0.8666480779647827
58.27026270284459 0.0955515205860138 0.9876051545143127 5.827608911724452e-16 0.8669863343238831
58.50463770284458 0.0955515205860138 0.9876051545143127 5.851048960352938e-16 0.8673170804977417
58.73901270284458 0.0955515205860138 0.9876051545143127 5.874488479585833e-16 0.867640495300293
59.207762702844576 0.0955515205860138 0.9876051545143127 5.921368576842806e-16 0.8682666420936584
59.67651270284457 0.0955515205860138 0.9876051545143127 5.968248144704188e-16 0.868866503238678
59.99999999999999 0.0955515205860138 0.9876051545143127 6.000600038728974e-16 0.8692675232887268
60.000099999999996 0.0955515205860138 0.9876051545143127 6.000610097245222e-16 0.8692671656608582
60.000299999999996 0.09555122256278992 0.9876051545143127 6.00063021427772e-16 0.8692668676376343
60.000699999999995 0.09554751217365265 0.9876051545143127 6.000669918947122e-16 0.8692667484283447
60.001000000000005 0.09554066509008408 0.9876051545143127 6.000700094495868e-16 0.8692667484283447
60.02144000000019 0.09284208714962006 0.9876051545143127 6.002744090876711e-16 0.8692667484283447
60.04188000000037 0.09016117453575134 0.9876051545143127 6.004788616653146e-16 0.8692667484283447
60.082840000000736 0.08484864234924316 0.9876051545143127 6.008885079744305e-16 0.8692667484283447
60.16476000000147 0.07454075664281845 0.9876051545143127 6.01707747653103e-16 0.8692667484283447
60.328600000002936 0.05538932979106903 0.9876051545143127 6.033463328895664e-16 0.8692667484283447
60.562975000002936 0.03155289590358734 0.9876051545143127 6.056903377524151e-16 0.8692667484283447
60.79735000000293 0.012118333950638771 0.9876051545143127 6.080342896757046e-16 0.8692667484283447
60.95897289975914 0.0018414632650092244 0.9876051545143127 6.096506932368618e-16 0.8692667484283447
61.00499351439119 5.311415225150995e-05 0.9876051545143127 6.101109497645761e-16 0.8692667484283447
61.00945900761149 -3.3386157838322106e-08 0.9876051545143127 6.101555778129846e-16 0.8692667484283447
89.99999999999999 -3.3388527498345866e-08 0.9876051545143127 9.000900322791256e-16 0.8692667484283447
90.0001 -3.336568354939118e-08 0.9876051545143127 9.000909851911913e-16 0.8692667484283447
90.0003 -3.3343891203685416e-08 0.9876051545143127 9.00092996894441e-16 0.8692667484283447
90.0007 -3.333129683369407e-08 0.9876051545143127 9.000970203009405e-16 0.8692667484283447
90.001 -3.332378994969076e-08 0.9876051545143127 9.000999849162559e-16 0.8692667484283447
119.99999999999999 -3.332378994969076e-08 0.9876051545143127 1.2001200077457947e-15 0.8692667484283447
120.0001 -3.332378994969076e-08 0.9876051545143127 1.2001209606578604e-15 0.8692667484283447
120.0003 -3.332378994969076e-08 0.9876051545143127 1.2001229723611101e-15 0.8692667484283447
120.0007 -3.332378994969076e-08 0.9876051545143127 1.2001269957676096e-15 0.8692667484283447
120.001 -3.332378994969076e-08 0.9876051545143127 1.200129960382925e-15 0.8692667484283447
130.92791250811393 -3.332378994969076e-08 0.9876051545143127 0.03818575292825699 0.8692667484283447
141.85482501622786 -3.332378994969076e-08 0.9876051545143127 0.07489627599716187 0.8692667484283447
142.08920001622786 -3.332378994969076e-08 0.9876051545143127 0.07566743344068527 0.8692667484283447
142.32357501622786 -3.332378994969076e-08 0.9876051545143127 0.07643791288137436 0.8692667484283447
142.55795001622784 -3.332378994969076e-08 0.9876051545143127 0.07720770686864853 0.8692667484283447
150.0 -3.332378994969076e-08 0.9876051545143127 0.10129455476999283 0.8692667484283447
150.0001 -3.332378994969076e-08 0.9876051545143127 0.10129507631063461 0.8692667484283447
150.0003 -3.332378994969076e-08 0.9876051545143127 0.10129754990339279 0.8692667484283447
150.0007 4.630449357279076e-09 0.9876051545143127 0.10130688548088074 0.8692667484283447
150.0008229635914 2.7455962481326424e-07 0.9876051545143127 0.10131070762872696 0.8692667484283447
150.00089425067105 9.312071256317722e-07 0.9876051545143127 0.10131293535232544 0.8692667484283447
150.00093030665755 1.7407958239346044e-06 0.9876051545143127 0.10131388902664185 0.8692667484283447
150.00095829476138 2.9692180305573856e-06 0.9876051545143127 0.10131453722715378 0.8692667484283447
150.00098470985742 4.831901151192142e-06 0.9876051545143127 0.10131511092185974 0.8692667484283447
150.001 6.248403678910108e-06 0.9876051545143127 0.10131542384624481 0.8692667484283447
150.1658910261591 0.01844104379415512 0.9876051545143127 0.10450153797864914 0.8692667484283447
150.33078205231823 0.03666531667113304 0.9876051545143127 0.10762248188257217 0.8692667484283447
150.56515705231823 0.06228032335639 0.9876051545143127 0.11196975409984589 0.8692667484283447
150.7995320523182 0.087535560131073 0.9876051545143127 0.11620710790157318 0.8692667484283447
151.0339070523182 0.11239492893218994 0.9876051545143127 0.1203245222568512 0.8692667484283447
151.2682820523182 0.1368509978055954 0.9876051545143127 0.12432083487510681 0.8692667484283447
151.50265705231817 0.1608966737985611 0.9876051545143127 0.12819504737854004 0.8692667484283447
151.73703205231817 0.18452483415603638 0.9876051545143127 0.13194623589515686 0.8692667484283447
151.97140705231817 0.20772835612297058 0.9876051545143127 0.13557353615760803 0.8692667484283447
152.20578205231814 0.23050007224082947 0.9876051545143127 0.13907618820667267 0.8692667484283447
152.44015705231814 0.25283294916152954 0.9876051545143127 0.14245355129241943 0.8692667484283447
152.67453205231814 0.2747199535369873 0.9876051545143127 0.14570507407188416 0.8692667484283447
152.9089070523181 0.2961542010307312 0.9876051545143127 0.148830384016037 0.8692667484283447
153.3776570523181 0.33763784170150757 0.9876051545143127 0.15470150113105774 0.8692667484283447
153.61203205231809 0.3576744794845581 0.9876051545143127 0.15744733810424805 0.8692667484283447
154.08078205231809 0.3963078558444977 0.9876051545143127 0.1625610589981079 0.8692667484283447
154.66671955231803 0.44184648990631104 0.9876051545143127 0.16825197637081146 0.8692667484283447
155.25265705231803 0.4842621684074402 0.9876051545143127 0.1731814444065094 0.8692667484283447
155.721407052318 0.5159214735031128 0.9876051545143127 0.17659631371498108 0.8692667484283447
156.42453205231797 0.55961674451828 0.9876051545143127 0.18088579177856445 0.8692667484283447
157.12765705231794 0.598798394203186 0.9876051545143127 0.18425510823726654 0.8692667484283447
157.36203205231794 0.6108748316764832 0.9876051545143127 0.18519175052642822 0.8692667484283447
157.59640705231794 0.6224689483642578 0.9876051545143127 0.18604245781898499 0.8692667484283447
157.83078205231791 0.6335880160331726 0.9876051545143127 0.1868119090795517 0.8692667484283447
158.06515705231791 0.6442419290542603 0.9876051545143127 0.1875045895576477 0.8692667484283447
158.7682820523179 0.6735178828239441 0.9876051545143127 0.1891685426235199 0.8692667484283447
159.23703205231786 0.6909064650535583 0.9876051545143127 0.18998093903064728 0.8692667484283447
160.40890705231783 0.7276808619499207 0.9876051545143127 0.1912374198436737 0.8692667484283447
160.8776570523178 0.740003764629364 0.9876051545143127 0.19151510298252106 0.8692667484283447
162.04953205231774 0.7658236622810364 0.9876051545143127 0.19187572598457336 0.8692667484283447
163.22140705231772 0.78580641746521 0.9876051545143127 0.1919798105955124 0.8692667484283447
163.6901570523177 0.7924886345863342 0.9876051545143127 0.19199150800704956 0.8692667484283447
163.9245320523177 0.7955886721611023 0.9876051545143127 0.19199439883232117 0.8692667484283447
164.15890705231766 0.7985398769378662 0.9876051545143127 0.19199606776237488 0.8692667484283447
164.39328205231766 0.8013505935668945 0.9876051545143127 0.19199691712856293 0.8692667484283447
164.62765705231766 0.8040287494659424 0.9876051545143127 0.19199728965759277 0.8692667484283447
164.86203205231763 0.8065816760063171 0.9876051545143127 0.19199739396572113 0.8692667484283447
165.5651570523176 0.8135581016540527 0.9876051545143127 0.19199736416339874 0.8692667484283447
166.0339070523176 0.8177019953727722 0.9876051545143127 0.19199736416339874 0.8692667484283447
166.26828205231757 0.8196384906768799 0.9876051545143127 0.19199736416339874 0.8692667484283447
166.73703205231757 0.8232649564743042 0.9876051545143127 0.19199736416339874 0.8692667484283447
166.97140705231755 0.8249639272689819 0.9876051545143127 0.19199736416339874 0.8692667484283447
167.20578205231755 0.826592206954956 0.9876051545143127 0.19199736416339874 0.8692667484283447
167.44015705231755 0.8281536102294922 0.9876051545143127 0.19199736416339874 0.8692667484283447
167.67453205231752 0.8296516537666321 0.9876051545143127 0.19199736416339874 0.8692667484283447
167.90890705231752 0.8310897946357727 0.9876051545143127 0.19199736416339874 0.8692667484283447
168.1432820523175 0.8324711322784424 0.9876051545143127 0.19199736416339874 0.8692667484283447
168.3776570523175 0.8337987065315247 0.9876051545143127 0.19199736416339874 0.8692667484283447
168.6120320523175 0.8350752592086792 0.9876051545143127 0.19199736416339874 0.8692667484283447
168.84640705231746 0.8363034129142761 0.9876051545143127 0.19199736416339874 0.8692667484283447
169.08078205231746 0.8374856114387512 0.9876051545143127 0.19199736416339874 0.8692667484283447
169.31515705231746 0.8386241793632507 0.9876051545143127 0.19199736416339874 0.8692667484283447
169.54953205231743 0.8397213220596313 0.9876051545143127 0.19199736416339874 0.8692667484283447
169.78390705231743 0.8407790660858154 0.9876051545143127 0.19199736416339874 0.8692667484283447
170.01828205231743 0.8417993783950806 0.9876051545143127 0.19199736416339874 0.8692667484283447
170.4870320523174 0.8437346816062927 0.9876051545143127 0.19199736416339874 0.8692667484283447
170.7214070523174 0.8446530699729919 0.9876051545143127 0.19199736416339874 0.8692667484283447
170.95578205231737 0.8455406427383423 0.9876051545143127 0.19199736416339874 0.8692667484283447
171.19015705231737 0.8463988304138184 0.9876051545143127 0.19199736416339874 0.8692667484283447
171.65890705231735 0.8480324745178223 0.9876051545143127 0.19199736416339874 0.8692667484283447
171.89328205231735 0.8488103747367859 0.9876051545143127 0.19199736416339874 0.8692667484283447
172.12765705231735 0.8495638370513916 0.9876051545143127 0.19199736416339874 0.8692667484283447
172.36203205231732 0.8502939939498901 0.9876051545143127 0.19199736416339874 0.8692667484283447
172.9479695523173 0.8520239591598511 0.9876051545143127 0.19199736416339874 0.8692667484283447
173.5339070523173 0.8536287546157837 0.9876051545143127 0.19199736416339874 0.8692667484283447
173.76828205231726 0.8542385697364807 0.9876051545143127 0.19199736416339874 0.8692667484283447
174.00265705231726 0.8548310995101929 0.9876051545143127 0.19199736416339874 0.8692667484283447
174.58859455231726 0.8562415838241577 0.9876051545143127 0.19199736416339874 0.8692667484283447
175.1745320523172 0.85755854845047 0.9876051545143127 0.19199736416339874 0.8692667484283447
175.4089070523172 0.8580611944198608 0.9876051545143127 0.19199736416339874 0.8692667484283447
175.6432820523172 0.8585507869720459 0.9876051545143127 0.19199736416339874 0.8692667484283447
177.04953205231715 0.8612406253814697 0.9876051545143127 0.19199736416339874 0.8692667484283447
177.28390705231712 0.8616515398025513 0.9876051545143127 0.19199736416339874 0.8692667484283447
177.51828205231712 0.8620527386665344 0.9876051545143127 0.19199736416339874 0.8692667484283447
177.75265705231712 0.8624445796012878 0.9876051545143127 0.19199736416339874 0.8692667484283447
179.39328205231703 0.8649508357048035 0.9876051545143127 0.19199736416339874 0.8692667484283447
179.62765705231703 0.8652782440185547 0.9876051545143127 0.19199736416339874 0.8692667484283447
179.99999999999997 0.8657859563827515 0.9876051545143127 0.19199736416339874 0.8692667484283447
180.0001 0.8657855987548828 0.9876051545143127 0.19199736416339874 0.8692667484283447
180.0003 0.8657852411270142 0.9876051545143127 0.19199705123901367 0.8692667484283447
180.0007 0.8657851219177246 0.9876051545143127 0.19199314713478088 0.8692667484283447
180.001 0.8657851219177246 0.9876051545143127 0.19198594987392426 0.8692667484283447
180.04192000000063 0.8657851219177246 0.9876051545143127 0.186294287443161 0.8692667484283447
180.0828400000013 0.8657851219177246 0.9876051545143127 0.18060186505317688 0.8692667484283447
180.1647600000026 0.8657851219177246 0.9876051545143127 0.16921034455299377 0.8692667484283447
180.32860000000517 0.8657851219177246 0.9876051545143127 0.14651918411254883 0.8692667484283447
180.56297500000517 0.8657851219177246 0.9876051545143127 0.11454470455646515 0.8692667484283447
180.79735000000514 0.8657851219177246 0.9876051545143127 0.08383798599243164 0.8692667484283447
181.03172500000514 0.8657851219177246 0.9876051545143127 0.055691611021757126 0.8692667484283447
181.26610000000514 0.8657851219177246 0.9876051545143127 0.0315931998193264 0.8692667484283447
181.5004750000051 0.8657851219177246 0.9876051545143127 0.012152479961514473 0.8692667484283447
181.66278534914943 0.8657851219177246 0.9876051545143127 0.0018328723963350058 0.8692667484283447
181.70876666081105 0.8657851219177246 0.9876051545143127 5.922253694734536e-05 0.8692667484283447
181.71386323077513 0.8657851219177246 0.9876051545143127 -3.3386157838322106e-08 0.8692667484283447
200.0060019053022 0.8657851219177246 0.9876051545143127 -3.3386157838322106e-08 0.8692667484283447
209.99999999999997 0.8657851219177246 0.9876051545143127 -3.338324106039181e-08 0.8692667484283447
210.00009999999997 0.8657851219177246 0.9876051545143127 -3.336392495612017e-08 0.8692667484283447
210.0003 0.8657851219177246 0.9876051545143127 -3.3343891203685416e-08 0.8692667484283447
210.00070000000002 0.8657851219177246 0.9876051545143127 -3.333351372702964e-08 0.8692667484283447
210.0009013740622 0.8657851219177246 0.9876051545143127 -3.333242659664393e-08 0.8692667484283447
210.00100000000003 0.8657851219177246 0.9876051545143127 -3.333224896095999e-08 0.8692667484283447
218.73755163251337 0.8657851219177246 0.9876051545143127 0.03558289632201195 0.8692667484283447
227.47410326502668 0.8657851219177246 0.9876051545143127 0.06993813812732697 0.8692667484283447
227.70847826502668 0.8657851219177246 0.9876051545143127 0.07084274291992188 0.8692667484283447
227.94285326502666 0.8657851219177246 0.9876051545143127 0.07174646109342575 0.8692667484283447
228.17722826502666 0.8657851219177246 0.9876051545143127 0.072649285197258 0.8692667484283447
229.5834782650266 0.8657851219177246 0.9876051545143127 0.07804746925830841 0.8692667484283447
229.8178532650266 0.8657851219177246 0.9876051545143127 0.07894403487443924 0.8692667484283447
230.05222826502657 0.8657851219177246 0.9876051545143127 0.07983970642089844 0.8692667484283447
230.28660326502657 0.8657851219177246 0.9876051545143127 0.080734483897686 0.8692667484283447
239.89597826502617 0.8657851219177246 0.9876051545143127 0.11664798110723495 0.8692667484283447
239.99999999999997 0.8657851219177246 0.9876051545143127 0.11702857166528702 0.8692667484283447
