time a b c w1
0.0 0.0 0.0 0.0 0.0
2.34374997708231e-06 2.34398437508335e-23 1.0801570415496826 2.34398437508335e-23 2.34398437508335e-23
2.3531289769906394e-06 2.35336424679079e-23 1.0037916898727417 2.35336424679079e-23 2.35336424679079e-23
2.3718869768072985e-06 2.372124147977851e-23 0.9922298789024353 2.372124147977851e-23 2.372124147977851e-23
2.449126245505041e-06 2.449371143311084e-23 0.9876051545143127 2.449371143311084e-23 2.449371143311084e-23
0.00019360463173130613 1.9362399824984054e-21 0.9876051545143127 1.9362399824984054e-21 1.9362399824984054e-21
0.00038480681743822704 3.8484529531415596e-21 0.9876051545143127 3.8484529531415596e-21 -5.559172677749302e-09
0.0007672111888520689 7.672878894427868e-21 0.9876051545143127 7.672878894427868e-21 -2.7052784901115956e-08
0.001 1.0000999731091105e-20 0.9876051545143127 1.0000999731091105e-20 -3.3382431041673044e-08
29.999999999999996 3.000300019364487e-16 0.9876051545143127 3.000300019364487e-16 -3.338225695870278e-08
30.000099999999996 3.0003100778807355e-16 0.9876051545143127 3.0003100778807355e-16 -3.336256071406751e-08
30.0003 3.0003299302154367e-16 0.9876051545143127 3.0003299302154367e-16 -3.33431060539624e-08
30.0007 3.0003698995826353e-16 0.9876051545143127 3.0003698995826353e-16 -3.3332813842434916e-08
30.000822963478928 1.4133515191527835e-10 0.9876051545143127 3.000382340379048e-16 -3.333147446937801e-08
30.000893956646063 3.354009958655979e-09 0.9876051545143127 3.0003894872195405e-16 -2.113657160407456e-08
30.000929659150767 1.4141745552365137e-08 0.9876051545143127 3.000392928290889e-16 3.503813417182755e-08
30.00095122794226 3.743570076153446e-08 0.9876051545143127 3.000395045873257e-16 1.9108728110950324e-07
30.000976226738093 9.993178906597677e-08 0.9876051545143127 3.000397692851217e-16 6.885942980261461e-07
30.001 1.936859916895628e-07 0.9876051545143127 3.000400075131381e-16 1.499460154263943e-06
30.04136887417848 0.0002689230896066874 0.9876051545143127 3.004437245916232e-16 0.0026145733427256346
30.08173774835696 0.0005359644419513643 0.9876051545143127 3.008474681398879e-16 0.005219950340688229
30.16247796070966 0.0010650199837982655 0.9876051545143127 3.0165495523641725e-16 0.010407795198261738
30.323958385415054 0.0021059878636151552 0.9876051545143127 3.032699029596964e-16 0.020704731345176697
30.558333385415054 0.003582828212529421 0.9876051545143127 3.0561388135276544e-16 0.03549247235059738
30.79270838541505 0.005018553230911493 0.9876051545143127 3.079578862156141e-16 0.050088346004486084
31.027083385415047 0.00641005951911211 0.9876051545143127 3.1030186460868317e-16 0.06447546929121017
31.261458385415047 0.007757797371596098 0.9876051545143127 3.1264584300175224e-16 0.07865336537361145
31.495833385415043 0.00906227994710207 0.9876051545143127 3.149898213948213e-16 0.09262236952781677
31.73020838541504 0.010324032977223396 0.9876051545143127 3.1733382625766997e-16 0.1063828319311142
31.964583385415036 0.01154356449842453 0.9876051545143127 3.1967780465073903e-16 0.11993436515331268
32.19895838541503 0.012721408158540726 0.9876051545143127 3.220217830438081e-16 0.13327664136886597
32.43333338541503 0.013858150690793991 0.9876051545143127 3.2436576143687716e-16 0.1464102566242218
32.667708385415025 0.01495438814163208 0.9876051545143127 3.2670973982994623e-16 0.15933562815189362
32.902083385415025 0.016010718420147896 0.9876051545143127 3.290537446927949e-16 0.17205245792865753
33.136458385415025 0.01702777110040188 0.9876051545143127 3.3139772308586396e-16 0.18456095457077026
33.60520838541502 0.018946703523397446 0.9876051545143127 3.360856798720021e-16 0.20895624160766602
33.83958338541501 0.01984994299709797 0.9876051545143127 3.3842968473485075e-16 0.22084441781044006
34.07395838541501 0.020716629922389984 0.9876051545143127 3.407736631279198e-16 0.23252716660499573
34.30833338541501 0.021547485142946243 0.9876051545143127 3.431176415209889e-16 0.2440054565668106
34.894270885415004 0.023472648113965988 0.9876051545143127 3.4897760073855134e-16 0.27181389927864075
35.480208385415 0.025190385058522224 0.9876051545143127 3.548375599561138e-16 0.29836565256118774
35.71458338541499 0.02582220919430256 0.9876051545143127 3.5718153834918287e-16 0.30863815546035767
35.94895838541499 0.02642369642853737 0.9876051545143127 3.5952554321203153e-16 0.31871360540390015
36.18333338541499 0.026995651423931122 0.9876051545143127 3.618695216051006e-16 0.3285936713218689
37.120833385414976 0.02900475263595581 0.9876051545143127 3.7124546164715646e-16 0.3661942780017853
37.355208385414976 0.029441669583320618 0.9876051545143127 3.735894400402255e-16 0.37512272596359253
37.58958338541497 0.029854195192456245 0.9876051545143127 3.759334184332946e-16 0.3838661015033722
37.82395838541497 0.030243147164583206 0.9876051545143127 3.7827739682636365e-16 0.39242666959762573
38.05833338541496 0.030609332025051117 0.9876051545143127 3.806214016892123e-16 0.4008066654205322
38.29270838541496 0.030953649431467056 0.9876051545143127 3.829653800822814e-16 0.40900811553001404
38.52708338541496 0.031276993453502655 0.9876051545143127 3.8530935847535044e-16 0.41703295707702637
38.761458385414954 0.03158016502857208 0.9876051545143127 3.876533368684195e-16 0.4248836934566498
38.995833385414954 0.031863972544670105 0.9876051545143127 3.8999734173126817e-16 0.43256279826164246
39.23020838541495 0.03212931752204895 0.9876051545143127 3.9234132012433724e-16 0.44007235765457153
39.46458338541495 0.03237704187631607 0.9876051545143127 3.946852985174063e-16 0.44741472601890564
39.69895838541495 0.032607898116111755 0.9876051545143127 3.9702927691047537e-16 0.45459261536598206
39.93333338541494 0.032822657376527786 0.9876051545143127 3.9937325530354443e-16 0.4616086483001709
40.16770838541494 0.03302209451794624 0.9876051545143127 4.017172601663931e-16 0.4684653580188751
40.40208338541494 0.03320696949958801 0.9876051545143127 4.0406123855946216e-16 0.47516539692878723
40.63645838541493 0.033378034830093384 0.9876051545143127 4.0640521695253123e-16 0.48171135783195496
40.87083338541493 0.03353601694107056 0.9876051545143127 4.087491953456003e-16 0.4881058931350708
41.105208385414926 0.03368162736296654 0.9876051545143127 4.1109320020844896e-16 0.49435174465179443
41.339583385414926 0.03381553664803505 0.9876051545143127 4.13437178601518e-16 0.5004516243934631
41.573958385414926 0.033938392996788025 0.9876051545143127 4.157811569945871e-16 0.5064082741737366
41.80833338541492 0.034050874412059784 0.9876051545143127 4.1812513538765615e-16 0.5122244358062744
42.04270838541492 0.034153614193201065 0.9876051545143127 4.204691137807252e-16 0.5179027318954468
43.214583385414905 0.03454191982746124 0.9876051545143127 4.3218905868562974e-16 0.544322669506073
43.4489583854149 0.034598417580127716 0.9876051545143127 4.345330370786988e-16 0.5492313504219055
43.6833333854149 0.034649062901735306 0.9876051545143127 4.3687701547176787e-16 0.5540211796760559
43.9177083854149 0.034694284200668335 0.9876051545143127 4.3922099386483693e-16 0.5586948394775391
44.15208338541489 0.034734465181827545 0.9876051545143127 4.415649987276856e-16 0.5632551312446594
44.38645838541489 0.03477006033062935 0.9876051545143127 4.4390897712075466e-16 0.5677044987678528
44.62083338541489 0.03480150178074837 0.9876051545143127 4.462529555138237e-16 0.572045624256134
44.85520838541488 0.034829121083021164 0.9876051545143127 4.485969603766724e-16 0.5762810111045837
46.26145838541487 0.0349324606359005 0.9876051545143127 4.626608307350868e-16 0.5996131896972656
46.49583338541486 0.03494194895029068 0.9876051545143127 4.650048355979354e-16 0.6031776666641235
46.73020838541486 0.034949883818626404 0.9876051545143127 4.673488404607841e-16 0.6066557168960571
46.96458338541486 0.0349564366042614 0.9876051545143127 4.696927923840736e-16 0.6100494861602783
48.60520838541484 0.034976840019226074 0.9876051545143127 4.861006676053366e-16 0.6316253542900085
48.839583385414834 0.03497763350605965 0.9876051545143127 4.884446724681853e-16 0.6344202160835266
49.073958385414834 0.03497818112373352 0.9876051545143127 4.90788677331034e-16 0.637148916721344
49.308333385414834 0.034978535026311874 0.9876051545143127 4.931326292543234e-16 0.6398133039474487
51.18333338541481 0.03497891500592232 0.9876051545143127 5.118845093384351e-16 0.6590108275413513
51.417708385414805 0.03497891500592232 0.9876051545143127 5.142285142012838e-16 0.6611692309379578
51.652083385414805 0.03497891500592232 0.9876051545143127 5.165724661245733e-16 0.6632788181304932
51.8864583854148 0.03497891500592232 0.9876051545143127 5.189164709874219e-16 0.6653409004211426
52.58958338541479 0.03497891500592232 0.9876051545143127 5.259484326364087e-16 0.6712549924850464
52.82395838541479 0.03497891500592232 0.9876051545143127 5.282923845596982e-16 0.6731398105621338
53.058333385414784 0.03497891500592232 0.9876051545143127 5.306363894225469e-16 0.6749832630157471
53.292708385414784 0.03497891500592232 0.9876051545143127 5.329803942853955e-16 0.6767865419387817
56.10520838541475 0.03497891500592232 0.9876051545143127 5.611081879417835e-16 0.6956565380096436
56.33958338541475 0.03497891500592232 0.9876051545143127 5.634521928046322e-16 0.6970258355140686
56.57395838541475 0.03497891500592232 0.9876051545143127 5.657961447279216e-16 0.6983675956726074
56.80833338541474 0.03497891500592232 0.9876051545143127 5.681401495907703e-16 0.6996825933456421
59.62083338541471 0.03497891500592232 0.9876051545143127 5.962679432471583e-16 0.7136086821556091
59.855208385414706 0.03497891500592232 0.9876051545143127 5.986119481100069e-16 0.7146340012550354
59.99999999999999 0.03497891500592232 0.9876051545143127 6.000600038728974e-16 0.7152597904205322
60.000099999999996 0.03497891500592232 0.9876051545143127 6.000610097245222e-16 0.7152590751647949
60.000299999999996 0.034978702664375305 0.9876051545143127 6.00063021427772e-16 0.7152584195137024
60.000699999999995 0.03497612848877907 0.9876051545143127 6.000669918947122e-16 0.7152581810951233
60.001000000000005 0.03497140482068062 0.9876051545143127 6.000700094495868e-16 0.7152581810951233
60.00108 0.034964144229888916 0.9876051545143127 6.000708035429749e-16 0.7152581810951233
60.00124000000001 0.03494962304830551 0.9876051545143127 6.00072391729751e-16 0.7152581810951233
60.16492000000147 0.0214789267629385 0.9876051545143127 6.017093887794383e-16 0.7152581810951233
60.328600000002936 0.010292460210621357 0.9876051545143127 6.033463328895664e-16 0.7152581810951233
60.44909718087428 0.003154434496536851 0.9876051545143127 6.045513960757133e-16 0.7152581810951233
60.51134103422018 0.0002595614641904831 0.9876051545143127 6.05173912352386e-16 0.7152581810951233
60.524670321656494 -3.338225695870278e-08 0.9876051545143127 6.053072141624601e-16 0.7152581810951233
89.99999999999999 -3.3340604943532526e-08 0.9876051545143127 9.000900322791256e-16 0.7152581810951233
90.0001 -3.334867670901076e-08 0.9876051545143127 9.000909851911913e-16 0.7152581810951233
90.0003 -3.333045839326587e-08 0.9876051545143127 9.00092996894441e-16 0.7152581810951233
90.0007 -2.238324015024773e-08 0.9876051545143127 9.000970203009405e-16 0.7152581810951233
90.001 4.861411273537897e-09 0.9876051545143127 9.000999849162559e-16 0.7152581810951233
119.99999999999999 4.861411273537897e-09 0.9876051545143127 1.2001200077457947e-15 0.7152581810951233
120.0001 4.861411273537897e-09 0.9876051545143127 1.2001209606578604e-15 0.7152581810951233
120.0003 4.861411273537897e-09 0.9876051545143127 1.2001229723611101e-15 0.7152581810951233
120.0007 4.861411273537897e-09 0.9876051545143127 1.2001269957676096e-15 0.7152581810951233
120.00085446968279 4.861411273537897e-09 0.9876051545143127 1.2001285839543857e-15 0.7152581810951233
120.001 4.861411273537897e-09 0.9876051545143127 1.200129960382925e-15 0.7152581810951233
120.1781769408868 4.861411273537897e-09 0.9876051545143127 0.001246164320036769 0.7152581810951233
120.35535928894976 4.861411273537897e-09 0.9876051545143127 0.0024901076685637236 0.7152581810951233
120.58973428894976 4.861411273537897e-09 0.9876051545143127 0.004132718779146671 0.7152581810951233
120.82410928894977 4.861411273537897e-09 0.9876051545143127 0.00577189726755023 0.7152581810951233
121.05848428894977 4.861411273537897e-09 0.9876051545143127 0.007407421711832285 0.7152581810951233
130.19910928894942 4.861411273537897e-09 0.9876051545143127 0.06837055087089539 0.7152581810951233
139.33973428894907 4.8614117176271066e-09 0.9876051545143127 0.12395573407411575 0.7152581810951233
139.57410928894907 4.8614117176271066e-09 0.9876051545143127 0.12531216442584991 0.7152581810951233
139.80848428894905 4.8614117176271066e-09 0.9876051545143127 0.12666520476341248 0.7152581810951233
140.04285928894905 4.8614117176271066e-09 0.9876051545143127 0.12801487743854523 0.7152581810951233
140.98035928894902 4.8614117176271066e-09 0.9876051545143127 0.13337983191013336 0.7152581810951233
141.214734288949 4.8614117176271066e-09 0.9876051545143127 0.13471266627311707 0.7152581810951233
141.449109288949 4.8614117176271066e-09 0.9876051545143127 0.13604214787483215 0.7152581810951233
141.683484288949 4.8614117176271066e-09 0.9876051545143127 0.13736827671527863 0.7152581810951233
145.84174214447447 4.8614117176271066e-09 0.9876051545143127 0.16034433245658875 0.7152581810951233
150.0 4.8614117176271066e-09 0.9876051545143127 0.18229493498802185 0.7152581810951233
150.0001 4.8614117176271066e-09 0.9876051545143127 0.18229562044143677 0.7152581810951233
150.0003 4.8614117176271066e-09 0.9876051545143127 0.18229754269123077 0.7152581810951233
150.0007 5.100159850002228e-09 0.9876051545143127 0.18230268359184265 0.7152581810951233
150.0008229637821 5.644040967922592e-08 0.9876051545143127 0.18230433762073517 0.7152581810951233
150.00093109024635 1.857802942595299e-07 0.9876051545143127 0.18230541050434113 0.7152581810951233
150.00095469439643 3.5426651834313816e-07 0.9876051545143127 0.18230555951595306 0.7152581810951233
150.00097262094437 7.586567107864539e-07 0.9876051545143127 0.18230566382408142 0.7152581810951233
150.0009948765443 1.5869642311372445e-06 0.9876051545143127 0.18230578303337097 0.7152581810951233
150.001 1.8270476402904023e-06 0.9876051545143127 0.18230579793453217 0.7152581810951233
150.06471662871448 0.0034963982179760933 0.9876051545143127 0.18260011076927185 0.7152581810951233
150.12843325742895 0.006976509001106024 0.9876051545143127 0.1828916370868683 0.7152581810951233
150.25586871758435 0.013895412907004356 0.9876051545143127 0.18346679210662842 0.7152581810951233
150.49024371758435 0.026510512456297874 0.9876051545143127 0.1845037341117859 0.7152581810951233
150.72461871758432 0.03898714482784271 0.9876051545143127 0.18551461398601532 0.7152581810951233
150.95899371758432 0.05130736157298088 0.9876051545143127 0.18649636209011078 0.7152581810951233
151.19336871758432 0.06347109377384186 0.9876051545143127 0.18744930624961853 0.7152581810951233
151.4277437175843 0.07547836750745773 0.9876051545143127 0.18837380409240723 0.7152581810951233
151.6621187175843 0.08732964098453522 0.9876051545143127 0.1892702281475067 0.7152581810951233
152.36524371758426 0.12195079028606415 0.9876051545143127 0.19179490208625793 0.7152581810951233
152.59961871758426 0.13318079710006714 0.9876051545143127 0.1925828754901886 0.7152581810951233
152.83399371758424 0.14425598084926605 0.9876051545143127 0.19334471225738525 0.7152581810951233
153.06836871758424 0.15517695248126984 0.9876051545143127 0.19408085942268372 0.7152581810951233
153.30274371758424 0.16594424843788147 0.9876051545143127 0.19479168951511383 0.7152581810951233
153.5371187175842 0.17655809223651886 0.9876051545143127 0.1954776495695114 0.7152581810951233
153.7714937175842 0.18701907992362976 0.9876051545143127 0.1961391717195511 0.7152581810951233
154.0058687175842 0.1973278522491455 0.9876051545143127 0.19677668809890747 0.7152581810951233
154.24024371758418 0.207484632730484 0.9876051545143127 0.19739067554473877 0.7152581810951233
154.47461871758418 0.21748991310596466 0.9876051545143127 0.1979815512895584 0.7152581810951233
154.94336871758415 0.23704937100410461 0.9876051545143127 0.19909587502479553 0.7152581810951233
155.17774371758415 0.2466050684452057 0.9876051545143127 0.19962024688720703 0.7152581810951233
155.41211871758415 0.2560123801231384 0.9876051545143127 0.2001233696937561 0.7152581810951233
155.64649371758412 0.2652721107006073 0.9876051545143127 0.20060572028160095 0.7152581810951233
155.88086871758412 0.27438509464263916 0.9876051545143127 0.20106779038906097 0.7152581810951233
156.5839937175841 0.30085253715515137 0.9876051545143127 0.20233719050884247 0.7152581810951233
156.8183687175841 0.3093876838684082 0.9876051545143127 0.20272301137447357 0.7152581810951233
157.05274371758406 0.31778082251548767 0.9876051545143127 0.20309099555015564 0.7152581810951233
157.28711871758406 0.3260331451892853 0.9876051545143127 0.20344164967536926 0.7152581810951233
157.52149371758406 0.3341459035873413 0.9876051545143127 0.20377540588378906 0.7152581810951233
157.75586871758404 0.34212011098861694 0.9876051545143127 0.20409278571605682 0.7152581810951233
157.99024371758404 0.349956750869751 0.9876051545143127 0.20439434051513672 0.7152581810951233
158.22461871758404 0.3576571047306061 0.9876051545143127 0.20468053221702576 0.7152581810951233
159.39649371758398 0.3941601514816284 0.9876051545143127 0.20589810609817505 0.7152581810951233
159.63086871758398 0.401070237159729 0.9876051545143127 0.2061024010181427 0.7152581810951233
159.86524371758395 0.40785330533981323 0.9876051545143127 0.20629476010799408 0.7152581810951233
160.09961871758395 0.41451096534729004 0.9876051545143127 0.206475630402565 0.7152581810951233
160.33399371758395 0.42104482650756836 0.9876051545143127 0.2066454291343689 0.7152581810951233
160.56836871758392 0.4274563491344452 0.9876051545143127 0.20680461823940277 0.7152581810951233
160.80274371758392 0.43374696373939514 0.9876051545143127 0.20695367455482483 0.7152581810951233
161.03711871758392 0.43991827964782715 0.9876051545143127 0.20709306001663208 0.7152581810951233
161.2714937175839 0.445971816778183 0.9876051545143127 0.20722319185733795 0.7152581810951233
161.5058687175839 0.4519091248512268 0.9876051545143127 0.20734453201293945 0.7152581810951233
161.7402437175839 0.4577319025993347 0.9876051545143127 0.20745745301246643 0.7152581810951233
162.67774371758384 0.4799109101295471 0.9876051545143127 0.20783287286758423 0.7152581810951233
162.91211871758384 0.48518577218055725 0.9876051545143127 0.20790962874889374 0.7152581810951233
163.14649371758384 0.4903559684753418 0.9876051545143127 0.20798030495643616 0.7152581810951233
163.3808687175838 0.49542322754859924 0.9876051545143127 0.20804522931575775 0.7152581810951233
163.6152437175838 0.5003892779350281 0.9876051545143127 0.20810472965240479 0.7152581810951233
163.8496187175838 0.5052558183670044 0.9876051545143127 0.20815913379192352 0.7152581810951233
164.08399371758378 0.5100244283676147 0.9876051545143127 0.20820875465869904 0.7152581810951233
165.25586871758375 0.5324584245681763 0.9876051545143127 0.208395317196846 0.7152581810951233
165.49024371758372 0.536674976348877 0.9876051545143127 0.2084222435951233 0.7152581810951233
165.72461871758372 0.540805459022522 0.9876051545143127 0.20844632387161255 0.7152581810951233
165.95899371758372 0.5448513031005859 0.9876051545143127 0.2084677517414093 0.7152581810951233
166.1933687175837 0.5488142371177673 0.9876051545143127 0.20848673582077026 0.7152581810951233
166.4277437175837 0.5526958703994751 0.9876051545143127 0.20850349962711334 0.7152581810951233
166.66211871758367 0.5564976930618286 0.9876051545143127 0.20851822197437286 0.7152581810951233
166.89649371758367 0.5602214932441711 0.9876051545143127 0.20853106677532196 0.7152581810951233
167.13086871758367 0.5638686418533325 0.9876051545143127 0.20854222774505615 0.7152581810951233
167.36524371758364 0.5674408078193665 0.9876051545143127 0.20855188369750977 0.7152581810951233
167.59961871758364 0.5709394812583923 0.9876051545143127 0.20856018364429474 0.7152581810951233
168.77149371758358 0.5873827338218689 0.9876051545143127 0.20858576893806458 0.7152581810951233
169.24024371758358 0.5934971570968628 0.9876051545143127 0.2085907757282257 0.7152581810951233
169.70899371758355 0.5993638038635254 0.9876051545143127 0.20859389007091522 0.7152581810951233
169.94336871758355 0.602207601070404 0.9876051545143127 0.2085949182510376 0.7152581810951233
170.17774371758352 0.604993462562561 0.9876051545143127 0.20859567821025848 0.7152581810951233
170.41211871758352 0.6077226996421814 0.9876051545143127 0.20859622955322266 0.7152581810951233
171.81836871758347 0.6229770183563232 0.9876051545143127 0.2085971236228943 0.7152581810951233
172.05274371758347 0.6253436803817749 0.9876051545143127 0.2085971236228943 0.7152581810951233
172.28711871758344 0.6276631355285645 0.9876051545143127 0.2085971236228943 0.7152581810951233
172.52149371758344 0.6299364566802979 0.9876051545143127 0.2085971236228943 0.7152581810951233
172.75586871758344 0.6321645975112915 0.9876051545143127 0.2085971236228943 0.7152581810951233
172.9902437175834 0.6343487501144409 0.9876051545143127 0.2085971236228943 0.7152581810951233
173.2246187175834 0.6364899277687073 0.9876051545143127 0.2085971236228943 0.7152581810951233
174.16211871758338 0.6446437239646912 0.9876051545143127 0.2085971236228943 0.7152581810951233
174.39649371758335 0.646584153175354 0.9876051545143127 0.2085971236228943 0.7152581810951233
174.63086871758335 0.6484872102737427 0.9876051545143127 0.2085971236228943 0.7152581810951233
174.86524371758335 0.6503537893295288 0.9876051545143127 0.2085971236228943 0.7152581810951233
175.33399371758333 0.6539804935455322 0.9876051545143127 0.2085971236228943 0.7152581810951233
175.56836871758333 0.6557424068450928 0.9876051545143127 0.2085971236228943 0.7152581810951233
175.8027437175833 0.6574710607528687 0.9876051545143127 0.2085971236228943 0.7152581810951233
176.0371187175833 0.6591672301292419 0.9876051545143127 0.2085971236228943 0.7152581810951233
177.9121187175832 0.6716525554656982 0.9876051545143127 0.2085971236228943 0.7152581810951233
178.1464937175832 0.6730878353118896 0.9876051545143127 0.2085971236228943 0.7152581810951233
178.3808687175832 0.6744973659515381 0.9876051545143127 0.2085971236228943 0.7152581810951233
178.61524371758318 0.6758818030357361 0.9876051545143127 0.2085971236228943 0.7152581810951233
178.84961871758318 0.6772415637969971 0.9876051545143127 0.2085971236228943 0.7152581810951233
179.08399371758318 0.6785773038864136 0.9876051545143127 0.2085971236228943 0.7152581810951233
179.31836871758316 0.6798895001411438 0.9876051545143127 0.2085971236228943 0.7152581810951233
179.55274371758316 0.6811787486076355 0.9876051545143127 0.2085971236228943 0.7152581810951233
179.99999999999997 0.6835824847221375 0.9876051545143127 0.2085971236228943 0.7152581810951233
180.0001 0.6835817694664001 0.9876051545143127 0.2085971236228943 0.7152581810951233
180.0003 0.6835810542106628 0.9876051545143127 0.2085968255996704 0.7152581810951233
180.0007 0.6835806369781494 0.9876051545143127 0.2085932344198227 0.7152581810951233
180.001 0.6835806369781494 0.9876051545143127 0.208586648106575 0.7152581810951233
180.16480000000257 0.6835806369781494 0.9876051545143127 0.18786078691482544 0.7152581810951233
180.32860000000517 0.6835806369781494 0.9876051545143127 0.16709348559379578 0.7152581810951233
180.56297500000517 0.6835806369781494 0.9876051545143127 0.13748842477798462 0.7152581810951233
180.79735000000514 0.6835806369781494 0.9876051545143127 0.10832906514406204 0.7152581810951233
181.03172500000514 0.6835806369781494 0.9876051545143127 0.08031672239303589 0.7152581810951233
181.26610000000514 0.6835806369781494 0.9876051545143127 0.0545424222946167 0.7152581810951233
181.5004750000051 0.6835806369781494 0.9876051545143127 0.03224357217550278 0.7152581810951233
181.7348500000051 0.6835806369781494 0.9876051545143127 0.014337359927594662 0.7152581810951233
181.9692250000051 0.6835806369781494 0.9876051545143127 0.0010791808599606156 0.7152581810951233
182.01535930257023 0.6835806369781494 0.9876051545143127 -3.338225695870278e-08 0.7152581810951233
203.10755679407336 0.6835806369781494 0.9876051545143127 -3.338225695870278e-08 0.7152581810951233
209.99999999999997 0.6835806369781494 0.9876051545143127 -3.333665787863538e-08 0.7152581810951233
210.00009999999997 0.6835806369781494 0.9876051545143127 -3.3347362204949604e-08 0.7152581810951233
210.0003 0.6835806369781494 0.9876051545143127 -3.3329143889204715e-08 0.7152581810951233
210.00070000000002 0.6835806369781494 0.9876051545143127 -3.326006137172044e-08 0.7152581810951233
210.00082797306646 0.6835806369781494 0.9876051545143127 -3.324954533923119e-08 0.7152581810951233
210.00100000000003 0.6835806369781494 0.9876051545143127 -3.324954533923119e-08 0.7152581810951233
210.08320521033443 0.6835806369781494 0.9876051545143127 0.0008427596185356379 0.7152581810951233
210.1654104206688 0.6835806369781494 0.9876051545143127 0.0016844641650095582 0.7152581810951233
210.32982585889854 0.6835806369781494 0.9876051545143127 0.003365161130204797 0.7152581810951233
210.56420085889852 0.6835806965827942 0.9876051545143127 0.0057556056417524815 0.7152581810951233
212.43920085889846 0.6835806965827942 0.9876051545143127 0.024629008024930954 0.7152581810951233
214.31420085889837 0.6835806965827942 0.9876051545143127 0.04305150359869003 0.7152581810951233
214.54857585889837 0.6835806965827942 0.9876051545143127 0.0453227162361145 0.7152581810951233
214.78295085889835 0.6835806965827942 0.9876051545143127 0.047586921602487564 0.7152581810951233
215.01732585889835 0.6835806965827942 0.9876051545143127 0.04984412342309952 0.7152581810951233
219.35326335889815 0.6835806965827942 0.9876051545143127 0.09034641832113266 0.7152581810951233
223.68920085889798 0.6835806965827942 0.9876051545143127 0.12849462032318115 0.7152581810951233
223.92357585889798 0.6835806965827942 0.9876051545143127 0.13049054145812988 0.7152581810951233
224.15795085889798 0.6835806965827942 0.9876051545143127 0.13247975707054138 0.7152581810951233
224.39232585889795 0.6835806965827942 0.9876051545143127 0.13446226716041565 0.7152581810951233
224.62670085889795 0.6835806965827942 0.9876051545143127 0.13643807172775269 0.7152581810951233
227.67357585889783 0.6835806965827942 0.9876051545143127 0.16151775419712067 0.7152581810951233
230.7204508588977 0.6835806965827942 0.9876051545143127 0.18548846244812012 0.7152581810951233
230.9548258588977 0.6835806965827942 0.9876051545143127 0.1872871071100235 0.7152581810951233
231.1892008588977 0.6835806965827942 0.9876051545143127 0.18907935917377472 0.7152581810951233
231.42357585889766 0.6835806965827942 0.9876051545143127 0.19086520373821259 0.7152581810951233
235.52513835889752 0.6835806965827942 0.9876051545143127 0.2210957407951355 0.7152581810951233
239.62670085889735 0.6835806965827942 0.9876051545143127 0.24944092333316803 0.7152581810951233
239.86107585889732 0.6835806965827942 0.9876051545143127 0.2510058283805847 0.7152581810951233
239.99999999999997 0.6835806965827942 0.9876051545143127 0.2519311308860779 0.7152581810951233
