time a b c w1 w2
0.0 0.0 0.0 0.0 0.0 0.0
0.00014062499775757686 1.4063906124282356e-21 1.4063906124282356e-21 1.0 1.4063906124282356e-21 1.4063906124282356e-21
0.00028124999551515373 2.8127812248564712e-21 2.8127812248564712e-21 1.0 -5.556874516088328e-09 -5.556874516088328e-09
0.0005624999910303075 5.6255624497129424e-21 5.6255624497129424e-21 1.0 -2.3201602417088907e-08 -2.3201602417088907e-08
0.001 1.0000999731091105e-20 1.0000999731091105e-20 1.0 -3.338055520885064e-08 -3.338055520885064e-08
29.999999999999996 3.000300019364487e-16 3.000300019364487e-16 1.0 -3.338031717703416e-08 -3.338031717703416e-08
30.000099999999996 3.0003100778807355e-16 3.0003100778807355e-16 1.0 -3.3361402529408224e-08 -3.3361402529408224e-08
30.0003 3.0003299302154367e-16 3.0003299302154367e-16 1.0 -3.334271880817141e-08 -3.334272591359877e-08
30.0007 3.0003698995826353e-16 3.0003698995826353e-16 1.0 -3.333283515871699e-08 -3.333288489670849e-08
30.00082296345331 1.0016560025860599e-08 3.000382340379048e-16 1.0 -3.0818672058785523e-08 -3.33316094724978e-08
30.00089395652656 5.4408584304610486e-08 3.0003894872195405e-16 1.0 2.5736646591667522e-08 -3.333121156856578e-08
30.000929690202803 1.2103083690817584e-07 3.000392928290889e-16 1.0 5.3816869183265226e-08 -3.333121156856578e-08
30.000951762266865 1.9574103760078287e-07 3.000395310571053e-16 1.0 3.084794286678516e-08 -3.333121156856578e-08
30.000964872563546 2.7614956366051047e-07 3.000396369362237e-16 1.0 1.742433397566856e-07 -3.333121156856578e-08
30.00097524652 3.842718854230043e-07 3.000397428153421e-16 1.0 5.994801881570311e-07 -3.333121156856578e-08
30.000986774773292 5.518410830518405e-07 3.000398751642401e-16 1.0 1.4146884268484428e-06 -3.333121156856578e-08
30.001001329397816 8.082111548901594e-07 3.000400075131381e-16 1.0 2.7589740057010204e-06 -3.333121156856578e-08
30.088123415074005 0.0018219227204099298 3.009113397180668e-16 1.0 0.010181675665080547 -3.333121156856578e-08
30.175245500750197 0.0036345592234283686 3.0178261898343624e-16 1.0 0.020333783701062202 -3.333121156856578e-08
30.349492330898205 0.007184119429439306 3.0352528339329355e-16 1.0 0.040397852659225464 -3.333121156856578e-08
30.697985991194216 0.013996000401675701 3.07010559273449e-16 1.0 0.07960353046655655 -3.333121156856578e-08
31.39497331178624 0.026737144216895103 3.1398113750353944e-16 1.0 0.15513302385807037 -3.333121156856578e-08
32.27387956178624 0.041320815682411194 3.2277106309499333e-16 1.0 0.24540869891643524 -3.333121156856578e-08
33.15278581178624 0.05406225845217705 3.315610151562268e-16 1.0 0.3292970359325409 -3.333121156856578e-08
34.03169206178624 0.06481161713600159 3.403509407476807e-16 1.0 0.4059596061706543 -3.333121156856578e-08
34.91059831178623 0.07362592965364456 3.491408928089142e-16 1.0 0.4751797616481781 -3.333121156856578e-08
35.78950456178623 0.08063171803951263 3.579308448701477e-16 1.0 0.5369250774383545 -3.333121156856578e-08
36.66841081178623 0.08597870916128159 3.667207704616016e-16 1.0 0.5911802053451538 -3.333121156856578e-08
37.54731706178623 0.08984456956386566 3.755107225228351e-16 1.0 0.6379831433296204 -3.333121156856578e-08
38.426223311786224 0.09245915710926056 3.84300648114289e-16 1.0 0.6775839328765869 -3.333121156856578e-08
39.305129561786224 0.09410317242145538 3.9309060017552247e-16 1.0 0.710605263710022 -3.333121156856578e-08
40.184035811786224 0.095065176486969 4.0188055223675597e-16 1.0 0.7379338145256042 -3.333121156856578e-08
41.06294206178622 0.09557817876338959 4.1067047782820986e-16 1.0 0.7603278756141663 -3.333121156856578e-08
41.94184831178622 0.09581321477890015 4.1946042988944335e-16 1.0 0.7784687280654907 -3.333121156856578e-08
43.69966081178622 0.0959291011095047 4.3704030754213074e-16 1.0 0.8053385615348816 -3.333121156856578e-08
45.45747331178621 0.09593577682971954 4.546202116645977e-16 1.0 0.8239297866821289 -3.333121156856578e-08
47.21528581178621 0.09593579173088074 4.722000628475055e-16 1.0 0.8370227813720703 -3.333121156856578e-08
48.9730983117862 0.09593579173088074 4.897799669699725e-16 1.0 0.8464081883430481 -3.333121156856578e-08
51.609817061786195 0.09593579173088074 5.161497966838934e-16 1.0 0.8564459681510925 -3.333121156856578e-08
54.24653581178619 0.09593579173088074 5.425196263978142e-16 1.0 0.8633471131324768 -3.333121156856578e-08
56.88325456178619 0.09593579173088074 5.688894031721759e-16 1.0 0.8683357238769531 -3.333121156856578e-08
57.76216081178618 0.09593579173088074 5.77679381703189e-16 1.0 0.8697059154510498 -3.333121156856578e-08
58.64106706178618 0.09593579173088074 5.864693072946429e-16 1.0 0.870959997177124 -3.333121156856578e-08
59.51997331178618 0.09593579173088074 5.952592328860968e-16 1.0 0.8721166849136353 -3.333121156856578e-08
59.99999999999999 0.09593579173088074 6.000600038728974e-16 1.0 0.8727068901062012 -3.333121156856578e-08
60.000099999999996 0.09593579173088074 6.000610097245222e-16 1.0 0.872706949710846 -3.333121156856578e-08
60.000299999999996 0.09593579173088074 6.00063021427772e-16 1.0 0.8727070093154907 -3.333121156856578e-08
60.000699999999995 0.09593579173088074 6.000669918947122e-16 1.0 0.8727071285247803 -3.333121156856578e-08
60.001000000000005 0.09593579173088074 6.000700094495868e-16 0.9999999403953552 0.8727071285247803 -3.333121156856578e-08
60.01377685920851 0.09593579173088074 4.4566964788828045e-05 0.9999853372573853 0.8727071285247803 -3.333121156856578e-08
60.02655371841702 0.09593579173088074 8.912957855500281e-05 0.9999706745147705 0.8727071285247803 -3.333121156856578e-08
61.48638575040091 0.09593579173088074 0.005243407562375069 0.9976893067359924 0.8727071285247803 -3.333121156856578e-08
62.94621778238482 0.09593579173088074 0.010399963706731796 0.9937023520469666 0.8727071285247803 -3.333121156856578e-08
63.921254403478564 0.09593579173088074 0.013825371861457825 0.9896475672721863 0.8727071285247803 -3.333121156856578e-08
64.8962910245723 0.09593579173088074 0.01726638339459896 0.9817249178886414 0.8727071285247803 -3.333121156856578e-08
65.0885517667598 0.09593579173088074 0.01794355735182762 0.9794360995292664 0.8727071285247803 -3.333121156856578e-08
65.3082783292598 0.09593579173088074 0.018714815378189087 0.9762460589408875 0.8727071285247803 -3.333121156856578e-08
65.8575947355098 0.09593579173088074 0.020637601613998413 0.9663699269294739 0.8727071285247803 -3.333121156856578e-08
66.51677442300982 0.09593579173088074 0.022937286645174026 0.9472865462303162 0.8727071285247803 -3.333121156856578e-08
66.84636426675982 0.09593579173088074 0.02408452145755291 0.9336850643157959 0.8727071285247803 -3.333121156856578e-08
67.28581739175984 0.09593579173088074 0.025606047362089157 0.9095051884651184 0.8727071285247803 -3.333121156856578e-08
68.16472364175984 0.09593579173088074 0.0286275502294302 0.8467315435409546 0.8727071285247803 -3.333121156856578e-08
69.04362989175982 0.09593579173088074 0.0316290482878685 0.7678643465042114 0.8727071285247803 -3.333121156856578e-08
69.92253614175982 0.09593579173088074 0.034614842385053635 0.6743640899658203 0.8727071285247803 -3.333121156856578e-08
70.80144239175982 0.09593579173088074 0.03758801147341728 0.5703923106193542 0.8727071285247803 -3.333121156856578e-08
71.68034864175982 0.09593579173088074 0.04054871201515198 0.4590798616409302 0.8727071285247803 -3.333121156856578e-08
72.55925489175982 0.09593579173088074 0.043497052043676376 0.3426038920879364 0.8727071285247803 -3.333121156856578e-08
73.43816114175982 0.09593579173088074 0.04643308371305466 0.2230844497680664 0.8727071285247803 -3.333121156856578e-08
74.31706739175982 0.09593579173088074 0.049360115081071854 0.104864701628685 0.8727071285247803 -3.333121156856578e-08
74.78918242576032 0.09593579173088074 0.05093211308121681 0.04697483032941818 0.8727071285247803 -3.333121156856578e-08
75.0496510750884 0.09593579173088074 0.05180139094591141 0.021004317328333855 0.8727071285247803 -3.333121156856578e-08
75.23753957948722 0.09593579173088074 0.05242973938584328 0.006570999510586262 0.8727071285247803 -3.333121156856578e-08
75.33505642773224 0.09593579173088074 0.052756167948246 0.0008980517159216106 0.8727071285247803 -3.333121156856578e-08
75.36248476112684 0.09593579173088074 0.05284806713461876 0.0001123228867072612 0.8727071285247803 -3.333121156856578e-08
75.38923425814608 0.09593579173088074 0.05293775722384453 -3.3386129416612675e-08 0.8727071285247803 -3.333121156856578e-08
81.55680971802472 0.09593579173088074 0.07307963073253632 -3.3386129416612675e-08 0.8727071285247803 -3.333121156856578e-08
82.43571596802472 0.09593579173088074 0.07594314217567444 -3.3386129416612675e-08 0.8727071285247803 -3.333121156856578e-08
83.31462221802472 0.09593579173088074 0.07883194833993912 -3.3386129416612675e-08 0.8727071285247803 -3.333121156856578e-08
84.19352846802472 0.09593579173088074 0.08172142505645752 -3.3386129416612675e-08 0.8727071285247803 -3.333121156856578e-08
89.99999999999999 0.09593579173088074 0.10050327330827713 -3.336580078894258e-08 0.8727071285247803 -3.333121156856578e-08
90.0001 0.09593579173088074 0.1005038246512413 -3.336630882699865e-08 0.8727071285247803 -3.333121156856578e-08
90.0003 0.09593579173088074 0.10050468891859055 -3.334983134095637e-08 0.8727071285247803 -3.333121156856578e-08
90.00047383524748 0.09593579173088074 0.1005052924156189 -1.6999063490175104e-08 0.8727071285247803 -3.333121156856578e-08
90.00082150574245 0.09593579173088074 0.10050831735134125 6.469284841159606e-08 0.8727071285247803 5.04609545259882e-07
90.00091552485851 0.09593579173088074 0.10051017999649048 8.658778227754738e-08 0.8727071285247803 1.8453554275765782e-06
90.00096571046714 0.09593579173088074 0.10051140934228897 9.12002988684435e-08 0.8727071285247803 4.021562745037954e-06
90.001 0.09593579173088074 0.10051213204860687 9.12002988684435e-08 0.8727071285247803 6.511837909783935e-06
90.06819868435045 0.09593579173088074 0.10181517153978348 9.12002988684435e-08 0.8727071285247803 0.00753413513302803
90.1353973687009 0.09593579173088074 0.1031145229935646 9.12002988684435e-08 0.8727071285247803 0.015049894340336323
90.26979883900916 0.09593579173088074 0.10567674040794373 9.12002988684435e-08 0.8727071285247803 0.029963666573166847
90.53860177962567 0.09593579173088074 0.11066354066133499 9.12002988684435e-08 0.8727071285247803 0.05934181436896324
91.07620766085869 0.09593579173088074 0.12010137736797333 9.12002988684435e-08 0.8727071285247803 0.1163206622004509
91.95511391085869 0.09593579173088074 0.13424721360206604 9.12002988684435e-08 0.8727071285247803 0.2051246464252472
92.83402016085869 0.09593579173088074 0.14677894115447998 9.12002988684435e-08 0.8727071285247803 0.2882941663265228
93.71292641085869 0.09593579173088074 0.15752556920051575 9.12002988684435e-08 0.8727071285247803 0.3649778664112091
94.59183266085869 0.09593579173088074 0.16651763021945953 9.12002988684435e-08 0.8727071285247803 0.4349331855773926
95.47073891085869 0.09593579173088074 0.17382194101810455 9.12002988684435e-08 0.8727071285247803 0.4979858994483948
96.34964516085869 0.09593579173088074 0.17954669892787933 9.12002988684435e-08 0.8727071285247803 0.5540522933006287
97.22855141085867 0.09593579173088074 0.1838526427745819 9.12002988684435e-08 0.8727071285247803 0.603232741355896
98.10745766085867 0.09593579173088074 0.18694853782653809 9.12002988684435e-08 0.8727071285247803 0.6458258628845215
98.98636391085867 0.09593579173088074 0.18904870748519897 9.12002988684435e-08 0.8727071285247803 0.6821654438972473
99.86527016085867 0.09593579173088074 0.19036976993083954 9.12002988684435e-08 0.8727071285247803 0.712695300579071
100.74417641085867 0.09593579173088074 0.19113218784332275 9.12002988684435e-08 0.8727071285247803 0.7380425930023193
101.62308266085867 0.09593579173088074 0.19152897596359253 9.12002988684435e-08 0.8727071285247803 0.7589424848556519
103.38089516085866 0.09593579173088074 0.19178414344787598 9.12002988684435e-08 0.8727071285247803 0.7904313802719116
105.13870766085866 0.09593579173088074 0.19181090593338013 9.12002988684435e-08 0.8727071285247803 0.8120855093002319
106.89652016085866 0.09593579173088074 0.19181136786937714 9.12002988684435e-08 0.8727071285247803 0.8272215127944946
109.53323891085864 0.09593579173088074 0.19181136786937714 9.12002988684435e-08 0.8727071285247803 0.8427286148071289
110.41214516085864 0.09593579173088074 0.19181136786937714 9.12002988684435e-08 0.8727071285247803 0.8466197848320007
111.29105141085864 0.09593579173088074 0.19181136786937714 9.12002988684435e-08 0.8727071285247803 0.8500072360038757
112.16995766085864 0.09593579173088074 0.19181136786937714 9.12002988684435e-08 0.8727071285247803 0.8529809713363647
115.24612953585863 0.09593579173088074 0.19181136786937714 9.12002988684435e-08 0.8727071285247803 0.8610273599624634
118.32230141085863 0.09593579173088074 0.19181136786937714 9.12002988684435e-08 0.8727071285247803 0.8667647242546082
119.99999999999999 0.09593579173088074 0.19181136786937714 9.12002988684435e-08 0.8727071285247803 0.8692893385887146
120.0001 0.09593579173088074 0.19181136786937714 9.12002988684435e-08 0.8727071285247803 0.8692894577980042
120.0003 0.09593579173088074 0.19181136786937714 9.12002988684435e-08 0.8727071285247803 0.8692895174026489
120.0007 0.09593130648136139 0.19181136786937714 9.12002988684435e-08 0.8727071285247803 0.8692896366119385
120.001 0.09592010080814362 0.19181136786937714 9.12002988684435e-08 0.8727071285247803 0.8692896366119385
120.0173323396205 0.09373468160629272 0.19181136786937714 6.492042302852497e-05 0.8727071285247803 0.8692896366119385
120.03366467924099 0.09155920892953873 0.19181136786937714 0.00012973271077498794 0.8727071285247803 0.8692896366119385
120.06633733520462 0.08724049478769302 0.19181136786937714 0.0002593381213955581 0.8727071285247803 0.8692896366119385
120.13168264713188 0.07877662032842636 0.19181136786937714 0.0005183396860957146 0.8727071285247803 0.8692896366119385
120.2623732709864 0.06288231909275055 0.19181136786937714 0.0010412309784442186 0.8727071285247803 0.8692896366119385
120.52375451869544 0.03533492237329483 0.19181136786937714 0.002111139940097928 0.8727071285247803 0.8692896366119385
120.83339296826446 0.00892768707126379 0.19181136786937714 0.0033974621910601854 0.8727071285247803 0.8692896366119385
120.96065532758897 0.0010812559630721807 0.19181136786937714 0.003919441718608141 0.8727071285247803 0.8692896366119385
120.99843836888056 6.494946865132079e-05 0.19181136786937714 0.004070322494953871 0.8727071285247803 0.8692896366119385
121.02033253838708 -3.3386164943749463e-08 0.19181136786937714 0.004156739450991154 0.8727071285247803 0.8692896366119385
121.24530975208587 -3.3386164943749463e-08 0.19181136786937714 0.0050495825707912445 0.8727071285247803 0.8692896366119385
121.47028696578468 -3.3386164943749463e-08 0.19181136786937714 0.0059663779102265835 0.8727071285247803 0.8692896366119385
121.91947768074067 -3.3386164943749463e-08 0.19181136786937714 0.007828524336218834 0.8727071285247803 0.8692896366119385
122.79838393074068 -3.3386164943749463e-08 0.19181136786937714 0.01146671362221241 0.8727071285247803 0.8692896366119385
125.43510268074073 -3.3386164943749463e-08 0.19181136786937714 0.022256627678871155 0.8727071285247803 0.8692896366119385
126.31400893074073 -3.3386164943749463e-08 0.19181136786937714 0.025819940492510796 0.8727071285247803 0.8692896366119385
127.19291518074074 -3.3386164943749463e-08 0.19181136786937714 0.02936709113419056 0.8727071285247803 0.8692896366119385
128.07182143074075 -3.3386164943749463e-08 0.19181136786937714 0.032898083329200745 0.8727071285247803 0.8692896366119385
130.26908705574078 -3.3386164943749463e-08 0.19181136786937714 0.04165492579340935 0.8727071285247803 0.8692896366119385
132.4663526807408 -3.3386164943749463e-08 0.19181136786937714 0.05031096190214157 0.8727071285247803 0.8692896366119385
133.34525893074084 -3.3386164943749463e-08 0.19181136786937714 0.05374518409371376 0.8727071285247803 0.8692896366119385
134.22416518074084 -3.3386164943749463e-08 0.19181136786937714 0.057163313031196594 0.8727071285247803 0.8692896366119385
136.42143080574087 -3.3386164943749463e-08 0.19181136786937714 0.06563829630613327 0.8727071285247803 0.8692896366119385
138.6186964307409 -3.3386164943749463e-08 0.19181136786937714 0.07401297241449356 0.8727071285247803 0.8692896366119385
139.4976026807409 -3.3386164943749463e-08 0.19181136786937714 0.07733479887247086 0.8727071285247803 0.8692896366119385
140.37650893074093 -3.3386164943749463e-08 0.19181136786937714 0.08064062893390656 0.8727071285247803 0.8692896366119385
142.57377455574095 -3.3386164943749463e-08 0.19181136786937714 0.08883530646562576 0.8727071285247803 0.8692896366119385
144.77104018074098 -3.3386164943749463e-08 0.19181136786937714 0.0969303548336029 0.8727071285247803 0.8692896366119385
145.64994643074098 -3.3386164943749463e-08 0.19181136786937714 0.1001405417919159 0.8727071285247803 0.8692896366119385
146.528852680741 -3.3386164943749463e-08 0.19181136786937714 0.10333485901355743 0.8727071285247803 0.8692896366119385
150.0 -3.342080034940409e-08 0.19181136786937714 0.11580095440149307 0.8727071285247803 0.8692896366119385
150.0001 -3.3376444719124265e-08 0.19181136786937714 0.1158025860786438 0.8727071285247803 0.8692896366119385
150.0003 -3.334388765097174e-08 0.19181136786937714 0.11580894887447357 0.8727065324783325 0.8692895770072937
150.0007 -3.332462839011896e-08 0.19181136786937714 0.11582688987255096 0.8727028369903564 0.8692891001701355
150.00082296324732 -3.232477041592574e-08 0.19181136786937714 0.11583232879638672 0.8727005124092102 0.8692885041236877
150.00092967179862 1.7280575548284105e-07 0.19181136786937714 0.11583586782217026 0.8726974725723267 0.8692868947982788
150.0009516058985 5.112699454912217e-07 0.19181136786937714 0.11583641171455383 0.8726966977119446 0.8692863583564758
150.0009717908937 1.2073815014446154e-06 0.19181136786937714 0.11583686619997025 0.8726959824562073 0.8692857027053833
150.0009893444661 2.263966507598525e-06 0.19181136786937714 0.1158372312784195 0.87269526720047 0.8692851066589355
150.001 3.1686192869528895e-06 0.19181136786937714 0.1158374473452568 0.8726948499679565 0.8692846894264221
150.0166214354047 0.001744197797961533 0.19181136786937714 0.11613760143518448 0.8720649480819702 0.8686547875404358
150.03224287080934 0.003485937137156725 0.19181136786937714 0.11643797159194946 0.8714281916618347 0.8680180907249451
150.0634876486486 0.0069665159098804 0.19181136786937714 0.11703779548406601 0.8701435923576355 0.8667334914207458
150.12597720432706 0.01389714702963829 0.19181136786937714 0.1182280033826828 0.8675324320793152 0.8641223311424255
150.25095631568402 0.027633734047412872 0.19181136786937714 0.12057006359100342 0.8621230125427246 0.8587128520011902
150.50091453839792 0.054692257195711136 0.19181136786937714 0.12512752413749695 0.8505003452301025 0.8470902442932129
151.0008309838257 0.10733319818973541 0.19181136786937714 0.13379955291748047 0.8241834044456482 0.8207733035087585
151.87973723382572 0.19585871696472168 0.19181136786937714 0.1478627622127533 0.7701644897460938 0.7667543292045593
152.75864348382572 0.27900320291519165 0.19181136786937714 0.16038568317890167 0.7066370248794556 0.7032268643379211
153.63754973382575 0.3559010624885559 0.19181136786937714 0.17118781805038452 0.6331568360328674 0.6297467350959778
154.51645598382575 0.426270991563797 0.19181136786937714 0.18028390407562256 0.5508378148078918 0.5474276542663574
155.39536223382578 0.4898781180381775 0.19181136786937714 0.18771818280220032 0.46094968914985657 0.4575395882129669
156.27426848382578 0.5466101169586182 0.19181136786937714 0.19358667731285095 0.3647817373275757 0.3613722026348114
157.15317473382578 0.5964417457580566 0.19181136786937714 0.19802236557006836 0.2634982764720917 0.2601023316383362
158.0320809838258 0.6395657658576965 0.19181136786937714 0.20121163129806519 0.1603059470653534 0.1571119874715805
158.9109872338258 0.67724609375 0.19181136786937714 0.20349226891994476 0.06161995232105255 0.05910734459757805
159.28182392319545 0.6914728283882141 0.19181136786937714 0.20420581102371216 0.026091868057847023 0.024152692407369614
159.49704607598173 0.6991036534309387 0.19181136786937714 0.20453530550003052 0.010134649462997913 0.008628852665424347
159.62342998267516 0.7034168243408203 0.19181136786937714 0.20470823347568512 0.002672778442502022 0.001673931605182588
159.66584714299208 0.7048351168632507 0.19181136786937714 0.20476284623146057 0.0004949392750859261 0.00010711641516536474
159.67408492080446 0.7051078081130981 0.19181136786937714 0.20477314293384552 0.00012771411275025457 -3.3380320729747837e-08
159.67843544040585 0.7052513360977173 0.19181136786937714 0.2047785222530365 -3.3380324282461515e-08 -3.3380324282461515e-08
159.72373596281105 0.70673668384552 0.19181136786937714 0.20483353734016418 -3.3380324282461515e-08 -3.3380324282461515e-08
159.76903648521622 0.7082048058509827 0.19181136786937714 0.20488664507865906 -3.3380324282461515e-08 -3.3380324282461515e-08
159.85973943893637 0.7110945582389832 0.19181136786937714 0.20498764514923096 -3.3380324282461515e-08 -3.3380324282461515e-08
160.04114534637665 0.7166839241981506 0.19181136786937714 0.20517034828662872 -3.3380324282461515e-08 -3.3380324282461515e-08
160.40395716125724 0.7271084785461426 0.19181136786937714 0.2054663598537445 -3.3380324282461515e-08 -3.3380324282461515e-08
161.12958079101836 0.7457281947135925 0.19181136786937714 0.2058797925710678 -3.3380324282461515e-08 -3.3380324282461515e-08
162.00848704101836 0.7651199102401733 0.19181136786937714 0.20617350935935974 -3.3380324282461515e-08 -3.3380324282461515e-08
162.88739329101836 0.7813348174095154 0.19181136786937714 0.20631134510040283 -3.3380324282461515e-08 -3.3380324282461515e-08
163.76629954101838 0.794790506362915 0.19181136786937714 0.20636309683322906 -3.3380324282461515e-08 -3.3380324282461515e-08
164.64520579101838 0.8059549927711487 0.19181136786937714 0.2063778042793274 -3.3380324282461515e-08 -3.3380324282461515e-08
165.5241120410184 0.8152399063110352 0.19181136786937714 0.20638038218021393 -3.3380324282461515e-08 -3.3380324282461515e-08
166.4030182910184 0.8230255842208862 0.19181136786937714 0.20638056099414825 -3.3380324282461515e-08 -3.3380324282461515e-08
167.2819245410184 0.829633355140686 0.19181136786937714 0.20638056099414825 -3.3380324282461515e-08 -3.3380324282461515e-08
168.16083079101844 0.835300087928772 0.19181136786937714 0.20638056099414825 -3.3380324282461515e-08 -3.3380324282461515e-08
169.03973704101844 0.84017413854599 0.19181136786937714 0.20638056099414825 -3.3380324282461515e-08 -3.3380324282461515e-08
169.91864329101847 0.8443751335144043 0.19181136786937714 0.20638056099414825 -3.3380324282461515e-08 -3.3380324282461515e-08
170.79754954101847 0.8480374813079834 0.19181136786937714 0.20638056099414825 -3.3380324282461515e-08 -3.3380324282461515e-08
172.5553620410185 0.854110598564148 0.19181136786937714 0.20638056099414825 -3.3380324282461515e-08 -3.3380324282461515e-08
174.31317454101853 0.8588820695877075 0.19181136786937714 0.20638056099414825 -3.3380324282461515e-08 -3.3380324282461515e-08
175.19208079101853 0.860906183719635 0.19181136786937714 0.20638056099414825 -3.3380324282461515e-08 -3.3380324282461515e-08
176.07098704101853 0.8627513647079468 0.19181136786937714 0.20638056099414825 -3.3380324282461515e-08 -3.3380324282461515e-08
176.94989329101855 0.8644442558288574 0.19181136786937714 0.20638056099414825 -3.3380324282461515e-08 -3.3380324282461515e-08
177.82879954101855 0.865990936756134 0.19181136786937714 0.20638056099414825 -3.3380324282461515e-08 -3.3380324282461515e-08
179.58661204101858 0.8687065839767456 0.19181136786937714 0.20638056099414825 -3.3380324282461515e-08 -3.3380324282461515e-08
179.99999999999997 0.8692874908447266 0.19181136786937714 0.20638056099414825 -3.3376892361047794e-08 -3.3367026475161765e-08
180.0001 0.8692874908447266 0.19181136786937714 0.20638056099414825 -3.336757004035462e-08 -3.336428022748805e-08
180.0003 0.8692874908447266 0.19181136786937714 0.20638056099414825 -3.3351092554312345e-08 -3.3351092554312345e-08
180.00085301339078 0.8692874908447266 0.19181136786937714 0.20638056099414825 1.7086470904814632e-08 1.7070878044478377e-08
180.001 0.8692874908447266 0.19181136786937714 0.20638056099414825 3.719013719205577e-08 3.717195085073399e-08
697.3535156250064 0.8692874908447266 0.19181136786937714 0.20638056099414825 3.719014074476945e-08 3.717195795616135e-08
899.5019531250091 0.8692874908447266 0.19181136786937714 0.20638056099414825 3.719014429748313e-08 3.717195795616135e-08
900.0000000000001 0.8692874908447266 0.19181136786937714 0.20638056099414825 3.719014429748313e-08 3.717195795616135e-08
