time a b c w1 w2
0.0 0.0 0.0 0.0 0.0 0.0
1.757812428601624e-06 1.0832566022872925 1.757988202426422e-23 1.0832566022872925 1.757988202426422e-23 1.757988202426422e-23
1.7648476783160305e-06 1.0055341720581055 1.7650242106122693e-23 1.0055341720581055 1.7650242106122693e-23 1.7650242106122693e-23
1.7789181777448437e-06 0.9905999898910522 1.7790960692117828e-23 0.9905999898910522 1.7790960692117828e-23 1.7790960692117828e-23
1.8070591766024704e-06 0.984626293182373 1.8072399441829907e-23 0.984626293182373 1.8072399441829907e-23 1.8072399441829907e-23
0.00013281055255599797 0.984626293182373 1.3282383013875093e-21 0.984626293182373 1.3282383013875093e-21 1.3282383013875093e-21
0.00026381985277929004 0.984626293182373 2.6384624023353322e-21 0.984626293182373 2.6384624023353322e-21 2.6384624023353322e-21
0.0005258384532258742 0.984626293182373 5.258910200334195e-21 0.984626293182373 -5.940374858681707e-09 -5.940374858681707e-09
0.001 0.984626293182373 1.0000999731091105e-20 0.984626293182373 -3.33807292918209e-08 -3.33807292918209e-08
29.999999999999996 0.984626293182373 3.000300019364487e-16 0.984626293182373 -3.338086784765437e-08 -3.338086784765437e-08
30.000099999999996 0.984626293182373 3.0003100778807355e-16 0.984626293182373 -3.3361729379066674e-08 -3.3361729379066674e-08
30.0003 0.984626293182373 3.0003299302154367e-16 0.984626293182373 -3.3342828942295455e-08 -3.3342828942295455e-08
30.0007 0.984626293182373 3.0003698995826353e-16 0.984626293182373 -3.333241238578921e-08 -3.333241238578921e-08
30.001 0.984626293182373 3.000400075131381e-16 0.984626293182373 -3.332793596655392e-08 -3.332793596655392e-08
59.99999999999999 0.984626293182373 6.000600038728974e-16 0.984626293182373 -3.332793596655392e-08 -3.332793596655392e-08
60.000099999999996 0.984626293182373 6.000610097245222e-16 0.984626293182373 -3.332793596655392e-08 -3.332793596655392e-08
60.000299999999996 0.984626293182373 6.00063021427772e-16 0.984626293182373 -3.332793596655392e-08 -3.332793596655392e-08
60.00040039954073 0.984626293182373 6.000640272793968e-16 0.984626293182373 -3.332793596655392e-08 -3.332793596655392e-08
60.00046059146379 0.984626293182373 6.000646096145481e-16 0.984626293182373 -3.332793596655392e-08 -3.332793596655392e-08
60.00049548705504 0.984626293182373 6.000649801914625e-16 0.984626293182373 2.025513765602227e-07 -3.332793596655392e-08
60.00051584035764 0.984626293182373 6.000651390101401e-16 0.984626293182373 8.852617270349583e-07 -3.332793596655392e-08
60.00053432176528 0.984626293182373 6.000653507683769e-16 0.984626293182373 2.0400188986968715e-06 -3.332793596655392e-08
60.00054515854854 0.984626293182373 6.000654566474953e-16 0.984626293182373 2.8015931547997752e-06 -3.332793596655392e-08
60.0005588245431 0.984626293182373 6.000655625266137e-16 0.984626293182373 3.728393949131714e-06 -3.332793596655392e-08
60.00058615653221 0.984626293182373 6.000658801639689e-16 0.984626293182373 5.481875632540323e-06 -3.332793596655392e-08
60.000640820510434 0.984626293182373 6.00066409559561e-16 0.984626293182373 8.623539542895742e-06 -3.332793596655392e-08
60.00075014846688 0.984626293182373 7.477891195151187e-09 0.9846262335777283 1.4080239452596288e-05 -3.332793596655392e-08
60.00080503077895 0.984626293182373 4.466281211534806e-08 0.9846261739730835 1.64418470376404e-05 -3.332793596655392e-08
60.000838352749234 0.984626293182373 1.7247653261165397e-07 0.9846261143684387 1.7680427845334634e-05 -3.332793596655392e-08
60.00092008314862 0.984626293182373 1.6737233181629563e-06 0.9846257567405701 2.029457209573593e-05 -3.332793596655392e-08
60.0009539346348 0.984626293182373 3.3551034448464634e-06 0.984625518321991 2.1218049369053915e-05 -3.332793596655392e-08
60.000987801449796 0.984626293182373 5.902358225284843e-06 0.9846252799034119 2.2066476958571002e-05 -3.332793596655392e-08
60.001000000000005 0.984626293182373 7.103767529770266e-06 0.9846251606941223 2.2354613975039683e-05 -3.332793596655392e-08
60.00198490572932 0.984626293182373 0.00012756473734043539 0.9846158027648926 4.4673703087028116e-05 -3.332793596655392e-08
60.00296981145864 0.984626293182373 0.0002480144321452826 0.9846065640449524 6.69891232973896e-05 -3.332793596655392e-08
60.139283948083346 0.984626293182373 0.016820572316646576 0.9832406044006348 0.0031237225048244 -3.332793596655392e-08
60.275598084708044 0.984626293182373 0.03326823189854622 0.9817582964897156 0.006140039302408695 -3.332793596655392e-08
60.319543397208044 0.984626293182373 0.03854464739561081 0.9812368154525757 0.00710405595600605 -3.332793596655392e-08
60.407434022208044 0.984626293182373 0.049035828560590744 0.9801269173622131 0.009012289345264435 -3.332793596655392e-08
60.583215272208044 0.984626293182373 0.06983843445777893 0.9776842594146729 0.012771244160830975 -3.332793596655392e-08
60.758996522208044 0.984626293182373 0.09041324257850647 0.9749258756637573 0.016457680612802505 -3.332793596655392e-08
60.934777772208044 0.984626293182373 0.11072182655334473 0.9717714190483093 0.020059814676642418 -3.332793596655392e-08
61.110559022208044 0.984626293182373 0.1307683140039444 0.9681581258773804 0.023579470813274384 -3.332793596655392e-08
61.286340272208044 0.984626293182373 0.1505902111530304 0.9640060663223267 0.02702883444726467 -3.332793596655392e-08
61.462121522208044 0.984626293182373 0.17022420465946198 0.9592471122741699 0.030419766902923584 -3.332793596655392e-08
61.637902772208044 0.984626293182373 0.1896536648273468 0.9538160562515259 0.033747509121894836 -3.332793596655392e-08
61.989465272208044 0.984626293182373 0.22775980830192566 0.9406543970108032 0.04017232730984688 -3.332793596655392e-08
62.165246522208044 0.984626293182373 0.24638313055038452 0.9328188896179199 0.04325439780950546 -3.332793596655392e-08
62.341027772208044 0.984626293182373 0.2647063136100769 0.9240923523902893 0.04624637961387634 -3.332793596655392e-08
62.516809022208044 0.984626293182373 0.2827456295490265 0.9144298434257507 0.0491538941860199 -3.332793596655392e-08
62.692590272208044 0.984626293182373 0.30050620436668396 0.9038156867027283 0.05197923257946968 -3.332793596655392e-08
62.86837152220804 0.984626293182373 0.3179825246334076 0.8922709822654724 0.054721515625715256 -3.332793596655392e-08
63.04415277220804 0.984626293182373 0.3351583480834961 0.8798236846923828 0.057376883924007416 -3.332793596655392e-08
63.21993402220804 0.984626293182373 0.3520178496837616 0.8664966821670532 0.05994164198637009 -3.332793596655392e-08
63.39571527220804 0.984626293182373 0.36856698989868164 0.8523103594779968 0.062418416142463684 -3.332793596655392e-08
63.57149652220804 0.984626293182373 0.38480067253112793 0.8373028039932251 0.06480683386325836 -3.332793596655392e-08
63.74727777220804 0.984626293182373 0.40070316195487976 0.8215241432189941 0.0671035647392273 -3.332793596655392e-08
63.92305902220804 0.984626293182373 0.4162810742855072 0.8050190210342407 0.0693114697933197 -3.332793596655392e-08
64.09884027220804 0.984626293182373 0.4315406382083893 0.787839412689209 0.0714334100484848 -3.332793596655392e-08
64.27462152220804 0.984626293182373 0.4464772045612335 0.7700395584106445 0.07346925884485245 -3.332793596655392e-08
64.45040277220804 0.984626293182373 0.4610865116119385 0.7516654133796692 0.07541907578706741 -3.332793596655392e-08
64.62618402220804 0.984626293182373 0.475364625453949 0.7327588796615601 0.07728305459022522 -3.332793596655392e-08
64.80196527220804 0.984626293182373 0.48930788040161133 0.7133584022521973 0.07906156778335571 -3.332793596655392e-08
64.97774652220804 0.984626293182373 0.5029131174087524 0.6935063600540161 0.08075514435768127 -3.332793596655392e-08
65.15352777220804 0.984626293182373 0.5161775946617126 0.6732420325279236 0.0823645368218422 -3.332793596655392e-08
65.32930902220804 0.984626293182373 0.5290985703468323 0.6525857448577881 0.08389054238796234 -3.332793596655392e-08
65.50509027220804 0.984626293182373 0.5416738986968994 0.631554901599884 0.08533413708209991 -3.332793596655392e-08
65.68087152220804 0.984626293182373 0.5539127588272095 0.6101791858673096 0.0866989940404892 -3.332793596655392e-08
65.85665277220804 0.984626293182373 0.5658243298530579 0.5884925127029419 0.08798880875110626 -3.332793596655392e-08
66.03243402220804 0.984626293182373 0.5773966908454895 0.5665223598480225 0.08920248597860336 -3.332793596655392e-08
66.20821527220804 0.984626293182373 0.5886192917823792 0.5442965030670166 0.090339295566082 -3.332793596655392e-08
66.55977777220804 0.984626293182373 0.610029935836792 0.4991604685783386 0.09239264577627182 -3.332793596655392e-08
66.73555902220804 0.984626293182373 0.6202414035797119 0.4762546420097351 0.09331759810447693 -3.332793596655392e-08
66.91134027220804 0.984626293182373 0.6301187872886658 0.4531353712081909 0.09417620301246643 -3.332793596655392e-08
67.08712152220804 0.984626293182373 0.6396650671958923 0.42982226610183716 0.0949707180261612 -3.332793596655392e-08
67.26290277220804 0.984626293182373 0.6488937139511108 0.40632838010787964 0.09570562094449997 -3.332793596655392e-08
67.43868402220804 0.984626293182373 0.6577981114387512 0.3826603293418884 0.09638158231973648 -3.332793596655392e-08
67.79024652220802 0.984626293182373 0.6746634840965271 0.33486056327819824 0.09756891429424286 -3.332793596655392e-08
67.96602777220802 0.984626293182373 0.6826348304748535 0.3107578754425049 0.09808596968650818 -3.332793596655392e-08
68.14180902220802 0.984626293182373 0.690303385257721 0.2865273654460907 0.09855503588914871 -3.332793596655392e-08
68.31759027220802 0.984626293182373 0.6976854801177979 0.26218289136886597 0.09898054599761963 -3.332793596655392e-08
68.49337152220802 0.984626293182373 0.7047780752182007 0.23773597180843353 0.09936390817165375 -3.332793596655392e-08
69.02071527220802 0.984626293182373 0.7244141101837158 0.16393828392028809 0.10029124468564987 -3.332793596655392e-08
69.37227777220802 0.984626293182373 0.7362160682678223 0.11503862589597702 0.10075077414512634 -3.332793596655392e-08
69.54805902220802 0.984626293182373 0.7417553067207336 0.09129593521356583 0.10094065964221954 -3.332793596655392e-08
69.72384027220802 0.984626293182373 0.7470619082450867 0.06868141144514084 0.1011066883802414 -3.332793596655392e-08
69.89962152220802 0.984626293182373 0.7521528601646423 0.0479431115090847 0.1012520045042038 -3.332793596655392e-08
70.07540277220802 0.984626293182373 0.7570281028747559 0.029865749180316925 0.1013779491186142 -3.332793596655392e-08
70.25118402220802 0.984626293182373 0.7616963982582092 0.014957278966903687 0.10148638486862183 -3.332793596655392e-08
70.42696527220802 0.984626293182373 0.7662055492401123 0.0031112506985664368 0.10158213973045349 -3.332793596655392e-08
70.48916450492283 0.984626293182373 0.7677592039108276 0.00023374198644887656 0.10161285847425461 -3.332793596655392e-08
70.50327195500526 0.984626293182373 0.7681056261062622 -3.338643494998905e-08 0.10161938518285751 -3.332793596655392e-08
70.61120229273627 0.984626293182373 0.770695686340332 -3.338643494998905e-08 0.10166522115468979 -3.332793596655392e-08
70.71913263046726 0.984626293182373 0.7731939554214478 -3.338643494998905e-08 0.10170504450798035 -3.332793596655392e-08
71.07069513046726 0.984626293182373 0.780951201915741 -3.338643494998905e-08 0.10181237012147903 -3.332793596655392e-08
71.94960138046726 0.984626293182373 0.797745943069458 -3.338643494998905e-08 0.10195598006248474 -3.332793596655392e-08
72.30116388046726 0.984626293182373 0.8035173416137695 -3.338643494998905e-08 0.10198061168193817 -3.332793596655392e-08
72.47694513046726 0.984626293182373 0.8062228560447693 -3.338643494998905e-08 0.10198867321014404 -3.332793596655392e-08
72.65272638046726 0.984626293182373 0.8088164329528809 -3.338643494998905e-08 0.10199462622404099 -3.332793596655392e-08
72.82850763046726 0.984626293182373 0.8113039135932922 -3.338643494998905e-08 0.10199891030788422 -3.332793596655392e-08
73.00428888046726 0.984626293182373 0.8136906623840332 -3.338643494998905e-08 0.10200189799070358 -3.332793596655392e-08
73.18007013046726 0.984626293182373 0.815976619720459 -3.338643494998905e-08 0.10200387239456177 -3.332793596655392e-08
73.35585138046726 0.984626293182373 0.8181619644165039 -3.338643494998905e-08 0.10200507938861847 -3.332793596655392e-08
73.70741388046726 0.984626293182373 0.8222740292549133 -3.338643494998905e-08 0.10200614482164383 -3.332793596655392e-08
73.88319513046726 0.984626293182373 0.8242142200469971 -3.338643494998905e-08 0.10200633108615875 -3.332793596655392e-08
74.05897638046726 0.984626293182373 0.8260773420333862 -3.338643494998905e-08 0.10200640559196472 -3.332793596655392e-08
74.23475763046726 0.984626293182373 0.8278629183769226 -3.338643494998905e-08 0.10200642794370651 -3.332793596655392e-08
74.41053888046726 0.984626293182373 0.8295802474021912 -3.338643494998905e-08 0.10200642794370651 -3.332793596655392e-08
74.58632013046726 0.984626293182373 0.8312373161315918 -3.338643494998905e-08 0.10200642794370651 -3.332793596655392e-08
74.93788263046726 0.984626293182373 0.8343769311904907 -3.338643494998905e-08 0.10200642794370651 -3.332793596655392e-08
75.11366388046726 0.984626293182373 0.8358569145202637 -3.338643494998905e-08 0.10200642794370651 -3.332793596655392e-08
75.28944513046726 0.984626293182373 0.8372843265533447 -3.338643494998905e-08 0.10200642794370651 -3.332793596655392e-08
75.46522638046726 0.984626293182373 0.8386618494987488 -3.338643494998905e-08 0.10200642794370651 -3.332793596655392e-08
75.64100763046726 0.984626293182373 0.8399876356124878 -3.338643494998905e-08 0.10200642794370651 -3.332793596655392e-08
75.81678888046726 0.984626293182373 0.8412686586380005 -3.338643494998905e-08 0.10200642794370651 -3.332793596655392e-08
75.99257013046726 0.984626293182373 0.8425071239471436 -3.338643494998905e-08 0.10200642794370651 -3.332793596655392e-08
76.16835138046726 0.984626293182373 0.8436972498893738 -3.338643494998905e-08 0.10200642794370651 -3.332793596655392e-08
76.34413263046726 0.984626293182373 0.8448420166969299 -3.338643494998905e-08 0.10200642794370651 -3.332793596655392e-08
76.51991388046724 0.984626293182373 0.8459513187408447 -3.338643494998905e-08 0.10200642794370651 -3.332793596655392e-08
76.69569513046724 0.984626293182373 0.8470264673233032 -3.338643494998905e-08 0.10200642794370651 -3.332793596655392e-08
77.04725763046724 0.984626293182373 0.8490732908248901 -3.338643494998905e-08 0.10200642794370651 -3.332793596655392e-08
77.22303888046724 0.984626293182373 0.8500518202781677 -3.338643494998905e-08 0.10200642794370651 -3.332793596655392e-08
77.39882013046724 0.984626293182373 0.8509954214096069 -3.338643494998905e-08 0.10200642794370651 -3.332793596655392e-08
77.57460138046724 0.984626293182373 0.8519061803817749 -3.338643494998905e-08 0.10200642794370651 -3.332793596655392e-08
77.92616388046724 0.984626293182373 0.8536545038223267 -3.338643494998905e-08 0.10200642794370651 -3.332793596655392e-08
78.10194513046724 0.984626293182373 0.854487419128418 -3.338643494998905e-08 0.10200642794370651 -3.332793596655392e-08
78.27772638046724 0.984626293182373 0.8552929162979126 -3.338643494998905e-08 0.10200642794370651 -3.332793596655392e-08
78.45350763046724 0.984626293182373 0.8560789823532104 -3.338643494998905e-08 0.10200642794370651 -3.332793596655392e-08
78.80507013046724 0.984626293182373 0.8575924634933472 -3.338643494998905e-08 0.10200642794370651 -3.332793596655392e-08
78.98085138046724 0.984626293182373 0.8583117723464966 -3.338643494998905e-08 0.10200642794370651 -3.332793596655392e-08
79.15663263046724 0.984626293182373 0.8590084910392761 -3.338643494998905e-08 0.10200642794370651 -3.332793596655392e-08
79.33241388046724 0.984626293182373 0.8596886396408081 -3.338643494998905e-08 0.10200642794370651 -3.332793596655392e-08
79.77186700546724 0.984626293182373 0.8613136410713196 -3.338643494998905e-08 0.10200642794370651 -3.332793596655392e-08
80.21132013046724 0.984626293182373 0.8628145456314087 -3.338643494998905e-08 0.10200642794370651 -3.332793596655392e-08
80.38710138046724 0.984626293182373 0.863389253616333 -3.338643494998905e-08 0.10200642794370651 -3.332793596655392e-08
80.56288263046724 0.984626293182373 0.8639527559280396 -3.338643494998905e-08 0.10200642794370651 -3.332793596655392e-08
81.00233575546723 0.984626293182373 0.8652933239936829 -3.338643494998905e-08 0.10200642794370651 -3.332793596655392e-08
81.44178888046724 0.984626293182373 0.8665574789047241 -3.338643850270273e-08 0.10200642794370651 -3.332793596655392e-08
81.61757013046724 0.984626293182373 0.86704421043396 -3.338643850270273e-08 0.10200642794370651 -3.332793596655392e-08
81.79335138046724 0.984626293182373 0.8675166964530945 -3.338643850270273e-08 0.10200642794370651 -3.332793596655392e-08
82.49647638046724 0.984626293182373 0.8692837953567505 -3.338643850270273e-08 0.10200642794370651 -3.332793596655392e-08
82.67225763046724 0.984626293182373 0.8697057962417603 -3.338643850270273e-08 0.10200642794370651 -3.332793596655392e-08
82.84803888046724 0.984626293182373 0.8701183199882507 -3.338643850270273e-08 0.10200642794370651 -3.332793596655392e-08
83.02382013046723 0.984626293182373 0.8705196380615234 -3.338643850270273e-08 0.10200642794370651 -3.332793596655392e-08
83.19960138046723 0.984626293182373 0.8709099888801575 -3.338643850270273e-08 0.10200642794370651 -3.332793596655392e-08
83.37538263046723 0.984626293182373 0.871289849281311 -3.338643850270273e-08 0.10200642794370651 -3.332793596655392e-08
84.78163263046723 0.984626293182373 0.8740796446800232 -3.338643850270273e-08 0.10200642794370651 -3.332793596655392e-08
84.95741388046723 0.984626293182373 0.8743925094604492 -3.338643850270273e-08 0.10200642794370651 -3.332793596655392e-08
85.30897638046723 0.984626293182373 0.875003457069397 -3.338643850270273e-08 0.10200642794370651 -3.332793596655392e-08
86.89100763046723 0.984626293182373 0.877492368221283 -3.338643850270273e-08 0.10200642794370651 -3.332793596655392e-08
87.41835138046723 0.984626293182373 0.8782414793968201 -3.338643850270273e-08 0.10200642794370651 -3.332793596655392e-08
88.47303888046723 0.984626293182373 0.8796139359474182 -3.338643850270273e-08 0.10200642794370651 -3.332793596655392e-08
89.52772638046721 0.984626293182373 0.8808618783950806 -3.338643850270273e-08 0.10200642794370651 -3.332793596655392e-08
89.70350763046721 0.984626293182373 0.8810595870018005 -3.338643850270273e-08 0.10200642794370651 -3.332793596655392e-08
89.99999999999999 0.984626293182373 0.8813840746879578 -3.34106431409964e-08 0.10200642794370651 -3.332793596655392e-08
90.0001 0.984626293182373 0.8813841342926025 -3.338138654385148e-08 0.10200642794370651 -3.332793596655392e-08
90.0003 0.984626293182373 0.8813842535018921 -3.33532952367932e-08 0.10200642794370651 -3.332793596655392e-08
90.00047336156051 0.984626293182373 0.8813843131065369 -1.65613744940174e-08 0.10200642794370651 -3.332793596655392e-08
90.00082008468155 0.984626293182373 0.8813843727111816 6.734806845543062e-08 0.10200643539428711 -3.332793596655392e-08
90.001 0.984626293182373 0.8813843727111816 1.1958219658936287e-07 0.10200643539428711 -3.332793596655392e-08
90.71986188129263 0.984626293182373 0.8813843727111816 1.1958219658936287e-07 0.10200643539428711 0.002314466517418623
90.89564313129263 0.984626293182373 0.8813843727111816 1.1958219658936287e-07 0.10200643539428711 0.002879092004150152
91.07142438129262 0.984626293182373 0.8813843727111816 1.1958219658936287e-07 0.10200643539428711 0.003443323541432619
91.24720563129262 0.984626293182373 0.8813843727111816 1.1958219658936287e-07 0.10200643539428711 0.004007161129266024
95.46595563129262 0.984626293182373 0.8813843727111816 1.1958219658936287e-07 0.10200643539428711 0.017421124503016472
99.6847056312926 0.984626293182373 0.8813843727111816 1.1958219658936287e-07 0.10200643539428711 0.030608490109443665
99.8604868812926 0.984626293182373 0.8813843727111816 1.1958219658936287e-07 0.10200643539428711 0.031153053045272827
100.0362681312926 0.984626293182373 0.8813843727111816 1.1958219658936287e-07 0.10200643539428711 0.03169722482562065
100.2120493812926 0.984626293182373 0.8813843727111816 1.1958219658936287e-07 0.10200643539428711 0.03224100172519684
106.36439313129259 0.984626293182373 0.8813843727111816 1.1958219658936287e-07 0.10200643539428711 0.05102614685893059
106.54017438129259 0.984626293182373 0.8813843727111816 1.1958219658936287e-07 0.10200643539428711 0.05156064033508301
106.71595563129259 0.984626293182373 0.8813843727111816 1.1958219658936287e-07 0.10200643539428711 0.05210931599140167
106.89173688129259 0.984626293182373 0.8813843727111816 1.1958219658936287e-07 0.10200643539428711 0.05267240107059479
108.29798688129259 0.984626293182373 0.8813843727111816 1.1958219658936287e-07 0.10200643539428711 0.05720367655158043
108.47376813129259 0.984626293182373 0.8813843727111816 1.1958219658936287e-07 0.10200643539428711 0.05776812881231308
108.64954938129259 0.984626293182373 0.8813843727111816 1.1958219658936287e-07 0.10200643539428711 0.05833214893937111
108.82533063129259 0.984626293182373 0.8813843727111816 1.1958219658936287e-07 0.10200643539428711 0.05889572948217392
116.38392438129257 0.984626293182373 0.8813843727111816 1.1958219658936287e-07 0.10200643539428711 0.08271671831607819
116.55970563129257 0.984626293182373 0.8813843727111816 1.1958219658936287e-07 0.10200643539428711 0.08326111733913422
116.73548688129257 0.984626293182373 0.8813843727111816 1.1958219658936287e-07 0.10200643539428711 0.08380506932735443
116.91126813129256 0.984626293182373 0.8813843727111816 1.1958219658936287e-07 0.10200643539428711 0.08434858918190002
119.99999999999999 0.984626293182373 0.8813843727111816 1.1958219658936287e-07 0.10200643539428711 0.09382852911949158
120.0001 0.984626293182373 0.8813843727111816 1.1958219658936287e-07 0.10200643539428711 0.09382904320955276
120.0003 0.984626293182373 0.8813843727111816 1.1958219658936287e-07 0.10200643539428711 0.09383156150579453
120.0007 0.9846261739730835 0.8813843727111816 1.6453883233680244e-07 0.10200643539428711 0.09384124726057053
120.0008229635833 0.9846259355545044 0.8813843727111816 4.631278045508225e-07 0.10200643539428711 0.09384527057409286
120.00089428976004 0.9846255779266357 0.8813843727111816 1.1873922858285368e-06 0.10200643539428711 0.09384764730930328
120.00093006754629 0.9846253395080566 0.8813843727111816 2.086229869746603e-06 0.10200643539428711 0.09384865313768387
120.0009591584 0.9846251010894775 0.8813843727111816 3.51791186403716e-06 0.10200643539428711 0.09384938329458237
120.00099013404531 0.9846248030662537 0.8813843727111816 5.8542955230223015e-06 0.10200643539428711 0.09385009855031967
120.001 0.9846247434616089 0.8813843727111816 6.814868356741499e-06 0.10200643539428711 0.09385031461715698
120.0984630621468 0.9836642146110535 0.8813843727111816 0.011432254686951637 0.10200643539428711 0.0958997830748558
120.19592612429359 0.9826176762580872 0.8813843727111816 0.022792942821979523 0.10200643539428711 0.09792870283126831
120.37170737429359 0.9805442094802856 0.8813843727111816 0.0431382954120636 0.10200643539428711 0.1015423834323883
120.54748862429359 0.9782094359397888 0.8813843727111816 0.06325631588697433 0.10200643539428711 0.10508450865745544
120.72326987429359 0.9755399823188782 0.8813843727111816 0.08311671018600464 0.10200643539428711 0.1085459515452385
121.07483237429359 0.9689760804176331 0.8813843727111816 0.12209440767765045 0.10200643539428711 0.11523821949958801
121.42639487429359 0.9603520035743713 0.8813843727111816 0.1602383553981781 0.10200643539428711 0.12167426943778992
121.60217612429359 0.9550929665565491 0.8813843727111816 0.17895914614200592 0.10200643539428711 0.12478568404912949
121.95373862429359 0.9423335790634155 0.8813843727111816 0.21567697823047638 0.10200643539428711 0.1307908594608307
122.1295198742936 0.9347109794616699 0.8813843727111816 0.23370757699012756 0.10200643539428711 0.13369575142860413
122.30530112429362 0.9261959195137024 0.8813843727111816 0.2514699697494507 0.10200643539428711 0.13652166724205017
122.48108237429363 0.9167572855949402 0.8813843727111816 0.2689385414123535 0.10200643539428711 0.13926170766353607
122.65686362429365 0.9063795804977417 0.8813843727111816 0.2861093282699585 0.10200643539428711 0.14191558957099915
122.83264487429366 0.8950625061988831 0.8813843727111816 0.3029784560203552 0.10200643539428711 0.1444830596446991
123.00842612429368 0.8828200101852417 0.8813843727111816 0.3195529282093048 0.10200643539428711 0.14696694910526276
123.18420737429369 0.8696778416633606 0.8813843727111816 0.33585038781166077 0.10200643539428711 0.14937302470207214
123.3599886242937 0.855671226978302 0.8813843727111816 0.3518664240837097 0.10200643539428711 0.1517009735107422
123.5357698742937 0.8408420085906982 0.8813843727111816 0.36757519841194153 0.10200643539428711 0.15394453704357147
123.71155112429372 0.825236439704895 0.8813843727111816 0.3829624056816101 0.10200643539428711 0.1561008244752884
123.88733237429373 0.8089027404785156 0.8813843727111816 0.3980468809604645 0.10200643539428711 0.15817585587501526
124.06311362429375 0.7918895483016968 0.8813843727111816 0.41286852955818176 0.10200643539428711 0.16018112003803253
124.23889487429376 0.7742445468902588 0.8813843727111816 0.4274442791938782 0.10200643539428711 0.1621219515800476
124.41467612429378 0.7560138702392578 0.8813843727111816 0.44176891446113586 0.10200643539428711 0.16399767994880676
124.59045737429379 0.7372408509254456 0.8813843727111816 0.4558160603046417 0.10200643539428711 0.16580244898796082
124.7662386242938 0.7179664373397827 0.8813843727111816 0.46953892707824707 0.10200643539428711 0.16752544045448303
124.94201987429382 0.6982284784317017 0.8813843727111816 0.48291414976119995 0.10200643539428711 0.16916203498840332
125.11780112429383 0.6780619621276855 0.8813843727111816 0.4959619641304016 0.10200643539428711 0.17071853578090668
125.29358237429385 0.6574991345405579 0.8813843727111816 0.5087227821350098 0.10200643539428711 0.17220593988895416
125.46936362429386 0.6365695595741272 0.8813843727111816 0.5211936235427856 0.10200643539428711 0.17362484335899353
125.64514487429388 0.615300178527832 0.8813843727111816 0.5333299040794373 0.10200643539428711 0.17496612668037415
125.82092612429388 0.5937156081199646 0.8813843727111816 0.5451211333274841 0.10200643539428711 0.17622871696949005
126.1724886242939 0.5496889352798462 0.8813843727111816 0.567732572555542 0.10200643539428711 0.1785387545824051
126.34826987429392 0.5272861123085022 0.8813843727111816 0.5785528421401978 0.10200643539428711 0.17958927154541016
126.52405112429393 0.5046469569206238 0.8813843727111816 0.5890817642211914 0.10200643539428711 0.18057876825332642
126.69983237429395 0.4817871153354645 0.8813843727111816 0.5993396043777466 0.10200643539428711 0.18151283264160156
126.87561362429396 0.4587208926677704 0.8813843727111816 0.6093251705169678 0.10200643539428711 0.1823924332857132
127.22717612429399 0.41202065348625183 0.8813843727111816 0.6283910274505615 0.10200643539428711 0.18397676944732666
127.402957374294 0.38840970396995544 0.8813843727111816 0.6374471187591553 0.10200643539428711 0.18467995524406433
127.75451987429403 0.34071749448776245 0.8813843727111816 0.6546076536178589 0.10200643539428711 0.1859181523323059
127.93030112429405 0.3166547417640686 0.8813843727111816 0.6627134084701538 0.10200643539428711 0.1864568591117859
128.10608237429406 0.2924593687057495 0.8813843727111816 0.6705524921417236 0.10200643539428711 0.1869524121284485
128.28186362429406 0.2681405246257782 0.8813843727111816 0.6781284809112549 0.10200643539428711 0.18740710616111755
128.4576448742941 0.2437087744474411 0.8813843727111816 0.6854267716407776 0.10200643539428711 0.18782012164592743
128.6334261242941 0.21917840838432312 0.8813843727111816 0.6924905776977539 0.10200643539428711 0.18819889426231384
128.80920737429412 0.1945720613002777 0.8813843727111816 0.6993594765663147 0.10200643539428711 0.18855039775371552
128.98498862429412 0.16993024945259094 0.8813843727111816 0.7059985399246216 0.10200643539428711 0.18887117505073547
129.16076987429415 0.1453307569026947 0.8813843727111816 0.7123775482177734 0.10200643539428711 0.18915829062461853
129.33655112429415 0.12092486023902893 0.8813843727111816 0.7185224890708923 0.10200643539428711 0.1894163191318512
129.51233237429415 0.09699703752994537 0.8813843727111816 0.7244395613670349 0.10200643539428711 0.18964767456054688
129.68811362429417 0.07403599470853806 0.8813843727111816 0.7301015257835388 0.10200643539428711 0.18985068798065186
129.86389487429417 0.05275527015328407 0.8813843727111816 0.7355101704597473 0.10200643539428711 0.19002696871757507
130.0396761242942 0.03396172448992729 0.8813843727111816 0.7406922578811646 0.10200643539428711 0.19018080830574036
130.2154573742942 0.018259478732943535 0.8813843727111816 0.7456559538841248 0.10200643539428711 0.19031450152397156
130.39123862429423 0.005392332561314106 0.8813843727111816 0.7504334449768066 0.10200643539428711 0.19043183326721191
130.46892605074655 0.0008916056831367314 0.8813843727111816 0.7524943947792053 0.10200643539428711 0.19047941267490387
130.49337955364578 4.384470958029851e-05 0.8813843727111816 0.7531363368034363 0.10200643539428711 0.19049383699893951
130.49778475496277 -3.3386456266271125e-08 0.8813843727111816 0.7532516121864319 0.10200643539428711 0.19049639999866486
130.61184549984208 -3.3386456266271125e-08 0.8813843727111816 0.7561811804771423 0.10200643539428711 0.19055868685245514
130.72590624472141 -3.3386456266271125e-08 0.8813843727111816 0.7590161561965942 0.10200643539428711 0.19061397016048431
130.90168749472141 -3.3386456266271125e-08 0.8813843727111816 0.7632507085800171 0.10200643539428711 0.1906898468732834
131.25324999472144 -3.3386456266271125e-08 0.8813843727111816 0.7712163925170898 0.10200643539428711 0.19080957770347595
131.60481249472147 -3.3386456266271125e-08 0.8813843727111816 0.7785782814025879 0.10200643539428711 0.19089528918266296
131.9563749947215 -3.3386456266271125e-08 0.8813843727111816 0.7853242754936218 0.10200643539428711 0.19095274806022644
132.48371874472153 -3.3386456266271125e-08 0.8813843727111816 0.7945537567138672 0.10200643539428711 0.19100597500801086
133.01106249472159 -3.3386456266271125e-08 0.8813843727111816 0.8027846813201904 0.10200643539428711 0.19103294610977173
133.18684374472159 -3.3386456266271125e-08 0.8813843727111816 0.8053174018859863 0.10200643539428711 0.19103781878948212
133.3626249947216 -3.3386456266271125e-08 0.8813843727111816 0.8077635765075684 0.10200643539428711 0.191041499376297
133.5384062447216 -3.3386456266271125e-08 0.8813843727111816 0.8101046085357666 0.10200643539428711 0.19104400277137756
133.88996874472164 -3.3386456266271125e-08 0.8813843727111816 0.8144702911376953 0.10200643539428711 0.19104640185832977
134.24153124472167 -3.3386456266271125e-08 0.8813843727111816 0.8184965252876282 0.10200643539428711 0.19104716181755066
134.7688749947217 -3.3386456266271125e-08 0.8813843727111816 0.8239272236824036 0.10200643539428711 0.1910473108291626
135.64778124472178 -3.3386456266271125e-08 0.8813843727111816 0.8318844437599182 0.10200643539428711 0.1910473108291626
136.52668749472184 -3.3386456266271125e-08 0.8813843727111816 0.8385646343231201 0.10200643539428711 0.1910473108291626
136.70246874472184 -3.3386456266271125e-08 0.8813843727111816 0.8397641181945801 0.10200643539428711 0.1910473108291626
136.87824999472187 -3.3386456266271125e-08 0.8813843727111816 0.8409193158149719 0.10200643539428711 0.1910473108291626
137.05403124472187 -3.3386456266271125e-08 0.8813843727111816 0.8420290350914001 0.10200643539428711 0.1910473108291626
137.66926561972193 -3.3386456266271125e-08 0.8813843727111816 0.8455960750579834 0.10200643539428711 0.1910473108291626
138.28449999472195 -3.3386456266271125e-08 0.8813843727111816 0.848838210105896 0.10200643539428711 0.1910473108291626
138.987624994722 -3.3386456266271125e-08 0.8813843727111816 0.8521286249160767 0.10200643539428711 0.1910473108291626
139.69074999472207 -3.3386456266271125e-08 0.8813843727111816 0.8550711870193481 0.10200643539428711 0.1910473108291626
140.21809374472213 -3.3386459818984804e-08 0.8813843727111816 0.857110857963562 0.10200643539428711 0.1910473108291626
140.74543749472215 -3.3386459818984804e-08 0.8813843727111816 0.8590465784072876 0.10200643539428711 0.1910473108291626
141.4485624947222 -3.3386459818984804e-08 0.8813843727111816 0.8613846302032471 0.10200643539428711 0.1910473108291626
142.15168749472227 -3.3386459818984804e-08 0.8813843727111816 0.863457202911377 0.10200643539428711 0.1910473108291626
142.6790312447223 -3.3386459818984804e-08 0.8813843727111816 0.8649346232414246 0.10200643539428711 0.1910473108291626
143.11848436972232 -3.3386459818984804e-08 0.8813843727111816 0.8660884499549866 0.10200643539428711 0.1910473108291626
143.55793749472235 -3.3386459818984804e-08 0.8813843727111816 0.8671637773513794 0.10200643539428711 0.1910473108291626
143.73371874472238 -3.3386459818984804e-08 0.8813843727111816 0.867573618888855 0.10200643539428711 0.1910473108291626
143.90949999472238 -3.3386459818984804e-08 0.8813843727111816 0.8679726123809814 0.10200643539428711 0.1910473108291626
144.52473436972244 -3.3386459818984804e-08 0.8813843727111816 0.8692883849143982 0.10200643539428711 0.1910473108291626
145.1399687447225 -3.3386459818984804e-08 0.8813843727111816 0.8705133199691772 0.10200643539428711 0.1910473108291626
146.37043749472258 -3.3386459818984804e-08 0.8813843727111816 0.8727194666862488 0.10200643539428711 0.1910473108291626
147.60090624472267 -3.3386459818984804e-08 0.8813843727111816 0.8745962977409363 0.10200643539428711 0.1910473108291626
148.30403124472272 -3.3386459818984804e-08 0.8813843727111816 0.8755483627319336 0.10200643539428711 0.1910473108291626
149.00715624472278 -3.3386459818984804e-08 0.8813843727111816 0.8764784336090088 0.10200643539428711 0.1910473108291626
149.88606249472284 -3.3386459818984804e-08 0.8813843727111816 0.8775761723518372 0.10200643539428711 0.1910473108291626
150.0 -3.337944320946917e-08 0.8813843727111816 0.8777081966400146 0.10200643539428711 0.1910473108291626
150.0001 -3.336273834975145e-08 0.8813843727111816 0.8777083158493042 0.10200643539428711 0.1910473108291626
150.0003 -3.3342949734560534e-08 0.8813843727111816 0.8777084350585938 0.10200643539428711 0.19104750454425812
150.0007 -3.332931086674762e-08 0.8813843727111816 0.8777084946632385 0.10200237482786179 0.19104649126529694
150.001 -3.332732845251485e-08 0.8813843727111816 0.8777084350585938 0.10199222713708878 0.19104242324829102
150.06659663695794 0.00025932618882507086 0.8813843727111816 0.8777084350585938 0.09423557668924332 0.18288083374500275
150.13219327391587 0.0005186097114346921 0.8813843727111816 0.8777084350585938 0.08660072088241577 0.17470748722553253
150.26339455572247 0.0010370209347456694 0.8813843727111816 0.8777084350585938 0.07181032747030258 0.15836066007614136
150.43917580572247 0.0017312397249042988 0.8813843727111816 0.8777084350585938 0.05315481498837471 0.13650520145893097
150.6149570557225 0.0024250501301139593 0.8813843727111816 0.8777084350585938 0.0363125205039978 0.11481285840272903
150.7907383057225 0.0031184249091893435 0.8813843727111816 0.8777084350585938 0.021827219054102898 0.09352950751781464
150.96651955572253 0.003811365459114313 0.8813843727111816 0.8777084350585938 0.00993039645254612 0.07305759191513062
151.14230080572253 0.0045039597898721695 0.8813843727111816 0.8777084350585938 0.0007530627190135419 0.05352848768234253
151.17636245348046 0.0046381172724068165 0.8813843727111816 0.8777084350585938 -3.3380590735987425e-08 0.04992106929421425
151.26673224759315 0.0049939146265387535 0.8813843727111816 0.8777084350585938 -3.338064402669261e-08 0.040998466312885284
151.35668015229638 0.005347907077521086 0.8813843727111816 0.8777084350585938 -3.338069021197043e-08 0.03294515982270241
151.5324614022964 0.006039400119334459 0.8813843727111816 0.8777084350585938 -3.3380771924385044e-08 0.019091960042715073
151.7082426522964 0.006730550434440374 0.8813843727111816 0.8777084350585938 -3.338083942594494e-08 0.007396817672997713
151.82462031933227 0.007187929004430771 0.8813843727111816 0.8777084350585938 -3.338086784765437e-08 0.0011800446081906557
151.85792387485304 0.007318777963519096 0.8813843727111816 0.8777084350585938 -3.338087495308173e-08 2.006483009608928e-05
151.86057854364384 0.007329206448048353 0.8813843727111816 0.8777084350585938 -3.338087495308173e-08 -3.338087495308173e-08
161.3609194037486 0.04401684179902077 0.8813843727111816 0.8777084350585938 -3.338087495308173e-08 -3.338087495308173e-08
170.86126026385335 0.07942768931388855 0.8813843727111816 0.8777084350585938 -3.338087495308173e-08 -3.338087495308173e-08
171.03704151385335 0.08007074892520905 0.8813843727111816 0.8777084350585938 -3.338087495308173e-08 -3.338087495308173e-08
171.21282276385338 0.08071336150169373 0.8813843727111816 0.8777084350585938 -3.338087495308173e-08 -3.338087495308173e-08
171.38860401385338 0.08135553449392319 0.8813843727111816 0.8777084350585938 -3.338087495308173e-08 -3.338087495308173e-08
179.826104013854 0.11165767908096313 0.8813843727111816 0.8777084350585938 -3.338087495308173e-08 -3.338087495308173e-08
179.99999999999997 0.11227152496576309 0.8813843727111816 0.8777084350585938 -3.338087495308173e-08 -3.338087495308173e-08
