time a b c w1 w2
0.0 0.0 0.0 0.0 0.0 0.0
1.757812428601624e-06 1.0832566022872925 1.757988202426422e-23 1.0832566022872925 1.757988202426422e-23 1.757988202426422e-23
1.7648476783160305e-06 1.0055341720581055 1.7650242106122693e-23 1.0055341720581055 1.7650242106122693e-23 1.7650242106122693e-23
1.7789181777448437e-06 0.9905999898910522 1.7790960692117828e-23 0.9905999898910522 1.7790960692117828e-23 1.7790960692117828e-23
1.8070591766024704e-06 0.984626293182373 1.8072399441829907e-23 0.984626293182373 1.8072399441829907e-23 1.8072399441829907e-23
0.00013281055255599797 0.984626293182373 1.3282383013875093e-21 0.984626293182373 1.3282383013875093e-21 1.3282383013875093e-21
0.00026381985277929004 0.984626293182373 2.6384624023353322e-21 0.984626293182373 2.6384624023353322e-21 2.6384624023353322e-21
0.0005258384532258742 0.984626293182373 5.258910200334195e-21 0.984626293182373 -5.9402767149663305e-09 -5.9402767149663305e-09
0.001 0.984626293182373 1.0000999731091105e-20 0.984626293182373 -3.3380178621200685e-08 -3.3380178621200685e-08
29.999999999999996 0.984626293182373 3.000300019364487e-16 0.984626293182373 -3.338031717703416e-08 -3.338031717703416e-08
30.000099999999996 0.984626293182373 3.0003100778807355e-16 0.984626293182373 -3.3361402529408224e-08 -3.3361402529408224e-08
30.0003 0.984626293182373 3.0003299302154367e-16 0.984626293182373 -3.334271880817141e-08 -3.334271880817141e-08
30.0007 0.984626293182373 3.0003698995826353e-16 0.984626293182373 -3.333242304393025e-08 -3.333242304393025e-08
30.001 0.984626293182373 3.000400075131381e-16 0.984626293182373 -3.332799636268646e-08 -3.332799636268646e-08
59.99999999999999 0.984626293182373 6.000600038728974e-16 0.984626293182373 -3.332799636268646e-08 -3.332799636268646e-08
60.000099999999996 0.984626293182373 6.000610097245222e-16 0.984626293182373 -3.332799636268646e-08 -3.332799636268646e-08
60.000299999999996 0.984626293182373 6.00063021427772e-16 0.984626293182373 -3.332799636268646e-08 -3.332799636268646e-08
60.00040039955832 0.984626293182373 6.000640272793968e-16 0.984626293182373 -3.332799636268646e-08 -3.332799636268646e-08
60.000460591497266 0.984626293182373 6.000646096145481e-16 0.984626293182373 -3.332799636268646e-08 -3.332799636268646e-08
60.00049548710117 0.984626293182373 6.000649801914625e-16 0.984626293182373 1.9327238476307684e-07 -3.332799636268646e-08
60.00051584041301 0.984626293182373 6.000651390101401e-16 0.984626293182373 8.505905952915782e-07 -3.332799636268646e-08
60.000534696423 0.984626293182373 6.000653507683769e-16 0.984626293182373 1.983021320484113e-06 -3.332799636268646e-08
60.000545612986286 0.984626293182373 6.000654566474953e-16 0.984626293182373 2.718605173868127e-06 -3.332799636268646e-08
60.00055962893435 0.984626293182373 6.000656154661729e-16 0.984626293182373 3.6284188809077023e-06 -3.332799636268646e-08
60.000587660830476 0.984626293182373 6.000658801639689e-16 0.984626293182373 5.344833425624529e-06 -3.332799636268646e-08
60.000643724622726 0.984626293182373 6.000664624991202e-16 0.984626293182373 8.401436389249284e-06 -3.332799636268646e-08
60.00075585220723 0.984626293182373 9.85046000323564e-09 0.984626293182373 1.3666091945196968e-05 -3.332799636268646e-08
60.00081213991214 0.984626293182373 5.681416581637677e-08 0.9846262335777283 1.5923898899927735e-05 -3.332799636268646e-08
60.00084637399123 0.984626293182373 1.9943836093716527e-07 0.9846261739730835 1.7101519915740937e-05 -3.332799636268646e-08
60.000888327453474 0.984626293182373 6.961358849366661e-07 0.984626054763794 1.8396753148408607e-05 -3.332799636268646e-08
60.000923174547744 0.984626293182373 1.620532543711306e-06 0.9846259355545044 1.936942499014549e-05 -3.332799636268646e-08
60.000957292718304 0.984626293182373 3.301816832390614e-06 0.9846257567405701 2.0227937056915835e-05 -3.332799636268646e-08
60.00098965399299 0.984626293182373 5.684849384124391e-06 0.9846255779266357 2.0976554878870957e-05 -3.332799636268646e-08
60.001000000000005 0.984626293182373 6.6756178966898005e-06 0.984625518321991 2.120224598911591e-05 -3.332799636268646e-08
60.12951637772745 0.984626293182373 0.01504051499068737 0.9837626218795776 0.0027134986594319344 -3.332799636268646e-08
60.25803275545489 0.984626293182373 0.03000560961663723 0.9828166365623474 0.005383988842368126 -3.332799636268646e-08
60.433814005454884 0.984626293182373 0.05029132589697838 0.9814022779464722 0.008978767320513725 -3.332799636268646e-08
60.785376505454884 0.984626293182373 0.0901678279042244 0.978049635887146 0.015950366854667664 -3.332799636268646e-08
60.961157755454884 0.984626293182373 0.10975499451160431 0.976045548915863 0.0193268321454525 -3.332799636268646e-08
61.136939005454884 0.984626293182373 0.12910756468772888 0.9737798571586609 0.022630911320447922 -3.332799636268646e-08
61.33469291170488 0.984626293182373 0.15063655376434326 0.9709489941596985 0.026273485273122787 -3.332799636268646e-08
61.37314506014238 0.984626293182373 0.15477611124515533 0.9703297019004822 0.02696751430630684 -3.332799636268646e-08
61.614844278892384 0.984626293182373 0.18051637709140778 0.9659749269485474 0.031245196238160133 -3.332799636268646e-08
61.856543497642384 0.984626293182373 0.20579592883586884 0.9608117341995239 0.035384416580200195 -3.332799636268646e-08
61.900488810142384 0.984626293182373 0.21032753586769104 0.9597566723823547 0.03611769154667854 -3.332799636268646e-08
61.98837943514239 0.984626293182373 0.21932554244995117 0.957502007484436 0.03756492957472801 -3.332799636268646e-08
62.16416068514239 0.984626293182373 0.23714116215705872 0.9525523781776428 0.04040628299117088 -3.332799636268646e-08
62.33994193514239 0.984626293182373 0.2547207176685333 0.9470200538635254 0.04317862167954445 -3.332799636268646e-08
62.51572318514239 0.984626293182373 0.27201908826828003 0.9407694935798645 0.045869290828704834 -3.332799636268646e-08
62.69150443514239 0.984626293182373 0.28904351592063904 0.9337338805198669 0.048481058329343796 -3.332799636268646e-08
62.86728568514239 0.984626293182373 0.30578944087028503 0.9258766174316406 0.051013458520174026 -3.332799636268646e-08
63.065039591392384 0.984626293182373 0.32434603571891785 0.9162359833717346 0.05378246679902077 -3.332799636268646e-08
63.10898490389239 0.984626293182373 0.3284037709236145 0.9138746857643127 0.05437928065657616 -3.332799636268646e-08
63.1968755288924 0.984626293182373 0.33645305037498474 0.9089463353157043 0.055554576218128204 -3.332799636268646e-08
63.3726567788924 0.984626293182373 0.35233819484710693 0.8984746932983398 0.05784638598561287 -3.332799636268646e-08
63.5484380288924 0.984626293182373 0.3679474890232086 0.8872241377830505 0.06006281077861786 -3.332799636268646e-08
63.7242192788924 0.984626293182373 0.38325726985931396 0.8750896453857422 0.06219815835356712 -3.332799636268646e-08
63.90000052889239 0.984626293182373 0.3982754945755005 0.8620786666870117 0.06425558775663376 -3.332799636268646e-08
64.07578177889239 0.984626293182373 0.41299816966056824 0.8482247591018677 0.06623499095439911 -3.332799636268646e-08
64.25156302889239 0.984626293182373 0.4274108409881592 0.8335874676704407 0.06813366711139679 -3.332799636268646e-08
64.42734427889239 0.984626293182373 0.44149965047836304 0.8182179927825928 0.06994914263486862 -3.332799636268646e-08
64.60312552889239 0.984626293182373 0.4552730619907379 0.8021463751792908 0.07168470323085785 -3.332799636268646e-08
64.77890677889239 0.984626293182373 0.4687390923500061 0.7853908538818359 0.07334361970424652 -3.332799636268646e-08
64.95468802889239 0.984626293182373 0.4818950295448303 0.7679959535598755 0.07492639124393463 -3.332799636268646e-08
65.13046927889239 0.984626293182373 0.4947386384010315 0.7500285506248474 0.0764337033033371 -3.332799636268646e-08
65.30625052889239 0.984626293182373 0.5072680711746216 0.7315253019332886 0.07786636799573898 -3.332799636268646e-08
65.48203177889239 0.984626293182373 0.5194817185401917 0.7125093340873718 0.07922536134719849 -3.332799636268646e-08
65.65781302889239 0.984626293182373 0.5313787460327148 0.6930225491523743 0.08051182329654694 -3.332799636268646e-08
65.83359427889239 0.984626293182373 0.5429586172103882 0.6731120347976685 0.0817270502448082 -3.332799636268646e-08
66.00937552889239 0.984626293182373 0.5542311668395996 0.6528130769729614 0.08287456631660461 -3.332799636268646e-08
66.18515677889239 0.984626293182373 0.5652064085006714 0.6321427226066589 0.08395792543888092 -3.332799636268646e-08
66.36093802889239 0.984626293182373 0.5758734941482544 0.611115574836731 0.08497631549835205 -3.332799636268646e-08
66.53671927889239 0.984626293182373 0.5862232446670532 0.589758574962616 0.08592923730611801 -3.332799636268646e-08
66.71250052889239 0.984626293182373 0.5962576866149902 0.5681034326553345 0.08681870251893997 -3.332799636268646e-08
66.88828177889239 0.984626293182373 0.6059790253639221 0.5461759567260742 0.08764677494764328 -3.332799636268646e-08
67.06406302889239 0.984626293182373 0.6153900623321533 0.5239959955215454 0.08841563761234283 -3.332799636268646e-08
67.23984427889239 0.984626293182373 0.6245039701461792 0.5015818476676941 0.08912928402423859 -3.332799636268646e-08
67.41562552889239 0.984626293182373 0.633333683013916 0.47895002365112305 0.0897916853427887 -3.332799636268646e-08
67.76718802889239 0.984626293182373 0.6501238942146301 0.43306705355644226 0.09096598625183105 -3.332799636268646e-08
67.94296927889239 0.984626293182373 0.6581029295921326 0.40983426570892334 0.09148404002189636 -3.332799636268646e-08
68.11875052889239 0.984626293182373 0.6658039689064026 0.38642388582229614 0.09195808321237564 -3.332799636268646e-08
68.29453177889239 0.984626293182373 0.6732232570648193 0.36284199357032776 0.0923890620470047 -3.332799636268646e-08
68.47031302889239 0.984626293182373 0.6803674697875977 0.3390965163707733 0.09277963638305664 -3.332799636268646e-08
68.82187552889238 0.984626293182373 0.6938928365707397 0.29117801785469055 0.09345442056655884 -3.332799636268646e-08
69.17343802889238 0.984626293182373 0.7064383625984192 0.24277521669864655 0.09400230646133423 -3.332799636268646e-08
69.70078177889238 0.984626293182373 0.723538875579834 0.1695306897163391 0.09462448209524155 -3.332799636268646e-08
70.05234427889238 0.984626293182373 0.7338402271270752 0.1208505630493164 0.09492629766464233 -3.332799636268646e-08
70.22812552889238 0.984626293182373 0.7386999726295471 0.0970669686794281 0.0950506329536438 -3.332799636268646e-08
70.40390677889238 0.984626293182373 0.7433694005012512 0.07422924041748047 0.09515905380249023 -3.332799636268646e-08
70.57968802889238 0.984626293182373 0.7478481531143188 0.053042296320199966 0.09525252133607864 -3.332799636268646e-08
70.75546927889238 0.984626293182373 0.7521443367004395 0.034307368099689484 0.09533267468214035 -3.332799636268646e-08
70.93125052889238 0.984626293182373 0.7562656402587891 0.018625713884830475 0.09540101885795593 -3.332799636268646e-08
71.10703177889238 0.984626293182373 0.760240912437439 0.005761341657489538 0.09546015411615372 -3.332799636268646e-08
71.187976863061 0.984626293182373 0.7620225548744202 0.0010371648240834475 0.09548445045948029 -3.332799636268646e-08
71.21449267266037 0.984626293182373 0.7625965476036072 2.5657331207185052e-05 0.09549186378717422 -3.332799636268646e-08
71.21731023471804 0.984626293182373 0.7626572847366333 -3.3386129416612675e-08 0.09549263119697571 -3.332799636268646e-08
71.36940307000053 0.984626293182373 0.7658599615097046 -3.3386129416612675e-08 0.0955304354429245 -3.332799636268646e-08
71.521495905283 0.984626293182373 0.7689374685287476 -3.3386129416612675e-08 0.09556205570697784 -3.332799636268646e-08
71.873058405283 0.984626293182373 0.7757009863853455 -3.3386129416612675e-08 0.09561993926763535 -3.332799636268646e-08
72.400402155283 0.984626293182373 0.7848926186561584 -3.3386129416612675e-08 0.09567225724458694 -3.332799636268646e-08
72.751964655283 0.984626293182373 0.7904371023178101 -3.3386129416612675e-08 0.09569117426872253 -3.332799636268646e-08
72.927745905283 0.984626293182373 0.7930506467819214 -3.3386129416612675e-08 0.09569740295410156 -3.332799636268646e-08
73.103527155283 0.984626293182373 0.7955649495124817 -3.3386129416612675e-08 0.09570201486349106 -3.332799636268646e-08
73.279308405283 0.984626293182373 0.7979848384857178 -3.3386129416612675e-08 0.09570534527301788 -3.332799636268646e-08
73.455089655283 0.984626293182373 0.800309419631958 -3.3386129416612675e-08 0.09570764750242233 -3.332799636268646e-08
73.630870905283 0.984626293182373 0.8025380373001099 -3.3386129416612675e-08 0.09570912271738052 -3.332799636268646e-08
73.806652155283 0.984626293182373 0.8046814203262329 -3.3386129416612675e-08 0.09571002423763275 -3.332799636268646e-08
73.982433405283 0.984626293182373 0.8067487478256226 -3.3386129416612675e-08 0.09571057558059692 -3.332799636268646e-08
74.333995905283 0.984626293182373 0.8106635212898254 -3.3386129416612675e-08 0.09571101516485214 -3.332799636268646e-08
74.509777155283 0.984626293182373 0.8125084042549133 -3.3386129416612675e-08 0.09571106731891632 -3.332799636268646e-08
74.685558405283 0.984626293182373 0.8142869472503662 -3.3386129416612675e-08 0.09571108222007751 -3.332799636268646e-08
74.861339655283 0.984626293182373 0.8160021901130676 -3.3386129416612675e-08 0.09571108222007751 -3.332799636268646e-08
75.037120905283 0.984626293182373 0.8176525235176086 -3.3386129416612675e-08 0.09571108222007751 -3.332799636268646e-08
75.212902155283 0.984626293182373 0.8192459344863892 -3.3386129416612675e-08 0.09571108222007751 -3.332799636268646e-08
75.388683405283 0.984626293182373 0.8207895755767822 -3.3386129416612675e-08 0.09571108222007751 -3.332799636268646e-08
75.564464655283 0.984626293182373 0.8222852945327759 -3.3386129416612675e-08 0.09571108222007751 -3.332799636268646e-08
75.74024590528299 0.984626293182373 0.823731005191803 -3.3386129416612675e-08 0.09571108222007751 -3.332799636268646e-08
75.91602715528299 0.984626293182373 0.8251209259033203 -3.3386129416612675e-08 0.09571108222007751 -3.332799636268646e-08
76.09180840528299 0.984626293182373 0.8264583349227905 -3.3386129416612675e-08 0.09571108222007751 -3.332799636268646e-08
76.26758965528299 0.984626293182373 0.8277541399002075 -3.3386129416612675e-08 0.09571108222007751 -3.332799636268646e-08
76.44337090528299 0.984626293182373 0.8290097117424011 -3.3386129416612675e-08 0.09571108222007751 -3.332799636268646e-08
76.61915215528299 0.984626293182373 0.8302229642868042 -3.3386129416612675e-08 0.09571108222007751 -3.332799636268646e-08
76.79493340528299 0.984626293182373 0.8313999772071838 -3.3386129416612675e-08 0.09571108222007751 -3.332799636268646e-08
76.97071465528299 0.984626293182373 0.8325423002243042 -3.3386129416612675e-08 0.09571108222007751 -3.332799636268646e-08
77.14649590528299 0.984626293182373 0.833643913269043 -3.3386129416612675e-08 0.09571108222007751 -3.332799636268646e-08
77.32227715528299 0.984626293182373 0.8347072005271912 -3.3386129416612675e-08 0.09571108222007751 -3.332799636268646e-08
77.49805840528299 0.984626293182373 0.8357412815093994 -3.3386129416612675e-08 0.09571108222007751 -3.332799636268646e-08
77.84962090528299 0.984626293182373 0.8377187252044678 -3.3386129416612675e-08 0.09571108222007751 -3.332799636268646e-08
78.02540215528299 0.984626293182373 0.8386582136154175 -3.3386129416612675e-08 0.09571108222007751 -3.332799636268646e-08
78.20118340528299 0.984626293182373 0.839573860168457 -3.3386129416612675e-08 0.09571108222007751 -3.332799636268646e-08
78.37696465528299 0.984626293182373 0.8404662609100342 -3.3386129416612675e-08 0.09571108222007751 -3.332799636268646e-08
78.90430840528299 0.984626293182373 0.8429883122444153 -3.3386129416612675e-08 0.09571108222007751 -3.332799636268646e-08
79.08008965528299 0.984626293182373 0.8437888622283936 -3.3386129416612675e-08 0.09571108222007751 -3.332799636268646e-08
79.25587090528299 0.984626293182373 0.8445656299591064 -3.3386129416612675e-08 0.09571108222007751 -3.332799636268646e-08
79.43165215528299 0.984626293182373 0.8453166484832764 -3.3386129416612675e-08 0.09571108222007751 -3.332799636268646e-08
79.95899590528299 0.984626293182373 0.8474536538124084 -3.3386129416612675e-08 0.09571108222007751 -3.332799636268646e-08
80.13477715528299 0.984626293182373 0.8481311202049255 -3.3386129416612675e-08 0.09571108222007751 -3.332799636268646e-08
80.31055840528299 0.984626293182373 0.8487871885299683 -3.3386129416612675e-08 0.09571108222007751 -3.332799636268646e-08
80.48633965528299 0.984626293182373 0.8494247794151306 -3.3386129416612675e-08 0.09571108222007751 -3.332799636268646e-08
81.36524590528299 0.984626293182373 0.8523993492126465 -3.3386129416612675e-08 0.09571108222007751 -3.332799636268646e-08
81.54102715528299 0.984626293182373 0.8529462814331055 -3.3386129416612675e-08 0.09571108222007751 -3.332799636268646e-08
81.71680840528299 0.984626293182373 0.8534835577011108 -3.3386129416612675e-08 0.09571108222007751 -3.332799636268646e-08
81.89258965528299 0.984626293182373 0.8540120124816895 -3.3386129416612675e-08 0.09571108222007751 -3.332799636268646e-08
82.77149590528298 0.984626293182373 0.8564513921737671 -3.3386129416612675e-08 0.09571108222007751 -3.332799636268646e-08
82.94727715528298 0.984626293182373 0.8569068312644958 -3.3386129416612675e-08 0.09571108222007751 -3.332799636268646e-08
83.12305840528298 0.984626293182373 0.857356071472168 -3.3386129416612675e-08 0.09571108222007751 -3.332799636268646e-08
83.29883965528298 0.984626293182373 0.8577954769134521 -3.3386129416612675e-08 0.09571108222007751 -3.332799636268646e-08
83.47462090528298 0.984626293182373 0.8582231998443604 -3.3386129416612675e-08 0.09571108222007751 -3.332799636268646e-08
83.65040215528298 0.984626293182373 0.8586395978927612 -3.3386129416612675e-08 0.09571108222007751 -3.332799636268646e-08
83.82618340528298 0.984626293182373 0.8590450882911682 -3.3386129416612675e-08 0.09571108222007751 -3.332799636268646e-08
84.26563653028298 0.984626293182373 0.8600289225578308 -3.3386129416612675e-08 0.09571108222007751 -3.332799636268646e-08
84.70508965528298 0.984626293182373 0.8609722852706909 -3.3386129416612675e-08 0.09571108222007751 -3.332799636268646e-08
84.88087090528298 0.984626293182373 0.8613335490226746 -3.3386129416612675e-08 0.09571108222007751 -3.332799636268646e-08
85.05665215528298 0.984626293182373 0.8616859912872314 -3.3386129416612675e-08 0.09571108222007751 -3.332799636268646e-08
86.63868340528298 0.984626293182373 0.8645739555358887 -3.3386129416612675e-08 0.09571108222007751 -3.332799636268646e-08
86.81446465528298 0.984626293182373 0.8648639917373657 -3.3386129416612675e-08 0.09571108222007751 -3.332799636268646e-08
87.16602715528298 0.984626293182373 0.8654264211654663 -3.3386129416612675e-08 0.09571108222007751 -3.332799636268646e-08
88.92383965528296 0.984626293182373 0.8679966926574707 -3.3386129416612675e-08 0.09571108222007751 -3.332799636268646e-08
89.45118340528296 0.984626293182373 0.8686872720718384 -3.3386129416612675e-08 0.09571108222007751 -3.332799636268646e-08
89.99999999999999 0.984626293182373 0.8693806529045105 -3.338422871479452e-08 0.09571108222007751 -3.332799636268646e-08
90.0001 0.984626293182373 0.8693807721138 -3.3372451468949293e-08 0.09571108222007751 -3.332799636268646e-08
90.0003 0.984626293182373 0.8693808913230896 -3.335318510266916e-08 0.09571108222007751 -3.332799636268646e-08
90.0004738748477 0.984626293182373 0.8693809509277344 -1.7053579881576297e-08 0.09571108222007751 -3.332799636268646e-08
90.00082162454308 0.984626293182373 0.8693809509277344 6.440215827296925e-08 0.09571108222007751 -3.332799636268646e-08
90.001 0.984626293182373 0.8693809509277344 1.1453685289097848e-07 0.09571108222007751 -3.332799636268646e-08
90.70460017854322 0.984626293182373 0.8693809509277344 1.1453685289097848e-07 0.09571108222007751 0.0024087948258966208
90.88038142854322 0.984626293182373 0.8693809509277344 1.1453685289097848e-07 0.09571108222007751 0.003014257177710533
91.05616267854322 0.984626293182373 0.8693809509277344 1.1453685289097848e-07 0.09571108222007751 0.003634953871369362
91.23194392854322 0.984626293182373 0.8693809509277344 1.1453685289097848e-07 0.09571108222007751 0.004271113779395819
92.63819392854322 0.984626293182373 0.8693809509277344 1.1453685289097848e-07 0.09571108222007751 0.009387346915900707
92.81397517854322 0.984626293182373 0.8693809509277344 1.1453685289097848e-07 0.09571108222007751 0.010024580173194408
92.98975642854322 0.984626293182373 0.8693809509277344 1.1453685289097848e-07 0.09571108222007751 0.010661300271749496
93.16553767854322 0.984626293182373 0.8693809509277344 1.1453685289097848e-07 0.09571108222007751 0.011297507211565971
96.6811626785432 0.984626293182373 0.8693809509277344 1.1453685289097848e-07 0.09571108222007751 0.02391388639807701
100.1967876785432 0.984626293182373 0.8693809509277344 1.1453685289097848e-07 0.09571108222007751 0.036325257271528244
100.3725689285432 0.984626293182373 0.8693809509277344 1.1453685289097848e-07 0.09571108222007751 0.036940451711416245
100.5483501785432 0.984626293182373 0.8693809509277344 1.1453685289097848e-07 0.09571108222007751 0.03755512088537216
100.7241314285432 0.984626293182373 0.8693809509277344 1.1453685289097848e-07 0.09571108222007751 0.038169246166944504
100.8999126785432 0.984626293182373 0.8693809509277344 1.1453685289097848e-07 0.09571108222007751 0.038782861083745956
107.57960017854319 0.984626293182373 0.8693809509277344 1.1453685289097848e-07 0.09571108222007751 0.0617237351834774
107.75538142854319 0.984626293182373 0.8693809509277344 1.1453685289097848e-07 0.09571108222007751 0.062317509204149246
107.93116267854319 0.984626293182373 0.8693809509277344 1.1453685289097848e-07 0.09571108222007751 0.0629107728600502
108.10694392854319 0.984626293182373 0.8693809509277344 1.1453685289097848e-07 0.09571108222007751 0.06350353360176086
114.61085017854317 0.984626293182373 0.8693809509277344 1.1453685289097848e-07 0.09571108222007751 0.0850791335105896
114.78663142854317 0.984626293182373 0.8693809509277344 1.1453685289097848e-07 0.09571108222007751 0.08565264940261841
114.96241267854317 0.984626293182373 0.8693809509277344 1.1453685289097848e-07 0.09571108222007751 0.08622565865516663
115.13819392854317 0.984626293182373 0.8693809509277344 1.1453685289097848e-07 0.09571108222007751 0.08679816126823425
119.99999999999999 0.984626293182373 0.8693809509277344 1.1453685289097848e-07 0.09571108222007751 0.10243366658687592
120.0001 0.984626293182373 0.8693809509277344 1.1453685289097848e-07 0.09571108222007751 0.1024341955780983
120.0003 0.984626293182373 0.8693809509277344 1.1453685289097848e-07 0.09571108222007751 0.10243665426969528
120.0007 0.9846262335777283 0.8693809509277344 1.5163212196966924e-07 0.09571108222007751 0.10244594514369965
120.00082296359244 0.984626054763794 0.8693809509277344 4.1799387417995604e-07 0.09571108222007751 0.10244974493980408
120.00093034005712 0.9846256375312805 0.8693809509277344 1.8653261122381082e-06 0.09571108222007751 0.10245289653539658
120.00098485125237 0.9846253395080566 0.8693809509277344 4.9352070163877215e-06 0.09571108222007751 0.10245410352945328
120.001 0.9846252202987671 0.8693809509277344 6.330238647933584e-06 0.09571108222007751 0.10245441645383835
120.04241739175471 0.9843560457229614 0.8693809509277344 0.00464066443964839 0.09571108222007751 0.10325589776039124
120.08383478350943 0.9840781688690186 0.8693809509277344 0.009280972182750702 0.09571108222007751 0.10405923426151276
120.16667209501298 0.9834941625595093 0.8693809509277344 0.018505427986383438 0.09571108222007751 0.10564850270748138
120.33234671802009 0.9822349548339844 0.8693809509277344 0.036777738481760025 0.09571108222007751 0.10877256840467453
120.68390921802008 0.9791063070297241 0.8693809509277344 0.07485716789960861 0.09571108222007751 0.11518914252519608
120.85969046802008 0.9772407412528992 0.8693809509277344 0.09355363249778748 0.09571108222007751 0.11829309165477753
121.21125296802008 0.9727368354797363 0.8693809509277344 0.13040077686309814 0.09571108222007751 0.12433680146932602
121.38703421802008 0.9700154662132263 0.8693809509277344 0.14850006997585297 0.09571108222007751 0.12726205587387085
121.73859671802008 0.9633839726448059 0.8693809509277344 0.18403255939483643 0.09571108222007751 0.13291583955287933
122.09015921802008 0.9547751545906067 0.8693809509277344 0.21872194111347198 0.09571108222007751 0.13832396268844604
122.26594046802009 0.9495695233345032 0.8693809509277344 0.2356705367565155 0.09571108222007751 0.14091405272483826
122.4417217180201 0.9436768889427185 0.8693809509277344 0.25234362483024597 0.09571108222007751 0.14342577755451202
122.61750296802012 0.9370367527008057 0.8693809509277344 0.2687380611896515 0.09571108222007751 0.1458590179681778
122.79328421802013 0.9295954704284668 0.8693809509277344 0.28486168384552 0.09571108222007751 0.14821669459342957
122.96906546802015 0.9213094115257263 0.8693809509277344 0.30073311924934387 0.09571108222007751 0.15050466358661652
123.14484671802016 0.912146806716919 0.8693809509277344 0.3163486123085022 0.09571108222007751 0.15272268652915955
123.32062796802018 0.9020891785621643 0.8693809509277344 0.331682950258255 0.09571108222007751 0.15486465394496918
123.49640921802019 0.8911317586898804 0.8693809509277344 0.3467225730419159 0.09571108222007751 0.15692777931690216
123.6721904680202 0.8792824745178223 0.8693809509277344 0.36146509647369385 0.09571108222007751 0.15891239047050476
123.84797171802022 0.8665605783462524 0.8693809509277344 0.3759300112724304 0.09571108222007751 0.16082443296909332
124.02375296802022 0.8529945015907288 0.8693809509277344 0.39015817642211914 0.09571108222007751 0.16267527639865875
124.19953421802023 0.8386198282241821 0.8693809509277344 0.4041673243045807 0.09571108222007751 0.16447016596794128
124.37531546802025 0.8234768509864807 0.8693809509277344 0.4179530143737793 0.09571108222007751 0.16620859503746033
124.55109671802026 0.8076087832450867 0.8693809509277344 0.43148958683013916 0.09571108222007751 0.16788488626480103
124.72687796802028 0.7910600900650024 0.8693809509277344 0.4447309672832489 0.09571108222007751 0.16948851943016052
124.90265921802029 0.7738751173019409 0.8693809509277344 0.45765429735183716 0.09571108222007751 0.17101497948169708
125.0784404680203 0.7560970783233643 0.8693809509277344 0.47028040885925293 0.09571108222007751 0.17247037589550018
125.25422171802032 0.7377676367759705 0.8693809509277344 0.4826505780220032 0.09571108222007751 0.17386546730995178
125.43000296802033 0.7189260721206665 0.8693809509277344 0.49476200342178345 0.09571108222007751 0.17520074546337128
125.60578421802035 0.6996092796325684 0.8693809509277344 0.5065702795982361 0.09571108222007751 0.1764671355485916
125.78156546802036 0.6798518300056458 0.8693809509277344 0.5180651545524597 0.09571108222007751 0.17766346037387848
125.95734671802037 0.659685492515564 0.8693809509277344 0.5292680263519287 0.09571108222007751 0.17879576981067657
126.13312796802039 0.639139711856842 0.8693809509277344 0.5401785373687744 0.09571108222007751 0.17986537516117096
126.30890921802039 0.618241548538208 0.8693809509277344 0.5507763028144836 0.09571108222007751 0.18086931109428406
126.4846904680204 0.597015917301178 0.8693809509277344 0.5610736608505249 0.09571108222007751 0.18181143701076508
126.66047171802042 0.5754855275154114 0.8693809509277344 0.5711133480072021 0.09571108222007751 0.18270166218280792
126.83625296802043 0.5536712408065796 0.8693809509277344 0.5809153318405151 0.09571108222007751 0.1835450977087021
127.01203421802045 0.5315923094749451 0.8693809509277344 0.5904786586761475 0.09571108222007751 0.18434250354766846
127.18781546802046 0.5092661380767822 0.8693809509277344 0.599783182144165 0.09571108222007751 0.1850912868976593
127.36359671802047 0.4867088198661804 0.8693809509277344 0.6087906956672668 0.09571108222007751 0.18578565120697021
127.53937796802049 0.46393513679504395 0.8693809509277344 0.617495596408844 0.09571108222007751 0.18642602860927582
127.7151592180205 0.44095858931541443 0.8693809509277344 0.625922441482544 0.09571108222007751 0.1870182752609253
127.89094046802052 0.4177916646003723 0.8693809509277344 0.6340749263763428 0.09571108222007751 0.18756462633609772
128.06672171802052 0.39444583654403687 0.8693809509277344 0.6419569253921509 0.09571108222007751 0.18806704878807068
128.24250296802055 0.3709316849708557 0.8693809509277344 0.6496015787124634 0.09571108222007751 0.1885320246219635
128.41828421802055 0.3472591042518616 0.8693809509277344 0.6570119857788086 0.09571108222007751 0.18896150588989258
128.59406546802057 0.3234373927116394 0.8693809509277344 0.6641542911529541 0.09571108222007751 0.18935182690620422
128.76984671802057 0.2994754910469055 0.8693809509277344 0.6710354089736938 0.09571108222007751 0.18970516324043274
128.9456279680206 0.27538251876831055 0.8693809509277344 0.6777159571647644 0.09571108222007751 0.1900309920310974
129.1214092180206 0.2511685788631439 0.8693809509277344 0.684233546257019 0.09571108222007751 0.19033537805080414
129.29719046802063 0.22684647142887115 0.8693809509277344 0.6905530095100403 0.09571108222007751 0.19061483442783356
129.64875296802066 0.1779680848121643 0.8693809509277344 0.7024626731872559 0.09571108222007751 0.19108642637729645
130.00031546802066 0.1291694939136505 0.8693809509277344 0.7135517001152039 0.09571108222007751 0.19146674871444702
130.1760967180207 0.10518475621938705 0.8693809509277344 0.7187893986701965 0.09571108222007751 0.19162584841251373
130.3518779680207 0.08195667713880539 0.8693809509277344 0.7238237857818604 0.09571108222007751 0.191765695810318
130.52765921802072 0.06011515110731125 0.8693809509277344 0.728662371635437 0.09571108222007751 0.1918882131576538
130.70344046802072 0.040449708700180054 0.8693809509277344 0.733296275138855 0.09571108222007751 0.19199378788471222
130.87922171802074 0.023666657507419586 0.8693809509277344 0.7377418279647827 0.09571108222007751 0.1920846402645111
131.05500296802074 0.010361199267208576 0.8693809509277344 0.7420363426208496 0.09571108222007751 0.19216445088386536
131.23078421802077 0.0007551399176008999 0.8693809509277344 0.7462238073348999 0.09571108222007751 0.19223688542842865
131.26483141555238 -3.3386161391035785e-08 0.8693809509277344 0.7470199465751648 0.09571108222007751 0.19224992394447327
132.04491049192822 -3.3386164943749463e-08 0.8693809509277344 0.7634541988372803 0.09571108222007751 0.19244705140590668
132.82498956830403 -3.3386164943749463e-08 0.8693809509277344 0.7773154973983765 0.09571108222007751 0.19253313541412354
133.35233331830406 -3.3386164943749463e-08 0.8693809509277344 0.7856111526489258 0.09571108222007751 0.1925608366727829
133.5281145683041 -3.3386164943749463e-08 0.8693809509277344 0.7881820797920227 0.09571108222007751 0.19256635010242462
133.7038958183041 -3.3386164943749463e-08 0.8693809509277344 0.790639340877533 0.09571108222007751 0.19257017970085144
133.87967706830412 -3.3386164943749463e-08 0.8693809509277344 0.7930005788803101 0.09571108222007751 0.19257281720638275
134.40702081830415 -3.3386164943749463e-08 0.8693809509277344 0.799652099609375 0.09571108222007751 0.19257700443267822
134.75858331830418 -3.3386164943749463e-08 0.8693809509277344 0.8036601543426514 0.09571108222007751 0.19257770478725433
135.28592706830423 -3.3386164943749463e-08 0.8693809509277344 0.8091458678245544 0.09571108222007751 0.19257785379886627
135.63748956830426 -3.3386164943749463e-08 0.8693809509277344 0.8124513626098633 0.09571108222007751 0.19257785379886627
136.86795831830435 -3.3386164943749463e-08 0.8693809509277344 0.8226196765899658 0.09571108222007751 0.19257785379886627
137.21952081830437 -3.3386164943749463e-08 0.8693809509277344 0.8251423835754395 0.09571108222007751 0.19257785379886627
137.39530206830437 -3.3386164943749463e-08 0.8693809509277344 0.8263329267501831 0.09571108222007751 0.19257785379886627
137.5710833183044 -3.3386164943749463e-08 0.8693809509277344 0.8274832367897034 0.09571108222007751 0.19257785379886627
137.7468645683044 -3.3386164943749463e-08 0.8693809509277344 0.8286023736000061 0.09571108222007751 0.19257785379886627
138.44998956830446 -3.3386164943749463e-08 0.8693809509277344 0.8327369093894958 0.09571108222007751 0.19257785379886627
139.15311456830452 -3.3386164943749463e-08 0.8693809509277344 0.8363397717475891 0.09571108222007751 0.19257785379886627
139.68045831830455 -3.3386164943749463e-08 0.8693809509277344 0.8388538956642151 0.09571108222007751 0.19257785379886627
140.5593645683046 -3.3386164943749463e-08 0.8693809509277344 0.842571496963501 0.09571108222007751 0.19257785379886627
141.4382708183047 -3.3386164943749463e-08 0.8693809509277344 0.8458536267280579 0.09571108222007751 0.19257785379886627
141.96561456830472 -3.3386164943749463e-08 0.8693809509277344 0.8476572036743164 0.09571108222007751 0.19257785379886627
142.49295831830477 -3.3386164943749463e-08 0.8693809509277344 0.8493910431861877 0.09571108222007751 0.19257785379886627
143.0203020683048 -3.3386164943749463e-08 0.8693809509277344 0.8510028123855591 0.09571108222007751 0.19257785379886627
143.81131769330486 -3.3386164943749463e-08 0.8693809509277344 0.853177011013031 0.09571108222007751 0.19257785379886627
144.60233331830491 -3.3386164943749463e-08 0.8693809509277344 0.8551585078239441 0.09571108222007751 0.19257785379886627
144.77811456830494 -3.3386164943749463e-08 0.8693809509277344 0.855588436126709 0.09571108222007751 0.19257785379886627
144.95389581830494 -3.3386164943749463e-08 0.8693809509277344 0.85600745677948 0.09571108222007751 0.19257785379886627
145.12967706830497 -3.3386164943749463e-08 0.8693809509277344 0.8564157485961914 0.09571108222007751 0.19257785379886627
146.18436456830503 -3.3386164943749463e-08 0.8693809509277344 0.8586629629135132 0.09571108222007751 0.19257785379886627
147.2390520683051 -3.3386164943749463e-08 0.8693809509277344 0.8606136441230774 0.09571108222007751 0.19257785379886627
148.2058489433052 -3.3386164943749463e-08 0.8693809509277344 0.8622433543205261 0.09571108222007751 0.19257785379886627
149.17264581830526 -3.3386164943749463e-08 0.8693809509277344 0.8637012243270874 0.09571108222007751 0.19257785379886627
150.0 -3.34247367561602e-08 0.8693809509277344 0.8648287057876587 0.09571108222007751 0.19257785379886627
150.0001 -3.337775567047174e-08 0.8693809509277344 0.864828884601593 0.09571108222007751 0.19257785379886627
150.0003 -3.3343891203685416e-08 0.8693809509277344 0.8648290634155273 0.09570969641208649 0.1925775706768036
150.0007 -3.3319871306503046e-08 0.8693809509277344 0.8648293018341064 0.0956999659538269 0.19257411360740662
150.00089589372462 -3.3298874768661335e-08 0.8693809509277344 0.8648293614387512 0.09568917006254196 0.19256752729415894
150.001 -3.32916414436113e-08 0.8693809509277344 0.8648293614387512 0.09568009525537491 0.1925603300333023
150.09225645422492 0.00039932774961926043 0.8693809509277344 0.8648293614387512 0.08518428355455399 0.1813470423221588
150.1835129084499 0.0007985065458342433 0.8693809509277344 0.8648293614387512 0.07498712092638016 0.17010743916034698
150.3592941584499 0.0015670382417738438 0.8693809509277344 0.8648293614387512 0.056327931582927704 0.1484466791152954
150.53507540844993 0.002335089026018977 0.8693809509277344 0.8648293614387512 0.0392952561378479 0.12686078250408173
150.71085665844993 0.003102594520896673 0.8693809509277344 0.8648293614387512 0.024507438763976097 0.10553465783596039
150.88663790844996 0.0038695556577295065 0.8693809509277344 0.8648293614387512 0.012205120176076889 0.08476455509662628
151.06241915844996 0.004636062309145927 0.8693809509277344 0.8648293614387512 0.0023423137608915567 0.06469526141881943
151.1212107954982 0.0048923185095191 0.8693809509277344 0.8648293614387512 0.00013801772729493678 0.05820225924253464
151.13200450358008 0.004939353559166193 0.8693809509277344 0.8648293614387512 -3.338008269793136e-08 0.05704052373766899
151.37459351331086 0.00599578395485878 0.8693809509277344 0.8648293614387512 -3.338018927934172e-08 0.0337584912776947
151.61718252304166 0.0070512122474610806 0.8693809509277344 0.8648293614387512 -3.33802425700469e-08 0.015167241916060448
151.79296377304166 0.00781545415520668 0.8693809509277344 0.8648293614387512 -3.338030296617944e-08 0.004269913770258427
151.8659084252888 0.008132451213896275 0.8693809509277344 0.8648293614387512 -3.3380320729747837e-08 0.000654830364510417
151.88816903552978 0.008229161612689495 0.8693809509277344 0.8648293614387512 -3.3380324282461515e-08 9.223427332472056e-05
151.91039063292544 0.008325689472258091 0.8693809509277344 0.8648293614387512 -3.3380324282461515e-08 -3.3380324282461515e-08
154.69964662004153 0.020372861996293068 0.8693809509277344 0.8648293614387512 -3.3380324282461515e-08 -3.3380324282461515e-08
157.48890260715763 0.03228340297937393 0.8693809509277344 0.8648293614387512 -3.3380324282461515e-08 -3.3380324282461515e-08
157.66468385715763 0.03302942216396332 0.8693809509277344 0.8648293614387512 -3.3380324282461515e-08 -3.3380324282461515e-08
157.84046510715766 0.03377489000558853 0.8693809509277344 0.8648293614387512 -3.3380324282461515e-08 -3.3380324282461515e-08
158.01624635715766 0.03451981395483017 0.8693809509277344 0.8648293614387512 -3.3380324282461515e-08 -3.3380324282461515e-08
162.05921510715797 0.051502034068107605 0.8693809509277344 0.8648293614387512 -3.3380324282461515e-08 -3.3380324282461515e-08
163.46546510715805 0.057340871542692184 0.8693809509277344 0.8648293614387512 -3.3380324282461515e-08 -3.3380324282461515e-08
164.87171510715817 0.0631444901227951 0.8693809509277344 0.8648293614387512 -3.3380324282461515e-08 -3.3380324282461515e-08
172.34241823215874 0.09338326752185822 0.8693809509277344 0.8648293614387512 -3.3380324282461515e-08 -3.3380324282461515e-08
179.81312135715928 0.12261863797903061 0.8693809509277344 0.8648293614387512 -3.3380324282461515e-08 -3.3380324282461515e-08
179.9889026071593 0.12329453229904175 0.8693809509277344 0.8648293614387512 -3.3380324282461515e-08 -3.3380324282461515e-08
179.99999999999997 0.12333717942237854 0.8693809509277344 0.8648293614387512 -3.3380324282461515e-08 -3.3380324282461515e-08
