time a b c w1 w2
0.0 0.0 0.0 0.0 0.0 0.0
1.757812428601624e-06 1.0832566022872925 1.757988202426422e-23 1.0832566022872925 1.757988202426422e-23 1.757988202426422e-23
1.7648476783160305e-06 1.0055341720581055 1.7650242106122693e-23 1.0055341720581055 1.7650242106122693e-23 1.7650242106122693e-23
1.7789181777448437e-06 0.9905999898910522 1.7790960692117828e-23 0.9905999898910522 1.7790960692117828e-23 1.7790960692117828e-23
1.8070591766024704e-06 0.984626293182373 1.8072399441829907e-23 0.984626293182373 1.8072399441829907e-23 1.8072399441829907e-23
0.00013281055255599797 0.984626293182373 1.3282383013875093e-21 0.984626293182373 1.3282383013875093e-21 1.3282383013875093e-21
0.00026381985277929004 0.984626293182373 2.6384624023353322e-21 0.984626293182373 2.6384624023353322e-21 2.6384624023353322e-21
0.0005258384532258742 0.984626293182373 5.258910200334195e-21 0.984626293182373 -5.940863356812542e-09 -5.940863356812542e-09
0.001 0.984626293182373 1.0000999731091105e-20 0.984626293182373 -3.338347553949461e-08 -3.338347553949461e-08
29.999999999999996 0.984626293182373 3.000300019364487e-16 0.984626293182373 -3.3383614095328085e-08 -3.3383614095328085e-08
30.000099999999996 0.984626293182373 3.0003100778807355e-16 0.984626293182373 -3.336337428549996e-08 -3.336337428549996e-08
30.0003 0.984626293182373 3.0003299302154367e-16 0.984626293182373 -3.334337961291567e-08 -3.334337961291567e-08
30.0007 0.984626293182373 3.0003698995826353e-16 0.984626293182373 -3.333235909508403e-08 -3.333235909508403e-08
30.001 0.984626293182373 3.000400075131381e-16 0.984626293182373 -3.3327630433177546e-08 -3.3327630433177546e-08
59.99999999999999 0.984626293182373 6.000600038728974e-16 0.984626293182373 -3.3327630433177546e-08 -3.3327630433177546e-08
60.000099999999996 0.984626293182373 6.000610097245222e-16 0.984626293182373 -3.3327630433177546e-08 -3.3327630433177546e-08
60.000299999999996 0.984626293182373 6.00063021427772e-16 0.984626293182373 -3.3327630433177546e-08 -3.3327630433177546e-08
60.0004003994707 0.984626293182373 6.000640272793968e-16 0.984626293182373 -3.3327630433177546e-08 -3.3327630433177546e-08
60.000460591329976 0.984626293182373 6.000646096145481e-16 0.984626293182373 -3.3327630433177546e-08 -3.3327630433177546e-08
60.00049548687011 0.984626293182373 6.000649801914625e-16 0.984626293182373 2.1980254416575917e-07 -3.3327630433177546e-08
60.00051233229847 0.984626293182373 6.000651390101401e-16 0.984626293182373 9.029363923218625e-07 -3.3327630433177546e-08
60.000529899667725 0.984626293182373 6.000652978288177e-16 0.984626293182373 2.2517467641591793e-06 -3.3327630433177546e-08
60.000539741265776 0.984626293182373 6.000654037079361e-16 0.984626293182373 3.096456794082769e-06 -3.3327630433177546e-08
60.00055135906837 0.984626293182373 6.000655095870545e-16 0.984626293182373 4.065913344675209e-06 -3.3327630433177546e-08
60.00057459467355 0.984626293182373 6.000657213452913e-16 0.984626293182373 5.925591722188983e-06 -3.3327630433177546e-08
60.000621065883934 0.984626293182373 6.000661978013242e-16 0.984626293182373 9.353961104352493e-06 -3.3327630433177546e-08
60.00071400830468 0.984626293182373 2.656819764190743e-10 0.984626293182373 1.554198570374865e-05 -3.3327630433177546e-08
60.00076066526167 0.984626293182373 5.841468198042321e-09 0.9846262335777283 1.8247132175019942e-05 -3.3327630433177546e-08
60.000853979175645 0.984626293182373 2.465256443429098e-07 0.9846259951591492 2.2922478819964454e-05 -3.3327630433177546e-08
60.00089466577548 0.984626293182373 8.650613381178118e-07 0.9846258163452148 2.4740716980886646e-05 -3.3327630433177546e-08
60.00092270218463 0.984626293182373 1.954414983629249e-06 0.9846256971359253 2.5863877453957684e-05 -3.3327630433177546e-08
60.00095338984283 0.984626293182373 4.032052402180852e-06 0.9846254587173462 2.7003341529052705e-05 -3.3327630433177546e-08
60.000986259765014 0.984626293182373 7.24331312085269e-06 0.9846251606941223 2.814840445353184e-05 -3.3327630433177546e-08
60.001000000000005 0.984626293182373 8.958419130067341e-06 0.9846250414848328 2.8604825274669565e-05 -3.3327630433177546e-08
60.00793535808529 0.984626293182373 0.0010462040081620216 0.9845523834228516 0.00025038470630533993 -3.3327630433177546e-08
60.014870716170584 0.984626293182373 0.002082846825942397 0.9844785928726196 0.0004719490825664252 -3.3327630433177546e-08
60.056493026379165 0.984626293182373 0.008291448466479778 0.9840211272239685 0.0017970973858609796 -3.3327630433177546e-08
60.22298226721349 0.984626293182373 0.032946038991212845 0.9819477796554565 0.00703363586217165 -3.3327630433177546e-08
60.39876351721349 0.984626293182373 0.058792583644390106 0.9794703125953674 0.01249703485518694 -3.3327630433177546e-08
60.42073617346349 0.984626293182373 0.062008775770664215 0.9791316390037537 0.013174769468605518 -3.3327630433177546e-08
60.464681485963496 0.984626293182373 0.06841283291578293 0.9783965349197388 0.014520212076604366 -3.3327630433177546e-08
60.552572110963496 0.984626293182373 0.08115047961473465 0.9767937064170837 0.017186256125569344 -3.3327630433177546e-08
60.8382166422135 0.984626293182373 0.12214576452970505 0.9707126617431641 0.02570960856974125 -3.3327630433177546e-08
61.1238611734635 0.984626293182373 0.16231027245521545 0.9625087976455688 0.03394263610243797 -3.3327630433177546e-08
61.21175179846351 0.984626293182373 0.1744954138994217 0.9593751430511475 0.03641585260629654 -3.3327630433177546e-08
61.38753304846351 0.984626293182373 0.1986859142780304 0.9523564577102661 0.04130038991570473 -3.3327630433177546e-08
61.56331429846351 0.984626293182373 0.2226114124059677 0.9443198442459106 0.04609408602118492 -3.3327630433177546e-08
61.73909554846351 0.984626293182373 0.24620646238327026 0.9350523948669434 0.05077503249049187 -3.3327630433177546e-08
61.91487679846351 0.984626293182373 0.26946794986724854 0.9245165586471558 0.0553429052233696 -3.3327630433177546e-08
62.09065804846351 0.984626293182373 0.29238447546958923 0.9127294421195984 0.05979470536112785 -3.3327630433177546e-08
62.26643929846351 0.984626293182373 0.31493455171585083 0.8997412919998169 0.06412410736083984 -3.3327630433177546e-08
62.44222054846351 0.984626293182373 0.33711665868759155 0.8856119513511658 0.0683315321803093 -3.3327630433177546e-08
62.61800179846351 0.984626293182373 0.3589284420013428 0.8703970313072205 0.0724172592163086 -3.3327630433177546e-08
62.79378304846351 0.984626293182373 0.38035720586776733 0.8541678786277771 0.07637818902730942 -3.3327630433177546e-08
62.96956429846351 0.984626293182373 0.4013899862766266 0.8370239734649658 0.08021128177642822 -3.3327630433177546e-08
63.1453455484635 0.984626293182373 0.422013521194458 0.8190598487854004 0.08391351997852325 -3.3327630433177546e-08
63.3211267984635 0.984626293182373 0.44221431016921997 0.8003565073013306 0.0874820128083229 -3.3327630433177546e-08
63.4969080484635 0.984626293182373 0.4619787037372589 0.7809902429580688 0.09091396629810333 -3.3327630433177546e-08
63.6726892984635 0.984626293182373 0.4812929928302765 0.7610247135162354 0.09420674294233322 -3.3327630433177546e-08
63.8484705484635 0.984626293182373 0.5001434683799744 0.7405080795288086 0.09735792130231857 -3.3327630433177546e-08
64.02425179846351 0.984626293182373 0.5185166001319885 0.7194848656654358 0.10036531835794449 -3.3327630433177546e-08
64.20003304846351 0.984626293182373 0.5364097952842712 0.6980144381523132 0.10323018580675125 -3.3327630433177546e-08
64.37581429846351 0.984626293182373 0.5538204312324524 0.6761535406112671 0.10595396161079407 -3.3327630433177546e-08
64.55159554846351 0.984626293182373 0.5707245469093323 0.6539360880851746 0.10853208601474762 -3.3327630433177546e-08
64.9031580484635 0.984626293182373 0.6029886603355408 0.6085455417633057 0.11325427889823914 -3.3327630433177546e-08
65.2547205484635 0.984626293182373 0.6331564784049988 0.5620419383049011 0.11740681529045105 -3.3327630433177546e-08
65.4305017984635 0.984626293182373 0.6474080085754395 0.5384246110916138 0.1192648708820343 -3.3327630433177546e-08
65.7820642984635 0.984626293182373 0.6742923259735107 0.490583598613739 0.1225738450884819 -3.3327630433177546e-08
65.9578455484635 0.984626293182373 0.6869264245033264 0.4663967490196228 0.1240324154496193 -3.3327630433177546e-08
66.3094080484635 0.984626293182373 0.710570216178894 0.4175364077091217 0.1265750676393509 -3.3327630433177546e-08
66.4851892984635 0.984626293182373 0.7215832471847534 0.39287370443344116 0.1276681274175644 -3.3327630433177546e-08
66.6609705484635 0.984626293182373 0.7320631146430969 0.3680691123008728 0.12864936888217926 -3.3327630433177546e-08
66.8367517984635 0.984626293182373 0.7420172095298767 0.3431360721588135 0.12952473759651184 -3.3327630433177546e-08
67.0125330484635 0.984626293182373 0.7514550685882568 0.31809085607528687 0.1303006261587143 -3.3327630433177546e-08
67.1883142984635 0.984626293182373 0.7603884935379028 0.2929421067237854 0.13098375499248505 -3.3327630433177546e-08
67.3640955484635 0.984626293182373 0.7688406109809875 0.26769137382507324 0.1315825879573822 -3.3327630433177546e-08
67.5398767984635 0.984626293182373 0.7768444418907166 0.2423458695411682 0.13210687041282654 -3.3327630433177546e-08
67.7156580484635 0.984626293182373 0.7844133973121643 0.2169209122657776 0.13256296515464783 -3.3327630433177546e-08
67.8914392984635 0.984626293182373 0.7915447354316711 0.19144201278686523 0.13295437395572662 -3.3327630433177546e-08
68.0672205484635 0.984626293182373 0.7982497215270996 0.16594862937927246 0.13328641653060913 -3.3327630433177546e-08
68.2430017984635 0.984626293182373 0.8045498728752136 0.14052872359752655 0.13356570899486542 -3.3327630433177546e-08
68.4187830484635 0.984626293182373 0.8104643821716309 0.11539006233215332 0.13379886746406555 -3.3327630433177546e-08
68.5945642984635 0.984626293182373 0.8160126209259033 0.09090378880500793 0.1339920610189438 -3.3327630433177546e-08
68.7703455484635 0.984626293182373 0.8212165236473083 0.06765399128198624 0.1341506540775299 -3.3327630433177546e-08
68.9461267984635 0.984626293182373 0.8260976076126099 0.046452734619379044 0.1342795044183731 -3.3327630433177546e-08
69.1219080484635 0.984626293182373 0.8306760787963867 0.028136074542999268 0.13438314199447632 -3.3327630433177546e-08
69.2976892984635 0.984626293182373 0.8349716067314148 0.013200630433857441 0.13446559011936188 -3.3327630433177546e-08
69.4734705484635 0.984626293182373 0.8390493392944336 0.0016192005714401603 0.13453306257724762 -3.3327630433177546e-08
69.51510327628256 0.984626293182373 0.8399792313575745 0.00013026813394390047 0.13454675674438477 -3.3327630433177546e-08
69.53274417824251 0.984626293182373 0.8403643369674683 -3.3387966169584615e-08 0.1345520317554474 -3.3327630433177546e-08
69.7097762380869 0.984626293182373 0.8440394401550293 -3.3387966169584615e-08 0.13459500670433044 -3.3327630433177546e-08
69.88680829793128 0.984626293182373 0.8474676012992859 -3.3387966169584615e-08 0.13462644815444946 -3.3327630433177546e-08
70.06258954793128 0.984626293182373 0.8506804704666138 -3.3387966169584615e-08 0.13464993238449097 -3.3327630433177546e-08
70.23837079793128 0.984626293182373 0.8536972999572754 -3.3387966169584615e-08 0.13466645777225494 -3.3327630433177546e-08
70.41415204793128 0.984626293182373 0.8565366268157959 -3.3387966169584615e-08 0.13467803597450256 -3.3327630433177546e-08
70.58993329793128 0.984626293182373 0.8592044115066528 -3.3387966169584615e-08 0.13468587398529053 -3.3327630433177546e-08
71.29305829793128 0.984626293182373 0.8684080839157104 -3.3387966169584615e-08 0.13469712436199188 -3.3327630433177546e-08
71.99618329793128 0.984626293182373 0.8756639957427979 -3.3387966169584615e-08 0.13469752669334412 -3.3327630433177546e-08
72.17196454793128 0.984626293182373 0.8772369623184204 -3.3387966169584615e-08 0.13469752669334412 -3.3327630433177546e-08
72.34774579793128 0.984626293182373 0.8787278532981873 -3.3387966169584615e-08 0.13469752669334412 -3.3327630433177546e-08
72.52352704793128 0.984626293182373 0.8801428079605103 -3.3387966169584615e-08 0.13469752669334412 -3.3327630433177546e-08
72.69930829793128 0.984626293182373 0.8814873099327087 -3.3387966169584615e-08 0.13469752669334412 -3.3327630433177546e-08
73.05087079793128 0.984626293182373 0.8839848041534424 -3.3387966169584615e-08 0.13469752669334412 -3.3327630433177546e-08
73.22665204793128 0.984626293182373 0.8851431608200073 -3.3387966169584615e-08 0.13469752669334412 -3.3327630433177546e-08
73.57821454793128 0.984626293182373 0.8872902393341064 -3.3387966169584615e-08 0.13469752669334412 -3.3327630433177546e-08
73.75399579793128 0.984626293182373 0.888290524482727 -3.3387966169584615e-08 0.13469752669334412 -3.3327630433177546e-08
74.10555829793128 0.984626293182373 0.890154242515564 -3.3387966169584615e-08 0.13469752669334412 -3.3327630433177546e-08
74.28133954793128 0.984626293182373 0.89102703332901 -3.3387966169584615e-08 0.13469752669334412 -3.3327630433177546e-08
74.45712079793128 0.984626293182373 0.8918605446815491 -3.3387966169584615e-08 0.13469752669334412 -3.3327630433177546e-08
74.63290204793128 0.984626293182373 0.8926606178283691 -3.3387966169584615e-08 0.13469752669334412 -3.3327630433177546e-08
74.80868329793128 0.984626293182373 0.8934293985366821 -3.3387966169584615e-08 0.13469752669334412 -3.3327630433177546e-08
74.98446454793128 0.984626293182373 0.8941635489463806 -3.3387966169584615e-08 0.13469752669334412 -3.3327630433177546e-08
75.16024579793128 0.984626293182373 0.8948665857315063 -3.3387966169584615e-08 0.13469752669334412 -3.3327630433177546e-08
75.51180829793128 0.984626293182373 0.8962002992630005 -3.3387966169584615e-08 0.13469752669334412 -3.3327630433177546e-08
75.68758954793128 0.984626293182373 0.8968281745910645 -3.3387966169584615e-08 0.13469752669334412 -3.3327630433177546e-08
75.86337079793128 0.984626293182373 0.8974299430847168 -3.3387966169584615e-08 0.13469752669334412 -3.3327630433177546e-08
76.03915204793127 0.984626293182373 0.8980114459991455 -3.3387966169584615e-08 0.13469752669334412 -3.3327630433177546e-08
76.39071454793127 0.984626293182373 0.8991156220436096 -3.3387966169584615e-08 0.13469752669334412 -3.3327630433177546e-08
76.56649579793127 0.984626293182373 0.8996341824531555 -3.3387966169584615e-08 0.13469752669334412 -3.3327630433177546e-08
76.74227704793127 0.984626293182373 0.9001330137252808 -3.3387966169584615e-08 0.13469752669334412 -3.3327630433177546e-08
76.91805829793127 0.984626293182373 0.900617241859436 -3.3387966169584615e-08 0.13469752669334412 -3.3327630433177546e-08
77.09383954793127 0.984626293182373 0.9010880589485168 -3.3387966169584615e-08 0.13469752669334412 -3.3327630433177546e-08
77.26962079793127 0.984626293182373 0.9015423655509949 -3.3387966169584615e-08 0.13469752669334412 -3.3327630433177546e-08
77.44540204793127 0.984626293182373 0.9019789695739746 -3.3387966169584615e-08 0.13469752669334412 -3.3327630433177546e-08
77.62118329793127 0.984626293182373 0.9024004936218262 -3.3387966169584615e-08 0.13469752669334412 -3.3327630433177546e-08
77.97274579793127 0.984626293182373 0.9032121300697327 -3.3387966169584615e-08 0.13469752669334412 -3.3327630433177546e-08
78.41219892293128 0.984626293182373 0.9041557312011719 -3.3387966169584615e-08 0.13469752669334412 -3.3327630433177546e-08
78.85165204793127 0.984626293182373 0.9050194621086121 -3.3387966169584615e-08 0.13469752669334412 -3.3327630433177546e-08
79.20321454793127 0.984626293182373 0.9056737422943115 -3.3387966169584615e-08 0.13469752669334412 -3.3327630433177546e-08
80.25790204793127 0.984626293182373 0.9074226021766663 -3.3387966169584615e-08 0.13469752669334412 -3.3327630433177546e-08
80.78524579793127 0.984626293182373 0.9082072377204895 -3.3387966169584615e-08 0.13469752669334412 -3.3327630433177546e-08
82.01571454793127 0.984626293182373 0.9098140597343445 -3.3387966169584615e-08 0.13469752669334412 -3.3327630433177546e-08
82.19149579793127 0.984626293182373 0.9100247025489807 -3.3387966169584615e-08 0.13469752669334412 -3.3327630433177546e-08
82.36727704793127 0.984626293182373 0.9102295637130737 -3.3387966169584615e-08 0.13469752669334412 -3.3327630433177546e-08
82.54305829793125 0.984626293182373 0.9104289412498474 -3.3387966169584615e-08 0.13469752669334412 -3.3327630433177546e-08
82.71883954793125 0.984626293182373 0.9106230139732361 -3.3387966169584615e-08 0.13469752669334412 -3.3327630433177546e-08
84.47665204793125 0.984626293182373 0.9123650193214417 -3.3387966169584615e-08 0.13469752669334412 -3.3327630433177546e-08
85.00399579793125 0.984626293182373 0.912817120552063 -3.3387966169584615e-08 0.13469752669334412 -3.3327630433177546e-08
87.46493329793125 0.984626293182373 0.9146531820297241 -3.3387966169584615e-08 0.13469752669334412 -3.3327630433177546e-08
87.99227704793125 0.984626293182373 0.9149929285049438 -3.3387966169584615e-08 0.13469752669334412 -3.3327630433177546e-08
89.99999999999999 0.984626293182373 0.91615229845047 -3.337396492497646e-08 0.13469752669334412 -3.3327630433177546e-08
90.0001 0.984626293182373 0.9161523580551147 -3.336980469725859e-08 0.13469752669334412 -3.3327630433177546e-08
90.0003 0.984626293182373 0.9161523580551147 -3.3353845907413415e-08 0.13469752669334412 -3.3327630433177546e-08
90.00047106863515 0.984626293182373 0.9161524176597595 -1.4247961033220236e-08 0.13469752669334412 -3.3327630433177546e-08
90.00081320590547 0.984626293182373 0.9161524176597595 8.124184347479968e-08 0.1346975415945053 -3.3327630433177546e-08
90.001 0.984626293182373 0.9161524176597595 1.4380353263732104e-07 0.1346975415945053 -3.3327630433177546e-08
95.68092220892392 0.984626293182373 0.9161524176597595 1.4380353263732104e-07 0.1346975415945053 0.01340685784816742
101.36084441784786 0.984626293182373 0.9161524176597595 1.4380353263732104e-07 0.1346975415945053 0.02662806212902069
101.53662566784786 0.984626293182373 0.9161524176597595 1.4380353263732104e-07 0.1346975415945053 0.027034278959035873
101.71240691784786 0.984626293182373 0.9161524176597595 1.4380353263732104e-07 0.1346975415945053 0.02744031697511673
101.88818816784786 0.984626293182373 0.9161524176597595 1.4380353263732104e-07 0.1346975415945053 0.02784617617726326
106.45850066784784 0.984626293182373 0.9161524176597595 1.4380353263732104e-07 0.1346975415945053 0.038336120545864105
106.63428191784784 0.984626293182373 0.9161524176597595 1.4380353263732104e-07 0.1346975415945053 0.03873717784881592
106.81006316784784 0.984626293182373 0.9161524176597595 1.4380353263732104e-07 0.1346975415945053 0.039138056337833405
106.98584441784784 0.984626293182373 0.9161524176597595 1.4380353263732104e-07 0.1346975415945053 0.039538756012916565
117.00537566784782 0.984626293182373 0.9161524176597595 1.4380353263732104e-07 0.1346975415945053 0.062083736062049866
117.18115691784782 0.984626293182373 0.9161524176597595 1.4380353263732104e-07 0.1346975415945053 0.0624740794301033
117.35693816784782 0.984626293182373 0.9161524176597595 1.4380353263732104e-07 0.1346975415945053 0.06286424398422241
117.53271941784782 0.984626293182373 0.9161524176597595 1.4380353263732104e-07 0.1346975415945053 0.0632542297244072
119.99999999999999 0.984626293182373 0.9161524176597595 1.4380353263732104e-07 0.1346975415945053 0.06870926916599274
120.0001 0.984626293182373 0.9161524176597595 1.4380353263732104e-07 0.1346975415945053 0.06870968639850616
120.0003 0.984626293182373 0.9161524176597595 1.4380353263732104e-07 0.1346975415945053 0.06871236860752106
120.0007 0.9846261739730835 0.9161524176597595 2.3712662766683934e-07 0.1346975415945053 0.06872379034757614
120.00082296354917 0.9846258759498596 0.9161524176597595 7.161464168348175e-07 0.1346975415945053 0.06872886419296265
120.00093233534574 0.9846252202987671 0.9161524176597595 3.430566039241967e-06 0.1346975415945053 0.06873352825641632
120.00096889798488 0.9846248626708984 0.9161524176597595 6.2368876569962595e-06 0.1346975415945053 0.06873480975627899
120.001 0.9846245646476746 0.9161524176597595 9.583611245034263e-06 0.1346975415945053 0.06873583048582077
120.05625592099491 0.9840287566184998 0.9161524176597595 0.008083355613052845 0.1346975415945053 0.07043514400720596
120.11151184198982 0.983390748500824 0.9161524176597595 0.016133155673742294 0.1346975415945053 0.07212597876787186
120.22202705663634 0.9819850921630859 0.9161524176597595 0.032164063304662704 0.1346975415945053 0.07548336684703827
120.39780830663634 0.979423999786377 0.9161524176597595 0.05746270716190338 0.1346975415945053 0.08075335621833801
120.74937080663634 0.9727585315704346 0.9161524176597595 0.10723114013671875 0.1346975415945053 0.09100341796875
121.10093330663634 0.9631743431091309 0.9161524176597595 0.15581651031970978 0.1346975415945053 0.10084317624568939
121.45249580663634 0.9496904015541077 0.9161524176597595 0.20333075523376465 0.1346975415945053 0.11031538248062134
121.62827705663634 0.941225528717041 0.9161524176597595 0.22663824260234833 0.1346975415945053 0.11489881575107574
121.80405830663634 0.9315263032913208 0.9161524176597595 0.2496006190776825 0.1346975415945053 0.11936598271131516
121.97983955663634 0.9205724000930786 0.9161524176597595 0.2722080945968628 0.1346975415945053 0.12371446937322617
122.15562080663634 0.9083782434463501 0.9161524176597595 0.2944505512714386 0.1346975415945053 0.12794184684753418
122.33140205663635 0.8949877023696899 0.9161524176597595 0.3163382411003113 0.1346975415945053 0.13205236196517944
122.50718330663636 0.8804663419723511 0.9161524176597595 0.33790141344070435 0.1346975415945053 0.1360567957162857
122.68296455663638 0.8648933172225952 0.9161524176597595 0.35914894938468933 0.1346975415945053 0.13995888829231262
122.85874580663639 0.8483540415763855 0.9161524176597595 0.38006871938705444 0.1346975415945053 0.14375554025173187
123.0345270566364 0.8309349417686462 0.9161524176597595 0.4006275236606598 0.1346975415945053 0.14743712544441223
123.2103083066364 0.8127192854881287 0.9161524176597595 0.4207714796066284 0.1346975415945053 0.15098777413368225
123.38608955663642 0.7937850952148438 0.9161524176597595 0.44046804308891296 0.1346975415945053 0.15439864993095398
123.56187080663643 0.7742037773132324 0.9161524176597595 0.45971623063087463 0.1346975415945053 0.15767107903957367
123.73765205663645 0.7540400624275208 0.9161524176597595 0.4785253703594208 0.1346975415945053 0.16080960631370544
123.91343330663646 0.7333517074584961 0.9161524176597595 0.49688294529914856 0.1346975415945053 0.1638123244047165
124.08921455663648 0.7121901512145996 0.9161524176597595 0.5147772431373596 0.1346975415945053 0.16667744517326355
124.26499580663649 0.6906010508537292 0.9161524176597595 0.532228946685791 0.1346975415945053 0.16941292583942413
124.4407770566365 0.668624758720398 0.9161524176597595 0.5492472052574158 0.1346975415945053 0.17202335596084595
124.61655830663652 0.646297037601471 0.9161524176597595 0.5658192038536072 0.1346975415945053 0.17450697720050812
124.79233955663653 0.6236494779586792 0.9161524176597595 0.5819115042686462 0.1346975415945053 0.17685668170452118
124.96812080663655 0.6007101535797119 0.9161524176597595 0.5974923372268677 0.1346975415945053 0.17906604707241058
125.31968330663658 0.5540527701377869 0.9161524176597595 0.627160906791687 0.1346975415945053 0.1830856204032898
125.49546455663659 0.5303766131401062 0.9161524176597595 0.6412208676338196 0.1346975415945053 0.1848946064710617
125.8470270566366 0.4824177026748657 0.9161524176597595 0.6677648425102234 0.1346975415945053 0.18811945617198944
126.19858955663663 0.4337475895881653 0.9161524176597595 0.692272424697876 0.1346975415945053 0.1908588707447052
126.55015205663666 0.384463906288147 0.9161524176597595 0.7146930694580078 0.1346975415945053 0.1931307315826416
126.72593330663668 0.359617680311203 0.9161524176597595 0.725102961063385 0.1346975415945053 0.1940973997116089
127.0774958066367 0.3095610439777374 0.9161524176597595 0.7444314956665039 0.1346975415945053 0.19573551416397095
127.25327705663672 0.2843673825263977 0.9161524176597595 0.7533965110778809 0.1346975415945053 0.19642367959022522
127.42905830663673 0.25907543301582336 0.9161524176597595 0.7619332671165466 0.1346975415945053 0.1970365047454834
127.60483955663675 0.23369674384593964 0.9161524176597595 0.770031213760376 0.1346975415945053 0.19757598638534546
127.78062080663676 0.2082461714744568 0.9161524176597595 0.7776947021484375 0.1346975415945053 0.19804593920707703
127.95640205663678 0.18275195360183716 0.9161524176597595 0.7849404811859131 0.1346975415945053 0.19845278561115265
128.1321833066368 0.15727928280830383 0.9161524176597595 0.7917643785476685 0.1346975415945053 0.19880017638206482
128.3079645566368 0.13193126022815704 0.9161524176597595 0.7981928586959839 0.1346975415945053 0.19909536838531494
128.48374580663682 0.1069193109869957 0.9161524176597595 0.8042544722557068 0.1346975415945053 0.19934536516666412
128.65952705663682 0.08271700143814087 0.9161524176597595 0.8099335432052612 0.1346975415945053 0.19955217838287354
128.83530830663685 0.06005226820707321 0.9161524176597595 0.8152360916137695 0.1346975415945053 0.19971999526023865
129.01108955663685 0.03976365923881531 0.9161524176597595 0.8202109932899475 0.1346975415945053 0.19985675811767578
129.18687080663685 0.022586842998862267 0.9161524176597595 0.8248929977416992 0.1346975415945053 0.1999683529138565
129.36265205663688 0.00856143981218338 0.9161524176597595 0.8293278217315674 0.1346975415945053 0.20006033778190613
129.47576907514795 0.001427914947271347 0.9161524176597595 0.832071840763092 0.1346975415945053 0.20011143386363983
129.50961208928948 4.647975219995715e-05 0.9161524176597595 0.8328725695610046 0.1346975415945053 0.2001253366470337
129.5130459026117 -3.3387962616870936e-08 0.9161524176597595 0.8329526782035828 0.1346975415945053 0.20012667775154114
129.60300503053443 -3.3387962616870936e-08 0.9161524176597595 0.834989070892334 0.1346975415945053 0.20015771687030792
129.6929641584572 -3.3387962616870936e-08 0.9161524176597595 0.8369652032852173 0.1346975415945053 0.20018528401851654
129.86874540845722 -3.3387962616870936e-08 0.9161524176597595 0.84068763256073 0.1346975415945053 0.20023171603679657
130.04452665845722 -3.3387962616870936e-08 0.9161524176597595 0.8442119359970093 0.1346975415945053 0.20026856660842896
130.22030790845724 -3.3387962616870936e-08 0.9161524176597595 0.8475006818771362 0.1346975415945053 0.20029520988464355
130.74765165845727 -3.3387962616870936e-08 0.9161524176597595 0.8561364412307739 0.1346975415945053 0.200334832072258
131.2749954084573 -3.3387962616870936e-08 0.9161524176597595 0.863451361656189 0.1346975415945053 0.20034724473953247
132.1539016584574 -3.3387962616870936e-08 0.9161524176597595 0.8730552196502686 0.1346975415945053 0.20034950971603394
132.3296829084574 -3.3387962616870936e-08 0.9161524176597595 0.874651312828064 0.1346975415945053 0.20034950971603394
132.50546415845741 -3.3387962616870936e-08 0.9161524176597595 0.876175582408905 0.1346975415945053 0.20034950971603394
132.68124540845741 -3.3387962616870936e-08 0.9161524176597595 0.8776318430900574 0.1346975415945053 0.20034950971603394
133.03280790845744 -3.3387962616870936e-08 0.9161524176597595 0.8803027868270874 0.1346975415945053 0.20034950971603394
133.9117141584575 -3.3387962616870936e-08 0.9161524176597595 0.8860214948654175 0.1346975415945053 0.20034950971603394
134.79062040845758 -3.3387962616870936e-08 0.9161524176597595 0.8905959129333496 0.1346975415945053 0.20034950971603394
135.4058547834576 -3.3387962616870936e-08 0.9161524176597595 0.8932920694351196 0.1346975415945053 0.20034950971603394
136.02108915845767 -3.3387962616870936e-08 0.9161524176597595 0.895605206489563 0.1346975415945053 0.20034950971603394
136.3726516584577 -3.3387962616870936e-08 0.9161524176597595 0.896791398525238 0.1346975415945053 0.20034950971603394
137.07577665845776 -3.3387962616870936e-08 0.9161524176597595 0.8989000916481018 0.1346975415945053 0.20034950971603394
137.25155790845776 -3.3387962616870936e-08 0.9161524176597595 0.8993748426437378 0.1346975415945053 0.20034950971603394
137.42733915845778 -3.3387962616870936e-08 0.9161524176597595 0.8998310565948486 0.1346975415945053 0.20034950971603394
137.60312040845778 -3.3387962616870936e-08 0.9161524176597595 0.9002697467803955 0.1346975415945053 0.20034950971603394
138.9214797834579 -3.3387962616870936e-08 0.9161524176597595 0.9032240509986877 0.1346975415945053 0.20034950971603394
140.23983915845798 -3.3387962616870936e-08 0.9161524176597595 0.9056289792060852 0.1346975415945053 0.20034950971603394
140.85507353345804 -3.3387962616870936e-08 0.9161524176597595 0.9065682888031006 0.1346975415945053 0.20034950971603394
141.47030790845807 -3.3387962616870936e-08 0.9161524176597595 0.9074138402938843 0.1346975415945053 0.20034950971603394
142.08554228345812 -3.3387962616870936e-08 0.9161524176597595 0.9082012176513672 0.1346975415945053 0.20034950971603394
142.70077665845815 -3.3387962616870936e-08 0.9161524176597595 0.908960223197937 0.1346975415945053 0.20034950971603394
142.87655790845818 -3.3387962616870936e-08 0.9161524176597595 0.9091644287109375 0.1346975415945053 0.20034950971603394
143.05233915845818 -3.3387962616870936e-08 0.9161524176597595 0.9093632698059082 0.1346975415945053 0.20034950971603394
143.2281204084582 -3.3387962616870936e-08 0.9161524176597595 0.9095568656921387 0.1346975415945053 0.20034950971603394
144.81015165845832 -3.3387962616870936e-08 0.9161524176597595 0.9110962748527527 0.1346975415945053 0.20034950971603394
145.51327665845838 -3.3387962616870936e-08 0.9161524176597595 0.9116837382316589 0.1346975415945053 0.20034950971603394
145.8648391584584 -3.3387962616870936e-08 0.9161524176597595 0.9119788408279419 0.1346975415945053 0.20034950971603394
146.39218290845844 -3.3387962616870936e-08 0.9161524176597595 0.9124110341072083 0.1346975415945053 0.20034950971603394
146.9195266584585 -3.3387962616870936e-08 0.9161524176597595 0.9128153324127197 0.1346975415945053 0.20034950971603394
147.88632353345855 -3.3387962616870936e-08 0.9161524176597595 0.9135021567344666 0.1346975415945053 0.20034950971603394
148.85312040845864 -3.3387962616870936e-08 0.9161524176597595 0.9141710996627808 0.1346975415945053 0.20034950971603394
149.4265602042293 -3.338751497494741e-08 0.9161524176597595 0.9145388603210449 0.1346975415945053 0.20034950971603394
150.0 -3.339136256386155e-08 0.9161524176597595 0.9148821830749512 0.1346975415945053 0.20034950971603394
150.0001 -3.336710818757638e-08 0.9161524176597595 0.914882242679596 0.1346975415945053 0.20034950971603394
150.0003 -3.3344250027766975e-08 0.9161524176597595 0.9148823022842407 0.13469600677490234 0.20034919679164886
150.0007 -3.3331041038309195e-08 0.9161524176597595 0.9148823618888855 0.13468390703201294 0.20034366846084595
150.00095690558473 -3.332435838387937e-08 0.9161524176597595 0.9148823618888855 0.1346670538187027 0.20033229887485504
150.001 -3.3323662051998326e-08 0.9161524176597595 0.9148823618888855 0.13466258347034454 0.20032842457294464
150.2467102000131 0.0006251513841561973 0.9161524176597595 0.9148823618888855 0.10313355922698975 0.1678588092327118
150.49242040002622 0.001250043511390686 0.9161524176597595 0.9148823618888855 0.07293087989091873 0.13542985916137695
150.66820165002622 0.0016969171119853854 0.9161524176597595 0.9148823618888855 0.05298120155930519 0.11248310655355453
150.84398290002625 0.002143636578693986 0.9161524176597595 0.9148823618888855 0.03519086167216301 0.09006597101688385
151.01976415002625 0.0025902017951011658 0.9161524176597595 0.9148823618888855 0.020097635686397552 0.06865863502025604
151.19554540002628 0.0030366277787834406 0.9161524176597595 0.9148823618888855 0.007634478155523539 0.04867194592952728
151.30536651206162 0.0033154692500829697 0.9161524176597595 0.9148823618888855 0.0013708368642255664 0.03710855543613434
151.33979223409935 0.003402864094823599 0.9161524176597595 0.9148823618888855 6.853333616163582e-05 0.033710964024066925
151.3451157514372 0.0034163775853812695 0.9161524176597595 0.9148823618888855 -3.338347198678093e-08 0.03320396691560745
151.49229902544192 0.0037899233866482973 0.9161524176597595 0.9148823618888855 -3.3383528830199793e-08 0.020642781630158424
151.63948229944666 0.0041633532382547855 0.9161524176597595 0.9148823618888855 -3.338357501547762e-08 0.010438335128128529
151.81526354944666 0.004609249997884035 0.9161524176597595 0.9148823618888855 -3.3383617648041763e-08 0.0007683110889047384
151.84806568629276 0.004692442249506712 0.9161524176597595 0.9148823618888855 -3.338362120075544e-08 -3.338362120075544e-08
165.8227968876789 0.03964647650718689 0.9161524176597595 0.9148823618888855 -3.338362120075544e-08 -3.338362120075544e-08
179.79752808906503 0.07361629605293274 0.9161524176597595 0.9148823618888855 -3.338362120075544e-08 -3.338362120075544e-08
179.97330933906505 0.07403725385665894 0.9161524176597595 0.9148823618888855 -3.338362120075544e-08 -3.338362120075544e-08
179.99999999999997 0.07410116493701935 0.9161524176597595 0.9148823618888855 -3.338362120075544e-08 -3.338362120075544e-08
