time a b c w1
0.0 0.0 0.0 0.0 0.0
0.00014999999853326784 1.500150000053344e-21 1.500150000053344e-21 1.500150000053344e-21 1.500150000053344e-21
0.0002999999970665357 3.000300000106688e-21 3.000300000106688e-21 3.000300000106688e-21 -5.557177829018656e-09
0.0005999999941330714 6.000600000213376e-21 6.000600000213376e-21 6.000600000213376e-21 -2.3824533457172947e-08
0.001 1.0000999731091105e-20 1.0000999731091105e-20 1.0000999731091105e-20 -3.338066889568836e-08
29.999999999999996 3.000300019364487e-16 3.000300019364487e-16 3.000300019364487e-16 -3.3380448627440273e-08
30.000099999999996 3.0003100778807355e-16 3.0003100778807355e-16 3.0003100778807355e-16 -3.336148068910916e-08
30.0003 3.0003299302154367e-16 3.0003299302154367e-16 3.0003299302154367e-16 -3.3342743677167164e-08
30.0007 3.0003698995826353e-16 3.0003698995826353e-16 3.0003698995826353e-16 -3.333283160600331e-08
30.000822963518136 3.000382340379048e-16 3.000382340379048e-16 3.000382340379048e-16 -3.3331541970937906e-08
30.000893956764106 4.442155809858406e-10 3.0003894872195405e-16 3.0003894872195405e-16 -2.8941363083845317e-08
30.000929659296858 2.7094366750191057e-09 3.000392928290889e-16 3.000392928290889e-16 -2.7536515290194075e-09
30.000981081226808 4.2741429950865495e-08 3.000398222246809e-16 3.000398222246809e-16 5.480947606884001e-07
30.001 7.733108020602231e-08 3.000400075131381e-16 3.000400075131381e-16 1.0411018820377649e-06
30.090566031621886 0.00028382029267959297 3.0093574485485954e-16 3.0093574485485954e-16 0.004189171828329563
30.18013206324377 0.0005635737907141447 3.0183150866636057e-16 3.0183150866636057e-16 0.008353246375918388
30.35926685986762 0.001113422797061503 3.036230362893626e-16 3.036230362893626e-16 0.016622748225927353
30.828016859867617 0.0024985363706946373 3.0831099307550075e-16 3.0831099307550075e-16 0.03793171048164368
31.296766859867613 0.0038012752775102854 3.129989763314185e-16 3.129989763314185e-16 0.0587255135178566
31.999891859867603 0.005604322999715805 3.2003091151062567e-16 3.2003091151062567e-16 0.08894217014312744
32.2342668598676 0.006166404113173485 3.2237488990369473e-16 3.2237488990369473e-16 0.09875652194023132
32.468641859867596 0.006709594279527664 3.247188947665434e-16 3.247188947665434e-16 0.10844272375106812
32.703016859867596 0.007234248798340559 3.2706287315961246e-16 3.2706287315961246e-16 0.11800128221511841
32.937391859867596 0.007740705274045467 3.2940685155268153e-16 3.2940685155268153e-16 0.1274329125881195
33.64051685986758 0.0091543672606349 3.364388132016683e-16 3.364388132016683e-16 0.15497303009033203
33.87489185986758 0.009591557085514069 3.387827915947374e-16 3.387827915947374e-16 0.16390350461006165
34.10926685986758 0.010012331418693066 3.4112676998780645e-16 3.4112676998780645e-16 0.1727103292942047
34.343641859867574 0.01041705347597599 3.434707748506551e-16 3.434707748506551e-16 0.18139421939849854
34.578016859867574 0.010806094855070114 3.458147532437242e-16 3.458147532437242e-16 0.1899559050798416
34.812391859867574 0.011179830878973007 3.4815873163679325e-16 3.4815873163679325e-16 0.19839607179164886
35.04676685986757 0.011538615450263023 3.505027100298623e-16 3.505027100298623e-16 0.20671561360359192
35.28114185986757 0.011882816441357136 3.5284668842293138e-16 3.5284668842293138e-16 0.21491535007953644
35.51551685986756 0.012212805449962616 3.5519069328578004e-16 3.5519069328578004e-16 0.2229960560798645
35.74989185986756 0.01252893079072237 3.575346716788491e-16 3.575346716788491e-16 0.2309587299823761
35.98426685986756 0.012831535190343857 3.5987865007191817e-16 3.5987865007191817e-16 0.2388043850660324
36.21864185986755 0.013121003285050392 3.6222262846498723e-16 3.6222262846498723e-16 0.2465338259935379
37.39051685986754 0.01438402384519577 3.7394254690011216e-16 3.7394254690011216e-16 0.2834703028202057
37.62489185986754 0.014602221548557281 3.762865517629608e-16 3.762865517629608e-16 0.29052260518074036
37.85926685986753 0.014809751883149147 3.786305301560299e-16 3.786305301560299e-16 0.2974657118320465
38.09364185986753 0.015006981790065765 3.8097450854909895e-16 3.8097450854909895e-16 0.30430060625076294
38.32801685986753 0.015194274485111237 3.83318486942168e-16 3.83318486942168e-16 0.31102830171585083
38.562391859867525 0.015371957793831825 3.856624918050167e-16 3.856624918050167e-16 0.3176499009132385
38.796766859867525 0.015540343709290028 3.8800647019808575e-16 3.8800647019808575e-16 0.32416659593582153
39.03114185986752 0.01569974049925804 3.903504485911548e-16 3.903504485911548e-16 0.33057960867881775
39.49989185986752 0.01599287986755371 3.9503840537729294e-16 3.9503840537729294e-16 0.3430989682674408
39.73426685986751 0.01612730510532856 3.973824102401416e-16 3.973824102401416e-16 0.34920749068260193
39.96864185986751 0.01625407300889492 3.9972638863321067e-16 3.9972638863321067e-16 0.35521674156188965
40.20301685986751 0.016373464837670326 4.0207036702627973e-16 4.0207036702627973e-16 0.36112797260284424
41.374891859867496 0.016869910061359406 4.1379028546140466e-16 4.1379028546140466e-16 0.3892558515071869
41.60926685986749 0.016951115801930428 4.161342903242533e-16 4.161342903242533e-16 0.3946041464805603
41.84364185986749 0.01702694222331047 4.184782687173224e-16 4.184782687173224e-16 0.39986276626586914
42.07801685986748 0.017097625881433487 4.2082224711039145e-16 4.2082224711039145e-16 0.40503305196762085
42.31239185986748 0.017163407057523727 4.231662255034605e-16 4.231662255034605e-16 0.41011619567871094
42.54676685986748 0.017224546521902084 4.255102038965296e-16 4.255102038965296e-16 0.4151133894920349
42.781141859867475 0.017281288281083107 4.2785420875937825e-16 4.2785420875937825e-16 0.42002591490745544
43.015516859867475 0.017333846539258957 4.301981871524473e-16 4.301981871524473e-16 0.42485496401786804
43.24989185986747 0.017382437363266945 4.3254216554551638e-16 4.3254216554551638e-16 0.4296017587184906
44.42176685986746 0.01757323369383812 4.442621104504209e-16 4.442621104504209e-16 0.4521448314189911
44.65614185986745 0.01760236732661724 4.466060623737104e-16 4.466060623737104e-16 0.45642367005348206
44.89051685986745 0.017628930509090424 4.48950067236559e-16 4.48950067236559e-16 0.4606287181377411
45.124891859867446 0.017653077840805054 4.512940191598485e-16 4.512940191598485e-16 0.4647611677646637
45.593641859867446 0.01769471913576126 4.559820288855458e-16 4.559820288855458e-16 0.4728130102157593
45.82801685986744 0.017712533473968506 4.583259808088353e-16 4.583259808088353e-16 0.4767346978187561
46.06239185986744 0.017728539183735847 4.60669985671684e-16 4.60669985671684e-16 0.48058846592903137
46.29676685986743 0.01774287037551403 4.630139905345326e-16 4.630139905345326e-16 0.4843754470348358
46.53114185986743 0.017755655571818352 4.653579424578221e-16 4.653579424578221e-16 0.48809677362442017
46.76551685986743 0.017767025157809258 4.677019473206707e-16 4.677019473206707e-16 0.49175354838371277
46.999891859867425 0.017777100205421448 4.700458992439602e-16 4.700458992439602e-16 0.49534690380096436
47.234266859867425 0.01778598129749298 4.723899041068089e-16 4.723899041068089e-16 0.49887794256210327
48.874891859867404 0.017822664231061935 4.887977793280719e-16 4.887977793280719e-16 0.5219404101371765
49.3436418598674 0.017827441915869713 4.934857361142101e-16 4.934857361142101e-16 0.5280289649963379
49.8123918598674 0.01783064752817154 4.981737458399074e-16 4.981737458399074e-16 0.5339096188545227
50.04676685986739 0.01783178374171257 5.0051769776319685e-16 5.0051769776319685e-16 0.5367743372917175
50.28114185986739 0.017832674086093903 5.028617026260455e-16 5.028617026260455e-16 0.5395900011062622
50.51551685986738 0.01783336140215397 5.052057074888942e-16 5.052057074888942e-16 0.5423574447631836
50.74989185986738 0.017833879217505455 5.075496594121836e-16 5.075496594121836e-16 0.5450775623321533
52.39051685986736 0.017834918573498726 5.239575346334467e-16 5.239575346334467e-16 0.5628672242164612
52.62489185986736 0.017834924161434174 5.263015394962954e-16 5.263015394962954e-16 0.5652399659156799
52.859266859867354 0.017834924161434174 5.28645544359144e-16 5.28645544359144e-16 0.5675729513168335
53.093641859867354 0.017834924161434174 5.309894962824335e-16 5.309894962824335e-16 0.5698668956756592
53.328016859867354 0.017834924161434174 5.333335011452822e-16 5.333335011452822e-16 0.5721226930618286
54.26551685986734 0.017834924161434174 5.427094147175584e-16 5.427094147175584e-16 0.580777645111084
54.49989185986734 0.017834924161434174 5.450534195804071e-16 5.450534195804071e-16 0.5828530192375183
54.73426685986733 0.017834924161434174 5.473974244432557e-16 5.473974244432557e-16 0.5848943591117859
54.96864185986733 0.017834924161434174 5.497413763665452e-16 5.497413763665452e-16 0.586902379989624
55.20301685986733 0.017834924161434174 5.520853812293939e-16 5.520853812293939e-16 0.5888776779174805
55.437391859867326 0.017834924161434174 5.544293331526833e-16 5.544293331526833e-16 0.5908210277557373
55.671766859867326 0.017834924161434174 5.56773338015532e-16 5.56773338015532e-16 0.5927329063415527
55.90614185986732 0.017834924161434174 5.591173428783807e-16 5.591173428783807e-16 0.5946139693260193
56.60926685986731 0.017834924161434174 5.661492515878083e-16 5.661492515878083e-16 0.6000783443450928
56.84364185986731 0.017834924161434174 5.684932564506569e-16 5.684932564506569e-16 0.6018420457839966
57.078016859867304 0.017834924161434174 5.708372613135056e-16 5.708372613135056e-16 0.6035778522491455
57.312391859867304 0.017834924161434174 5.731812132367951e-16 5.731812132367951e-16 0.6052863001823425
59.656141859867276 0.017834924161434174 5.966210501070449e-16 5.966210501070449e-16 0.6209771037101746
59.890516859867276 0.017834924161434174 5.989650549698936e-16 5.989650549698936e-16 0.6224201917648315
59.99999999999999 0.017834924161434174 6.000600038728974e-16 6.000600038728974e-16 0.623088002204895
60.000099999999996 0.017834924161434174 6.000610097245222e-16 6.000610097245222e-16 0.6230871677398682
60.000299999999996 0.017834758386015892 6.00063021427772e-16 6.00063021427772e-16 0.6230863332748413
60.000699999999995 0.01783277653157711 6.000669918947122e-16 6.000669918947122e-16 0.6230859160423279
60.001000000000005 0.01782914809882641 6.000700094495868e-16 6.000700094495868e-16 0.6230859160423279
60.082880000000735 0.012455202639102936 6.008888785513449e-16 6.008888785513449e-16 0.6230859160423279
60.16476000000147 0.007633090950548649 6.01707747653103e-16 6.01707747653103e-16 0.6230859160423279
60.26284559873909 0.002316615777090192 6.026887176851419e-16 6.026887176851419e-16 0.6230859160423279
60.3088252420674 0.0002282708592247218 6.031485506963826e-16 6.031485506963826e-16 0.6230859160423279
60.320416933964594 1.0152682534680935e-06 6.03264488331038e-16 6.03264488331038e-16 0.6230859160423279
60.32722386494861 -3.3380445074726595e-08 6.033325686041736e-16 6.033325686041736e-16 0.6230859160423279
89.99999999999999 -3.3426591272700534e-08 9.000900322791256e-16 9.000900322791256e-16 0.6230859160423279
90.0001 -3.3376860386624685e-08 9.000909851911913e-16 9.000909851911913e-16 0.6230859160423279
90.0003 -3.3342743677167164e-08 9.00092996894441e-16 9.00092996894441e-16 0.6230859160423279
90.0007 -3.3321981618428254e-08 9.000970203009405e-16 9.000970203009405e-16 0.6230859160423279
90.00082296291316 -3.330836406689741e-08 9.00098184971243e-16 9.00098184971243e-16 0.6230859160423279
90.00089395670877 -2.8913078153891547e-08 4.442092527146002e-10 9.000989261250718e-16 0.6230859160423279
90.00095116622272 1.0827159968584965e-07 1.1099850816265189e-08 9.000995613997823e-16 0.6230859160423279
90.00098108116042 5.481222160597099e-07 4.27413624493056e-08 9.00099773158019e-16 0.6230859160423279
90.001 1.0411303037471953e-06 7.733108731144966e-08 9.000999849162559e-16 0.6230859160423279
90.0457823131687 0.002098082797601819 0.00014244647172745317 9.005478535871166e-16 0.6230859160423279
90.09056462633738 0.0041890996508300304 0.00028381444280967116 9.009957222579773e-16 0.6230859160423279
90.18013198605364 0.008353223092854023 0.0005635740235447884 9.018914595996987e-16 0.6230859160423279
90.35926670548618 0.016622768715023994 0.0011134212836623192 9.0368304016226e-16 0.6230859160423279
90.59364170548618 0.027339186519384384 0.0018159487517550588 9.060269920855494e-16 0.6230859160423279
91.06239170548619 0.04839440807700157 0.003160175634548068 9.107150018112468e-16 0.6230859160423279
91.5311417054862 0.06892774254083633 0.004422071389853954 9.154029056578257e-16 0.6230859160423279
91.7655167054862 0.07899979501962662 0.005022973753511906 9.177469634602336e-16 0.6230859160423279
91.9998917054862 0.08894273638725281 0.005604294594377279 9.20090915383523e-16 0.6230859160423279
92.2342667054862 0.09875699877738953 0.006166380364447832 9.224348673068125e-16 0.6230859160423279
92.46864170548622 0.10844297707080841 0.006709587760269642 9.247789251092204e-16 0.6230859160423279
92.70301670548622 0.11800123006105423 0.0072342646308243275 9.271228770325098e-16 0.6230859160423279
92.93739170548622 0.12743249535560608 0.007740751840174198 9.294668289557993e-16 0.6230859160423279
93.64051670548623 0.15497103333473206 0.009154578670859337 9.36498790604786e-16 0.6230859160423279
94.57801670548625 0.1899523138999939 0.010806534439325333 9.458747041770623e-16 0.6230859160423279
94.81239170548626 0.1983925998210907 0.011180266737937927 9.482187619794702e-16 0.6230859160423279
95.04676670548626 0.20671223104000092 0.01153904851526022 9.505627139027597e-16 0.6230859160423279
95.28114170548626 0.21491211652755737 0.011883234605193138 9.529066658260491e-16 0.6230859160423279
96.10145420548629 0.2426816076040268 0.01297812070697546 9.61110709315799e-16 0.6230859160423279
96.92176670548629 0.26903319358825684 0.013914234936237335 9.693145410473122e-16 0.6230859160423279
97.15614170548629 0.27630746364593506 0.014154708944261074 9.7165859884972e-16 0.6230859160423279
97.3905167054863 0.2834702730178833 0.014383858069777489 9.740025507730095e-16 0.6230859160423279
97.6248917054863 0.2905227541923523 0.014602012000977993 9.76346502696299e-16 0.6230859160423279
98.0936417054863 0.3043011426925659 0.015006668865680695 9.810345124219963e-16 0.6230859160423279
98.32801670548632 0.3110290467739105 0.01519389171153307 9.833784643452858e-16 0.6230859160423279
98.56239170548632 0.31765082478523254 0.015371517278254032 9.857225221476936e-16 0.6230859160423279
98.79676670548632 0.3241676688194275 0.015539856627583504 9.880664740709831e-16 0.6230859160423279
99.73426670548633 0.34920865297317505 0.016126764938235283 9.974423876432594e-16 0.6230859160423279
100.67176670548636 0.37266257405281067 0.01659061573445797 1.0068183012155356e-15 0.6230859160423279
100.90614170548636 0.3782868981361389 0.01668962836265564 1.0091623590179435e-15 0.6230859160423279
101.14051670548636 0.3838179409503937 0.016782455146312714 1.011506310941233e-15 0.6230859160423279
101.37489170548636 0.38925695419311523 0.016869347542524338 1.0138502628645224e-15 0.6230859160423279
103.2498917054864 0.42960304021835327 0.017381640151143074 1.0326021958881933e-15 0.6230859160423279
103.4842667054864 0.4342688322067261 0.017426468431949615 1.0349461478114828e-15 0.6230859160423279
103.7186417054864 0.43885481357574463 0.017467785626649857 1.0372900997347723e-15 0.6230859160423279
103.95301670548642 0.44336214661598206 0.017505774274468422 1.0396341575371801e-15 0.6230859160423279
104.18739170548642 0.4477921426296234 0.017540620639920235 1.0419781094604696e-15 0.6230859160423279
104.42176670548642 0.45214593410491943 0.017572538927197456 1.044322061383759e-15 0.6230859160423279
104.65614170548642 0.456424742937088 0.017601722851395607 1.046666119186167e-15 0.6230859160423279
106.06239170548645 0.4805893003940582 0.01772819086909294 1.0607299366050221e-15 0.6230859160423279
106.29676670548645 0.4843762516975403 0.017742574214935303 1.06307399440743e-15 0.6230859160423279
106.53114170548646 0.48809754848480225 0.017755409702658653 1.0654179463307194e-15 0.6230859160423279
106.76551670548646 0.49175429344177246 0.01776682212948799 1.067761898254009e-15 0.6230859160423279
107.46864170548648 0.5023484826087952 0.017793642356991768 1.0747938599029957e-15 0.6230859160423279
107.70301670548648 0.5057581067085266 0.017800450325012207 1.0771379177054036e-15 0.6230859160423279
107.93739170548648 0.5091087222099304 0.01780635491013527 1.079481869628693e-15 0.6230859160423279
108.17176670548649 0.512401282787323 0.01781144179403782 1.0818258215519825e-15 0.6230859160423279
109.1092667054865 0.5250118374824524 0.017825216054916382 1.0912017351242588e-15 0.6230859160423279
109.3436417054865 0.5280296206474304 0.01782737486064434 1.0935457929266666e-15 0.6230859160423279
109.5780167054865 0.5309954285621643 0.017829138785600662 1.095889744849956e-15 0.6230859160423279
109.81239170548652 0.5339102149009705 0.017830565571784973 1.0982336967732455e-15 0.6230859160423279
110.51551670548652 0.5423579216003418 0.017833271995186806 1.1052656584222323e-15 0.6230859160423279
110.74989170548653 0.5450780391693115 0.017833784222602844 1.1076097162246402e-15 0.6230859160423279
110.98426670548653 0.547751784324646 0.017834162339568138 1.1099536681479297e-15 0.6230859160423279
111.21864170548653 0.5503799915313721 0.017834428697824478 1.1122976200712191e-15 0.6230859160423279
114.03114170548659 0.5786679983139038 0.01783483661711216 1.1404254666671663e-15 0.6230859160423279
114.26551670548659 0.5807780027389526 0.01783483661711216 1.1427694185904558e-15 0.6230859160423279
114.49989170548659 0.582853376865387 0.01783483661711216 1.1451133705137452e-15 0.6230859160423279
114.73426670548659 0.5848947167396545 0.01783483661711216 1.1474574283161531e-15 0.6230859160423279
118.01551670548665 0.6102529168128967 0.01783483661711216 1.1802731787586792e-15 0.6230859160423279
118.24989170548666 0.6118570566177368 0.01783483661711216 1.1826171306819687e-15 0.6230859160423279
118.48426670548666 0.6134364008903503 0.01783483661711216 1.1849611884843765e-15 0.6230859160423279
118.71864170548666 0.6149914264678955 0.01783483661711216 1.187305140407666e-15 0.6230859160423279
119.99999999999999 0.6230881214141846 0.01783483661711216 1.2001200077457947e-15 0.6230859160423279
120.0001 0.6230872869491577 0.01783483661711216 1.2001209606578604e-15 0.6230859160423279
120.0003 0.6230863332748413 0.01783483661711216 1.2001229723611101e-15 0.6230859160423279
120.0007 0.6230859756469727 0.01783483661711216 1.2001269957676096e-15 0.6230859160423279
120.00084045324755 0.6230859756469727 0.01783483661711216 1.2001283721961489e-15 0.6230859160423279
120.001 0.6230859756469727 0.01783483661711216 1.200129960382925e-15 0.6230859160423279
124.39109178521952 0.6230859756469727 0.01783483661711216 0.0363398939371109 0.6230859160423279
128.781183570439 0.6230859756469727 0.01783483661711216 0.07063115388154984 0.6230859160423279
129.015558570439 0.6230859756469727 0.01783483661711216 0.07240542769432068 0.6230859160423279
129.24993357043897 0.6230859756469727 0.01783483661711216 0.07417406141757965 0.6230859160423279
129.48430857043897 0.6230859756469727 0.01783483661711216 0.07593705505132675 0.6230859160423279
130.18743357043894 0.6230859756469727 0.01783483661711216 0.08119230717420578 0.6230859160423279
130.42180857043894 0.6230859756469727 0.01783483661711216 0.08293285965919495 0.6230859160423279
130.6561835704389 0.6230859756469727 0.01783483661711216 0.08466782420873642 0.6230859160423279
130.8905585704389 0.6230859756469727 0.01783483661711216 0.0863972157239914 0.6230859160423279
134.2889960704388 0.6230859756469727 0.01783483661711216 0.11085385084152222 0.6230859160423279
137.68743357043863 0.6230859756469727 0.01783483661711216 0.13417531549930573 0.6230859160423279
137.92180857043863 0.6230859756469727 0.01783483661711216 0.13574275374412537 0.6230859160423279
138.15618357043863 0.6230859756469727 0.01783483661711216 0.13730496168136597 0.6230859160423279
138.3905585704386 0.6230859756469727 0.01783483661711216 0.1388619840145111 0.6230859160423279
142.60930857043843 0.6230859756469727 0.01783483661711216 0.16601204872131348 0.6230859160423279
142.84368357043843 0.6230859756469727 0.01783483661711216 0.1674724817276001 0.6230859160423279
143.07805857043843 0.6230859756469727 0.01783483661711216 0.16892796754837036 0.6230859160423279
143.3124335704384 0.6230859756469727 0.01783483661711216 0.17037850618362427 0.6230859160423279
150.0 0.6230859756469727 0.01783483661711216 0.20973967015743256 0.6230859160423279
150.0001 0.6230859756469727 0.01783483661711216 0.20974037051200867 0.6230859160423279
150.0003 0.6230859756469727 0.01783483661711216 0.2097412645816803 0.6230859160423279
150.0007 0.6230859756469727 0.01783483661711216 0.20974084734916687 0.6230859160423279
150.001 0.6230859756469727 0.01783483661711216 0.20973911881446838 0.6230859160423279
151.7348500000051 0.6300114989280701 0.01783483661711216 0.20973911881446838 0.6230859160423279
151.9692250000051 0.6309045553207397 0.01783483661711216 0.20973911881446838 0.6230859160423279
152.20360000000508 0.6317877769470215 0.01783483661711216 0.20973911881446838 0.6230859160423279
152.43797500000508 0.6326612830162048 0.01783483661711216 0.20973911881446838 0.6230859160423279
159.93797500000477 0.6562256813049316 0.01783483661711216 0.20973911881446838 0.6230859160423279
160.17235000000477 0.6568452715873718 0.01783483661711216 0.20973911881446838 0.6230859160423279
160.40672500000477 0.6574588418006897 0.01783483661711216 0.20973911881446838 0.6230859160423279
160.64110000000474 0.6580665111541748 0.01783483661711216 0.20973911881446838 0.6230859160423279
170.01610000000437 0.6782911419868469 0.01783483661711216 0.20973911881446838 0.6230859160423279
170.25047500000434 0.6787112951278687 0.01783483661711216 0.20973911881446838 0.6230859160423279
170.48485000000434 0.6791280508041382 0.01783483661711216 0.20973911881446838 0.6230859160423279
170.71922500000434 0.679541289806366 0.01783483661711216 0.20973911881446838 0.6230859160423279
171.42235000000431 0.6807607412338257 0.01783483661711216 0.20973911881446838 0.6230859160423279
171.6567250000043 0.6811606884002686 0.01783483661711216 0.20973911881446838 0.6230859160423279
171.8911000000043 0.681557297706604 0.01783483661711216 0.20973911881446838 0.6230859160423279
172.1254750000043 0.6819507479667664 0.01783483661711216 0.20973911881446838 0.6230859160423279
178.687975000004 0.6918017864227295 0.01783483661711216 0.20973911881446838 0.6230859160423279
178.922350000004 0.692116379737854 0.01783483661711216 0.20973911881446838 0.6230859160423279
179.156725000004 0.692428708076477 0.01783483661711216 0.20973911881446838 0.6230859160423279
179.39110000000397 0.6927387714385986 0.01783483661711216 0.20973911881446838 0.6230859160423279
179.62547500000397 0.6930465698242188 0.01783483661711216 0.20973911881446838 0.6230859160423279
179.85985000000397 0.6933523416519165 0.01783483661711216 0.20973911881446838 0.6230859160423279
179.99999999999997 0.6935343742370605 0.01783483661711216 0.20973911881446838 0.6230859160423279
180.0001 0.6935340166091919 0.01783483661711216 0.20973911881446838 0.6230859160423279
180.0003 0.693533718585968 0.01783483661711216 0.2097388356924057 0.6230859160423279
180.0007 0.6935335993766785 0.01783483661711216 0.2097354531288147 0.6230859160423279
180.001 0.6935335993766785 0.01783483661711216 0.20972919464111328 0.6230859160423279
180.00108 0.6935335993766785 0.01783483661711216 0.20971953868865967 0.6230859160423279
180.00124000000002 0.6935335993766785 0.01783483661711216 0.20970024168491364 0.6230859160423279
180.04204000000064 0.6935335993766785 0.01783483661711216 0.20477356016635895 0.6230859160423279
180.0828400000013 0.6935335993766785 0.01783483661711216 0.1998395472764969 0.6230859160423279
180.1647600000026 0.6935335993766785 0.01783483661711216 0.18991531431674957 0.6230859160423279
180.56297500000517 0.6935335993766785 0.01783483661711216 0.14164403080940247 0.6230859160423279
180.79735000000514 0.6935335993766785 0.01783483661711216 0.11356084793806076 0.6230859160423279
181.03172500000514 0.6935335993766785 0.01783483661711216 0.08634820580482483 0.6230859160423279
181.26610000000514 0.6935335993766785 0.01783483661711216 0.06091955676674843 0.6230859160423279
181.5004750000051 0.6935335993766785 0.01783483661711216 0.03840580955147743 0.6230859160423279
181.7348500000051 0.6935335993766785 0.01783483661711216 0.01973002776503563 0.6230859160423279
181.9692250000051 0.6935335993766785 0.01783483661711216 0.0047185784205794334 0.6230859160423279
182.06020986529904 0.6935335993766785 0.01783483661711216 0.00040791212813928723 0.6230859160423279
182.08200736986956 0.6935335993766785 0.01783483661711216 -3.3380445074726595e-08 0.6230859160423279
204.73580729018076 0.6935335993766785 0.01783483661711216 -3.3380445074726595e-08 0.6230859160423279
209.99999999999997 0.6935335993766785 0.01783483661711216 -3.342061205557911e-08 0.6230859160423279
210.00009999999997 0.6935335993766785 0.01783483661711216 -3.337486731425088e-08 0.6230859160423279
210.0003 0.6935335993766785 0.01783483661711216 -3.3342743677167164e-08 0.6230859160423279
210.00070000000002 0.6935335993766785 0.01783483661711216 -3.3318837466822515e-08 0.6230859160423279
210.00090856009928 0.6935335993766785 0.01783483661711216 -3.329467901380667e-08 0.6230859160423279
210.00100000000003 0.6935335993766785 0.01783483661711216 -3.328772990585094e-08 0.6230859160423279
219.43939031920019 0.6935335993766785 0.01783483661711216 0.035238202661275864 0.6230859160423279
228.8777806384003 0.6935335993766785 0.01783483661711216 0.06813643872737885 0.6230859160423279
229.11215563840028 0.6935335993766785 0.01783483661711216 0.06892460584640503 0.6230859160423279
229.34653063840028 0.6935335993766785 0.01783483661711216 0.06971140950918198 0.6230859160423279
229.58090563840028 0.6935335993766785 0.01783483661711216 0.07049684971570969 0.6230859160423279
233.09653063840014 0.6935335993766785 0.01783483661711216 0.08211579918861389 0.6230859160423279
233.3309056384001 0.6935335993766785 0.01783483661711216 0.08287964016199112 0.6230859160423279
233.5652806384001 0.6935335993766785 0.01783483661711216 0.0836421474814415 0.6230859160423279
233.7996556384001 0.6935335993766785 0.01783483661711216 0.08440332114696503 0.6230859160423279
239.89340563839986 0.6935335993766785 0.01783483661711216 0.10373266786336899 0.6230859160423279
239.99999999999997 0.6935335993766785 0.01783483661711216 0.10406312346458435 0.6230859160423279
