time a b c w1
0.0 0.0 0.0 0.0 0.0
2.34374997708231e-06 1.0801570415496826 1.0801570415496826 1.0801570415496826 2.34398437508335e-23
2.3531289769906394e-06 1.0037916898727417 1.0037916898727417 1.0037916898727417 2.35336424679079e-23
2.3718869768072985e-06 0.9922298789024353 0.9922298789024353 0.9922298789024353 2.372124147977851e-23
2.449126245505041e-06 0.9876051545143127 0.9876051545143127 0.9876051545143127 2.449371143311084e-23
0.00019360463173130613 0.9876051545143127 0.9876051545143127 0.9876051545143127 1.9362399824984054e-21
0.00038480681743822704 0.9876051545143127 0.9876051545143127 0.9876051545143127 -5.559572802127377e-09
0.0007672111888520689 0.9876051545143127 0.9876051545143127 0.9876051545143127 -2.705564838834107e-08
0.001 0.9876051545143127 0.9876051545143127 0.9876051545143127 -3.338778142847332e-08
29.999999999999996 0.9876051545143127 0.9876051545143127 0.9876051545143127 -3.3387607345503056e-08
30.000099999999996 0.9876051545143127 0.9876051545143127 0.9876051545143127 -3.336576170909211e-08
30.0003 0.9876051545143127 0.9876051545143127 0.9876051545143127 -3.33441789734934e-08
30.0007 0.9876051545143127 0.9876051545143127 0.9876051545143127 -3.3332284488096775e-08
30.001 0.9876051545143127 0.9876051545143127 0.9876051545143127 -3.332718279125402e-08
59.99999999999999 0.9876051545143127 0.9876051545143127 0.9876051545143127 -3.332718279125402e-08
60.000099999999996 0.9876051545143127 0.9876051545143127 0.9876051545143127 -3.332718279125402e-08
60.000299999999996 0.9876051545143127 0.9876051545143127 0.9876051545143127 -3.332718279125402e-08
60.000699999999995 0.9876048564910889 0.9876051545143127 0.9876051545143127 -3.332718279125402e-08
60.001000000000005 0.9876043796539307 0.9876051545143127 0.9876051545143127 -3.332718279125402e-08
60.00108 0.9876036047935486 0.9876051545143127 0.9876051545143127 -3.332718279125402e-08
60.00124000000001 0.9876021146774292 0.9876051545143127 0.9876051545143127 -3.332718279125402e-08
60.002200000000016 0.9875930547714233 0.9876051545143127 0.9876051545143127 -3.332718279125402e-08
60.003480000000025 0.9875809550285339 0.9876051545143127 0.9876051545143127 -3.332718279125402e-08
60.04316000000038 0.9871973991394043 0.9876051545143127 0.9876051545143127 -3.332718279125402e-08
60.082840000000736 0.9867964386940002 0.9876051545143127 0.9876051545143127 -3.332718279125402e-08
60.328600000002936 0.9838917851448059 0.9876051545143127 0.9876051545143127 -3.332718279125402e-08
60.562975000002936 0.9804593324661255 0.9876051545143127 0.9876051545143127 -3.332718279125402e-08
60.79735000000293 0.976220428943634 0.9876051545143127 0.9876051545143127 -3.332718279125402e-08
61.03172500000293 0.9709084033966064 0.9876051545143127 0.9876051545143127 -3.332718279125402e-08
61.50047500000293 0.9560742378234863 0.9876051545143127 0.9876051545143127 -3.332718279125402e-08
61.734850000002936 0.946077823638916 0.9876051545143127 0.9876051545143127 -3.332718279125402e-08
61.969225000002936 0.9341229796409607 0.9876051545143127 0.9876051545143127 -3.332718279125402e-08
62.20360000000294 0.9201257824897766 0.9876051545143127 0.9876051545143127 -3.332718279125402e-08
62.43797500000295 0.904089093208313 0.9876051545143127 0.9876051545143127 -3.332718279125402e-08
62.67235000000295 0.8860915303230286 0.9876051545143127 0.9876051545143127 -3.332718279125402e-08
62.90672500000296 0.8662655353546143 0.9876051545143127 0.9876051545143127 -3.332718279125402e-08
63.14110000000296 0.8447741866111755 0.9876051545143127 0.9876051545143127 -3.332718279125402e-08
63.375475000002965 0.8217911720275879 0.9876051545143127 0.9876051545143127 -3.332718279125402e-08
63.609850000002965 0.7974857687950134 0.9876051545143127 0.9876051545143127 -3.332718279125402e-08
63.84422500000297 0.7720150947570801 0.9876051545143127 0.9876051545143127 -3.332718279125402e-08
64.07860000000298 0.7455202341079712 0.9876051545143127 0.9876051545143127 -3.332718279125402e-08
64.31297500000298 0.7181255221366882 0.9876051545143127 0.9876051545143127 -3.332718279125402e-08
64.54735000000298 0.6899387836456299 0.9876051545143127 0.9876051545143127 -3.332718279125402e-08
64.781725000003 0.6610532999038696 0.9876051545143127 0.9876051545143127 -3.332718279125402e-08
65.016100000003 0.6315491199493408 0.9876051545143127 0.9876051545143127 -3.332718279125402e-08
65.250475000003 0.6014952659606934 0.9876051545143127 0.9876051545143127 -3.332718279125402e-08
65.484850000003 0.5709511041641235 0.9876051545143127 0.9876051545143127 -3.332718279125402e-08
65.71922500000301 0.5399677753448486 0.9876051545143127 0.9876051545143127 -3.332718279125402e-08
65.95360000000301 0.5085898041725159 0.9876051545143127 0.9876051545143127 -3.332718279125402e-08
66.18797500000301 0.4768555760383606 0.9876051545143127 0.9876051545143127 -3.332718279125402e-08
66.42235000000302 0.44479870796203613 0.9876051545143127 0.9876051545143127 -3.332718279125402e-08
66.65672500000302 0.4124487042427063 0.9876051545143127 0.9876051545143127 -3.332718279125402e-08
66.89110000000302 0.37983158230781555 0.9876051545143127 0.9876051545143127 -3.332718279125402e-08
67.12547500000302 0.34697073698043823 0.9876051545143127 0.9876051545143127 -3.332718279125402e-08
67.35985000000304 0.3138878345489502 0.9876051545143127 0.9876051545143127 -3.332718279125402e-08
67.59422500000304 0.28060492873191833 0.9876051545143127 0.9876051545143127 -3.332718279125402e-08
67.82860000000304 0.2471485286951065 0.9876051545143127 0.9876051545143127 -3.332718279125402e-08
68.06297500000305 0.2135603129863739 0.9876051545143127 0.9876051545143127 -3.332718279125402e-08
68.29735000000305 0.17992331087589264 0.9876051545143127 0.9876051545143127 -3.332718279125402e-08
68.53172500000305 0.14642487466335297 0.9876051545143127 0.9876051545143127 -3.332718279125402e-08
68.76610000000305 0.11349005997180939 0.9876051545143127 0.9876051545143127 -3.332718279125402e-08
69.00047500000306 0.08198589086532593 0.9876051545143127 0.9876051545143127 -3.332718279125402e-08
69.23485000000306 0.05332062393426895 0.9876051545143127 0.9876051545143127 -3.332718279125402e-08
69.46922500000306 0.02907619997859001 0.9876051545143127 0.9876051545143127 -3.332718279125402e-08
69.70360000000306 0.009581364691257477 0.9876051545143127 0.9876051545143127 -3.332718279125402e-08
69.82546042846424 0.0017594252713024616 0.9876051545143127 0.9876051545143127 -3.332718279125402e-08
69.86613451451421 8.442148828180507e-05 0.9876051545143127 0.9876051545143127 -3.332718279125402e-08
69.8721834854907 -3.3387607345503056e-08 0.9876051545143127 0.9876051545143127 -3.332718279125402e-08
89.99999999999999 -3.3379702557567725e-08 0.9876051545143127 0.9876051545143127 -3.332718279125402e-08
90.0001 -3.336312914825612e-08 0.9876051545143127 0.9876051545143127 -3.332718279125402e-08
90.0003 -3.3342914207423746e-08 0.9876051545143127 0.9876051545143127 -3.332718279125402e-08
90.0007 -3.332807096967372e-08 0.9876051545143127 0.9876051545143127 -3.332718279125402e-08
90.001 -3.332572973135939e-08 0.9876051545143127 0.9876051545143127 -3.332718279125402e-08
119.99999999999999 -3.332572973135939e-08 0.9876051545143127 0.9876051545143127 -3.332718279125402e-08
120.0001 -3.332572973135939e-08 0.9876051545143127 0.9876051545143127 -3.332718279125402e-08
120.0003 -3.332572973135939e-08 0.9876051545143127 0.9876051545143127 -3.332718279125402e-08
120.0007 -3.332572973135939e-08 0.9876051545143127 0.9876051545143127 -3.332718279125402e-08
120.001 -3.332572973135939e-08 0.9876051545143127 0.9876051545143127 -3.332718279125402e-08
150.0 -3.332572973135939e-08 0.9876051545143127 0.9876051545143127 -3.332718279125402e-08
150.0001 -3.332572973135939e-08 0.9876051545143127 0.9876051545143127 -3.332718279125402e-08
150.0003 -3.058972808389626e-08 0.9876051545143127 0.9876051545143127 -3.332718279125402e-08
150.00047211531128 -2.3144648864104056e-08 0.9876051545143127 0.9876051545143127 -3.332718279125402e-08
150.00081634593388 -6.32454622007117e-09 0.9876051545143127 0.9876051545143127 -3.332718279125402e-08
150.001 -2.7824915704854902e-09 0.9876051545143127 0.9876051545143127 -3.332718279125402e-08
179.99999999999997 -2.7824913484408853e-09 0.9876051545143127 0.9876051545143127 -3.332718279125402e-08
180.0001 -2.7824913484408853e-09 0.9876051545143127 0.9876051545143127 -3.332718279125402e-08
180.0003 -2.7824913484408853e-09 0.9876051545143127 0.9876051545143127 -3.332718279125402e-08
180.0007 -2.7824913484408853e-09 0.9876051545143127 0.9876048564910889 -3.332718279125402e-08
180.001 -2.7824913484408853e-09 0.9876051545143127 0.9876043796539307 -3.332718279125402e-08
180.00108 -2.7824913484408853e-09 0.9876051545143127 0.9876036047935486 -3.332718279125402e-08
180.02148000000034 -2.7824913484408853e-09 0.9876051545143127 0.9874090552330017 -3.332718279125402e-08
180.04188000000067 -2.7824913484408853e-09 0.9876051545143127 0.9872100949287415 -3.332718279125402e-08
180.0828400000013 -2.7824913484408853e-09 0.9876051545143127 0.986796498298645 -3.332718279125402e-08
180.32860000000517 -2.7824913484408853e-09 0.9876051545143127 0.9838924407958984 -3.332718279125402e-08
180.56297500000517 -2.7824913484408853e-09 0.9876051545143127 0.9804602861404419 -3.332718279125402e-08
180.79735000000514 -2.7824913484408853e-09 0.9876051545143127 0.9762216210365295 -3.332718279125402e-08
181.26610000000514 -2.7824913484408853e-09 0.9876051545143127 0.9642785787582397 -3.332718279125402e-08
181.7348500000051 -2.7824913484408853e-09 0.9876051545143127 0.9460820555686951 -3.332718279125402e-08
181.9692250000051 -2.7824913484408853e-09 0.9876051545143127 0.9341272711753845 -3.332718279125402e-08
182.20360000000508 -2.7824913484408853e-09 0.9876051545143127 0.9201298356056213 -3.332718279125402e-08
182.43797500000508 -2.7824911263962804e-09 0.9876051545143127 0.9040933847427368 -3.332718279125402e-08
182.67235000000508 -2.7824911263962804e-09 0.9876051545143127 0.8860962986946106 -3.332718279125402e-08
182.90672500000505 -2.7824911263962804e-09 0.9876051545143127 0.8662706613540649 -3.332718279125402e-08
183.14110000000505 -2.7824911263962804e-09 0.9876051545143127 0.8447794914245605 -3.332718279125402e-08
183.37547500000505 -2.7824911263962804e-09 0.9876051545143127 0.8217965364456177 -3.332718279125402e-08
183.60985000000503 -2.7824911263962804e-09 0.9876051545143127 0.7974913120269775 -3.332718279125402e-08
183.84422500000503 -2.7824911263962804e-09 0.9876051545143127 0.7720208168029785 -3.332718279125402e-08
184.078600000005 -2.7824911263962804e-09 0.9876051545143127 0.7455262541770935 -3.332718279125402e-08
184.312975000005 -2.7824911263962804e-09 0.9876051545143127 0.7181316614151001 -3.332718279125402e-08
184.547350000005 -2.7824911263962804e-09 0.9876051545143127 0.6899451613426208 -3.332718279125402e-08
184.78172500000497 -2.7824911263962804e-09 0.9876051545143127 0.6610597968101501 -3.332718279125402e-08
185.01610000000497 -2.7824911263962804e-09 0.9876051545143127 0.6315557360649109 -3.332718279125402e-08
185.25047500000497 -2.7824911263962804e-09 0.9876051545143127 0.601502001285553 -3.332718279125402e-08
185.48485000000494 -2.7824911263962804e-09 0.9876051545143127 0.5709578990936279 -3.332718279125402e-08
185.71922500000494 -2.7824911263962804e-09 0.9876051545143127 0.5399747490882874 -3.332718279125402e-08
185.95360000000494 -2.7824911263962804e-09 0.9876051545143127 0.5085968375205994 -3.332718279125402e-08
186.1879750000049 -2.7824911263962804e-09 0.9876051545143127 0.47686266899108887 -3.332718279125402e-08
186.4223500000049 -2.7824911263962804e-09 0.9876051545143127 0.4448058605194092 -3.332718279125402e-08
186.6567250000049 -2.7824911263962804e-09 0.9876051545143127 0.4124559164047241 -3.332718279125402e-08
186.89110000000488 -2.7824911263962804e-09 0.9876051545143127 0.37983888387680054 -3.332718279125402e-08
187.12547500000488 -2.7824911263962804e-09 0.9876051545143127 0.3469780683517456 -3.332718279125402e-08
187.35985000000488 -2.7824911263962804e-09 0.9876051545143127 0.31389522552490234 -3.332718279125402e-08
187.59422500000485 -2.7824911263962804e-09 0.9876051545143127 0.28061234951019287 -3.332718279125402e-08
187.82860000000485 -2.7824911263962804e-09 0.9876051545143127 0.24715597927570343 -3.332718279125402e-08
188.06297500000485 -2.7824911263962804e-09 0.9876051545143127 0.2135677933692932 -3.332718279125402e-08
188.29735000000483 -2.7824911263962804e-09 0.9876051545143127 0.17993077635765076 -3.332718279125402e-08
188.53172500000483 -2.7824911263962804e-09 0.9876051545143127 0.1464322805404663 -3.332718279125402e-08
188.76610000000483 -2.7824911263962804e-09 0.9876051545143127 0.11349726468324661 -3.332718279125402e-08
189.0004750000048 -2.7824911263962804e-09 0.9876051545143127 0.08199264854192734 -3.332718279125402e-08
189.2348500000048 -2.7824911263962804e-09 0.9876051545143127 0.0533265620470047 -3.332718279125402e-08
189.4692250000048 -2.7824911263962804e-09 0.9876051545143127 0.029081011191010475 -3.332718279125402e-08
189.70360000000477 -2.7824911263962804e-09 0.9876051545143127 0.009585142135620117 -3.332718279125402e-08
189.82549658630714 -2.7824911263962804e-09 0.9876051545143127 0.0017603794112801552 -3.332718279125402e-08
189.86618553501117 -2.7824911263962804e-09 0.9876051545143127 8.45612958073616e-05 -3.332718279125402e-08
189.87224338905435 -2.7824911263962804e-09 0.9876051545143127 -3.3387607345503056e-08 -3.332718279125402e-08
207.08225925845272 -2.7824909043516755e-09 0.9876051545143127 -3.3387607345503056e-08 -3.332718279125402e-08
209.99999999999997 -2.7824909043516755e-09 0.9876051545143127 -3.337968479399933e-08 -3.332718279125402e-08
210.00009999999997 -2.7824909043516755e-09 0.9876051545143127 -3.3363122042828763e-08 -3.332718279125402e-08
210.0003 -2.7824909043516755e-09 0.9876051545143127 -3.334290710199639e-08 -3.332718279125402e-08
210.00070000000002 -2.782465369222109e-09 0.9876051545143127 -3.3326980286574326e-08 -3.332718279125402e-08
210.000822963482 1.9007822871230928e-08 0.9876051545143127 -2.5361439170978883e-08 -3.332718279125402e-08
210.00089395651443 1.0482505530262642e-07 0.9876051545143127 6.941036900798281e-08 -3.332718279125402e-08
210.00092974001407 2.3271276461400703e-07 0.9876051545143127 2.035720854109968e-07 -3.332718279125402e-08
210.00095139136317 3.703879372096708e-07 0.9876051545143127 3.1900344765745103e-07 -3.332718279125402e-08
210.00096352061146 4.899833356830641e-07 0.9876051545143127 5.295739242683339e-07 -3.332718279125402e-08
210.00097290572631 6.298742505350674e-07 0.9876051545143127 9.764368087417097e-07 -3.332718279125402e-08
210.00098430719515 8.626651606391533e-07 0.9876051545143127 1.9250685454608174e-06 -3.332718279125402e-08
210.00100000000003 1.244232748831564e-06 0.9876051545143127 3.6155183806840796e-06 -3.332718279125402e-08
210.01642886514347 0.00045733267324976623 0.9876051545143127 0.002205734374001622 -3.332718279125402e-08
210.0318577302869 0.0009125815704464912 0.9876051545143127 0.004405454266816378 -3.332718279125402e-08
210.06271734409512 0.0018206099048256874 0.9876051545143127 0.008797943592071533 -3.332718279125402e-08
210.12443657171158 0.0036265263333916664 0.9876051545143127 0.017553895711898804 -3.332718279125402e-08
210.24787502694446 0.007198293227702379 0.9876051545143127 0.03495071455836296 -3.332718279125402e-08
210.48225002694446 0.013867654837667942 0.9876051545143127 0.06765816360712051 -3.332718279125402e-08
210.71662502694443 0.02039206027984619 0.9876051545143127 0.09994543343782425 -3.332718279125402e-08
210.95100002694443 0.02674858458340168 0.9876051545143127 0.13174325227737427 -3.332718279125402e-08
211.18537502694443 0.03293287754058838 0.9876051545143127 0.16303522884845734 -3.332718279125402e-08
211.4197500269444 0.03894040733575821 0.9876051545143127 0.19380396604537964 -3.332718279125402e-08
211.6541250269444 0.04476657137274742 0.9876051545143127 0.22403132915496826 -3.332718279125402e-08
211.88850002694437 0.050406746566295624 0.9876051545143127 0.2536984980106354 -3.332718279125402e-08
212.12287502694437 0.05585629865527153 0.9876051545143127 0.28278613090515137 -3.332718279125402e-08
212.35725002694437 0.06111063063144684 0.9876051545143127 0.31127411127090454 -3.332718279125402e-08
212.59162502694434 0.06616523861885071 0.9876051545143127 0.33914199471473694 -3.332718279125402e-08
213.06037502694434 0.07565797120332718 0.9876051545143127 0.39293307065963745 -3.332718279125402e-08
213.2947500269443 0.08008802682161331 0.9876051545143127 0.4188135266304016 -3.332718279125402e-08
213.5291250269443 0.08430236577987671 0.9876051545143127 0.4439886212348938 -3.332718279125402e-08
213.7635000269443 0.08829789608716965 0.9876051545143127 0.4684370160102844 -3.332718279125402e-08
213.99787502694429 0.09207208454608917 0.9876051545143127 0.49213793873786926 -3.332718279125402e-08
214.23225002694429 0.09562303870916367 0.9876051545143127 0.5150712728500366 -3.332718279125402e-08
214.46662502694429 0.09894966334104538 0.9876051545143127 0.5372180938720703 -3.332718279125402e-08
214.70100002694426 0.10205172747373581 0.9876051545143127 0.5585606098175049 -3.332718279125402e-08
214.93537502694426 0.10493002086877823 0.9876051545143127 0.5790831446647644 -3.332718279125402e-08
215.63850002694423 0.11224713921546936 0.9876051545143127 0.6356078386306763 -3.332718279125402e-08
215.87287502694423 0.1142614334821701 0.9876051545143127 0.6527422070503235 -3.332718279125402e-08
216.1072500269442 0.11607386916875839 0.9876051545143127 0.6690185070037842 -3.332718279125402e-08
216.3416250269442 0.11769267171621323 0.9876051545143127 0.6844397783279419 -3.332718279125402e-08
216.5760000269442 0.1191272884607315 0.9876051545143127 0.699013352394104 -3.332718279125402e-08
216.81037502694417 0.12038823962211609 0.9876051545143127 0.7127507925033569 -3.332718279125402e-08
217.04475002694417 0.12148696929216385 0.9876051545143127 0.7256678342819214 -3.332718279125402e-08
217.27912502694417 0.12243566662073135 0.9876051545143127 0.7377843856811523 -3.332718279125402e-08
217.51350002694414 0.12324699759483337 0.9876051545143127 0.7491241097450256 -3.332718279125402e-08
217.74787502694414 0.12393391132354736 0.9876051545143127 0.7597141265869141 -3.332718279125402e-08
217.98225002694414 0.12450937926769257 0.9876051545143127 0.769584596157074 -3.332718279125402e-08
218.21662502694412 0.12498612701892853 0.9876051545143127 0.7787681818008423 -3.332718279125402e-08
218.45100002694412 0.12537649273872375 0.9876051545143127 0.7872993350028992 -3.332718279125402e-08
218.9197500269441 0.12594392895698547 0.9876051545143127 0.8025487661361694 -3.332718279125402e-08
219.3885000269441 0.12629520893096924 0.9876051545143127 0.8156253695487976 -3.332718279125402e-08
219.85725002694406 0.126498743891716 0.9876051545143127 0.826816737651825 -3.332718279125402e-08
220.32600002694403 0.1266072690486908 0.9876051545143127 0.836393415927887 -3.332718279125402e-08
220.56037502694403 0.12663838267326355 0.9876051545143127 0.8406538367271423 -3.332718279125402e-08
220.79475002694403 0.12665905058383942 0.9876051545143127 0.8446000218391418 -3.332718279125402e-08
221.029125026944 0.12667210400104523 0.9876051545143127 0.8482577800750732 -3.332718279125402e-08
221.263500026944 0.1266797035932541 0.9876051545143127 0.8516509532928467 -3.332718279125402e-08
221.497875026944 0.12668375670909882 0.9876051545143127 0.8548018932342529 -3.332718279125402e-08
221.73225002694397 0.1266857087612152 0.9876051545143127 0.8577313423156738 -3.332718279125402e-08
221.96662502694397 0.1266864687204361 0.9876051545143127 0.8604578971862793 -3.332718279125402e-08
222.20100002694397 0.12668666243553162 0.9876051545143127 0.8629984855651855 -3.332718279125402e-08
222.66975002694394 0.12668660283088684 0.9876051545143127 0.8675833940505981 -3.332718279125402e-08
222.90412502694394 0.12668658792972565 0.9876051545143127 0.8696554899215698 -3.332718279125402e-08
223.37287502694392 0.12668658792972565 0.9876051545143127 0.873415470123291 -3.332718279125402e-08
223.60725002694392 0.12668658792972565 0.9876051545143127 0.8751240372657776 -3.332718279125402e-08
224.54475002694386 0.12668658792972565 0.9876051545143127 0.8810156583786011 -3.332718279125402e-08
224.77912502694386 0.12668658792972565 0.9876051545143127 0.8822879791259766 -3.332718279125402e-08
225.01350002694386 0.12668658792972565 0.9876051545143127 0.8834920525550842 -3.332718279125402e-08
225.24787502694383 0.12668658792972565 0.9876051545143127 0.88463294506073 -3.332718279125402e-08
225.48225002694383 0.12668658792972565 0.9876051545143127 0.8857150077819824 -3.332718279125402e-08
225.71662502694383 0.12668658792972565 0.9876051545143127 0.8867422342300415 -3.332718279125402e-08
225.9510000269438 0.12668658792972565 0.9876051545143127 0.8877183198928833 -3.332718279125402e-08
226.1853750269438 0.12668658792972565 0.9876051545143127 0.8886469006538391 -3.332718279125402e-08
227.12287502694377 0.12668658792972565 0.9876051545143127 0.8919475674629211 -3.332718279125402e-08
227.35725002694375 0.12668658792972565 0.9876051545143127 0.8926824331283569 -3.332718279125402e-08
227.59162502694375 0.12668658792972565 0.9876051545143127 0.8933857679367065 -3.332718279125402e-08
227.82600002694375 0.12668658792972565 0.9876051545143127 0.8940593600273132 -3.332718279125402e-08
228.7635000269437 0.12668658792972565 0.9876051545143127 0.8964903354644775 -3.332718279125402e-08
228.9978750269437 0.12668658792972565 0.9876051545143127 0.8970398306846619 -3.332718279125402e-08
229.2322500269437 0.12668658792972565 0.9876051545143127 0.8975685834884644 -3.332718279125402e-08
229.46662502694366 0.12668658792972565 0.9876051545143127 0.8980777263641357 -3.332718279125402e-08
229.93537502694366 0.12668658792972565 0.9876051545143127 0.8990411758422852 -3.332718279125402e-08
232.16193752694355 0.12668658792972565 0.9876051545143127 0.9028130173683167 -3.332718279125402e-08
234.38850002694346 0.12668658792972565 0.9876051545143127 0.9056254625320435 -3.332718279125402e-08
234.62287502694346 0.12668658792972565 0.9876051545143127 0.9058808088302612 -3.332718279125402e-08
234.85725002694346 0.12668658792972565 0.9876051545143127 0.9061295986175537 -3.332718279125402e-08
235.09162502694343 0.12668658792972565 0.9876051545143127 0.9063719511032104 -3.332718279125402e-08
235.56037502694343 0.12668658792972565 0.9876051545143127 0.9068387746810913 -3.332718279125402e-08
236.2635000269434 0.12668658792972565 0.9876051545143127 0.9074970483779907 -3.332718279125402e-08
239.77912502694326 0.12668658792972565 0.9876051545143127 0.9101908206939697 -3.332718279125402e-08
239.99999999999997 0.12668658792972565 0.9876051545143127 0.9103339910507202 -3.332718279125402e-08
