time a b c w1 w2
0.0 0.0 0.0 0.0 0.0 0.0
1.757812428601624e-06 1.0832566022872925 1.0832566022872925 1.0832566022872925 1.757988202426422e-23 1.757988202426422e-23
1.7648476783160305e-06 1.0055341720581055 1.0055341720581055 1.0055341720581055 1.7650242106122693e-23 1.7650242106122693e-23
1.7789181777448437e-06 0.9905999898910522 0.9905999898910522 0.9905999898910522 1.7790960692117828e-23 1.7790960692117828e-23
1.8070591766024704e-06 0.984626293182373 0.984626293182373 0.984626293182373 1.8072399441829907e-23 1.8072399441829907e-23
0.00013281055255599797 0.984626293182373 0.984626293182373 0.984626293182373 1.3282383013875093e-21 1.3282383013875093e-21
0.00026381985277929004 0.984626293182373 0.984626293182373 0.984626293182373 2.6384624023353322e-21 2.6384624023353322e-21
0.0005258384532258742 0.984626293182373 0.984626293182373 0.984626293182373 -5.9407447849935124e-09 -5.9407447849935124e-09
0.001 0.984626293182373 0.984626293182373 0.984626293182373 -3.3382807629323e-08 -3.3382807629323e-08
29.999999999999996 0.984626293182373 0.984626293182373 0.984626293182373 -3.338294973787015e-08 -3.338294973787015e-08
30.000099999999996 0.984626293182373 0.984626293182373 0.984626293182373 -3.336297638156793e-08 -3.336297638156793e-08
30.0003 0.984626293182373 0.984626293182373 0.984626293182373 -3.3343244609795875e-08 -3.3343244609795875e-08
30.0007 0.984626293182373 0.984626293182373 0.984626293182373 -3.3332373305938745e-08 -3.3332373305938745e-08
30.001 0.984626293182373 0.984626293182373 0.984626293182373 -3.33277050401648e-08 -3.33277050401648e-08
59.99999999999999 0.984626293182373 0.984626293182373 0.984626293182373 -3.33277050401648e-08 -3.33277050401648e-08
60.000099999999996 0.984626293182373 0.984626293182373 0.984626293182373 -3.33277050401648e-08 -3.33277050401648e-08
60.000299999999996 0.984626293182373 0.984626293182373 0.984626293182373 -3.33277050401648e-08 -3.33277050401648e-08
60.000699999999995 0.984626293182373 0.984626293182373 0.9846258759498596 -3.33277050401648e-08 -3.33277050401648e-08
60.001000000000005 0.984626293182373 0.984626293182373 0.9846251606941223 -3.33277050401648e-08 -3.33277050401648e-08
60.00352000000002 0.984626293182373 0.984626293182373 0.9845893383026123 -3.33277050401648e-08 -3.33277050401648e-08
60.00604000000004 0.984626293182373 0.984626293182373 0.9845532178878784 -3.33277050401648e-08 -3.33277050401648e-08
60.01116000000009 0.984626293182373 0.984626293182373 0.9844794869422913 -3.33277050401648e-08 -3.33277050401648e-08
60.029080000000256 0.984626293182373 0.984626293182373 0.984218955039978 -3.33277050401648e-08 -3.33277050401648e-08
60.100760000000896 0.984626293182373 0.984626293182373 0.9831154346466064 -3.33277050401648e-08 -3.33277050401648e-08
60.392823662112015 0.984626293182373 0.984626293182373 0.9777106642723083 -3.33277050401648e-08 -3.33277050401648e-08
60.68488732422313 0.984626293182373 0.984626293182373 0.9707484245300293 -3.33277050401648e-08 -3.33277050401648e-08
60.78101769531689 0.984626293182373 0.984626293182373 0.9679535627365112 -3.33277050401648e-08 -3.33277050401648e-08
60.87714806641064 0.984626293182373 0.984626293182373 0.9648235440254211 -3.33277050401648e-08 -3.33277050401648e-08
61.22871056641065 0.984626293182373 0.984626293182373 0.9510602355003357 -3.33277050401648e-08 -3.33277050401648e-08
61.40449181641065 0.984626293182373 0.984626293182373 0.9426648020744324 -3.33277050401648e-08 -3.33277050401648e-08
61.58027306641065 0.984626293182373 0.984626293182373 0.9331300258636475 -3.33277050401648e-08 -3.33277050401648e-08
61.75605431641065 0.984626293182373 0.984626293182373 0.9224218130111694 -3.33277050401648e-08 -3.33277050401648e-08
61.93183556641065 0.984626293182373 0.984626293182373 0.910567581653595 -3.33277050401648e-08 -3.33277050401648e-08
62.10761681641065 0.984626293182373 0.984626293182373 0.8975921869277954 -3.33277050401648e-08 -3.33277050401648e-08
62.28339806641065 0.984626293182373 0.984626293182373 0.8835227489471436 -3.33277050401648e-08 -3.33277050401648e-08
62.45917931641064 0.984626293182373 0.984626293182373 0.868437647819519 -3.33277050401648e-08 -3.33277050401648e-08
62.63496056641064 0.984626293182373 0.984626293182373 0.852425217628479 -3.33277050401648e-08 -3.33277050401648e-08
62.81074181641064 0.984626293182373 0.984626293182373 0.8355575203895569 -3.33277050401648e-08 -3.33277050401648e-08
62.98652306641064 0.984626293182373 0.984626293182373 0.8179154396057129 -3.33277050401648e-08 -3.33277050401648e-08
63.16230431641064 0.984626293182373 0.984626293182373 0.799565315246582 -3.33277050401648e-08 -3.33277050401648e-08
63.33808556641064 0.984626293182373 0.984626293182373 0.7805525660514832 -3.33277050401648e-08 -3.33277050401648e-08
63.51386681641064 0.984626293182373 0.984626293182373 0.7609373927116394 -3.33277050401648e-08 -3.33277050401648e-08
63.68964806641064 0.984626293182373 0.984626293182373 0.740786612033844 -3.33277050401648e-08 -3.33277050401648e-08
63.86542931641064 0.984626293182373 0.984626293182373 0.7201449275016785 -3.33277050401648e-08 -3.33277050401648e-08
64.04121056641064 0.984626293182373 0.984626293182373 0.6990469694137573 -3.33277050401648e-08 -3.33277050401648e-08
64.21699181641064 0.984626293182373 0.984626293182373 0.67753666639328 -3.33277050401648e-08 -3.33277050401648e-08
64.39277306641064 0.984626293182373 0.984626293182373 0.6556571125984192 -3.33277050401648e-08 -3.33277050401648e-08
64.56855431641064 0.984626293182373 0.984626293182373 0.6334486603736877 -3.33277050401648e-08 -3.33277050401648e-08
64.92011681641064 0.984626293182373 0.984626293182373 0.5881729125976562 -3.33277050401648e-08 -3.33277050401648e-08
65.27167931641064 0.984626293182373 0.984626293182373 0.5418528914451599 -3.33277050401648e-08 -3.33277050401648e-08
65.44746056641064 0.984626293182373 0.984626293182373 0.5183389186859131 -3.33277050401648e-08 -3.33277050401648e-08
65.62324181641064 0.984626293182373 0.984626293182373 0.49461403489112854 -3.33277050401648e-08 -3.33277050401648e-08
65.97480431641064 0.984626293182373 0.984626293182373 0.4466268718242645 -3.33277050401648e-08 -3.33277050401648e-08
66.50214806641064 0.984626293182373 0.984626293182373 0.37349212169647217 -3.33277050401648e-08 -3.33277050401648e-08
66.85371056641064 0.984626293182373 0.984626293182373 0.32403141260147095 -3.33277050401648e-08 -3.33277050401648e-08
67.20527306641064 0.984626293182373 0.984626293182373 0.2741015553474426 -3.33277050401648e-08 -3.33277050401648e-08
67.73261681641063 0.984626293182373 0.984626293182373 0.19853684306144714 -3.33277050401648e-08 -3.33277050401648e-08
68.25996056641063 0.984626293182373 0.984626293182373 0.12288688868284225 -3.33277050401648e-08 -3.33277050401648e-08
68.43574181641063 0.984626293182373 0.984626293182373 0.09829369187355042 -3.33277050401648e-08 -3.33277050401648e-08
68.61152306641063 0.984626293182373 0.984626293182373 0.07472602277994156 -3.33277050401648e-08 -3.33277050401648e-08
68.78730431641063 0.984626293182373 0.984626293182373 0.05292104557156563 -3.33277050401648e-08 -3.33277050401648e-08
68.96308556641063 0.984626293182373 0.984626293182373 0.03371954336762428 -3.33277050401648e-08 -3.33277050401648e-08
69.13886681641063 0.984626293182373 0.984626293182373 0.0177562665194273 -3.33277050401648e-08 -3.33277050401648e-08
69.31464806641063 0.984626293182373 0.984626293182373 0.004730313550680876 -3.33277050401648e-08 -3.33277050401648e-08
69.38708921299008 0.984626293182373 0.984626293182373 0.0005855557392351329 -3.33277050401648e-08 -3.33277050401648e-08
69.40775262085164 0.984626293182373 0.984626293182373 3.7698529922636226e-05 -3.33277050401648e-08 -3.33277050401648e-08
69.42074948573506 0.984626293182373 0.984626293182373 -3.3387607345503056e-08 -3.33277050401648e-08 -3.33277050401648e-08
89.99999999999999 0.984626293182373 0.984626293182373 -3.335193099474054e-08 -3.33277050401648e-08 -3.33277050401648e-08
90.0001 0.984626293182373 0.984626293182373 -3.336230847139632e-08 -3.33277050401648e-08 -3.33277050401648e-08
90.0003 0.984626293182373 0.984626293182373 -3.3346889694030324e-08 -3.33277050401648e-08 -3.3050795877898054e-08
90.0004717647057 0.984626293182373 0.984626293182373 -3.3327719251019516e-08 -3.33277050401648e-08 -3.229826006645453e-08
90.00081529411706 0.984626293182373 0.984626293182373 -3.3315725289639886e-08 -3.33277050401648e-08 -3.059933817439742e-08
90.001 0.984626293182373 0.984626293182373 -3.3315725289639886e-08 -3.33277050401648e-08 -3.023937722446135e-08
119.99999999999999 0.984626293182373 0.984626293182373 -3.3315725289639886e-08 -3.332770148745112e-08 -3.023937722446135e-08
120.0001 0.984626293182373 0.984626293182373 -3.3315725289639886e-08 -3.332770148745112e-08 -3.023937722446135e-08
120.0003 0.984626293182373 0.984626293182373 -3.3315725289639886e-08 -3.332770148745112e-08 -3.023937722446135e-08
120.0004003994858 0.984626293182373 0.984626293182373 -3.3315725289639886e-08 -3.332770148745112e-08 -3.023937722446135e-08
120.0004605913589 0.984626293182373 0.984626293182373 -3.3315725289639886e-08 -3.332770148745112e-08 -3.023937722446135e-08
120.00049548691014 0.984626293182373 0.984626293182373 -3.3315725289639886e-08 -3.332770148745112e-08 2.1554761531206168e-07
120.00051270555696 0.984626293182373 0.984626293182373 -3.3315725289639886e-08 -3.332770148745112e-08 8.846521950545139e-07
120.00053056311997 0.984626293182373 0.984626293182373 -3.3315725289639886e-08 -3.332770148745112e-08 2.1948414996586507e-06
120.00055255566518 0.9846262335777283 0.984626293182373 -3.3315725289639886e-08 -3.332770148745112e-08 3.968633791373577e-06
120.00062455907761 0.9846259951591492 0.984626293182373 -3.3315725289639886e-08 -3.332770148745112e-08 9.14418251340976e-06
120.0007205636275 0.9846255779266357 0.984626293182373 -3.272819881772193e-08 -3.332770148745112e-08 1.5144790268095676e-05
120.0007687577321 0.9846253395080566 0.984626293182373 -2.2512061548241036e-08 -3.332770148745112e-08 1.774201518855989e-05
120.00093168321416 0.9846239686012268 0.984626293182373 2.0845222934440244e-06 -3.332770148745112e-08 2.478480564604979e-05
120.001 0.9846230745315552 0.984626293182373 8.097413228824735e-06 -3.332770148745112e-08 2.7002479328075424e-05
120.03247726566553 0.9841660261154175 0.984626293182373 0.0044994233176112175 -3.332770148745112e-08 0.0009570250986143947
120.06395453133108 0.9836915731430054 0.984626293182373 0.008992007002234459 -3.332770148745112e-08 0.0018874875968322158
120.12691290533633 0.9826857447624207 0.984626293182373 0.01794746145606041 -3.332770148745112e-08 0.0037379530258476734
120.25282965334682 0.9804656505584717 0.984626293182373 0.03573443740606308 -3.332770148745112e-08 0.007395696360617876
120.42861090334682 0.9769228100776672 0.984626293182373 0.06032606214284897 -3.332770148745112e-08 0.01241887453943491
120.78017340334682 0.9678661823272705 0.984626293182373 0.10867779701948166 -3.332770148745112e-08 0.022178106009960175
121.13173590334682 0.9553750157356262 0.984626293182373 0.15602636337280273 -3.332770148745112e-08 0.03159375488758087
121.48329840334682 0.9387111663818359 0.984626293182373 0.20221032202243805 -3.332770148745112e-08 0.040615323930978775
121.65907965334682 0.9286713600158691 0.984626293182373 0.22480756044387817 -3.332770148745112e-08 0.04496036097407341
121.83486090334682 0.9174716472625732 0.984626293182373 0.24706321954727173 -3.332770148745112e-08 0.04919205605983734
122.01064215334682 0.9051298499107361 0.984626293182373 0.26898884773254395 -3.332770148745112e-08 0.053314972668886185
122.18642340334682 0.8916865587234497 0.984626293182373 0.290615975856781 -3.332770148745112e-08 0.05734019726514816
122.36220465334684 0.8771985769271851 0.984626293182373 0.31193429231643677 -3.332770148745112e-08 0.061265211552381516
122.53798590334685 0.8617336750030518 0.984626293182373 0.3329131007194519 -3.332770148745112e-08 0.06508082151412964
122.71376715334686 0.8453646898269653 0.984626293182373 0.35356318950653076 -3.332770148745112e-08 0.06879127770662308
122.88954840334686 0.8281655311584473 0.984626293182373 0.37387341260910034 -3.332770148745112e-08 0.07239410281181335
123.06532965334688 0.8102083206176758 0.984626293182373 0.3937910795211792 -3.332770148745112e-08 0.07587376236915588
123.2411109033469 0.7915613651275635 0.984626293182373 0.413295716047287 -3.332770148745112e-08 0.07922506332397461
123.41689215334691 0.7722880244255066 0.984626293182373 0.4323982000350952 -3.332770148745112e-08 0.08245275914669037
123.59267340334692 0.7524462938308716 0.984626293182373 0.4510875344276428 -3.332770148745112e-08 0.0855550467967987
123.76845465334694 0.7320886850357056 0.984626293182373 0.46933186054229736 -3.332770148745112e-08 0.08852390944957733
123.94423590334695 0.711262583732605 0.984626293182373 0.48713234066963196 -3.332770148745112e-08 0.09136132895946503
124.12001715334696 0.6900104284286499 0.984626293182373 0.5045222043991089 -3.332770148745112e-08 0.09407874941825867
124.29579840334698 0.6683700084686279 0.984626293182373 0.521511971950531 -3.332770148745112e-08 0.0966809093952179
124.47157965334699 0.646375298500061 0.984626293182373 0.5380904674530029 -3.332770148745112e-08 0.09916624426841736
124.647360903347 0.6240565776824951 0.984626293182373 0.5542256236076355 -3.332770148745112e-08 0.10152769833803177
124.82314215334702 0.6014408469200134 0.984626293182373 0.5698869228363037 -3.332770148745112e-08 0.1037588119506836
124.99892340334704 0.57855224609375 0.984626293182373 0.5850884914398193 -3.332770148745112e-08 0.10586558282375336
125.17470465334705 0.5554124712944031 0.984626293182373 0.5998221635818481 -3.332770148745112e-08 0.10784853249788284
125.35048590334705 0.5320408940315247 0.984626293182373 0.6140488982200623 -3.332770148745112e-08 0.10970000922679901
125.70204840334708 0.4846705496311188 0.984626293182373 0.6409890055656433 -3.332770148745112e-08 0.11302201449871063
125.87782965334709 0.46070170402526855 0.984626293182373 0.6537602543830872 -3.332770148745112e-08 0.11451246589422226
126.22939215334712 0.41226109862327576 0.984626293182373 0.6779802441596985 -3.332770148745112e-08 0.11718492209911346
126.40517340334713 0.3878116011619568 0.984626293182373 0.6893311142921448 -3.332770148745112e-08 0.11835074424743652
126.75673590334716 0.33850300312042236 0.984626293182373 0.7105098962783813 -3.332770148745112e-08 0.12035822123289108
126.93251715334718 0.3136614263057709 0.984626293182373 0.7203916907310486 -3.332770148745112e-08 0.12121855467557907
127.2840796533472 0.26364627480506897 0.984626293182373 0.7388436794281006 -3.332770148745112e-08 0.12269005179405212
127.45986090334722 0.23849257826805115 0.984626293182373 0.7474672794342041 -3.332770148745112e-08 0.12331736087799072
127.63564215334723 0.21326099336147308 0.984626293182373 0.7556854486465454 -3.332770148745112e-08 0.12387605011463165
127.81142340334723 0.18797847628593445 0.984626293182373 0.7634899616241455 -3.332770148745112e-08 0.12436778843402863
127.98720465334725 0.16268683969974518 0.984626293182373 0.7708856463432312 -3.332770148745112e-08 0.12479671835899353
128.16298590334728 0.13747809827327728 0.984626293182373 0.7778695821762085 -3.332770148745112e-08 0.12516579031944275
128.33876715334728 0.11257041245698929 0.984626293182373 0.7844595909118652 -3.332770148745112e-08 0.1254812777042389
128.5145484033473 0.08835341781377792 0.984626293182373 0.7906995415687561 -3.332770148745112e-08 0.12575241923332214
128.6903296533473 0.0654292181134224 0.984626293182373 0.7966126203536987 -3.332770148745112e-08 0.1259850263595581
128.8661109033473 0.044610396027565 0.984626293182373 0.8021799921989441 -3.332770148745112e-08 0.1261797547340393
129.04189215334733 0.026702728122472763 0.984626293182373 0.8074049949645996 -3.332770148745112e-08 0.12633955478668213
129.21767340334733 0.012150555849075317 0.984626293182373 0.8123324513435364 -3.332770148745112e-08 0.12647148966789246
129.39345465334736 0.001032023224979639 0.984626293182373 0.8170425891876221 -3.332770148745112e-08 0.12658461928367615
129.4290036500941 3.3403000998077914e-05 0.984626293182373 0.8179634213447571 -3.332770148745112e-08 0.12660491466522217
129.4540581697263 -3.3387607345503056e-08 0.984626293182373 0.8186001181602478 -3.332770148745112e-08 0.12661823630332947
129.81766544779254 -3.3387607345503056e-08 0.984626293182373 0.8272609710693359 -3.332770148745112e-08 0.12677159905433655
130.18127272585878 -3.3387607345503056e-08 0.984626293182373 0.835044264793396 -3.332770148745112e-08 0.12687167525291443
130.3570539758588 -3.3387607345503056e-08 0.984626293182373 0.8384984731674194 -3.332770148745112e-08 0.1269049495458603
130.5328352258588 -3.3387607345503056e-08 0.984626293182373 0.8417381048202515 -3.332770148745112e-08 0.1269293874502182
130.88439772585883 -3.3387607345503056e-08 0.984626293182373 0.8476357460021973 -3.332770148745112e-08 0.12695878744125366
131.23596022585886 -3.3387607345503056e-08 0.984626293182373 0.8528413772583008 -3.332770148745112e-08 0.12697216868400574
131.5875227258589 -3.3387607345503056e-08 0.984626293182373 0.8575677871704102 -3.332770148745112e-08 0.1269780844449997
132.02697585085892 -3.3387607345503056e-08 0.984626293182373 0.8628543019294739 -3.332770148745112e-08 0.1269807070493698
132.46642897585895 -3.3387607345503056e-08 0.984626293182373 0.8674315810203552 -3.332770148745112e-08 0.12698093056678772
132.64221022585897 -3.3387607345503056e-08 0.984626293182373 0.8690901398658752 -3.332770148745112e-08 0.12698093056678772
132.81799147585897 -3.3387607345503056e-08 0.984626293182373 0.8706529140472412 -3.332770148745112e-08 0.12698093056678772
132.993772725859 -3.3387607345503056e-08 0.984626293182373 0.8721360564231873 -3.332770148745112e-08 0.12698093056678772
133.87267897585906 -3.3387607345503056e-08 0.984626293182373 0.8786435127258301 -3.332770148745112e-08 0.12698093056678772
134.75158522585915 -3.3387607345503056e-08 0.984626293182373 0.8839301466941833 -3.332770148745112e-08 0.12698093056678772
135.27892897585917 -3.3387607345503056e-08 0.984626293182373 0.8866296410560608 -3.332770148745112e-08 0.12698093056678772
135.8062727258592 -3.3387607345503056e-08 0.984626293182373 0.8890397548675537 -3.332770148745112e-08 0.12698093056678772
136.42150710085926 -3.3387607345503056e-08 0.984626293182373 0.8915416598320007 -3.332770148745112e-08 0.12698093056678772
137.03674147585932 -3.3387607345503056e-08 0.984626293182373 0.8936917781829834 -3.332770148745112e-08 0.12698093056678772
137.38830397585932 -3.3387607345503056e-08 0.984626293182373 0.8948097229003906 -3.332770148745112e-08 0.12698093056678772
137.91564772585937 -3.3387607345503056e-08 0.984626293182373 0.8963462114334106 -3.332770148745112e-08 0.12698093056678772
138.09142897585937 -3.3387607345503056e-08 0.984626293182373 0.8968203067779541 -3.332770148745112e-08 0.12698093056678772
138.2672102258594 -3.3387607345503056e-08 0.984626293182373 0.8972771167755127 -3.332770148745112e-08 0.12698093056678772
138.4429914758594 -3.3387607345503056e-08 0.984626293182373 0.8977174758911133 -3.332770148745112e-08 0.12698093056678772
138.97033522585946 -3.3387607345503056e-08 0.984626293182373 0.8989518880844116 -3.332770148745112e-08 0.12698093056678772
139.4976789758595 -3.3387607345503056e-08 0.984626293182373 0.9001265168190002 -3.332770148745112e-08 0.12698093056678772
140.02502272585951 -3.3387607345503056e-08 0.984626293182373 0.9012090563774109 -3.332770148745112e-08 0.12698093056678772
140.55236647585957 -3.3387607345503056e-08 0.984626293182373 0.9022180438041687 -3.332770148745112e-08 0.12698093056678772
141.34338210085963 -3.3387607345503056e-08 0.984626293182373 0.9035763740539551 -3.332770148745112e-08 0.12698093056678772
142.13439772585969 -3.3387607345503056e-08 0.984626293182373 0.9047654867172241 -3.332770148745112e-08 0.12698093056678772
143.01330397585974 -3.3387607345503056e-08 0.984626293182373 0.9059324264526367 -3.332770148745112e-08 0.12698093056678772
143.89221022585983 -3.3387607345503056e-08 0.984626293182373 0.9070290327072144 -3.332770148745112e-08 0.12698093056678772
144.06799147585983 -3.3387607345503056e-08 0.984626293182373 0.9072352051734924 -3.332770148745112e-08 0.12698093056678772
144.24377272585986 -3.3387607345503056e-08 0.984626293182373 0.9074362516403198 -3.332770148745112e-08 0.12698093056678772
144.41955397585986 -3.3387607345503056e-08 0.984626293182373 0.9076324105262756 -3.332770148745112e-08 0.12698093056678772
144.94689772585988 -3.3387607345503056e-08 0.984626293182373 0.9081929922103882 -3.332770148745112e-08 0.12698093056678772
145.47424147585994 -3.3387607345503056e-08 0.984626293182373 0.9087151288986206 -3.332770148745112e-08 0.12698093056678772
146.00158522585997 -3.3387607345503056e-08 0.984626293182373 0.9092028141021729 -3.332770148745112e-08 0.12698093056678772
146.88049147586003 -3.3387607345503056e-08 0.984626293182373 0.9099479913711548 -3.332770148745112e-08 0.12698093056678772
147.23205397586005 -3.3387607345503056e-08 0.984626293182373 0.9102347493171692 -3.332770148745112e-08 0.12698093056678772
147.8472883508601 -3.3387607345503056e-08 0.984626293182373 0.910742998123169 -3.332770148745112e-08 0.12698093056678772
148.46252272586017 -3.3387607345503056e-08 0.984626293182373 0.9112176895141602 -3.332770148745112e-08 0.12698093056678772
148.9898664758602 -3.3387607345503056e-08 0.984626293182373 0.9115986824035645 -3.332770148745112e-08 0.12698093056678772
149.51721022586023 -3.3387607345503056e-08 0.984626293182373 0.9119670391082764 -3.332770148745112e-08 0.12698093056678772
149.86877272586025 -3.3387607345503056e-08 0.984626293182373 0.9122204780578613 -3.332770148745112e-08 0.12698093056678772
150.0 -3.334217169026488e-08 0.984626293182373 0.9123108983039856 -3.332770148745112e-08 0.12698093056678772
150.0001 -3.3350616490679386e-08 0.984626293182373 0.9123109579086304 -3.332770148745112e-08 0.12698093056678772
150.0003 -3.333040154984701e-08 0.984626293182373 0.9123110175132751 -3.333152065465583e-08 0.12698061764240265
150.0007 -3.326728759134312e-08 0.984626293182373 0.9123110771179199 -3.335389564540492e-08 0.12697529792785645
150.00095220615563 -6.713710920536187e-09 0.984626293182373 0.9123110771179199 -3.337652643153888e-08 0.12696440517902374
150.001 2.988091196698406e-08 0.984626293182373 0.9123110771179199 -3.338233156569004e-08 0.12696018815040588
150.24992617993655 0.0006574475555680692 0.984626293182373 0.9123110771179199 -3.3382519859515014e-08 0.09514078497886658
150.49885235987304 0.0013145275879651308 0.984626293182373 0.9123110771179199 -3.338268328434424e-08 0.06513312458992004
150.67463360987307 0.0017783308867365122 0.984626293182373 0.9123110771179199 -3.338277210218621e-08 0.04596022889018059
150.85041485987307 0.002241960261017084 0.984626293182373 0.9123110771179199 -3.338283249831875e-08 0.029206421226263046
151.0261961098731 0.002705416176468134 0.984626293182373 0.9123110771179199 -3.338288578902393e-08 0.015270033851265907
151.2019773598731 0.003168724710121751 0.984626293182373 0.9123110771179199 -3.3382935527015434e-08 0.00379539979621768
151.27028432091282 0.003348720259964466 0.984626293182373 0.9123110771179199 -3.338295329058383e-08 0.0003452598466537893
151.2869510257909 0.0033926323521882296 0.984626293182373 0.9123110771179199 -3.338295329058383e-08 -3.338295329058383e-08
152.1190443397486 0.005582873709499836 0.984626293182373 0.9123110771179199 -3.338295329058383e-08 -3.338295329058383e-08
165.91787246474962 0.041334979236125946 0.984626293182373 0.9123110771179199 -3.338295329058383e-08 -3.338295329058383e-08
179.71670058975067 0.07599716633558273 0.984626293182373 0.9123110771179199 -3.338295329058383e-08 -3.338295329058383e-08
179.89248183975067 0.07643162459135056 0.984626293182373 0.9123110771179199 -3.338295329058383e-08 -3.338295329058383e-08
179.99999999999997 0.07669728994369507 0.984626293182373 0.9123110771179199 -3.338295329058383e-08 -3.338295329058383e-08
