time a b c w1
0.0 0.0 0.0 0.0 0.0
2.34374997708231e-06 1.0801570415496826 1.0801570415496826 1.0801570415496826 2.34398437508335e-23
2.3531289769906394e-06 1.0037916898727417 1.0037916898727417 1.0037916898727417 2.35336424679079e-23
2.3718869768072985e-06 0.9922298789024353 0.9922298789024353 0.9922298789024353 2.372124147977851e-23
2.449126245505041e-06 0.9876051545143127 0.9876051545143127 0.9876051545143127 2.449371143311084e-23
0.00019360463173130613 0.9876051545143127 0.9876051545143127 0.9876051545143127 1.9362399824984054e-21
0.00038480681743822704 0.9876051545143127 0.9876051545143127 0.9876051545143127 -5.559273485999938e-09
0.0007672111888520689 0.9876051545143127 0.9876051545143127 0.9876051545143127 -2.7053506101992753e-08
0.001 0.9876051545143127 0.9876051545143127 0.9876051545143127 -3.338377752015731e-08
29.999999999999996 0.9876051545143127 0.9876051545143127 0.9876051545143127 -3.338360343718705e-08
30.000099999999996 0.9876051545143127 0.9876051545143127 0.9876051545143127 -3.33633671800726e-08
30.0003 0.9876051545143127 0.9876051545143127 0.9876051545143127 -3.334337606020199e-08
30.0007 0.9876051545143127 0.9876051545143127 0.9876051545143127 -3.333235909508403e-08
30.001 0.9876051545143127 0.9876051545143127 0.9876051545143127 -3.3327630433177546e-08
59.99999999999999 0.9876051545143127 0.9876051545143127 0.9876051545143127 -3.3327630433177546e-08
60.000099999999996 0.9876051545143127 0.9876051545143127 0.9876051545143127 -3.3327630433177546e-08
60.000299999999996 0.9876051545143127 0.9876051545143127 0.9876051545143127 -3.3327630433177546e-08
60.000699999999995 0.9876049160957336 0.9876051545143127 0.9876051545143127 -3.3327630433177546e-08
60.001000000000005 0.9876046180725098 0.9876051545143127 0.9876051545143127 -3.3327630433177546e-08
60.00608000000005 0.9875713586807251 0.9876051545143127 0.9876051545143127 -3.3327630433177546e-08
60.01116000000009 0.9875380396842957 0.9876051545143127 0.9876051545143127 -3.3327630433177546e-08
60.082840000000736 0.9870577454566956 0.9876051545143127 0.9876051545143127 -3.3327630433177546e-08
60.562975000002936 0.9833950400352478 0.9876051545143127 0.9876051545143127 -3.3327630433177546e-08
61.03172500000293 0.9790076017379761 0.9876051545143127 0.9876051545143127 -3.3327630433177546e-08
61.50047500000293 0.9735201597213745 0.9876051545143127 0.9876051545143127 -3.3327630433177546e-08
61.969225000002936 0.9665945768356323 0.9876051545143127 0.9876051545143127 -3.3327630433177546e-08
62.43797500000295 0.9577932953834534 0.9876051545143127 0.9876051545143127 -3.3327630433177546e-08
62.67235000000295 0.9525294899940491 0.9876051545143127 0.9876051545143127 -3.3327630433177546e-08
62.90672500000296 0.9465959072113037 0.9876051545143127 0.9876051545143127 -3.3327630433177546e-08
63.14110000000296 0.9399185180664062 0.9876051545143127 0.9876051545143127 -3.3327630433177546e-08
63.375475000002965 0.93242347240448 0.9876051545143127 0.9876051545143127 -3.3327630433177546e-08
63.609850000002965 0.9240400195121765 0.9876051545143127 0.9876051545143127 -3.3327630433177546e-08
63.84422500000297 0.9147031307220459 0.9876051545143127 0.9876051545143127 -3.3327630433177546e-08
64.07860000000298 0.904356837272644 0.9876051545143127 0.9876051545143127 -3.3327630433177546e-08
64.31297500000298 0.8929564952850342 0.9876051545143127 0.9876051545143127 -3.3327630433177546e-08
64.54735000000298 0.8804705142974854 0.9876051545143127 0.9876051545143127 -3.3327630433177546e-08
65.016100000003 0.8521866798400879 0.9876051545143127 0.9876051545143127 -3.3327630433177546e-08
65.250475000003 0.8363956212997437 0.9876051545143127 0.9876051545143127 -3.3327630433177546e-08
65.484850000003 0.8195303678512573 0.9876051545143127 0.9876051545143127 -3.3327630433177546e-08
65.71922500000301 0.8016225695610046 0.9876051545143127 0.9876051545143127 -3.3327630433177546e-08
65.95360000000301 0.7827115058898926 0.9876051545143127 0.9876051545143127 -3.3327630433177546e-08
66.18797500000301 0.7628417611122131 0.9876051545143127 0.9876051545143127 -3.3327630433177546e-08
66.42235000000302 0.7420616745948792 0.9876051545143127 0.9876051545143127 -3.3327630433177546e-08
66.65672500000302 0.720421314239502 0.9876051545143127 0.9876051545143127 -3.3327630433177546e-08
66.89110000000302 0.6979711651802063 0.9876051545143127 0.9876051545143127 -3.3327630433177546e-08
67.12547500000302 0.6747610569000244 0.9876051545143127 0.9876051545143127 -3.3327630433177546e-08
67.35985000000304 0.6508394479751587 0.9876051545143127 0.9876051545143127 -3.3327630433177546e-08
67.59422500000304 0.6262526512145996 0.9876051545143127 0.9876051545143127 -3.3327630433177546e-08
67.82860000000304 0.601044774055481 0.9876051545143127 0.9876051545143127 -3.3327630433177546e-08
68.06297500000305 0.5752571821212769 0.9876051545143127 0.9876051545143127 -3.3327630433177546e-08
68.29735000000305 0.5489288568496704 0.9876051545143127 0.9876051545143127 -3.3327630433177546e-08
68.53172500000305 0.5220959186553955 0.9876051545143127 0.9876051545143127 -3.3327630433177546e-08
68.76610000000305 0.4947918951511383 0.9876051545143127 0.9876051545143127 -3.3327630433177546e-08
69.00047500000306 0.46704795956611633 0.9876051545143127 0.9876051545143127 -3.3327630433177546e-08
69.23485000000306 0.4388929009437561 0.9876051545143127 0.9876051545143127 -3.3327630433177546e-08
69.70360000000306 0.38145408034324646 0.9876051545143127 0.9876051545143127 -3.3327630433177546e-08
69.93797500000308 0.35221800208091736 0.9876051545143127 0.9876051545143127 -3.3327630433177546e-08
70.17235000000308 0.32266703248023987 0.9876051545143127 0.9876051545143127 -3.3327630433177546e-08
70.64110000000309 0.2627081573009491 0.9876051545143127 0.9876051545143127 -3.3327630433177546e-08
70.87547500000309 0.2323528528213501 0.9876051545143127 0.9876051545143127 -3.3327630433177546e-08
71.10985000000309 0.20180276036262512 0.9876051545143127 0.9876051545143127 -3.3327630433177546e-08
71.34422500000309 0.17114490270614624 0.9876051545143127 0.9876051545143127 -3.3327630433177546e-08
71.5786000000031 0.14056122303009033 0.9876051545143127 0.9876051545143127 -3.3327630433177546e-08
71.8129750000031 0.11043401062488556 0.9876051545143127 0.9876051545143127 -3.3327630433177546e-08
72.0473500000031 0.08149711042642593 0.9876051545143127 0.9876051545143127 -3.3327630433177546e-08
72.28172500000312 0.05490788072347641 0.9876051545143127 0.9876051545143127 -3.3327630433177546e-08
72.51610000000312 0.03199049457907677 0.9876051545143127 0.9876051545143127 -3.3327630433177546e-08
72.75047500000312 0.013915130868554115 0.9876051545143127 0.9876051545143127 -3.3327630433177546e-08
72.98485000000312 0.0010246726451441646 0.9876051545143127 0.9876051545143127 -3.3327630433177546e-08
73.03107790338048 -3.338360343718705e-08 0.9876051545143127 0.9876051545143127 -3.3327630433177546e-08
89.99999999999999 -3.3422409728700586e-08 0.9876051545143127 0.9876051545143127 -3.3327630433177546e-08
90.0001 -3.337630261057711e-08 0.9876051545143127 0.9876051545143127 -3.3327630433177546e-08
90.0003 -3.334337606020199e-08 0.9876051545143127 0.9876051545143127 -3.3327630433177546e-08
90.0007 -3.3315728842353565e-08 0.9876051545143127 0.9876051545143127 -3.3327630433177546e-08
90.001 -3.326942277226408e-08 0.9876051545143127 0.9876051545143127 -3.3327630433177546e-08
119.99999999999999 -3.326942277226408e-08 0.9876051545143127 0.9876051545143127 -3.3327630433177546e-08
120.0001 -3.326942277226408e-08 0.9876051545143127 0.9876051545143127 -3.3327630433177546e-08
120.0003 -3.326942277226408e-08 0.9876051545143127 0.9876051545143127 -3.3327630433177546e-08
120.0007 -3.326942277226408e-08 0.9876051545143127 0.9876051545143127 -3.3327630433177546e-08
120.001 -3.326942277226408e-08 0.9876051545143127 0.9876051545143127 -3.3327630433177546e-08
150.0 -3.326942277226408e-08 0.9876051545143127 0.9876051545143127 -3.3327630433177546e-08
150.0001 -3.326942277226408e-08 0.9876051545143127 0.9876051545143127 -3.3327630433177546e-08
150.0003 -2.0701103053966108e-08 0.9876051545143127 0.9876051545143127 -3.3327630433177546e-08
150.00044260167286 9.789853372410562e-09 0.9876051545143127 0.9876051545143127 -3.3327630433177546e-08
150.00072780501856 7.488122122367713e-08 0.9876051545143127 0.9876051545143127 -3.3327630433177546e-08
150.001 9.590840477358142e-08 0.9876051545143127 0.9876051545143127 -3.3327630433177546e-08
179.99999999999997 9.590840477358142e-08 0.9876051545143127 0.9876051545143127 -3.3327630433177546e-08
180.0001 9.590840477358142e-08 0.9876051545143127 0.9876051545143127 -3.3327630433177546e-08
180.0003 9.590840477358142e-08 0.9876051545143127 0.9876051545143127 -3.3327630433177546e-08
180.0007 9.590840477358142e-08 0.9876051545143127 0.9876049160957336 -3.3327630433177546e-08
180.001 9.590840477358142e-08 0.9876051545143127 0.9876046180725098 -3.3327630433177546e-08
180.0828800000013 9.590840477358142e-08 0.9876051545143127 0.9870573878288269 -3.3327630433177546e-08
180.1647600000026 9.590840477358142e-08 0.9876051545143127 0.9864856600761414 -3.3327630433177546e-08
180.32860000000517 9.590840477358142e-08 0.9876051545143127 0.9852738380432129 -3.3327630433177546e-08
180.79735000000514 9.590840477358142e-08 0.9876051545143127 0.9813219904899597 -3.3327630433177546e-08
181.26610000000514 9.590840477358142e-08 0.9876051545143127 0.9764214754104614 -3.3327630433177546e-08
181.9692250000051 9.590840477358142e-08 0.9876051545143127 0.966596245765686 -3.3327630433177546e-08
182.43797500000508 9.590840477358142e-08 0.9876051545143127 0.9577953815460205 -3.3327630433177546e-08
182.90672500000505 9.590840477358142e-08 0.9876051545143127 0.9465986490249634 -3.3327630433177546e-08
183.14110000000505 9.590840477358142e-08 0.9876051545143127 0.9399216175079346 -3.3327630433177546e-08
183.60985000000503 9.590840477358142e-08 0.9876051545143127 0.9240438342094421 -3.3327630433177546e-08
184.078600000005 9.590840477358142e-08 0.9876051545143127 0.9043616652488708 -3.3327630433177546e-08
184.312975000005 9.590840477358142e-08 0.9876051545143127 0.8929617404937744 -3.3327630433177546e-08
184.78172500000497 9.590840477358142e-08 0.9876051545143127 0.8668878674507141 -3.3327630433177546e-08
185.25047500000497 9.590840477358142e-08 0.9876051545143127 0.8364027142524719 -3.3327630433177546e-08
185.48485000000494 9.590840477358142e-08 0.9876051545143127 0.8195379376411438 -3.3327630433177546e-08
185.71922500000494 9.590840477358142e-08 0.9876051545143127 0.8016305565834045 -3.3327630433177546e-08
185.95360000000494 9.590840477358142e-08 0.9876051545143127 0.7827198505401611 -3.3327630433177546e-08
186.1879750000049 9.590840477358142e-08 0.9876051545143127 0.7628505825996399 -3.3327630433177546e-08
186.4223500000049 9.590840477358142e-08 0.9876051545143127 0.7420708537101746 -3.3327630433177546e-08
186.6567250000049 9.590840477358142e-08 0.9876051545143127 0.720430850982666 -3.3327630433177546e-08
186.89110000000488 9.590840477358142e-08 0.9876051545143127 0.697981059551239 -3.3327630433177546e-08
187.12547500000488 9.590840477358142e-08 0.9876051545143127 0.6747713088989258 -3.3327630433177546e-08
187.35985000000488 9.590840477358142e-08 0.9876051545143127 0.6508499383926392 -3.3327630433177546e-08
187.59422500000485 9.590840477358142e-08 0.9876051545143127 0.6262633800506592 -3.3327630433177546e-08
187.82860000000485 9.590840477358142e-08 0.9876051545143127 0.6010558009147644 -3.3327630433177546e-08
188.06297500000485 9.590840477358142e-08 0.9876051545143127 0.5752685070037842 -3.3327630433177546e-08
188.29735000000483 9.590840477358142e-08 0.9876051545143127 0.5489404201507568 -3.3327630433177546e-08
188.53172500000483 9.590840477358142e-08 0.9876051545143127 0.5221076607704163 -3.3327630433177546e-08
188.76610000000483 9.590840477358142e-08 0.9876051545143127 0.49480384588241577 -3.3327630433177546e-08
189.0004750000048 9.590840477358142e-08 0.9876051545143127 0.4670600891113281 -3.3327630433177546e-08
189.2348500000048 9.590840477358142e-08 0.9876051545143127 0.4389052093029022 -3.3327630433177546e-08
189.4692250000048 9.590840477358142e-08 0.9876051545143127 0.4103658199310303 -3.3327630433177546e-08
189.93797500000477 9.590840477358142e-08 0.9876051545143127 0.3522307574748993 -3.3327630433177546e-08
190.17235000000477 9.590840477358142e-08 0.9876051545143127 0.32267990708351135 -3.3327630433177546e-08
190.40672500000474 9.590840477358142e-08 0.9876051545143127 0.29283565282821655 -3.3327630433177546e-08
190.64110000000474 9.590840477358142e-08 0.9876051545143127 0.2627212703227997 -3.3327630433177546e-08
190.87547500000474 9.590840477358142e-08 0.9876051545143127 0.23236607015132904 -3.3327630433177546e-08
191.1098500000047 9.590840477358142e-08 0.9876051545143127 0.20181605219841003 -3.3327630433177546e-08
191.3442250000047 9.590840477358142e-08 0.9876051545143127 0.17115819454193115 -3.3327630433177546e-08
191.81297500000468 9.590840477358142e-08 0.9876051545143127 0.11044688522815704 -3.3327630433177546e-08
192.04735000000468 9.590840477358142e-08 0.9876051545143127 0.08150923997163773 -3.3327630433177546e-08
192.28172500000468 9.590840477358142e-08 0.9876051545143127 0.05491869896650314 -3.3327630433177546e-08
192.51610000000466 9.590840477358142e-08 0.9876051545143127 0.03199947625398636 -3.3327630433177546e-08
192.75047500000466 9.590840477358142e-08 0.9876051545143127 0.013920826837420464 -3.3327630433177546e-08
192.98485000000466 9.590840477358142e-08 0.9876051545143127 0.0010252352803945541 -3.3327630433177546e-08
193.0310777153612 9.590840477358142e-08 0.9876051545143127 -3.338360343718705e-08 -3.3327630433177546e-08
209.17613720105558 9.590840477358142e-08 0.9876051545143127 -3.338360343718705e-08 -3.3327630433177546e-08
209.99999999999997 9.590840477358142e-08 0.9876051545143127 -3.342245946669209e-08 -3.3327630433177546e-08
210.00009999999997 9.590840477358142e-08 0.9876051545143127 -3.337632037414551e-08 -3.3327630433177546e-08
210.0003 9.590840477358142e-08 0.9876051545143127 -3.334337606020199e-08 -3.3327630433177546e-08
210.00070000000002 9.590840477358142e-08 0.9876051545143127 -3.3323662051998326e-08 -3.3327630433177546e-08
210.00082296316404 9.722186433691604e-08 0.9876051545143127 -3.3285161293861165e-08 -3.3327630433177546e-08
210.00089395655903 1.0714814635548464e-07 0.9876051545143127 -1.1364176266681625e-08 -3.3327630433177546e-08
210.00092965948008 1.325252014794387e-07 0.9876051545143127 7.932161594226272e-08 -3.3327630433177546e-08
210.00095138395926 1.7692002529656747e-07 0.9876051545143127 2.887489642944274e-07 -3.3327630433177546e-08
210.0009737638436 2.6786085527419345e-07 0.9876051545143127 8.16577824025444e-07 -3.3327630433177546e-08
210.00099274303045 3.89348173257531e-07 0.9876051545143127 1.6297339016091428e-06 -3.3327630433177546e-08
210.00100000000003 4.5178413188295963e-07 0.9876051545143127 2.0853753994742874e-06 -3.3327630433177546e-08
210.03318260247354 0.00033714715391397476 0.9876051545143127 0.0025987133849412203 -3.3327630433177546e-08
210.06536520494706 0.0006722190883010626 0.9876051545143127 0.005189000628888607 -3.3327630433177546e-08
210.12973237422423 0.0013375224079936743 0.9876051545143127 0.010350705124437809 -3.3327630433177546e-08
210.25846671277853 0.0026496637146919966 0.9876051545143127 0.020601581782102585 -3.3327630433177546e-08
210.49284171277853 0.004990248009562492 0.9876051545143127 0.03907368332147598 -3.3327630433177546e-08
210.72721671277853 0.007270145695656538 0.9876051545143127 0.05730409175157547 -3.3327630433177546e-08
210.9615917127785 0.009481766261160374 0.9876051545143127 0.07525986433029175 -3.3327630433177546e-08
211.1959667127785 0.011625498533248901 0.9876051545143127 0.09293997287750244 -3.3327630433177546e-08
211.66471671277847 0.015711013227701187 0.9876051545143127 0.12746930122375488 -3.3327630433177546e-08
212.13346671277847 0.019529931247234344 0.9876051545143127 0.16087999939918518 -3.3327630433177546e-08
212.36784171277844 0.02134065143764019 0.9876051545143127 0.17716249823570251 -3.3327630433177546e-08
212.60221671277844 0.023086292669177055 0.9876051545143127 0.19316135346889496 -3.3327630433177546e-08
212.83659171277844 0.024767544120550156 0.9876051545143127 0.2088761329650879 -3.3327630433177546e-08
213.07096671277841 0.026385117322206497 0.9876051545143127 0.2243061512708664 -3.3327630433177546e-08
213.30534171277841 0.02793973684310913 0.9876051545143127 0.23945049941539764 -3.3327630433177546e-08
213.53971671277841 0.029432246461510658 0.9876051545143127 0.25430920720100403 -3.3327630433177546e-08
213.7740917127784 0.03086353838443756 0.9876051545143127 0.2688823938369751 -3.3327630433177546e-08
214.47721671277836 0.03479956090450287 0.9876051545143127 0.3108910918235779 -3.3327630433177546e-08
214.71159171277836 0.035995688289403915 0.9876051545143127 0.32432547211647034 -3.3327630433177546e-08
214.94596671277836 0.03713566064834595 0.9876051545143127 0.33747541904449463 -3.3327630433177546e-08
215.18034171277833 0.03822065144777298 0.9876051545143127 0.3503420650959015 -3.3327630433177546e-08
215.8834667127783 0.041158102452754974 0.9876051545143127 0.38725629448890686 -3.3327630433177546e-08
216.1178417127783 0.042035795748233795 0.9876051545143127 0.3990028500556946 -3.3327630433177546e-08
216.3522167127783 0.0428650788962841 0.9876051545143127 0.4104727506637573 -3.3327630433177546e-08
216.58659171277827 0.04364734888076782 0.9876051545143127 0.42166867852211 -3.3327630433177546e-08
216.82096671277827 0.04438401013612747 0.9876051545143127 0.4325934052467346 -3.3327630433177546e-08
217.28971671277824 0.04572667181491852 0.9876051545143127 0.45363718271255493 -3.3327630433177546e-08
217.75846671277824 0.04690539091825485 0.9876051545143127 0.4736250042915344 -3.3327630433177546e-08
217.99284171277822 0.047437138855457306 0.9876051545143127 0.4832307994365692 -3.3327630433177546e-08
218.22721671277822 0.047932498157024384 0.9876051545143127 0.492582768201828 -3.3327630433177546e-08
218.46159171277822 0.048393070697784424 0.9876051545143127 0.501684308052063 -3.3327630433177546e-08
219.1647167127782 0.04958149045705795 0.9876051545143127 0.5275249481201172 -3.3327630433177546e-08
219.39909171277816 0.049918290227651596 0.9876051545143127 0.5356640815734863 -3.3327630433177546e-08
219.63346671277816 0.05022811144590378 0.9876051545143127 0.5435725450515747 -3.3327630433177546e-08
219.86784171277816 0.05051235482096672 0.9876051545143127 0.5512550473213196 -3.3327630433177546e-08
220.33659171277813 0.051009684801101685 0.9876051545143127 0.5659605860710144 -3.3327630433177546e-08
220.57096671277813 0.05122574418783188 0.9876051545143127 0.5729925632476807 -3.3327630433177546e-08
220.8053417127781 0.05142197385430336 0.9876051545143127 0.5798167586326599 -3.3327630433177546e-08
221.0397167127781 0.05159960687160492 0.9876051545143127 0.5864381790161133 -3.3327630433177546e-08
221.74284171277807 0.05203305557370186 0.9876051545143127 0.605134129524231 -3.3327630433177546e-08
221.97721671277807 0.052148498594760895 0.9876051545143127 0.6109926700592041 -3.3327630433177546e-08
222.21159171277804 0.05225135385990143 0.9876051545143127 0.6166723370552063 -3.3327630433177546e-08
222.68034171277802 0.05242309346795082 0.9876051545143127 0.6275150775909424 -3.3327630433177546e-08
222.91471671277802 0.05249393358826637 0.9876051545143127 0.6326875686645508 -3.3327630433177546e-08
223.14909171277802 0.05255594477057457 0.9876051545143127 0.6377005577087402 -3.3327630433177546e-08
223.852216712778 0.05269678309559822 0.9876051545143127 0.6518281102180481 -3.3327630433177546e-08
224.08659171277796 0.0527312234044075 0.9876051545143127 0.6562486886978149 -3.3327630433177546e-08
224.32096671277796 0.052760593593120575 0.9876051545143127 0.6605322957038879 -3.3327630433177546e-08
224.55534171277796 0.052785471081733704 0.9876051545143127 0.6646832227706909 -3.3327630433177546e-08
224.78971671277793 0.05280634015798569 0.9876051545143127 0.6687058210372925 -3.3327630433177546e-08
225.25846671277793 0.05283793807029724 0.9876051545143127 0.6763821840286255 -3.3327630433177546e-08
225.4928417127779 0.05284954234957695 0.9876051545143127 0.6800438761711121 -3.3327630433177546e-08
225.7272167127779 0.052858866751194 0.9876051545143127 0.6835930943489075 -3.3327630433177546e-08
225.9615917127779 0.05286624655127525 0.9876051545143127 0.6870335936546326 -3.3327630433177546e-08
226.19596671277787 0.05287197232246399 0.9876051545143127 0.6903689503669739 -3.3327630433177546e-08
226.43034171277787 0.052876345813274384 0.9876051545143127 0.6936028003692627 -3.3327630433177546e-08
227.60221671277782 0.052885718643665314 0.9876051545143127 0.7083660960197449 -3.3327630433177546e-08
227.83659171277782 0.05288618057966232 0.9876051545143127 0.7110595703125 -3.3327630433177546e-08
228.07096671277782 0.052886441349983215 0.9876051545143127 0.71367347240448 -3.3327630433177546e-08
228.3053417127778 0.052886560559272766 0.9876051545143127 0.7162105441093445 -3.3327630433177546e-08
228.5397167127778 0.05288659781217575 0.9876051545143127 0.7186734080314636 -3.3327630433177546e-08
228.7740917127778 0.05288660153746605 0.9876051545143127 0.7210647463798523 -3.3327630433177546e-08
229.00846671277776 0.05288659781217575 0.9876051545143127 0.7233871817588806 -3.3327630433177546e-08
229.24284171277776 0.05288659781217575 0.9876051545143127 0.72564297914505 -3.3327630433177546e-08
231.11784171277768 0.05288659781217575 0.9876051545143127 0.7415516972541809 -3.3327630433177546e-08
231.35221671277768 0.05288659781217575 0.9876051545143127 0.7433027625083923 -3.3327630433177546e-08
231.58659171277768 0.05288659781217575 0.9876051545143127 0.7450069785118103 -3.3327630433177546e-08
231.82096671277765 0.05288659781217575 0.9876051545143127 0.7466659545898438 -3.3327630433177546e-08
234.16471671277756 0.05288659781217575 0.9876051545143127 0.7610764503479004 -3.3327630433177546e-08
234.39909171277756 0.05288659781217575 0.9876051545143127 0.7623271942138672 -3.3327630433177546e-08
234.63346671277753 0.05288659781217575 0.9876051545143127 0.7635477185249329 -3.3327630433177546e-08
234.86784171277753 0.05288659781217575 0.9876051545143127 0.7647390365600586 -3.3327630433177546e-08
236.03971671277748 0.05288659781217575 0.9876051545143127 0.7702887654304504 -3.3327630433177546e-08
236.27409171277748 0.05288659781217575 0.9876051545143127 0.7713232040405273 -3.3327630433177546e-08
236.50846671277748 0.05288659781217575 0.9876051545143127 0.7723342776298523 -3.3327630433177546e-08
236.74284171277745 0.05288659781217575 0.9876051545143127 0.7733227014541626 -3.3327630433177546e-08
239.78971671277733 0.05288659781217575 0.9876051545143127 0.7843947410583496 -3.3327630433177546e-08
239.99999999999997 0.05288659781217575 0.9876051545143127 0.785057008266449 -3.3327630433177546e-08
