time a b c w1 w2
0.0 0.0 0.0 0.0 0.0 0.0
1.757812428601624e-06 1.757988202426422e-23 1.0832566022872925 1.0832566022872925 1.757988202426422e-23 1.757988202426422e-23
1.7648476783160305e-06 1.7650242106122693e-23 1.0055341720581055 1.0055341720581055 1.7650242106122693e-23 1.7650242106122693e-23
1.7789181777448437e-06 1.7790960692117828e-23 0.9905999898910522 0.9905999898910522 1.7790960692117828e-23 1.7790960692117828e-23
1.8070591766024704e-06 1.8072399441829907e-23 0.984626293182373 0.984626293182373 1.8072399441829907e-23 1.8072399441829907e-23
0.00013281055255599797 1.3282383013875093e-21 0.984626293182373 0.984626293182373 1.3282383013875093e-21 1.3282383013875093e-21
0.00026381985277929004 2.6384624023353322e-21 0.984626293182373 0.984626293182373 2.6384624023353322e-21 2.6384624023353322e-21
0.0005258384532258742 5.258910200334195e-21 0.984626293182373 0.984626293182373 -5.940374858681707e-09 -5.940374858681707e-09
0.001 1.0000999731091105e-20 0.984626293182373 0.984626293182373 -3.33807292918209e-08 -3.33807292918209e-08
29.999999999999996 3.000300019364487e-16 0.984626293182373 0.984626293182373 -3.338087140036805e-08 -3.338087140036805e-08
30.000099999999996 3.0003100778807355e-16 0.984626293182373 0.984626293182373 -3.336173293178035e-08 -3.336173293178035e-08
30.0003 3.0003299302154367e-16 0.984626293182373 0.984626293182373 -3.3342828942295455e-08 -3.3342828942295455e-08
30.0007 3.0003698995826353e-16 0.984626293182373 0.984626293182373 -3.333282805328963e-08 -3.333282805328963e-08
30.000822963449927 1.2041015295949364e-08 0.984626293182373 0.984626293182373 -2.998382697683155e-08 -3.333152776008319e-08
30.00089395651833 6.37579873341565e-08 0.984626293182373 0.984626293182373 3.34149667935435e-08 -3.333112275072381e-08
30.000929698775785 1.4099846623594203e-07 0.984626293182373 0.984626293182373 7.562037751540629e-08 -3.333112275072381e-08
30.00095182172889 2.2730549176230852e-07 0.984626293182373 0.984626293182373 7.052199890722477e-08 -3.333112275072381e-08
30.000964741829517 3.1603087791154394e-07 0.984626293182373 0.984626293182373 2.2971003943439428e-07 -3.333112275072381e-08
30.00097495185248 4.3234663849034405e-07 0.984626293182373 0.984626293182373 6.703421036036161e-07 -3.333112275072381e-08
30.00098633649712 6.112122719059698e-07 0.984626293182373 0.984626293182373 1.507782940279867e-06 -3.333112275072381e-08
30.00099942177437 8.552844406040094e-07 0.984626293182373 0.984626293182373 2.7318492357153445e-06 -3.333112275072381e-08
30.001 8.674080618220614e-07 0.984626293182373 0.984626293182373 2.795397676891298e-06 -3.333112275072381e-08
30.416249676844224 0.009173791855573654 0.984626293182373 0.984626293182373 0.05005711689591408 -3.333112275072381e-08
30.831499353688443 0.01790863461792469 0.984626293182373 0.984626293182373 0.09874312579631805 -3.333112275072381e-08
31.35884310368844 0.02840936928987503 0.984626293182373 0.984626293182373 0.15869666635990143 -3.333112275072381e-08
31.71040560368844 0.03506815433502197 0.984626293182373 0.984626293182373 0.19756561517715454 -3.333112275072381e-08
31.88618685368844 0.038286615163087845 0.984626293182373 0.984626293182373 0.21663910150527954 -3.333112275072381e-08
32.413530603688436 0.04745904728770256 0.984626293182373 0.984626293182373 0.27226167917251587 -3.333112275072381e-08
32.940874353688436 0.05580722913146019 0.984626293182373 0.984626293182373 0.3251034915447235 -3.333112275072381e-08
33.468218103688436 0.06335008144378662 0.984626293182373 0.984626293182373 0.3751445412635803 -3.333112275072381e-08
33.907671228688436 0.06902636587619781 0.984626293182373 0.984626293182373 0.4146619737148285 -3.333112275072381e-08
34.347124353688436 0.07422617077827454 0.984626293182373 0.984626293182373 0.45241695642471313 -3.333112275072381e-08
35.05024935368843 0.08139441907405853 0.984626293182373 0.984626293182373 0.5083896517753601 -3.333112275072381e-08
35.75337435368843 0.08721466362476349 0.984626293182373 0.984626293182373 0.558867335319519 -3.333112275072381e-08
36.10493685368843 0.08962240070104599 0.984626293182373 0.984626293182373 0.5819210410118103 -3.333112275072381e-08
36.45649935368843 0.0917607843875885 0.984626293182373 0.984626293182373 0.60373854637146 -3.333112275072381e-08
36.98384310368843 0.09447880834341049 0.984626293182373 0.984626293182373 0.6340782642364502 -3.333112275072381e-08
37.51118685368843 0.09658772498369217 0.984626293182373 0.984626293182373 0.6612270474433899 -3.333112275072381e-08
37.86274935368843 0.09771216660737991 0.984626293182373 0.984626293182373 0.6777197122573853 -3.333112275072381e-08
38.39009310368842 0.0990571528673172 0.984626293182373 0.984626293182373 0.7003154754638672 -3.333112275072381e-08
39.18110872868842 0.10045385360717773 0.984626293182373 0.984626293182373 0.7297813892364502 -3.333112275072381e-08
39.97212435368842 0.10124294459819794 0.984626293182373 0.984626293182373 0.7540249228477478 -3.333112275072381e-08
40.32368685368842 0.1014663353562355 0.984626293182373 0.984626293182373 0.7634366750717163 -3.333112275072381e-08
41.02681185368842 0.10173728317022324 0.984626293182373 0.984626293182373 0.7798318862915039 -3.333112275072381e-08
41.729936853688415 0.10187029093503952 0.984626293182373 0.984626293182373 0.7937309741973877 -3.333112275072381e-08
42.257280603688415 0.10191797465085983 0.984626293182373 0.984626293182373 0.8027533292770386 -3.333112275072381e-08
43.048296228688415 0.10194384306669235 0.984626293182373 0.984626293182373 0.8142856359481812 -3.333112275072381e-08
43.839311853688415 0.10194747149944305 0.984626293182373 0.984626293182373 0.8237024545669556 -3.333112275072381e-08
44.542436853688415 0.10194756835699081 0.984626293182373 0.984626293182373 0.8308761119842529 -3.333111919801013e-08
45.24556185368841 0.10194756090641022 0.984626293182373 0.984626293182373 0.8370423913002014 -3.333111919801013e-08
45.77290560368841 0.10194756090641022 0.984626293182373 0.984626293182373 0.8410637378692627 -3.333111919801013e-08
46.30024935368841 0.10194756090641022 0.984626293182373 0.984626293182373 0.8446172475814819 -3.333111919801013e-08
46.82759310368841 0.10194756090641022 0.984626293182373 0.984626293182373 0.847846508026123 -3.333111919801013e-08
47.17915560368841 0.10194756090641022 0.984626293182373 0.984626293182373 0.8498523831367493 -3.333111919801013e-08
47.35493685368841 0.10194756090641022 0.984626293182373 0.984626293182373 0.8507975935935974 -3.333111919801013e-08
47.53071810368841 0.10194756090641022 0.984626293182373 0.984626293182373 0.851706862449646 -3.333111919801013e-08
47.70649935368841 0.10194756090641022 0.984626293182373 0.984626293182373 0.8525878190994263 -3.333111919801013e-08
48.0580618536884 0.10194756090641022 0.984626293182373 0.984626293182373 0.8543051481246948 -3.333111919801013e-08
48.4096243536884 0.10194756090641022 0.984626293182373 0.984626293182373 0.8559341430664062 -3.333111919801013e-08
48.9369681036884 0.10194756090641022 0.984626293182373 0.984626293182373 0.8582587242126465 -3.333111919801013e-08
49.7279837286884 0.10194756090641022 0.984626293182373 0.984626293182373 0.8613470196723938 -3.333111919801013e-08
50.5189993536884 0.10194756090641022 0.984626293182373 0.984626293182373 0.8640620112419128 -3.333111919801013e-08
51.0463431036884 0.10194756090641022 0.984626293182373 0.984626293182373 0.86573326587677 -3.333111919801013e-08
51.39790560368839 0.10194756090641022 0.984626293182373 0.984626293182373 0.8667628169059753 -3.333111919801013e-08
52.01313997868839 0.10194756090641022 0.984626293182373 0.984626293182373 0.8684200644493103 -3.333111919801013e-08
52.62837435368839 0.10194756090641022 0.984626293182373 0.984626293182373 0.8699407577514648 -3.333111919801013e-08
53.68306185368839 0.10194756090641022 0.984626293182373 0.984626293182373 0.8722749948501587 -3.333111919801013e-08
54.737749353688386 0.10194756090641022 0.984626293182373 0.984626293182373 0.8742685914039612 -3.333111919801013e-08
55.528764978688386 0.10194756090641022 0.984626293182373 0.984626293182373 0.8755964040756226 -3.333111919801013e-08
56.319780603688386 0.10194756090641022 0.984626293182373 0.984626293182373 0.8768711090087891 -3.333111919801013e-08
57.90181185368838 0.10194756090641022 0.984626293182373 0.984626293182373 0.8791300654411316 -3.333111919801013e-08
59.48384310368838 0.10194756090641022 0.984626293182373 0.984626293182373 0.881043553352356 -3.333111919801013e-08
59.99999999999999 0.10194756090641022 0.984626293182373 0.984626293182373 0.8815978765487671 -3.333111919801013e-08
60.000099999999996 0.10194756090641022 0.984626293182373 0.984626293182373 0.8815979361534119 -3.333111919801013e-08
60.000299999999996 0.10194756090641022 0.984626293182373 0.984626293182373 0.8815979957580566 -3.333111919801013e-08
60.000699999999995 0.10194756090641022 0.984626293182373 0.9846257567405701 0.8815977573394775 -3.333111919801013e-08
60.001000000000005 0.10194756090641022 0.984626293182373 0.9846246242523193 0.8815975785255432 -3.333111919801013e-08
60.00608000000005 0.10194756090641022 0.984626293182373 0.9845744371414185 0.8815975785255432 -3.333111919801013e-08
60.01116000000009 0.10194756090641022 0.984626293182373 0.9845240116119385 0.8815975785255432 -3.333111919801013e-08
60.021400000000185 0.10194756090641022 0.984626293182373 0.9844220876693726 0.8815975785255432 -3.333111919801013e-08
60.04188000000037 0.10194756090641022 0.984626293182373 0.9842163920402527 0.8815975785255432 -3.333111919801013e-08
60.082840000000736 0.10194756090641022 0.984626293182373 0.983794629573822 0.8815975785255432 -3.333111919801013e-08
60.185240000001656 0.10194756090641022 0.984626293182373 0.9826997518539429 0.8815975785255432 -3.333111919801013e-08
60.226200000002024 0.10194756090641022 0.984626293182373 0.9822316765785217 0.8815975785255432 -3.333111919801013e-08
60.30812000000276 0.10194756090641022 0.984626293182373 0.9812426567077637 0.8815975785255432 -3.333111919801013e-08
60.47196000000422 0.10194756090641022 0.984626293182373 0.979077160358429 0.8815975785255432 -3.333111919801013e-08
60.64774125000422 0.10194756090641022 0.984626293182373 0.9764626026153564 0.8815975785255432 -3.333111919801013e-08
60.82352250000422 0.10194756090641022 0.984626293182373 0.9734704494476318 0.8815975785255432 -3.333111919801013e-08
60.99930375000422 0.10194756090641022 0.984626293182373 0.9700409173965454 0.8815975785255432 -3.333111919801013e-08
61.17508500000422 0.10194756090641022 0.984626293182373 0.9661130309104919 0.8815975785255432 -3.333111919801013e-08
61.70242875000422 0.10194756090641022 0.984626293182373 0.9505939483642578 0.8815975785255432 -3.333111919801013e-08
62.22977250000422 0.10194756090641022 0.984626293182373 0.9280871152877808 0.8815975785255432 -3.333111919801013e-08
62.58133500000422 0.10194756090641022 0.984626293182373 0.9085766673088074 0.8815975785255432 -3.333111919801013e-08
62.75711625000422 0.10194756090641022 0.984626293182373 0.8974239826202393 0.8815975785255432 -3.333111919801013e-08
62.93289750000422 0.10194756090641022 0.984626293182373 0.8853381872177124 0.8815975785255432 -3.333111919801013e-08
63.108678750004216 0.10194756090641022 0.984626293182373 0.8723253607749939 0.8815975785255432 -3.333111919801013e-08
63.284460000004216 0.10194756090641022 0.984626293182373 0.8584239482879639 0.8815975785255432 -3.333111919801013e-08
63.460241250004216 0.10194756090641022 0.984626293182373 0.8436988592147827 0.8815975785255432 -3.333111919801013e-08
63.636022500004216 0.10194756090641022 0.984626293182373 0.8282070755958557 0.8815975785255432 -3.333111919801013e-08
63.811803750004216 0.10194756090641022 0.984626293182373 0.8119844794273376 0.8815975785255432 -3.333111919801013e-08
63.987585000004216 0.10194756090641022 0.984626293182373 0.7950547933578491 0.8815975785255432 -3.333111919801013e-08
64.16336625000422 0.10194756090641022 0.984626293182373 0.7774673104286194 0.8815975785255432 -3.333111919801013e-08
64.33914750000422 0.10194756090641022 0.984626293182373 0.7593015432357788 0.8815975785255432 -3.333111919801013e-08
64.51492875000422 0.10194756090641022 0.984626293182373 0.7406108975410461 0.8815975785255432 -3.333111919801013e-08
64.69071000000422 0.10194756090641022 0.984626293182373 0.721409261226654 0.8815975785255432 -3.333111919801013e-08
64.86649125000422 0.10194756090641022 0.984626293182373 0.7017232179641724 0.8815975785255432 -3.333111919801013e-08
65.21805375000422 0.10194756090641022 0.984626293182373 0.6611049175262451 0.8815975785255432 -3.333111919801013e-08
65.39383500000422 0.10194756090641022 0.984626293182373 0.6402211785316467 0.8815975785255432 -3.333111919801013e-08
65.56961625000422 0.10194756090641022 0.984626293182373 0.618980884552002 0.8815975785255432 -3.333111919801013e-08
65.92117875000422 0.10194756090641022 0.984626293182373 0.5755646228790283 0.8815975785255432 -3.333111919801013e-08
66.27274125000422 0.10194756090641022 0.984626293182373 0.5310652852058411 0.8815975785255432 -3.333111919801013e-08
66.62430375000422 0.10194756090641022 0.984626293182373 0.4856328070163727 0.8815975785255432 -3.333111919801013e-08
66.97586625000422 0.10194756090641022 0.984626293182373 0.4393538534641266 0.8815975785255432 -3.333111919801013e-08
67.32742875000422 0.10194756090641022 0.984626293182373 0.3923252820968628 0.8815975785255432 -3.333111919801013e-08
67.50321000000422 0.10194756090641022 0.984626293182373 0.36855626106262207 0.8815975785255432 -3.333111919801013e-08
68.0305537500042 0.10194756090641022 0.984626293182373 0.29641005396842957 0.8815975785255432 -3.333111919801013e-08
68.5578975000042 0.10194756090641022 0.984626293182373 0.2231939136981964 0.8815975785255432 -3.333111919801013e-08
69.0852412500042 0.10194756090641022 0.984626293182373 0.14928002655506134 0.8815975785255432 -3.333111919801013e-08
69.4368037500042 0.10194756090641022 0.984626293182373 0.10058719664812088 0.8815975785255432 -3.333111919801013e-08
69.6125850000042 0.10194756090641022 0.984626293182373 0.07735510915517807 0.8815975785255432 -3.333111919801013e-08
69.7883662500042 0.10194756090641022 0.984626293182373 0.05575580149888992 0.8815975785255432 -3.333111919801013e-08
69.9641475000042 0.10194756090641022 0.984626293182373 0.03655408322811127 0.8815975785255432 -3.333111919801013e-08
70.1399287500042 0.10194756090641022 0.984626293182373 0.02037709578871727 0.8815975785255432 -3.333111919801013e-08
70.3157100000042 0.10194756090641022 0.984626293182373 0.007106640841811895 0.8815975785255432 -3.333111919801013e-08
70.41020333039467 0.10194756090641022 0.984626293182373 0.0013891529524698853 0.8815975785255432 -3.333111919801013e-08
70.44234325346972 0.10194756090641022 0.984626293182373 8.243916090577841e-05 0.8815975785255432 -3.333111919801013e-08
70.448118815362 0.10194756090641022 0.984626293182373 -3.338644560813009e-08 0.8815975785255432 -3.333111919801013e-08
89.99999999999999 0.10194756090641022 0.984626293182373 -3.339899379284361e-08 0.8815975785255432 -3.333111919801013e-08
90.0001 0.10194756090641022 0.984626293182373 -3.3377506980514227e-08 0.8815975785255432 -3.333111919801013e-08
90.0003 0.10194756090641022 0.984626293182373 -3.335330234222056e-08 0.8815975785255432 -3.333111919801013e-08
90.00047348953919 0.10194756090641022 0.984626293182373 -1.6699445382073463e-08 0.8815979957580566 -3.333111919801013e-08
90.00082046861759 0.10194756090641022 0.984626293182373 6.6523085706649e-08 0.8815999031066895 -3.333111919801013e-08
90.001 0.10194756090641022 0.984626293182373 1.1818566036936318e-07 0.881601095199585 -3.333111919801013e-08
119.99999999999999 0.10194756090641022 0.984626293182373 1.1818566036936318e-07 0.881601095199585 -3.333111919801013e-08
120.0001 0.10194756090641022 0.984626293182373 1.1818566036936318e-07 0.881601095199585 -3.333111919801013e-08
120.0003 0.10194756090641022 0.984626293182373 1.1818566036936318e-07 0.881601095199585 -3.333111919801013e-08
120.00040039954241 0.10194756090641022 0.984626293182373 1.1818566036936318e-07 0.881601095199585 -3.333111919801013e-08
120.00046059146696 0.10194756090641022 0.984626293182373 1.1818566036936318e-07 0.881601095199585 -3.333111919801013e-08
120.00049548705938 0.10194750130176544 0.984626293182373 1.1818566036936318e-07 0.881601095199585 2.0170833181509806e-07
120.00051584036285 0.10194732993841171 0.984626293182373 1.1818566036936318e-07 0.881601095199585 8.821172059469973e-07
120.00053435476177 0.10194702446460724 0.984626293182373 1.1818566036936318e-07 0.881601095199585 2.0348495581856696e-06
120.00055889476685 0.10194648802280426 0.984626293182373 1.1818566036936318e-07 0.881601095199585 3.719207825270132e-06
120.00058628813122 0.10194577276706696 0.984626293182373 1.1818566036936318e-07 0.881601095199585 5.469112693390343e-06
120.00064107485996 0.10194390267133713 0.984626293182373 1.1818566036936318e-07 0.881601095199585 8.602299203630537e-06
120.00075064831745 0.10193899273872375 0.984626293182373 1.258286630445582e-07 0.881601095199585 1.4039349480299279e-05
120.00080565386932 0.10193577408790588 0.984626293182373 1.637081226135706e-07 0.881601095199585 1.639014226384461e-05
120.00083905484952 0.10193329304456711 0.984626293182373 2.925754358784616e-07 0.881601095199585 1.7622174709686078e-05
120.00088309108419 0.10192945599555969 0.984626293182373 8.034568281800603e-07 0.881601095199585 1.9082795915892348e-05
120.0009203958895 0.10192576795816422 0.984626293182373 1.7869258499558782e-06 0.881601095199585 2.0202776795485988e-05
120.00095426911604 0.10192199051380157 0.984626293182373 3.4677320854825666e-06 0.881601095199585 2.1118990844115615e-05
120.00098803582502 0.10191786289215088 0.984626293182373 6.001303972880123e-06 0.881601095199585 2.1957674107397906e-05
120.001 0.10191630572080612 0.984626293182373 7.1759263846615795e-06 0.881601095199585 2.223784031230025e-05
120.12877404082224 0.08485613018274307 0.984626293182373 0.015477314591407776 0.881601095199585 0.002866692841053009
120.25654808164448 0.06861484795808792 0.984626293182373 0.03082382306456566 0.881601095199585 0.005671252496540546
120.43232933164448 0.047962818294763565 0.984626293182373 0.051771923899650574 0.881601095199585 0.009476830251514912
120.60811058164448 0.02987535297870636 0.984626293182373 0.0724811851978302 0.881601095199585 0.013206083327531815
120.78389183164448 0.01496000774204731 0.984626293182373 0.09292448312044144 0.881601095199585 0.016850806772708893
120.95967308164448 0.003110427875071764 0.984626293182373 0.11315064132213593 0.881601095199585 0.02042686566710472
121.02186519642663 0.00023340385814663023 0.984626293182373 0.12025835365056992 0.881601095199585 0.021676843985915184
121.03595871025371 -3.3386456266271125e-08 0.984626293182373 0.12186497449874878 0.881601095199585 0.02195882238447666
121.23163251454052 -3.3386456266271125e-08 0.984626293182373 0.14397279918193817 0.881601095199585 0.025811828672885895
121.42730631882732 -3.3386456266271125e-08 0.984626293182373 0.16581299901008606 0.881601095199585 0.02958150953054428
121.77886881882732 -3.3386456266271125e-08 0.984626293182373 0.20449748635292053 0.881601095199585 0.036183372139930725
121.95465006882732 -3.3386456266271125e-08 0.984626293182373 0.22348786890506744 0.881601095199585 0.03937648609280586
122.13043131882733 -3.3386456266271125e-08 0.984626293182373 0.24223801493644714 0.881601095199585 0.04249674826860428
122.30621256882735 -3.3386456266271125e-08 0.984626293182373 0.2606995403766632 0.881601095199585 0.04553017020225525
122.65777506882738 -3.3386456266271125e-08 0.984626293182373 0.2966728210449219 0.881601095199585 0.05131444334983826
122.83355631882739 -3.3386456266271125e-08 0.984626293182373 0.3141855001449585 0.881601095199585 0.054067350924015045
123.1851188188274 -3.3386456266271125e-08 0.984626293182373 0.34831276535987854 0.881601095199585 0.059313759207725525
123.71246256882745 -3.3386456266271125e-08 0.984626293182373 0.3970416486263275 0.881601095199585 0.06648797541856766
124.06402506882748 -3.3386456266271125e-08 0.984626293182373 0.42801040410995483 0.881601095199585 0.07085298001766205
124.4155875688275 -3.3386456266271125e-08 0.984626293182373 0.4578424394130707 0.881601095199585 0.07491392642259598
124.76715006882753 -3.3386456266271125e-08 0.984626293182373 0.4863045811653137 0.881601095199585 0.07861820608377457
125.11871256882756 -3.3386456266271125e-08 0.984626293182373 0.5134572982788086 0.881601095199585 0.08199113607406616
125.47027506882758 -3.3386456266271125e-08 0.984626293182373 0.5391780138015747 0.881601095199585 0.08501467108726501
125.8218375688276 -3.3386456266271125e-08 0.984626293182373 0.5634485483169556 0.881601095199585 0.08769720792770386
126.34918131882765 -3.3386456266271125e-08 0.984626293182373 0.5972920060157776 0.881601095199585 0.09114683419466019
126.87652506882769 -3.3386456266271125e-08 0.984626293182373 0.6282453536987305 0.881601095199585 0.09398823976516724
127.31597819382772 -3.3386456266271125e-08 0.984626293182373 0.6516462564468384 0.881601095199585 0.09588821232318878
127.75543131882775 -3.3386456266271125e-08 0.984626293182373 0.6730136871337891 0.881601095199585 0.09742169082164764
127.93121256882776 -3.3386456266271125e-08 0.984626293182373 0.6810152530670166 0.881601095199585 0.09794357419013977
128.1069938188278 -3.3386456266271125e-08 0.984626293182373 0.6887247562408447 0.881601095199585 0.09841889142990112
128.2827750688278 -3.3386456266271125e-08 0.984626293182373 0.6961666345596313 0.881601095199585 0.0988532304763794
128.45855631882782 -3.3386456266271125e-08 0.984626293182373 0.7033450603485107 0.881601095199585 0.0992487221956253
128.81011881882785 -3.3386456266271125e-08 0.984626293182373 0.71693354845047 0.881601095199585 0.0999322384595871
129.16168131882785 -3.3386456266271125e-08 0.984626293182373 0.7294613122940063 0.881601095199585 0.10047857463359833
129.6011344438279 -3.3386456266271125e-08 0.984626293182373 0.7436067461967468 0.881601095199585 0.10098612308502197
130.04058756882793 -3.3386456266271125e-08 0.984626293182373 0.756301760673523 0.881601095199585 0.10134686529636383
130.21636881882793 -3.3386456266271125e-08 0.984626293182373 0.7610182762145996 0.881601095199585 0.1014593243598938
130.39215006882796 -3.3386456266271125e-08 0.984626293182373 0.7655195593833923 0.881601095199585 0.1015547513961792
130.56793131882796 -3.3386456266271125e-08 0.984626293182373 0.7698156833648682 0.881601095199585 0.10163506865501404
130.919493818828 -3.3386456266271125e-08 0.984626293182373 0.7778940200805664 0.881601095199585 0.10176170617341995
131.27105631882802 -3.3386456266271125e-08 0.984626293182373 0.7852529287338257 0.881601095199585 0.10184777528047562
131.62261881882804 -3.3386456266271125e-08 0.984626293182373 0.7920811176300049 0.881601095199585 0.10190828144550323
132.14996256882807 -3.3386456266271125e-08 0.984626293182373 0.8013585805892944 0.881601095199585 0.10196398198604584
132.5015250688281 -3.3386456266271125e-08 0.984626293182373 0.8069180250167847 0.881601095199585 0.10198332369327545
132.67730631882813 -3.3386456266271125e-08 0.984626293182373 0.8095183968544006 0.881601095199585 0.10198944807052612
132.85308756882813 -3.3386456266271125e-08 0.984626293182373 0.811995267868042 0.881601095199585 0.1019936054944992
133.02886881882816 -3.3386456266271125e-08 0.984626293182373 0.814367413520813 0.881601095199585 0.10199642926454544
133.3804313188282 -3.3386456266271125e-08 0.984626293182373 0.8188077211380005 0.881601095199585 0.10199940204620361
133.90777506882822 -3.3386456266271125e-08 0.984626293182373 0.824762225151062 0.881601095199585 0.10200036317110062
134.43511881882824 -3.3386456266271125e-08 0.984626293182373 0.8301914930343628 0.881601095199585 0.10200044512748718
135.1382438188283 -3.3386456266271125e-08 0.984626293182373 0.8364869356155396 0.881601095199585 0.10200044512748718
135.84136881882836 -3.3386456266271125e-08 0.984626293182373 0.8418389558792114 0.881601095199585 0.10200044512748718
136.01715006882839 -3.3386456266271125e-08 0.984626293182373 0.8430445194244385 0.881601095199585 0.10200044512748718
136.19293131882839 -3.3386456266271125e-08 0.984626293182373 0.844200849533081 0.881601095199585 0.10200044512748718
136.36871256882839 -3.3386456266271125e-08 0.984626293182373 0.8453177213668823 0.881601095199585 0.10200044512748718
136.7202750688284 -3.3386456266271125e-08 0.984626293182373 0.847481906414032 0.881601095199585 0.10200044512748718
137.07183756882844 -3.3386456266271125e-08 0.984626293182373 0.8495088219642639 0.881601095199585 0.10200044512748718
137.5991813188285 -3.3386456266271125e-08 0.984626293182373 0.8522664308547974 0.881601095199585 0.10200044512748718
138.91754069382858 -3.3386456266271125e-08 0.984626293182373 0.8583118915557861 0.881601095199585 0.10200044512748718
140.2359000688287 -3.3386456266271125e-08 0.984626293182373 0.8632283210754395 0.881601095199585 0.10200044512748718
140.76324381882873 -3.3386456266271125e-08 0.984626293182373 0.8649592995643616 0.881601095199585 0.10200044512748718
142.16949381882884 -3.3386456266271125e-08 0.984626293182373 0.8689091205596924 0.881601095199585 0.10200044512748718
142.52105631882887 -3.3386456266271125e-08 0.984626293182373 0.8697682619094849 0.881601095199585 0.10200044512748718
142.69683756882887 -3.3386456266271125e-08 0.984626293182373 0.8701885938644409 0.881601095199585 0.10200044512748718
142.8726188188289 -3.3386456266271125e-08 0.984626293182373 0.8705993890762329 0.881601095199585 0.10200044512748718
143.0484000688289 -3.3386456266271125e-08 0.984626293182373 0.8709990978240967 0.881601095199585 0.10200044512748718
144.19097819382898 -3.3386456266271125e-08 0.984626293182373 0.8733506798744202 0.881601095199585 0.10200044512748718
145.33355631882907 -3.3386456266271125e-08 0.984626293182373 0.875348687171936 0.881601095199585 0.10200044512748718
145.8609000688291 -3.3386456266271125e-08 0.984626293182373 0.876227617263794 0.881601095199585 0.10200044512748718
147.61871256882924 -3.3386456266271125e-08 0.984626293182373 0.8788368105888367 0.881601095199585 0.10200044512748718
149.37652506882938 -3.3386456266271125e-08 0.984626293182373 0.8810037970542908 0.881601095199585 0.10200044512748718
149.9038688188294 -3.3386456266271125e-08 0.984626293182373 0.8815743923187256 0.881601095199585 0.10200044512748718
150.0 -3.3410596955718574e-08 0.984626293182373 0.8816769123077393 0.881601095199585 0.10200044512748718
150.0001 -3.337312293183459e-08 0.984626293182373 0.8816770315170288 0.881601095199585 0.10200044512748718
150.0003 -3.3343951599817956e-08 0.984626293182373 0.8816771507263184 0.8816003203392029 0.10200036317110062
150.0007 -3.3323839687682266e-08 0.984626293182373 0.8816773295402527 0.8815945386886597 0.10199864208698273
150.00092288941298 -3.330599085415997e-08 0.984626293182373 0.8816773295402527 0.8815873265266418 0.10199481248855591
150.001 -3.3301958524134534e-08 0.984626293182373 0.8816773295402527 0.8815833926200867 0.10199195891618729
150.0037530858763 9.275124284613412e-06 0.984626293182373 0.8816773295402527 0.881400465965271 0.10181750357151031
150.0065061717526 1.8583192286314443e-05 0.984626293182373 0.8816773295402527 0.881217896938324 0.10164336115121841
150.01201772588226 3.7216384953353554e-05 0.984626293182373 0.8816773295402527 0.880852222442627 0.10129476338624954
150.02304083414163 7.447802636306733e-05 0.984626293182373 0.8816773295402527 0.8801175355911255 0.10059502720832825
150.0450870506603 0.0001489823334850371 0.984626293182373 0.8816773295402527 0.8786351680755615 0.09918615967035294
150.08917948369762 0.0002979155397042632 0.984626293182373 0.8816773295402527 0.8756239414215088 0.09633689373731613
150.17736434977235 0.0005956426612101495 0.984626293182373 0.8816773295402527 0.8695052862167358 0.0905771553516388
150.19933700602235 0.0006698152865283191 0.984626293182373 0.8816773295402527 0.8679563403129578 0.08912833780050278
150.24328231852235 0.0008181240409612656 0.984626293182373 0.8816773295402527 0.8647967576980591 0.0861976370215416
150.33117294352235 0.00111448357347399 0.984626293182373 0.8816773295402527 0.8583100438117981 0.08026993274688721
150.50695419352235 0.0017064503626897931 0.984626293182373 0.8816773295402527 0.84489506483078 0.06833846867084503
150.68273544352238 0.0022977141197770834 0.984626293182373 0.8816773295402527 0.8309578895568848 0.05648253485560417
150.85851669352238 0.002888418734073639 0.984626293182373 0.8816773295402527 0.8164392113685608 0.044928379356861115
151.0342979435224 0.0034786658361554146 0.984626293182373 0.8816773295402527 0.8013595342636108 0.03395193815231323
151.2100791935224 0.004068457987159491 0.984626293182373 0.8816773295402527 0.7857455015182495 0.023814713582396507
151.38586044352243 0.004657798446714878 0.984626293182373 0.8816773295402527 0.7696269154548645 0.014711604453623295
151.56164169352243 0.005246688611805439 0.984626293182373 0.8816773295402527 0.7530414462089539 0.006832117680460215
151.73742294352246 0.005835273768752813 0.984626293182373 0.8816773295402527 0.7361078858375549 0.0005115096573717892
151.7705396818647 0.005946200806647539 0.984626293182373 0.8816773295402527 0.7328726053237915 -3.336953824373268e-08
151.86014427308842 0.0062465607188642025 0.984626293182373 0.8816773295402527 0.7239878177642822 -3.336999654379724e-08
152.12513463340235 0.007133056875318289 0.984626293182373 0.8816773295402527 0.6970809698104858 -3.33711263067471e-08
152.30091588340235 0.00772017752751708 0.984626293182373 0.8816773295402527 0.6788738965988159 -3.337174803164089e-08
152.65247838340238 0.008892906829714775 0.984626293182373 0.8816773295402527 0.641566812992096 -3.337299858685583e-08
153.0040408834024 0.010063888505101204 0.984626293182373 0.8816773295402527 0.6031380891799927 -3.337406440095947e-08
153.35560338340244 0.011233130469918251 0.984626293182373 0.8816773295402527 0.5637449622154236 -3.3375027186366424e-08
153.8829471334025 0.012983748689293861 0.984626293182373 0.8816773295402527 0.5031508803367615 -3.337614273846157e-08
154.2345096334025 0.01414867490530014 0.984626293182373 0.8816773295402527 0.46190524101257324 -3.337684262305629e-08
154.58607213340252 0.01531188003718853 0.984626293182373 0.8816773295402527 0.4200342297554016 -3.3377453689809045e-08
154.93763463340255 0.01647336781024933 0.984626293182373 0.8816773295402527 0.3775876462459564 -3.337803633485237e-08
155.28919713340258 0.017633143812417984 0.984626293182373 0.8816773295402527 0.33464664220809937 -3.337847687134854e-08
155.6407596334026 0.018791260197758675 0.984626293182373 0.8816773295402527 0.2913115322589874 -3.33788854334216e-08
156.25599400840267 0.020814018324017525 0.984626293182373 0.8816773295402527 0.21465696394443512 -3.337951426374275e-08
156.8712283834027 0.02283165603876114 0.984626293182373 0.8816773295402527 0.13739843666553497 -3.3380121777781824e-08
157.04700963340272 0.023407166823744774 0.984626293182373 0.8816773295402527 0.11550606042146683 -3.338027454447001e-08
157.22279088340272 0.02398223802447319 0.984626293182373 0.8816773295402527 0.09403280913829803 -3.338039533673509e-08
157.39857213340275 0.024556849151849747 0.984626293182373 0.8816773295402527 0.07342815399169922 -3.338048060186338e-08
157.57435338340275 0.025131000205874443 0.984626293182373 0.8816773295402527 0.05424833670258522 -3.338057297241903e-08
157.75013463340278 0.02570471353828907 0.984626293182373 0.8816773295402527 0.037050068378448486 -3.338067244840204e-08
157.92591588340278 0.026278004050254822 0.984626293182373 0.8816773295402527 0.022295435890555382 -3.338075771353033e-08
158.1016971334028 0.026850871741771698 0.984626293182373 0.8816773295402527 0.010174799710512161 -3.3380825215090226e-08
158.2774783834028 0.027423452585935593 0.984626293182373 0.8816773295402527 0.0007797832367941737 -3.338087495308173e-08
158.311658085145 0.027534829452633858 0.984626293182373 0.8816773295402527 1.2873808827862376e-06 -3.338087850579541e-08
165.701426283101 0.05122324824333191 0.984626293182373 0.8816773295402527 -3.338087850579541e-08 -3.338087850579541e-08
167.45923878310114 0.05693275108933449 0.984626293182373 0.8816773295402527 -3.338087850579541e-08 -3.338087850579541e-08
169.21705128310126 0.06261371821165085 0.984626293182373 0.8816773295402527 -3.338087850579541e-08 -3.338087850579541e-08
179.93970753310208 0.09629999846220016 0.984626293182373 0.8816773295402527 -3.338087850579541e-08 -3.338087850579541e-08
179.99999999999997 0.09648492187261581 0.984626293182373 0.8816773295402527 -3.338087850579541e-08 -3.338087850579541e-08
