time a b c w1
0.0 0.0 0.0 0.0 0.0
2.34374997708231e-06 2.34398437508335e-23 1.0801570415496826 1.0801570415496826 2.34398437508335e-23
2.3531289769906394e-06 2.35336424679079e-23 1.0037916898727417 1.0037916898727417 2.35336424679079e-23
2.3718869768072985e-06 2.372124147977851e-23 0.9922298789024353 0.9922298789024353 2.372124147977851e-23
2.449126245505041e-06 2.449371143311084e-23 0.9876051545143127 0.9876051545143127 2.449371143311084e-23
0.00019360463173130613 1.9362399824984054e-21 0.9876051545143127 0.9876051545143127 1.9362399824984054e-21
0.00038480681743822704 3.8484529531415596e-21 0.9876051545143127 0.9876051545143127 -5.559486648820666e-09
0.0007672111888520689 7.672878894427868e-21 0.9876051545143127 0.9876051545143127 -2.7055030216160958e-08
0.001 1.0000999731091105e-20 0.9876051545143127 0.9876051545143127 -3.338662679652771e-08
29.999999999999996 3.000300019364487e-16 0.9876051545143127 0.9876051545143127 -3.3386452713557446e-08
30.000099999999996 3.0003100778807355e-16 0.9876051545143127 0.9876051545143127 -3.3365072482638425e-08
30.0003 3.0003299302154367e-16 0.9876051545143127 0.9876051545143127 -3.3343951599817956e-08
30.0007 3.0003698995826353e-16 0.9876051545143127 0.9876051545143127 -3.333277120987077e-08
30.000822963434945 1.2240646718453263e-08 0.9876051545143127 0.9876051545143127 -2.9898334474864896e-08
30.000893956504513 6.467182345204492e-08 0.9876051545143127 0.9876051545143127 3.4163228690431424e-08
30.000929699615668 1.4294008110482537e-07 0.9876051545143127 0.9876051545143127 7.773292765023143e-08
30.00095182735486 2.3036463403514063e-07 0.9876051545143127 0.9876051545143127 7.435957627421885e-08
30.00096473030569 3.198735498699534e-07 0.9876051545143127 0.9876051545143127 2.3502201429437264e-07
30.000974925658895 4.3695362705875596e-07 0.9876051545143127 0.9876051545143127 6.770750360374223e-07
30.00098629761164 6.16867055214243e-07 0.9876051545143127 0.9876051545143127 1.516545580670936e-06
30.00099936523921 8.622738505437155e-07 0.9876051545143127 0.9876051545143127 2.743324102993938e-06
30.001 8.756726970204909e-07 0.9876051545143127 0.9876051545143127 2.8133356408943655e-06
30.284585598253926 0.006333827506750822 0.9876051545143127 0.9876051545143127 0.0343988873064518
30.56817119650785 0.012471575289964676 0.9876051545143127 0.9876051545143127 0.0681898444890976
30.80254619650785 0.01740707829594612 0.9876051545143127 0.9876051545143127 0.09568771719932556
31.036921196507848 0.022203782573342323 0.9876051545143127 0.9876051545143127 0.12274771183729172
31.271296196507844 0.026859572157263756 0.9876051545143127 0.9876051545143127 0.14935924112796783
31.50567119650784 0.03137250989675522 0.9876051545143127 0.9876051545143127 0.17551206052303314
31.974421196507837 0.03996244817972183 0.9876051545143127 0.9876051545143127 0.22639983892440796
32.20879619650783 0.04403600096702576 0.9876051545143127 0.9876051545143127 0.25111377239227295
32.677546196507826 0.05173259600996971 0.9876051545143127 0.9876051545143127 0.29902884364128113
32.911921196507826 0.055353064090013504 0.9876051545143127 0.9876051545143127 0.32220906019210815
33.38067119650782 0.06213342398405075 0.9876051545143127 0.9876051545143127 0.3669637143611908
34.08379619650781 0.07114282995462418 0.9876051545143127 0.9876051545143127 0.429919570684433
34.552546196507805 0.07637766003608704 0.9876051545143127 0.9876051545143127 0.46900638937950134
35.2556711965078 0.08309900015592575 0.9876051545143127 0.9876051545143127 0.5231946706771851
35.4900461965078 0.0850464403629303 0.9876051545143127 0.9876051545143127 0.5400549173355103
35.95879619650779 0.088520348072052 0.9876051545143127 0.9876051545143127 0.5719612836837769
36.661921196507784 0.09274075925350189 0.9876051545143127 0.9876051545143127 0.6153210997581482
36.89629619650778 0.09390264749526978 0.9876051545143127 0.9876051545143127 0.6285853981971741
37.13067119650778 0.09495142847299576 0.9876051545143127 0.9876051545143127 0.6412655115127563
37.36504619650777 0.09589321911334991 0.9876051545143127 0.9876051545143127 0.65337073802948
37.83379619650777 0.09748142957687378 0.9876051545143127 0.9876051545143127 0.6759012937545776
38.06817119650776 0.09814101457595825 0.9876051545143127 0.9876051545143127 0.6863526701927185
38.536921196507755 0.09922449290752411 0.9876051545143127 0.9876051545143127 0.7057022452354431
39.24004619650775 0.10035845637321472 0.9876051545143127 0.9876051545143127 0.7310982942581177
39.70879619650775 0.100858673453331 0.9876051545143127 0.9876051545143127 0.7458242774009705
39.94317119650774 0.10104881972074509 0.9876051545143127 0.9876051545143127 0.7525831460952759
40.411921196507734 0.10133367776870728 0.9876051545143127 0.9876051545143127 0.764988899230957
41.11504619650773 0.10158418118953705 0.9876051545143127 0.9876051545143127 0.7810987830162048
41.58379619650772 0.10167250037193298 0.9876051545143127 0.9876051545143127 0.7903809547424316
42.52129619650771 0.10174626111984253 0.9876051545143127 0.9876051545143127 0.806027352809906
42.755671196507706 0.10175279527902603 0.9876051545143127 0.9876051545143127 0.8094147443771362
42.990046196507706 0.10175682604312897 0.9876051545143127 0.9876051545143127 0.8126182556152344
43.224421196507706 0.10175912827253342 0.9876051545143127 0.9876051545143127 0.8156493902206421
43.92754619650769 0.10176093876361847 0.9876051545143127 0.9876051545143127 0.8238146305084229
44.39629619650769 0.10176090896129608 0.9876051545143127 0.9876051545143127 0.8285789489746094
45.099421196507684 0.10176088660955429 0.9876051545143127 0.9876051545143127 0.8348692655563354
45.56817119650768 0.10176088660955429 0.9876051545143127 0.9876051545143127 0.8385716676712036
45.80254619650767 0.10176088660955429 0.9876051545143127 0.9876051545143127 0.8402933478355408
46.03692119650767 0.10176088660955429 0.9876051545143127 0.9876051545143127 0.8419355750083923
46.27129619650767 0.10176088660955429 0.9876051545143127 0.9876051545143127 0.8435031771659851
46.50567119650766 0.10176088660955429 0.9876051545143127 0.9876051545143127 0.8450006246566772
46.74004619650766 0.10176088660955429 0.9876051545143127 0.9876051545143127 0.846432089805603
47.208796196507656 0.10176088660955429 0.9876051545143127 0.9876051545143127 0.8491120338439941
47.443171196507656 0.10176088660955429 0.9876051545143127 0.9876051545143127 0.8503674864768982
47.67754619650765 0.10176088660955429 0.9876051545143127 0.9876051545143127 0.8515709638595581
47.91192119650765 0.10176088660955429 0.9876051545143127 0.9876051545143127 0.8527252674102783
48.14629619650764 0.10176088660955429 0.9876051545143127 0.9876051545143127 0.8538331389427185
48.38067119650764 0.10176088660955429 0.9876051545143127 0.9876051545143127 0.854897141456604
48.61504619650764 0.10176088660955429 0.9876051545143127 0.9876051545143127 0.8559197187423706
48.849421196507635 0.10176088660955429 0.9876051545143127 0.9876051545143127 0.8569029569625854
49.083796196507635 0.10176088660955429 0.9876051545143127 0.9876051545143127 0.85784912109375
49.318171196507635 0.10176088660955429 0.9876051545143127 0.9876051545143127 0.8587599992752075
49.55254619650763 0.10176088660955429 0.9876051545143127 0.9876051545143127 0.859637439250946
50.02129619650762 0.10176088660955429 0.9876051545143127 0.9876051545143127 0.8612989187240601
50.25567119650762 0.10176088660955429 0.9876051545143127 0.9876051545143127 0.8620859980583191
50.49004619650762 0.10176088660955429 0.9876051545143127 0.9876051545143127 0.8628458976745605
50.72442119650761 0.10176088660955429 0.9876051545143127 0.9876051545143127 0.8635799884796143
51.427546196507606 0.10176088660955429 0.9876051545143127 0.9876051545143127 0.8656391501426697
51.661921196507606 0.10176088660955429 0.9876051545143127 0.9876051545143127 0.8662815093994141
51.8962961965076 0.10176088660955429 0.9876051545143127 0.9876051545143127 0.86690354347229
52.1306711965076 0.10176088660955429 0.9876051545143127 0.9876051545143127 0.8675062656402588
52.716608696507585 0.10176088660955429 0.9876051545143127 0.9876051545143127 0.8689336180686951
53.302546196507585 0.10176088660955429 0.9876051545143127 0.9876051545143127 0.8702573776245117
53.53692119650758 0.10176088660955429 0.9876051545143127 0.9876051545143127 0.8707602024078369
53.77129619650758 0.10176088660955429 0.9876051545143127 0.9876051545143127 0.8712489008903503
54.94317119650756 0.10176088660955429 0.9876051545143127 0.9876051545143127 0.8734982013702393
55.17754619650756 0.10176088660955429 0.9876051545143127 0.9876051545143127 0.8739127516746521
55.646296196507556 0.10176088660955429 0.9876051545143127 0.9876051545143127 0.874710202217102
57.05254619650754 0.10176088660955429 0.9876051545143127 0.9876051545143127 0.8768755197525024
57.75567119650753 0.10176088660955429 0.9876051545143127 0.9876051545143127 0.8778465986251831
59.99999999999999 0.10176088660955429 0.9876051545143127 0.9876051545143127 0.880545973777771
60.000099999999996 0.10176088660955429 0.9876051545143127 0.9876051545143127 0.8805456757545471
60.000299999999996 0.10176058113574982 0.9876051545143127 0.9876051545143127 0.8805453777313232
60.000699999999995 0.10175681859254837 0.9876051545143127 0.9876051545143127 0.8805452585220337
60.001000000000005 0.10174985975027084 0.9876051545143127 0.9876051545143127 0.8805452585220337
60.16480000000147 0.08033206313848495 0.9876051545143127 0.9876051545143127 0.8805452585220337
60.328600000002936 0.060551490634679794 0.9876051545143127 0.9876051545143127 0.8805452585220337
60.562975000002936 0.0356856994330883 0.9876051545143127 0.9876051545143127 0.8805452585220337
60.79735000000293 0.015698619186878204 0.9876051545143127 0.9876051545143127 0.8805452585220337
61.03172500000293 0.0011761687928810716 0.9876051545143127 0.9876051545143127 0.8805452585220337
61.07819332829299 -3.3386452713557446e-08 0.9876051545143127 0.9876051545143127 0.8805452585220337
89.99999999999999 -3.333881082312473e-08 0.9876051545143127 0.9876051545143127 0.8805452585220337
90.0001 -3.3349191852494187e-08 0.9876051545143127 0.9876051545143127 0.8805452585220337
90.0003 -3.3329406790016947e-08 0.9876051545143127 0.9876051545143127 0.8805452585220337
90.0007 -3.326547215465325e-08 0.9876051545143127 0.9876051545143127 0.8805452585220337
90.001 -3.324607789068068e-08 0.9876051545143127 0.9876051545143127 0.8805452585220337
119.99999999999999 -3.324607789068068e-08 0.9876051545143127 0.9876051545143127 0.8805452585220337
120.0001 -3.324607789068068e-08 0.9876051545143127 0.9876051545143127 0.8805452585220337
120.0003 -3.324607789068068e-08 0.9876051545143127 0.9876051545143127 0.8805452585220337
120.0007 -3.324607789068068e-08 0.9876051545143127 0.9876051545143127 0.8805452585220337
120.001 -3.324607789068068e-08 0.9876051545143127 0.9876051545143127 0.8805452585220337
150.0 -3.324607789068068e-08 0.9876051545143127 0.9876051545143127 0.8805452585220337
150.0001 -3.324607789068068e-08 0.9876051545143127 0.9876051545143127 0.8805452585220337
150.0003 -3.324607789068068e-08 0.9876051545143127 0.9876051545143127 0.8805454969406128
150.0007 -3.324607789068068e-08 0.9876051545143127 0.9876051545143127 0.8805468678474426
150.001 -3.324607789068068e-08 0.9876051545143127 0.9876051545143127 0.8805480599403381
179.99999999999997 -3.324607789068068e-08 0.9876051545143127 0.9876051545143127 0.8805480599403381
180.0001 -3.324607789068068e-08 0.9876051545143127 0.9876051545143127 0.8805480599403381
180.0003 -3.324607789068068e-08 0.9876051545143127 0.9876051545143127 0.8805480599403381
180.0007 -3.324607789068068e-08 0.9876051545143127 0.9876049160957336 0.8805480599403381
180.001 -3.324607789068068e-08 0.9876051545143127 0.987604558467865 0.8805480599403381
180.63355000000254 -3.324607789068068e-08 0.9876051545143127 0.9818854928016663 0.8805480599403381
181.26610000000514 -3.324607789068068e-08 0.9876051545143127 0.9728953242301941 0.8805480599403381
181.7348500000051 -3.324607789068068e-08 0.9876051545143127 0.9627434611320496 0.8805480599403381
181.9692250000051 -3.324607789068068e-08 0.9876051545143127 0.956120491027832 0.8805480599403381
182.43797500000508 -3.324607789068068e-08 0.9876051545143127 0.9389636516571045 0.8805480599403381
182.90672500000505 -3.324607789068068e-08 0.9876051545143127 0.9157142043113708 0.8805480599403381
183.14110000000505 -3.324607789068068e-08 0.9876051545143127 0.9016176462173462 0.8805480599403381
183.37547500000505 -3.324607789068068e-08 0.9876051545143127 0.8858649730682373 0.8805480599403381
183.60985000000503 -3.324607789068068e-08 0.9876051545143127 0.8685030341148376 0.8805480599403381
183.84422500000503 -3.324607789068068e-08 0.9876051545143127 0.8496107459068298 0.8805480599403381
184.078600000005 -3.324607789068068e-08 0.9876051545143127 0.8292880654335022 0.8805480599403381
184.312975000005 -3.324607789068068e-08 0.9876051545143127 0.8076460361480713 0.8805480599403381
184.547350000005 -3.324607789068068e-08 0.9876051545143127 0.7847989797592163 0.8805480599403381
184.78172500000497 -3.324607789068068e-08 0.9876051545143127 0.7608587145805359 0.8805480599403381
185.01610000000497 -3.324607789068068e-08 0.9876051545143127 0.7359308004379272 0.8805480599403381
185.25047500000497 -3.324607789068068e-08 0.9876051545143127 0.7101126313209534 0.8805480599403381
185.48485000000494 -3.324607789068068e-08 0.9876051545143127 0.6834927201271057 0.8805480599403381
185.71922500000494 -3.324607789068068e-08 0.9876051545143127 0.6561505198478699 0.8805480599403381
185.95360000000494 -3.324607789068068e-08 0.9876051545143127 0.6281569004058838 0.8805480599403381
186.1879750000049 -3.324607789068068e-08 0.9876051545143127 0.599574863910675 0.8805480599403381
186.4223500000049 -3.324607789068068e-08 0.9876051545143127 0.5704600811004639 0.8805480599403381
186.6567250000049 -3.324607789068068e-08 0.9876051545143127 0.540861964225769 0.8805480599403381
186.89110000000488 -3.324607789068068e-08 0.9876051545143127 0.5108242034912109 0.8805480599403381
187.12547500000488 -3.324607789068068e-08 0.9876051545143127 0.48038554191589355 0.8805480599403381
187.35985000000488 -3.324607789068068e-08 0.9876051545143127 0.44958043098449707 0.8805480599403381
187.59422500000485 -3.324607789068068e-08 0.9876051545143127 0.41843950748443604 0.8805480599403381
188.06297500000485 -3.324607789068068e-08 0.9876051545143127 0.3552572727203369 0.8805480599403381
188.29735000000483 -3.324607789068068e-08 0.9876051545143127 0.3232637047767639 0.8805480599403381
188.53172500000483 -3.324607789068068e-08 0.9876051545143127 0.29103195667266846 0.8805480599403381
189.0004750000048 -3.324607789068068e-08 0.9876051545143127 0.2259623259305954 0.8805480599403381
189.2348500000048 -3.324607789068068e-08 0.9876051545143127 0.19321860373020172 0.8805480599403381
189.4692250000048 -3.324607789068068e-08 0.9876051545143127 0.16048209369182587 0.8805480599403381
189.70360000000477 -3.324607789068068e-08 0.9876051545143127 0.12803570926189423 0.8805480599403381
189.93797500000477 -3.324607789068068e-08 0.9876051545143127 0.0964827910065651 0.8805480599403381
190.17235000000477 -3.324607789068068e-08 0.9876051545143127 0.0669202208518982 0.8805480599403381
190.40672500000474 -3.324607789068068e-08 0.9876051545143127 0.04084803909063339 0.8805480599403381
190.64110000000474 -3.324607789068068e-08 0.9876051545143127 0.01957003027200699 0.8805480599403381
190.87547500000474 -3.324607789068068e-08 0.9876051545143127 0.0032653827220201492 0.8805480599403381
190.94629866226649 -3.324607789068068e-08 0.9876051545143127 0.0001630568440305069 0.8805480599403381
190.95795613100145 -3.324607789068068e-08 0.9876051545143127 -3.3386452713557446e-08 0.8805480599403381
205.56141435872036 -3.324607789068068e-08 0.9876051545143127 -3.3386452713557446e-08 0.8805480599403381
209.99999999999997 -3.324607789068068e-08 0.9876051545143127 -3.337781961931796e-08 0.8805480599403381
210.00009999999997 -3.324607789068068e-08 0.9876051545143127 -3.3362194784558596e-08 0.8805480599403381
210.0003 -3.324607789068068e-08 0.9876051545143127 -3.3342409722081356e-08 0.8805480599403381
210.00070000000002 -3.324607789068068e-08 0.9876051545143127 -3.3325562753816484e-08 0.8805480599403381
210.00082296350533 -2.1005405415053247e-08 0.9876051545143127 -2.989108693896014e-08 0.8805480599403381
210.0008939565489 3.142584859006092e-08 0.9876051545143127 3.4170216878237625e-08 0.8805480599403381
210.00092969965863 1.0969427677309795e-07 0.9876051545143127 7.774062282805971e-08 0.8805480599403381
210.0009518273912 1.9711897891738772e-07 0.9876051545143127 7.436833726615077e-08 0.8805480599403381
210.00096473033733 2.866279658064741e-07 0.9876051545143127 2.3503139345848467e-07 0.8805480599403381
210.00098629764378 5.836216701027297e-07 0.9876051545143127 1.5165562672336819e-06 0.8805480599403381
210.00099936529242 8.290290338663908e-07 0.9876051545143127 2.7433377454144647e-06 0.8805480599403381
210.00100000000003 8.42426743474789e-07 0.9876051545143127 2.8133433715993306e-06 0.8805480599403381
210.04259556377806 0.0009438719134777784 0.9876051545143127 0.005091556813567877 0.8805480599403381
210.0841911275561 0.001881698495708406 0.9876051545143127 0.010164284147322178 0.8805480599403381
210.1673835245274 0.0037417204584926367 0.9876051545143127 0.020261580124497414 0.8805480599403381
210.33376831847 0.007408487610518932 0.9876051545143127 0.04029111564159393 0.8805480599403381
210.56814331846996 0.012469641864299774 0.9876051545143127 0.06818141788244247 0.8805480599403381
210.80251831846996 0.01740362122654915 0.9876051545143127 0.09567322582006454 0.8805480599403381
211.03689331846996 0.022199107334017754 0.9876051545143127 0.12272821366786957 0.8805480599403381
211.27126831846994 0.02685396559536457 0.9876051545143127 0.14933572709560394 0.8805480599403381
211.50564331846994 0.0313662625849247 0.9876051545143127 0.17548567056655884 0.8805480599403381
211.74001831846994 0.03573411703109741 0.9876051545143127 0.20116755366325378 0.8805480599403381
211.9743933184699 0.039955198764801025 0.9876051545143127 0.22636853158473969 0.8805480599403381
212.2087683184699 0.0440281480550766 0.9876051545143127 0.2510794401168823 0.8805480599403381
212.4431433184699 0.047951966524124146 0.9876051545143127 0.27529218792915344 0.8805480599403381
212.67751831846988 0.051724690943956375 0.9876051545143127 0.2989935278892517 0.8805480599403381
212.91189331846988 0.055344320833683014 0.9876051545143127 0.32216906547546387 0.8805480599403381
213.14626831846988 0.058809928596019745 0.9876051545143127 0.34480857849121094 0.8805480599403381
213.38064331846985 0.062121354043483734 0.9876051545143127 0.3669048547744751 0.8805480599403381
213.61501831846985 0.06527842581272125 0.9876051545143127 0.38844969868659973 0.8805480599403381
213.84939331846985 0.06828098744153976 0.9876051545143127 0.40943390130996704 0.8805480599403381
214.08376831846982 0.0711291953921318 0.9876051545143127 0.429848849773407 0.8805480599403381
214.31814331846982 0.07382360100746155 0.9876051545143127 0.44968658685684204 0.8805480599403381
214.55251831846982 0.07636511325836182 0.9876051545143127 0.4689398407936096 0.8805480599403381
214.7868933184698 0.07875509560108185 0.9876051545143127 0.4876022934913635 0.8805480599403381
215.0212683184698 0.08099532872438431 0.9876051545143127 0.505668580532074 0.8805480599403381
215.2556433184698 0.08308805525302887 0.9876051545143127 0.5231344699859619 0.8805480599403381
215.95876831846977 0.08851084113121033 0.9876051545143127 0.5719062089920044 0.8805480599403381
216.19314331846974 0.09004558622837067 0.9876051545143127 0.5869539976119995 0.8805480599403381
216.42751831846974 0.09145119786262512 0.9876051545143127 0.6014016270637512 0.8805480599403381
216.8962683184697 0.09389550238847733 0.9876051545143127 0.6285176277160645 0.8805480599403381
217.1306433184697 0.09494517743587494 0.9876051545143127 0.6411978602409363 0.8805480599403381
217.3650183184697 0.09588783234357834 0.9876051545143127 0.6533044576644897 0.8805480599403381
217.59939331846968 0.09673012793064117 0.9876051545143127 0.6648455262184143 0.8805480599403381
217.83376831846968 0.09747876226902008 0.9876051545143127 0.6758326292037964 0.8805480599403381
218.06814331846968 0.098140187561512 0.9876051545143127 0.6862816214561462 0.8805480599403381
218.30251831846965 0.09872094541788101 0.9876051545143127 0.6962083578109741 0.8805480599403381
218.77126831846965 0.09966683387756348 0.9876051545143127 0.7145601511001587 0.8805480599403381
219.24001831846962 0.10036768019199371 0.9876051545143127 0.7310268878936768 0.8805480599403381
219.47439331846962 0.10064081102609634 0.9876051545143127 0.7386003732681274 0.8805480599403381
219.7087683184696 0.10086999833583832 0.9876051545143127 0.7457589507102966 0.8805480599403381
219.9431433184696 0.10106107592582703 0.9876051545143127 0.7525210976600647 0.8805480599403381
220.1775183184696 0.1012188047170639 0.9876051545143127 0.7589060664176941 0.8805480599403381
220.41189331846957 0.10134746134281158 0.9876051545143127 0.764933168888092 0.8805480599403381
220.64626831846957 0.10145150125026703 0.9876051545143127 0.7706210613250732 0.8805480599403381
220.88064331846957 0.10153456032276154 0.9876051545143127 0.7759880423545837 0.8805480599403381
221.11501831846954 0.10159967839717865 0.9876051545143127 0.7810519933700562 0.8805480599403381
221.34939331846954 0.10165008157491684 0.9876051545143127 0.7858301997184753 0.8805480599403381
222.0525183184695 0.10173873603343964 0.9876051545143127 0.798614501953125 0.8805480599403381
222.2868933184695 0.10175368934869766 0.9876051545143127 0.802409827709198 0.8805480599403381
222.75564331846948 0.10177037119865417 0.9876051545143127 0.8093845844268799 0.8805480599403381
222.99001831846948 0.10177446156740189 0.9876051545143127 0.8125897645950317 0.8805480599403381
223.22439331846945 0.10177687555551529 0.9876051545143127 0.8156227469444275 0.8805480599403381
223.45876831846945 0.10177816450595856 0.9876051545143127 0.8184942007064819 0.8805480599403381
223.92751831846942 0.10177884250879288 0.9876051545143127 0.8237923383712769 0.8805480599403381
224.16189331846942 0.10177884250879288 0.9876051545143127 0.8262378573417664 0.8805480599403381
224.3962683184694 0.10177882760763168 0.9876051545143127 0.8285592198371887 0.8805480599403381
224.6306433184694 0.10177882015705109 0.9876051545143127 0.8307641744613647 0.8805480599403381
224.8650183184694 0.10177882015705109 0.9876051545143127 0.8328600525856018 0.8805480599403381
225.09939331846937 0.10177882015705109 0.9876051545143127 0.8348537087440491 0.8805480599403381
225.33376831846937 0.10177882015705109 0.9876051545143127 0.8367513418197632 0.8805480599403381
225.56814331846937 0.10177882015705109 0.9876051545143127 0.8385588526725769 0.8805480599403381
225.80251831846934 0.10177882015705109 0.9876051545143127 0.84028160572052 0.8805480599403381
226.03689331846934 0.10177882015705109 0.9876051545143127 0.8419247269630432 0.8805480599403381
226.27126831846934 0.10177882015705109 0.9876051545143127 0.843492865562439 0.8805480599403381
226.7400183184693 0.10177882015705109 0.9876051545143127 0.846422553062439 0.8805480599403381
226.9743933184693 0.10177882015705109 0.9876051545143127 0.8477922677993774 0.8805480599403381
227.20876831846928 0.10177882015705109 0.9876051545143127 0.8491034507751465 0.8805480599403381
227.44314331846928 0.10177882015705109 0.9876051545143127 0.8503594994544983 0.8805480599403381
227.67751831846928 0.10177882015705109 0.9876051545143127 0.8515633344650269 0.8805480599403381
227.91189331846925 0.10177882015705109 0.9876051545143127 0.8527178764343262 0.8805480599403381
229.3181433184692 0.10177882015705109 0.9876051545143127 0.8587540984153748 0.8805480599403381
229.5525183184692 0.10177882015705109 0.9876051545143127 0.8596317768096924 0.8805480599403381
229.7868933184692 0.10177882015705109 0.9876051545143127 0.860477864742279 0.8805480599403381
230.02126831846917 0.10177882015705109 0.9876051545143127 0.8612939119338989 0.8805480599403381
230.49001831846917 0.10177882015705109 0.9876051545143127 0.8628416657447815 0.8805480599403381
230.72439331846914 0.10177882015705109 0.9876051545143127 0.8635760545730591 0.8805480599403381
230.95876831846914 0.10177882015705109 0.9876051545143127 0.8642857074737549 0.8805480599403381
231.19314331846914 0.10177882015705109 0.9876051545143127 0.8649718761444092 0.8805480599403381
233.30251831846905 0.10177882015705109 0.9876051545143127 0.8702545166015625 0.8805480599403381
233.53689331846903 0.10177882015705109 0.9876051545143127 0.8707574605941772 0.8805480599403381
233.77126831846903 0.10177882015705109 0.9876051545143127 0.8712462782859802 0.8805480599403381
234.00564331846903 0.10177882015705109 0.9876051545143127 0.8717213869094849 0.8805480599403381
236.11501831846894 0.10177882015705109 0.9876051545143127 0.8754657506942749 0.8805480599403381
236.3493933184689 0.10177882015705109 0.9876051545143127 0.8758307099342346 0.8805480599403381
236.5837683184689 0.10177882015705109 0.9876051545143127 0.8761867880821228 0.8805480599403381
236.8181433184689 0.10177882015705109 0.9876051545143127 0.8765343427658081 0.8805480599403381
239.3962683184688 0.10177882015705109 0.9876051545143127 0.8798710703849792 0.8805480599403381
239.6306433184688 0.10177882015705109 0.9876051545143127 0.8801363110542297 0.8805480599403381
239.86501831846877 0.10177882015705109 0.9876051545143127 0.8803966045379639 0.8805480599403381
239.99999999999997 0.10177882015705109 0.9876051545143127 0.8805445432662964 0.8805480599403381
