time a b c w1
0.0 0.0 0.0 0.0 0.0
2.34374997708231e-06 1.0801570415496826 1.0801570415496826 2.34398437508335e-23 2.34398437508335e-23
2.3531289769906394e-06 1.0037916898727417 1.0037916898727417 2.35336424679079e-23 2.35336424679079e-23
2.3718869768072985e-06 0.9922298789024353 0.9922298789024353 2.372124147977851e-23 2.372124147977851e-23
2.449126245505041e-06 0.9876051545143127 0.9876051545143127 2.449371143311084e-23 2.449371143311084e-23
0.00019360463173130613 0.9876051545143127 0.9876051545143127 1.9362399824984054e-21 1.9362399824984054e-21
0.00038480681743822704 0.9876051545143127 0.9876051545143127 3.8484529531415596e-21 -5.559464444360174e-09
0.0007672111888520689 0.9876051545143127 0.9876051545143127 7.672878894427868e-21 -2.705487389675909e-08
0.001 0.9876051545143127 0.9876051545143127 1.0000999731091105e-20 -3.338633192129237e-08
29.999999999999996 0.9876051545143127 0.9876051545143127 3.000300019364487e-16 -3.3386157838322106e-08
30.000099999999996 0.9876051545143127 0.9876051545143127 3.0003100778807355e-16 -3.3364894846954485e-08
30.0003 0.9876051545143127 0.9876051545143127 3.0003299302154367e-16 -3.3343891203685416e-08
30.0007 0.9876051545143127 0.9876051545143127 3.0003698995826353e-16 -3.3332312909806205e-08
30.001 0.9876051545143127 0.9876051545143127 3.000400075131381e-16 -3.332734621608324e-08
59.99999999999999 0.9876051545143127 0.9876051545143127 6.000600038728974e-16 -3.332734621608324e-08
60.000099999999996 0.9876051545143127 0.9876051545143127 6.000610097245222e-16 -3.332734621608324e-08
60.000299999999996 0.9876051545143127 0.9876051545143127 6.00063021427772e-16 -3.332734621608324e-08
60.000699999999995 0.9876048564910889 0.9876051545143127 6.000669918947122e-16 -3.332734621608324e-08
60.001000000000005 0.9876043796539307 0.9876051545143127 6.000700094495868e-16 -3.332734621608324e-08
60.00108 0.9876036047935486 0.9876051545143127 6.000708035429749e-16 -3.332734621608324e-08
60.006120000000045 0.987555205821991 0.9876051545143127 6.001212020033365e-16 -3.332734621608324e-08
60.01116000000009 0.9875065684318542 0.9876051545143127 6.001716004636981e-16 -3.332734621608324e-08
60.021400000000185 0.9874071478843689 0.9876051545143127 6.002740385107567e-16 -3.332734621608324e-08
60.04188000000037 0.9872056841850281 0.9876051545143127 6.004788616653146e-16 -3.332734621608324e-08
60.082840000000736 0.9867919683456421 0.9876051545143127 6.008885079744305e-16 -3.332734621608324e-08
60.328600000002936 0.9839990735054016 0.9876051545143127 6.033463328895664e-16 -3.332734621608324e-08
60.562975000002936 0.9808705449104309 0.9876051545143127 6.056903377524151e-16 -3.332734621608324e-08
60.79735000000293 0.9772031307220459 0.9876051545143127 6.080342896757046e-16 -3.332734621608324e-08
61.26610000000293 0.9676679372787476 0.9876051545143127 6.127222464618427e-16 -3.332734621608324e-08
61.50047500000293 0.9615216851234436 0.9876051545143127 6.150662513246914e-16 -3.332734621608324e-08
61.969225000002936 0.9457291960716248 0.9876051545143127 6.197542081108295e-16 -3.332734621608324e-08
62.20360000000294 0.9358090162277222 0.9876051545143127 6.220982129736782e-16 -3.332734621608324e-08
62.43797500000295 0.9243962168693542 0.9876051545143127 6.244421648969676e-16 -3.332734621608324e-08
62.67235000000295 0.9114269614219666 0.9876051545143127 6.267861697598163e-16 -3.332734621608324e-08
62.90672500000296 0.8968781232833862 0.9876051545143127 6.2913017462266495e-16 -3.332734621608324e-08
63.14110000000296 0.8807656764984131 0.9876051545143127 6.314741265459544e-16 -3.332734621608324e-08
63.375475000002965 0.8631393909454346 0.9876051545143127 6.338181314088031e-16 -3.332734621608324e-08
63.609850000002965 0.8440744876861572 0.9876051545143127 6.361621362716517e-16 -3.332734621608324e-08
63.84422500000297 0.8236626982688904 0.9876051545143127 6.385060881949412e-16 -3.332734621608324e-08
64.07860000000298 0.8020043969154358 0.9876051545143127 6.408500930577899e-16 -3.332734621608324e-08
64.31297500000298 0.7792024612426758 0.9876051545143127 6.431940449810793e-16 -3.332734621608324e-08
64.54735000000298 0.755357563495636 0.9876051545143127 6.45538049843928e-16 -3.332734621608324e-08
64.781725000003 0.7305653095245361 0.9876051545143127 6.478820547067767e-16 -3.332734621608324e-08
65.016100000003 0.7049143314361572 0.9876051545143127 6.502260066300661e-16 -3.332734621608324e-08
65.250475000003 0.6784856915473938 0.9876051545143127 6.525700114929148e-16 -3.332734621608324e-08
65.484850000003 0.6513528823852539 0.9876051545143127 6.549139634162043e-16 -3.332734621608324e-08
65.71922500000301 0.6235817670822144 0.9876051545143127 6.572579682790529e-16 -3.332734621608324e-08
65.95360000000301 0.5952312350273132 0.9876051545143127 6.596019731419016e-16 -3.332734621608324e-08
66.18797500000301 0.5663539171218872 0.9876051545143127 6.619459250651911e-16 -3.332734621608324e-08
66.42235000000302 0.5369967222213745 0.9876051545143127 6.642899299280397e-16 -3.332734621608324e-08
66.65672500000302 0.5072013735771179 0.9876051545143127 6.666338818513292e-16 -3.332734621608324e-08
66.89110000000302 0.47700512409210205 0.9876051545143127 6.689778867141778e-16 -3.332734621608324e-08
67.12547500000302 0.4464411735534668 0.9876051545143127 6.713218915770265e-16 -3.332734621608324e-08
67.35985000000304 0.41553932428359985 0.9876051545143127 6.73665843500316e-16 -3.332734621608324e-08
67.59422500000304 0.384326308965683 0.9876051545143127 6.760098483631646e-16 -3.332734621608324e-08
67.82860000000304 0.35282644629478455 0.9876051545143127 6.783538532260133e-16 -3.332734621608324e-08
68.06297500000305 0.3210624158382416 0.9876051545143127 6.806978051493028e-16 -3.332734621608324e-08
68.53172500000305 0.2568334639072418 0.9876051545143127 6.853857619354409e-16 -3.332734621608324e-08
68.76610000000305 0.22442792356014252 0.9876051545143127 6.877297667982896e-16 -3.332734621608324e-08
69.23485000000306 0.15938057005405426 0.9876051545143127 6.924177235844277e-16 -3.332734621608324e-08
69.46922500000306 0.12715239822864532 0.9876051545143127 6.947617284472764e-16 -3.332734621608324e-08
69.70360000000306 0.09582090377807617 0.9876051545143127 6.971056803705658e-16 -3.332734621608324e-08
69.93797500000308 0.06647725403308868 0.9876051545143127 6.994496852334145e-16 -3.332734621608324e-08
70.17235000000308 0.040603697299957275 0.9876051545143127 7.017936900962632e-16 -3.332734621608324e-08
70.40672500000308 0.019480619579553604 0.9876051545143127 7.041376420195526e-16 -3.332734621608324e-08
70.64110000000309 0.003281448967754841 0.9876051545143127 7.064816468824013e-16 -3.332734621608324e-08
70.71251077070987 0.00016722828149795532 0.9876051545143127 7.071958015360551e-16 -3.332734621608324e-08
70.72447969803885 -3.3386157838322106e-08 0.9876051545143127 7.073154978794139e-16 -3.332734621608324e-08
89.99999999999999 -3.3395167520211544e-08 0.9876051545143127 9.000900322791256e-16 -3.332734621608324e-08
90.0001 -3.336789689001307e-08 0.9876051545143127 9.000909851911913e-16 -3.332734621608324e-08
90.0003 -3.3343891203685416e-08 0.9876051545143127 9.00092996894441e-16 -3.332734621608324e-08
90.0007 -3.332845466275103e-08 0.9876051545143127 9.000970203009405e-16 -3.332734621608324e-08
90.001 -3.3313835245962764e-08 0.9876051545143127 9.000999849162559e-16 -3.332734621608324e-08
119.99999999999999 -3.3313831693249085e-08 0.9876051545143127 1.2001200077457947e-15 -3.332734621608324e-08
120.0001 -3.3313831693249085e-08 0.9876051545143127 1.2001209606578604e-15 -3.332734621608324e-08
120.0003 -3.3313831693249085e-08 0.9876051545143127 1.2001229723611101e-15 -3.332734621608324e-08
120.0007 -3.3313831693249085e-08 0.9876051545143127 6.287797305049025e-08 -3.332734621608324e-08
120.00082296358333 -3.3313831693249085e-08 0.9876051545143127 4.105017978872638e-07 -2.54263756716e-08
120.0008939570996 -3.3313831693249085e-08 0.9876051545143127 1.250280547537841e-06 -3.997510322761855e-09
120.00093234191931 -3.3313831693249085e-08 0.9876051545143127 2.392570195297594e-06 5.637333444497017e-08
120.00096487773962 -3.3313831693249085e-08 0.9876051545143127 4.243283910909668e-06 2.494725208634918e-07
120.00099689408118 -3.3313831693249085e-08 0.9876051545143127 6.883935384394135e-06 6.209034495441301e-07
120.001 -3.3313831693249085e-08 0.9876051545143127 7.202569122455316e-06 6.728008656864404e-07
120.06228033253268 -3.3313831693249085e-08 0.9876051545143127 0.007201828993856907 0.001292726257815957
120.12356066506533 -3.3313831693249085e-08 0.9876051545143127 0.014362849295139313 0.002574092475697398
120.24612507049947 -3.3313831693249085e-08 0.9876051545143127 0.028586162254214287 0.005105473101139069
120.48050007049947 -3.3313831693249085e-08 0.9876051545143127 0.05550624057650566 0.009858175180852413
120.71487507049949 -3.3313831693249085e-08 0.9876051545143127 0.08206727355718613 0.014498245902359486
120.94925007049949 -3.3313831693249085e-08 0.9876051545143127 0.10821212828159332 0.01900874637067318
121.18362507049949 -3.3313831693249085e-08 0.9876051545143127 0.13393159210681915 0.023387975990772247
121.4180000704995 -3.3313831693249085e-08 0.9876051545143127 0.1592170000076294 0.027634456753730774
121.6523750704995 -3.3313831693249085e-08 0.9876051545143127 0.18405959010124207 0.03174678236246109
121.8867500704995 -3.3313831693249085e-08 0.9876051545143127 0.208450585603714 0.035723622888326645
122.12112507049949 -3.3313831693249085e-08 0.9876051545143127 0.2323811650276184 0.03956376761198044
122.58987507049947 -3.3313831693249085e-08 0.9876051545143127 0.27882614731788635 0.046829722821712494
122.82425007049946 -3.3313831693249085e-08 0.9876051545143127 0.3013232946395874 0.05025377497076988
123.29300007049945 -3.3313831693249085e-08 0.9876051545143127 0.34482496976852417 0.056680988520383835
123.99612507049942 -3.3313831693249085e-08 0.9876051545143127 0.4062288999557495 0.06526685506105423
124.4648750704994 -3.3313831693249085e-08 0.9876051545143127 0.44451797008514404 0.0702914148569107
125.16800007049937 -3.3313831693249085e-08 0.9876051545143127 0.49787211418151855 0.07680130004882812
125.87112507049935 -3.3313831693249085e-08 0.9876051545143127 0.5462542772293091 0.0821283608675003
126.33987507049932 -3.3313831693249085e-08 0.9876051545143127 0.5757384300231934 0.08506247401237488
126.8086250704993 -3.3313831693249085e-08 0.9876051545143127 0.603027880191803 0.08753915131092072
127.04300007049929 -3.3313831693249085e-08 0.9876051545143127 0.615861713886261 0.08861733973026276
127.27737507049929 -3.3313831693249085e-08 0.9876051545143127 0.6281640529632568 0.08959536254405975
127.51175007049928 -3.3313831693249085e-08 0.9876051545143127 0.6399431228637695 0.09047847241163254
127.98050007049926 -3.3313831693249085e-08 0.9876051545143127 0.6619712710380554 0.09198176860809326
128.44925007049923 -3.3313831693249085e-08 0.9876051545143127 0.6820360422134399 0.09317174553871155
128.68362507049923 -3.3313831693249085e-08 0.9876051545143127 0.6913645267486572 0.0936632975935936
128.9180000704992 -3.3313831693249085e-08 0.9876051545143127 0.700242817401886 0.09409329295158386
129.1523750704992 -3.3313831693249085e-08 0.9876051545143127 0.7086858153343201 0.0944671481847763
129.3867500704992 -3.3313831693249085e-08 0.9876051545143127 0.7167091369628906 0.09479010850191116
129.85550007049918 -3.3313831693249085e-08 0.9876051545143127 0.7315608859062195 0.09530331194400787
130.32425007049915 -3.3313831693249085e-08 0.9876051545143127 0.7449281215667725 0.09567032009363174
131.7305000704991 -3.3313831693249085e-08 0.9876051545143127 0.7774159908294678 0.09620188176631927
133.13675007049903 -3.3313831693249085e-08 0.9876051545143127 0.8009506464004517 0.0963166281580925
133.37112507049903 -3.3313831693249085e-08 0.9876051545143127 0.8041995763778687 0.09632119536399841
133.60550007049903 -3.3313831693249085e-08 0.9876051545143127 0.8072848916053772 0.09632397443056107
133.839875070499 -3.3313831693249085e-08 0.9876051545143127 0.8102162480354309 0.09632551670074463
134.074250070499 -3.3313831693249085e-08 0.9876051545143127 0.8130027055740356 0.09632627665996552
134.54300007049898 -3.3313831693249085e-08 0.9876051545143127 0.8181746602058411 0.09632664173841476
135.24612507049895 -3.3313831693249085e-08 0.9876051545143127 0.8250436782836914 0.09632659703493118
135.71487507049895 -3.3313831693249085e-08 0.9876051545143127 0.8291083574295044 0.09632659703493118
135.94925007049892 -3.3313831693249085e-08 0.9876051545143127 0.8310039043426514 0.09632659703493118
136.41800007049892 -3.3313831693249085e-08 0.9876051545143127 0.8345471024513245 0.09632659703493118
136.6523750704989 -3.3313831693249085e-08 0.9876051545143127 0.8362040519714355 0.09632659703493118
136.8867500704989 -3.3313831693249085e-08 0.9876051545143127 0.837790310382843 0.09632659703493118
137.1211250704989 -3.3313831693249085e-08 0.9876051545143127 0.839309811592102 0.09632659703493118
137.35550007049886 -3.3313831693249085e-08 0.9876051545143127 0.8407662510871887 0.09632659703493118
137.58987507049886 -3.3313831693249085e-08 0.9876051545143127 0.8421630859375 0.09632659703493118
137.82425007049886 -3.3313831693249085e-08 0.9876051545143127 0.8435035943984985 0.09632659703493118
138.05862507049883 -3.3313831693249085e-08 0.9876051545143127 0.8447908163070679 0.09632659703493118
138.29300007049883 -3.3313831693249085e-08 0.9876051545143127 0.8460274934768677 0.09632659703493118
138.52737507049883 -3.3313831693249085e-08 0.9876051545143127 0.8472164273262024 0.09632659703493118
138.7617500704988 -3.3313831693249085e-08 0.9876051545143127 0.8483600616455078 0.09632659703493118
138.9961250704988 -3.3313831693249085e-08 0.9876051545143127 0.8494607210159302 0.09632659703493118
139.2305000704988 -3.3313831693249085e-08 0.9876051545143127 0.850520670413971 0.09632659703493118
139.46487507049878 -3.3313831693249085e-08 0.9876051545143127 0.8515419363975525 0.09632659703493118
139.69925007049878 -3.3313831693249085e-08 0.9876051545143127 0.8525264263153076 0.09632659703493118
140.16800007049875 -3.3313831693249085e-08 0.9876051545143127 0.854392409324646 0.09632659703493118
140.40237507049875 -3.3313831693249085e-08 0.9876051545143127 0.8552771806716919 0.09632659703493118
140.63675007049875 -3.3313831693249085e-08 0.9876051545143127 0.856131911277771 0.09632659703493118
140.87112507049872 -3.3313831693249085e-08 0.9876051545143127 0.8569579720497131 0.09632659703493118
141.33987507049872 -3.3313831693249085e-08 0.9876051545143127 0.8585294485092163 0.09632659703493118
141.5742500704987 -3.3313831693249085e-08 0.9876051545143127 0.8592773675918579 0.09632659703493118
141.8086250704987 -3.3313831693249085e-08 0.9876051545143127 0.8600015044212341 0.09632659703493118
142.0430000704987 -3.3313831693249085e-08 0.9876051545143127 0.8607030510902405 0.09632659703493118
142.62893757049866 -3.3313831693249085e-08 0.9876051545143127 0.8623643517494202 0.09632659703493118
143.21487507049864 -3.3313831693249085e-08 0.9876051545143127 0.8639044165611267 0.09632659703493118
143.44925007049864 -3.3313831693249085e-08 0.9876051545143127 0.8644893765449524 0.09632659703493118
143.6836250704986 -3.3313831693249085e-08 0.9876051545143127 0.8650577068328857 0.09632659703493118
144.26956257049858 -3.3313831693249085e-08 0.9876051545143127 0.866409957408905 0.09632659703493118
144.85550007049858 -3.3313831693249085e-08 0.9876051545143127 0.8676720857620239 0.09632659703493118
145.08987507049855 -3.3313831693249085e-08 0.9876051545143127 0.8681536912918091 0.09632659703493118
145.32425007049855 -3.3313831693249085e-08 0.9876051545143127 0.8686226606369019 0.09632659703493118
146.7305000704985 -3.3313831693249085e-08 0.9876051545143127 0.8711985349655151 0.09632659703493118
146.9648750704985 -3.3313831693249085e-08 0.9876051545143127 0.8715919256210327 0.09632659703493118
147.43362507049846 -3.3313831693249085e-08 0.9876051545143127 0.8723510503768921 0.09632659703493118
148.13675007049844 -3.3313831693249085e-08 0.9876051545143127 0.8734254240989685 0.09632659703493118
148.37112507049844 -3.3313831693249085e-08 0.9876051545143127 0.8737675547599792 0.09632659703493118
148.6055000704984 -3.3313831693249085e-08 0.9876051545143127 0.8741021156311035 0.09632659703493118
148.8398750704984 -3.3313831693249085e-08 0.9876051545143127 0.8744294047355652 0.09632659703493118
149.30862507049838 -3.3313831693249085e-08 0.9876051545143127 0.8750629425048828 0.09632659703493118
150.0 -3.3313831693249085e-08 0.9876051545143127 0.8759509325027466 0.09632659703493118
150.0001 -3.3313831693249085e-08 0.9876051545143127 0.8759510517120361 0.09632659703493118
150.0003 -3.3313831693249085e-08 0.9876051545143127 0.8759511709213257 0.09632659703493118
150.0007 -3.3313831693249085e-08 0.9876051545143127 0.8759512305259705 0.09632659703493118
150.001 -3.3313831693249085e-08 0.9876051545143127 0.8759512305259705 0.09632659703493118
150.1442734954012 0.000518601736985147 0.9876051545143127 0.8759512305259705 0.09632659703493118
150.2875557360563 0.001036971458233893 0.9876051545143127 0.8759512305259705 0.09632659703493118
150.5219307360563 0.001884398516267538 0.9876051545143127 0.8759512305259705 0.09632659703493118
150.75630573605628 0.0027312063612043858 0.9876051545143127 0.8759512305259705 0.09632659703493118
165.3781528680281 0.054196834564208984 0.9876051545143127 0.8759512305259705 0.09632659703493118
179.99999999999997 0.10295579582452774 0.9876051545143127 0.8759512305259705 0.09632659703493118
180.0001 0.1029554158449173 0.9876051545143127 0.8759512305259705 0.09632659703493118
180.0003 0.10295499116182327 0.9876051545143127 0.8759510517120361 0.09632659703493118
180.0007 0.10295474529266357 0.9876051545143127 0.8759489059448242 0.09632659703493118
180.001 0.10295471549034119 0.9876051545143127 0.875944972038269 0.09632659703493118
180.02144000000035 0.10295471549034119 0.9876051545143127 0.8744236826896667 0.09632659703493118
180.04188000000067 0.10295471549034119 0.9876051545143127 0.8728880882263184 0.09632659703493118
180.0828400000013 0.10295471549034119 0.9876051545143127 0.869768500328064 0.09632659703493118
180.1647600000026 0.10295471549034119 0.9876051545143127 0.8633636236190796 0.09632659703493118
180.32860000000517 0.10295471549034119 0.9876051545143127 0.8500093221664429 0.09632659703493118
180.56297500000517 0.10295471549034119 0.9876051545143127 0.8298825025558472 0.09632659703493118
180.79735000000514 0.10295471549034119 0.9876051545143127 0.8085849285125732 0.09632659703493118
181.03172500000514 0.10295471549034119 0.9876051545143127 0.7861132025718689 0.09632659703493118
181.26610000000514 0.10295471549034119 0.9876051545143127 0.7625689506530762 0.09632659703493118
181.5004750000051 0.10295471549034119 0.9876051545143127 0.7380494475364685 0.09632659703493118
181.7348500000051 0.10295471549034119 0.9876051545143127 0.7126456499099731 0.09632659703493118
181.9692250000051 0.10295471549034119 0.9876051545143127 0.6864408254623413 0.09632659703493118
182.20360000000508 0.10295471549034119 0.9876051545143127 0.6595107316970825 0.09632659703493118
182.43797500000508 0.10295471549034119 0.9876051545143127 0.6319233775138855 0.09632659703493118
182.67235000000508 0.10295471549034119 0.9876051545143127 0.6037397980690002 0.09632659703493118
182.90672500000505 0.10295471549034119 0.9876051545143127 0.5750143527984619 0.09632659703493118
183.14110000000505 0.10295471549034119 0.9876051545143127 0.5457956194877625 0.09632659703493118
183.37547500000505 0.10295471549034119 0.9876051545143127 0.516126811504364 0.09632659703493118
183.60985000000503 0.10295471549034119 0.9876051545143127 0.4860464334487915 0.09632659703493118
183.84422500000503 0.10295471549034119 0.9876051545143127 0.45558881759643555 0.09632659703493118
184.078600000005 0.10295471549034119 0.9876051545143127 0.424784779548645 0.09632659703493118
184.547350000005 0.10295471549034119 0.9876051545143127 0.3622450828552246 0.09632659703493118
185.01610000000497 0.10295471549034119 0.9876051545143127 0.2986212372779846 0.09632659703493118
185.48485000000494 0.10295471549034119 0.9876051545143127 0.234104186296463 0.09632659703493118
185.95360000000494 0.10295471549034119 0.9876051545143127 0.169061541557312 0.09632659703493118
186.4223500000049 0.10295471549034119 0.9876051545143127 0.10501236468553543 0.09632659703493118
186.6567250000049 0.10295471549034119 0.9876051545143127 0.07493183761835098 0.09632659703493118
186.89110000000488 0.10295471549034119 0.9876051545143127 0.047864872962236404 0.09632659703493118
187.12547500000488 0.10295471549034119 0.9876051545143127 0.025236712768673897 0.09632659703493118
187.35985000000488 0.10295471549034119 0.9876051545143127 0.007085215765982866 0.09632659703493118
187.46339625082285 0.10295471549034119 0.9876051545143127 0.0009991725673899055 0.09632659703493118
187.49426441282756 0.10295471549034119 0.9876051545143127 0.00012438991689123213 0.09632659703493118
187.52434364602962 0.10295471549034119 0.9876051545143127 -3.3386157838322106e-08 0.09632659703493118
205.35977361644066 0.10295471549034119 0.9876051545143127 -3.3386157838322106e-08 0.09632659703493118
209.99999999999997 0.10295471549034119 0.9876051545143127 -3.340705845289449e-08 0.09632659703493118
210.00009999999997 0.10295471549034119 0.9876051545143127 -3.337186171847861e-08 0.09632659703493118
210.0003 0.10295471549034119 0.9876051545143127 -3.3343891203685416e-08 0.09632659703493118
210.00070000000002 0.10295471549034119 0.9876051545143127 -3.332786135956667e-08 0.09632659703493118
210.00082296332386 0.10295472294092178 0.9876051545143127 -3.1436293568276596e-08 0.09632659703493118
210.0008939565072 0.10295476019382477 0.9876051545143127 1.9566503084433862e-08 0.09632659703493118
210.0009296832566 0.10295483469963074 0.9876051545143127 1.975173802293284e-07 0.09632659703493118
210.00095170961637 0.1029549390077591 0.9876051545143127 5.650323942063551e-07 0.09632659703493118
210.00097212490147 0.10295511782169342 0.9876051545143127 1.320636897617078e-06 0.09632659703493118
210.00099043119465 0.10295535624027252 0.9876051545143127 2.474917437211843e-06 0.09632659703493118
210.00100000000003 0.10295551270246506 0.9876051545143127 3.313487013656413e-06 0.09632659703493118
210.12523092674476 0.10536064952611923 0.9876051545143127 0.0139074195176363 0.09632659703493118
210.2494618534895 0.10772602260112762 0.9876051545143127 0.027683187276124954 0.09632659703493118
210.48383685348946 0.11210755258798599 0.9876051545143127 0.053409822285175323 0.09632659703493118
210.95258685348946 0.12054525315761566 0.9876051545143127 0.10379776358604431 0.09632659703493118
211.18696185348944 0.12458524852991104 0.9876051545143127 0.12839972972869873 0.09632659703493118
211.42133685348944 0.12850460410118103 0.9876051545143127 0.152597576379776 0.09632659703493118
211.8900868534894 0.13597771525382996 0.9876051545143127 0.1997530311346054 0.09632659703493118
212.1244618534894 0.13952982425689697 0.9876051545143127 0.22269660234451294 0.09632659703493118
212.3588368534894 0.14295803010463715 0.9876051545143127 0.24520811438560486 0.09632659703493118
212.59321185348938 0.14626173675060272 0.9876051545143127 0.26728060841560364 0.09632659703493118
212.82758685348938 0.14944051206111908 0.9876051545143127 0.28890731930732727 0.09632659703493118
213.06196185348938 0.15249404311180115 0.9876051545143127 0.3100816011428833 0.09632659703493118
213.53071185348935 0.158224955201149 0.9876051545143127 0.35104697942733765 0.09632659703493118
214.23383685348932 0.1658840775489807 0.9876051545143127 0.4089480936527252 0.09632659703493118
214.7025868534893 0.17037269473075867 0.9876051545143127 0.44512343406677246 0.09632659703493118
215.99164935348924 0.18026946485042572 0.9876051545143127 0.5343408584594727 0.09632659703493118
217.28071185348918 0.1869106888771057 0.9876051545143127 0.6084505319595337 0.09632659703493118
217.51508685348918 0.18781255185604095 0.9876051545143127 0.6203343868255615 0.09632659703493118
217.74946185348918 0.18863090872764587 0.9876051545143127 0.6317436695098877 0.09632659703493118
217.98383685348915 0.1893702745437622 0.9876051545143127 0.6426864266395569 0.09632659703493118
218.21821185348915 0.19003525376319885 0.9876051545143127 0.6531714797019958 0.09632659703493118
218.45258685348915 0.19063054025173187 0.9876051545143127 0.6632086038589478 0.09632659703493118
218.92133685348912 0.19163082540035248 0.9876051545143127 0.6819818615913391 0.09632659703493118
220.09321185348907 0.19323520362377167 0.9876051545143127 0.7218925952911377 0.09632659703493118
220.56196185348907 0.19360807538032532 0.9876051545143127 0.7353257536888123 0.09632659703493118
222.20258685348898 0.1942170411348343 0.9876051545143127 0.7729785442352295 0.09632659703493118
223.84321185348892 0.19432391226291656 0.9876051545143127 0.7993725538253784 0.09632659703493118
224.07758685348892 0.19432657957077026 0.9876051545143127 0.8024474382400513 0.09632659703493118
224.3119618534889 0.19432811439037323 0.9876051545143127 0.8053759932518005 0.09632659703493118
224.5463368534889 0.1943288892507553 0.9876051545143127 0.8081664443016052 0.09632659703493118
224.7807118534889 0.19432920217514038 0.9876051545143127 0.8108264207839966 0.09632659703493118
225.01508685348887 0.19432929158210754 0.9876051545143127 0.8133631944656372 0.09632659703493118
225.48383685348887 0.19432926177978516 0.9876051545143127 0.8180943131446838 0.09632659703493118
225.71821185348884 0.19432926177978516 0.9876051545143127 0.8203012943267822 0.09632659703493118
226.18696185348884 0.19432926177978516 0.9876051545143127 0.8244266510009766 0.09632659703493118
226.4213368534888 0.19432926177978516 0.9876051545143127 0.8263556957244873 0.09632659703493118
226.8900868534888 0.19432926177978516 0.9876051545143127 0.8299702405929565 0.09632659703493118
227.12446185348878 0.19432926177978516 0.9876051545143127 0.8316645622253418 0.09632659703493118
227.35883685348878 0.19432926177978516 0.9876051545143127 0.8332889676094055 0.09632659703493118
227.59321185348878 0.19432926177978516 0.9876051545143127 0.8348472118377686 0.09632659703493118
227.82758685348875 0.19432926177978516 0.9876051545143127 0.8363427519798279 0.09632659703493118
228.06196185348875 0.19432926177978516 0.9876051545143127 0.8377789855003357 0.09632659703493118
228.29633685348875 0.19432926177978516 0.9876051545143127 0.8391589522361755 0.09632659703493118
228.53071185348873 0.19432926177978516 0.9876051545143127 0.8404855728149414 0.09632659703493118
228.76508685348873 0.19432926177978516 0.9876051545143127 0.8417616486549377 0.09632659703493118
228.99946185348873 0.19432926177978516 0.9876051545143127 0.8429896831512451 0.09632659703493118
229.2338368534887 0.19432926177978516 0.9876051545143127 0.8441721200942993 0.09632659703493118
229.4682118534887 0.19432926177978516 0.9876051545143127 0.8453112840652466 0.09632659703493118
229.7025868534887 0.19432926177978516 0.9876051545143127 0.8464093208312988 0.09632659703493118
229.93696185348867 0.19432926177978516 0.9876051545143127 0.8474681973457336 0.09632659703493118
230.17133685348867 0.19432926177978516 0.9876051545143127 0.8484898209571838 0.09632659703493118
230.40571185348867 0.19432926177978516 0.9876051545143127 0.8494759798049927 0.09632659703493118
230.64008685348864 0.19432926177978516 0.9876051545143127 0.8504284620285034 0.09632659703493118
230.87446185348864 0.19432926177978516 0.9876051545143127 0.8513487577438354 0.09632659703493118
231.10883685348864 0.19432926177978516 0.9876051545143127 0.8522383570671082 0.09632659703493118
231.3432118534886 0.19432926177978516 0.9876051545143127 0.8530987501144409 0.09632659703493118
231.8119618534886 0.19432926177978516 0.9876051545143127 0.8547371029853821 0.09632659703493118
232.04633685348858 0.19432926177978516 0.9876051545143127 0.8555175065994263 0.09632659703493118
232.28071185348858 0.19432926177978516 0.9876051545143127 0.8562736511230469 0.09632659703493118
232.51508685348858 0.19432926177978516 0.9876051545143127 0.8570065498352051 0.09632659703493118
233.10102435348855 0.19432926177978516 0.9876051545143127 0.8587433695793152 0.09632659703493118
233.68696185348853 0.19432926177978516 0.9876051545143127 0.8603553175926208 0.09632659703493118
233.92133685348853 0.19432926177978516 0.9876051545143127 0.8609679937362671 0.09632659703493118
234.1557118534885 0.19432926177978516 0.9876051545143127 0.861563503742218 0.09632659703493118
234.74164935348847 0.19432926177978516 0.9876051545143127 0.8629813194274902 0.09632659703493118
235.32758685348847 0.19432926177978516 0.9876051545143127 0.8643056750297546 0.09632659703493118
235.56196185348844 0.19432926177978516 0.9876051545143127 0.8648113012313843 0.09632659703493118
235.79633685348844 0.19432926177978516 0.9876051545143127 0.8653038144111633 0.09632659703493118
237.20258685348838 0.19432926177978516 0.9876051545143127 0.8680111765861511 0.09632659703493118
237.43696185348838 0.19432926177978516 0.9876051545143127 0.8684248924255371 0.09632659703493118
237.67133685348836 0.19432926177978516 0.9876051545143127 0.8688289523124695 0.09632659703493118
237.90571185348836 0.19432926177978516 0.9876051545143127 0.8692235946655273 0.09632659703493118
239.78071185348827 0.19432926177978516 0.9876051545143127 0.8720791935920715 0.09632659703493118
239.99999999999997 0.19432926177978516 0.9876051545143127 0.8723832964897156 0.09632659703493118
