time a b c w1
0.0 0.0 0.0 0.0 0.0
2.34374997708231e-06 1.0801570415496826 1.0801570415496826 2.34398437508335e-23 2.34398437508335e-23
2.3531289769906394e-06 1.0037916898727417 1.0037916898727417 2.35336424679079e-23 2.35336424679079e-23
2.3718869768072985e-06 0.9922298789024353 0.9922298789024353 2.372124147977851e-23 2.372124147977851e-23
2.449126245505041e-06 0.9876051545143127 0.9876051545143127 2.449371143311084e-23 2.449371143311084e-23
0.00019360463173130613 0.9876051545143127 0.9876051545143127 1.9362399824984054e-21 1.9362399824984054e-21
0.00038480681743822704 0.9876051545143127 0.9876051545143127 3.8484529531415596e-21 -5.559599003390758e-09
0.0007672111888520689 0.9876051545143127 0.9876051545143127 7.672878894427868e-21 -2.7055836682166046e-08
0.001 0.9876051545143127 0.9876051545143127 1.0000999731091105e-20 -3.338813314712752e-08
29.999999999999996 0.9876051545143127 0.9876051545143127 3.000300019364487e-16 -3.338795906415726e-08
30.000099999999996 0.9876051545143127 0.9876051545143127 3.0003100778807355e-16 -3.336597131919916e-08
30.0003 0.9876051545143127 0.9876051545143127 3.0003299302154367e-16 -3.3344250027766975e-08
30.0007 0.9876051545143127 0.9876051545143127 3.0003698995826353e-16 -3.3332280935383096e-08
30.001 0.9876051545143127 0.9876051545143127 3.000400075131381e-16 -3.332714371140355e-08
59.99999999999999 0.9876051545143127 0.9876051545143127 6.000600038728974e-16 -3.332714371140355e-08
60.000099999999996 0.9876051545143127 0.9876051545143127 6.000610097245222e-16 -3.332714371140355e-08
60.000299999999996 0.9876051545143127 0.9876051545143127 6.00063021427772e-16 -3.332714371140355e-08
60.000699999999995 0.9876049160957336 0.9876051545143127 6.000669918947122e-16 -3.332714371140355e-08
60.001000000000005 0.9876044988632202 0.9876051545143127 6.000700094495868e-16 -3.332714371140355e-08
60.00156000000001 0.9876002669334412 0.9876051545143127 6.000756210428624e-16 -3.332714371140355e-08
60.00604000000004 0.9875658750534058 0.9876051545143127 6.001204079099484e-16 -3.332714371140355e-08
60.04188000000037 0.987284779548645 0.9876051545143127 6.004788616653146e-16 -3.332714371140355e-08
60.082840000000736 0.98694908618927 0.9876051545143127 6.008885079744305e-16 -3.332714371140355e-08
60.16476000000147 0.9862262010574341 0.9876051545143127 6.01707747653103e-16 -3.332714371140355e-08
60.328600000002936 0.9845784306526184 0.9876051545143127 6.033463328895664e-16 -3.332714371140355e-08
60.562975000002936 0.9817484021186829 0.9876051545143127 6.056903377524151e-16 -3.332714371140355e-08
60.79735000000293 0.9782075881958008 0.9876051545143127 6.080342896757046e-16 -3.332714371140355e-08
61.03172500000293 0.9736922383308411 0.9876051545143127 6.103782945385532e-16 -3.332714371140355e-08
61.50047500000293 0.9606450200080872 0.9876051545143127 6.150662513246914e-16 -3.332714371140355e-08
61.734850000002936 0.9515413045883179 0.9876051545143127 6.1741025618754e-16 -3.332714371140355e-08
61.969225000002936 0.9403967261314392 0.9876051545143127 6.197542081108295e-16 -3.332714371140355e-08
62.20360000000294 0.9270750284194946 0.9876051545143127 6.220982129736782e-16 -3.332714371140355e-08
62.43797500000295 0.9115464687347412 0.9876051545143127 6.244421648969676e-16 -3.332714371140355e-08
62.67235000000295 0.8938801884651184 0.9876051545143127 6.267861697598163e-16 -3.332714371140355e-08
62.90672500000296 0.8742198944091797 0.9876051545143127 6.2913017462266495e-16 -3.332714371140355e-08
63.14110000000296 0.8527520895004272 0.9876051545143127 6.314741265459544e-16 -3.332714371140355e-08
63.375475000002965 0.8296778798103333 0.9876051545143127 6.338181314088031e-16 -3.332714371140355e-08
63.609850000002965 0.8051936626434326 0.9876051545143127 6.361621362716517e-16 -3.332714371140355e-08
63.84422500000297 0.77947998046875 0.9876051545143127 6.385060881949412e-16 -3.332714371140355e-08
64.07860000000298 0.7526969313621521 0.9876051545143127 6.408500930577899e-16 -3.332714371140355e-08
64.31297500000298 0.7249836325645447 0.9876051545143127 6.431940449810793e-16 -3.332714371140355e-08
64.54735000000298 0.696459174156189 0.9876051545143127 6.45538049843928e-16 -3.332714371140355e-08
64.781725000003 0.6672250032424927 0.9876051545143127 6.478820547067767e-16 -3.332714371140355e-08
65.016100000003 0.6373673677444458 0.9876051545143127 6.502260066300661e-16 -3.332714371140355e-08
65.250475000003 0.6069595813751221 0.9876051545143127 6.525700114929148e-16 -3.332714371140355e-08
65.484850000003 0.5760640501976013 0.9876051545143127 6.549139634162043e-16 -3.332714371140355e-08
65.71922500000301 0.5447342395782471 0.9876051545143127 6.572579682790529e-16 -3.332714371140355e-08
65.95360000000301 0.5130159258842468 0.9876051545143127 6.596019731419016e-16 -3.332714371140355e-08
66.18797500000301 0.4809485971927643 0.9876051545143127 6.619459250651911e-16 -3.332714371140355e-08
66.42235000000302 0.4485664963722229 0.9876051545143127 6.642899299280397e-16 -3.332714371140355e-08
66.65672500000302 0.4158993661403656 0.9876051545143127 6.666338818513292e-16 -3.332714371140355e-08
66.89110000000302 0.38297343254089355 0.9876051545143127 6.689778867141778e-16 -3.332714371140355e-08
67.12547500000302 0.34981200098991394 0.9876051545143127 6.713218915770265e-16 -3.332714371140355e-08
67.35985000000304 0.31643664836883545 0.9876051545143127 6.73665843500316e-16 -3.332714371140355e-08
67.59422500000304 0.28286898136138916 0.9876051545143127 6.760098483631646e-16 -3.332714371140355e-08
67.82860000000304 0.24913501739501953 0.9876051545143127 6.783538532260133e-16 -3.332714371140355e-08
68.06297500000305 0.2152753472328186 0.9876051545143127 6.806978051493028e-16 -3.332714371140355e-08
68.29735000000305 0.18137115240097046 0.9876051545143127 6.830418100121514e-16 -3.332714371140355e-08
68.53172500000305 0.14760692417621613 0.9876051545143127 6.853857619354409e-16 -3.332714371140355e-08
68.76610000000305 0.1144046038389206 0.9876051545143127 6.877297667982896e-16 -3.332714371140355e-08
69.00047500000306 0.08263251930475235 0.9876051545143127 6.900737716611382e-16 -3.332714371140355e-08
69.23485000000306 0.053712792694568634 0.9876051545143127 6.924177235844277e-16 -3.332714371140355e-08
69.46922500000306 0.029254762455821037 0.9876051545143127 6.947617284472764e-16 -3.332714371140355e-08
69.70360000000306 0.00960003025829792 0.9876051545143127 6.971056803705658e-16 -3.332714371140355e-08
69.82494933667284 0.0017568648327142 0.9876051545143127 6.983193197653036e-16 -3.332714371140355e-08
69.8654087401561 8.248831727541983e-05 0.9876051545143127 6.987239368162952e-16 -3.332714371140355e-08
69.8713002419571 -3.338795551144358e-08 0.9876051545143127 6.987828585456885e-16 -3.332714371140355e-08
89.99999999999999 -3.33803775731667e-08 0.9876051545143127 9.000900322791256e-16 -3.332714371140355e-08
90.0001 -3.3363445339773534e-08 0.9876051545143127 9.000909851911913e-16 -3.332714371140355e-08
90.0003 -3.3343098948535044e-08 0.9876051545143127 9.00092996894441e-16 -3.332714371140355e-08
90.0007 -3.332862164029393e-08 0.9876051545143127 9.000970203009405e-16 -3.332714371140355e-08
90.001 -3.332642606324043e-08 0.9876051545143127 9.000999849162559e-16 -3.332714371140355e-08
119.99999999999999 -3.332642606324043e-08 0.9876051545143127 1.2001200077457947e-15 -3.332714371140355e-08
120.0001 -3.332642606324043e-08 0.9876051545143127 1.2001209606578604e-15 -3.332714371140355e-08
120.0003 -3.332642606324043e-08 0.9876051545143127 1.2001229723611101e-15 -3.332714371140355e-08
120.0007 -3.332642606324043e-08 0.9876051545143127 1.2007849647943658e-07 -3.332714371140355e-08
120.00082296354636 -3.332642606324043e-08 0.9876051545143127 6.688325129289296e-07 -1.1261006349627678e-08
120.00089395687438 -3.332642606324043e-08 0.9876051545143127 1.93691221284098e-06 7.135721347140134e-08
120.00093230884974 -3.332642606324043e-08 0.9876051545143127 3.633804681157926e-06 2.4778691454230284e-07
120.00097179746125 -3.332642606324043e-08 0.9876051545143127 6.73094882586156e-06 6.982473905736697e-07
120.001 -3.332642606324043e-08 0.9876051545143127 9.792766832106281e-06 1.2367419230940868e-06
120.24543574989745 -3.332642606324043e-08 0.9876051545143127 0.03623237460851669 0.007698453962802887
120.48987149979489 -3.332642606324043e-08 0.9876051545143127 0.07192869484424591 0.015208921395242214
120.72424649979489 -3.332642606324043e-08 0.9876051545143127 0.10572090744972229 0.022257117554545403
120.9586214997949 -3.332642606324043e-08 0.9876051545143127 0.1390085220336914 0.02912852354347706
121.1929964997949 -3.332642606324043e-08 0.9876051545143127 0.17177262902259827 0.035817794501781464
121.4273714997949 -3.332642606324043e-08 0.9876051545143127 0.20399287343025208 0.042319294065237045
121.89612149979492 -3.332642606324043e-08 0.9876051545143127 0.2667155861854553 0.05473573878407478
122.13049649979492 -3.332642606324043e-08 0.9876051545143127 0.29717254638671875 0.06063880771398544
122.5992464997949 -3.332642606324043e-08 0.9876051545143127 0.35615670680999756 0.07180461287498474
123.06799649979487 -3.332642606324043e-08 0.9876051545143127 0.41239720582962036 0.08207711577415466
123.53674649979486 -3.332642606324043e-08 0.9876051545143127 0.4656805694103241 0.09141147881746292
124.00549649979484 -3.332642606324043e-08 0.9876051545143127 0.5157893896102905 0.09976890683174133
124.47424649979482 -3.332642606324043e-08 0.9876051545143127 0.5625121593475342 0.107121042907238
124.9429964997948 -3.332642606324043e-08 0.9876051545143127 0.6056567430496216 0.11345522850751877
125.17737149979479 -3.332642606324043e-08 0.9876051545143127 0.6258365511894226 0.11624230444431305
125.41174649979479 -3.332642606324043e-08 0.9876051545143127 0.6450674533843994 0.11878005415201187
126.11487149979476 -3.332642606324043e-08 0.9876051545143127 0.6969849467277527 0.12495851516723633
126.34924649979475 -3.332642606324043e-08 0.9876051545143127 0.712364137172699 0.1265692114830017
126.58362149979473 -3.332642606324043e-08 0.9876051545143127 0.7267931699752808 0.12797461450099945
126.81799649979473 -3.332642606324043e-08 0.9876051545143127 0.7402887344360352 0.1291884332895279
127.05237149979472 -3.332642606324043e-08 0.9876051545143127 0.752873420715332 0.1302255392074585
127.2867464997947 -3.332642606324043e-08 0.9876051545143127 0.7645751237869263 0.13110169768333435
127.98987149979467 -3.332642606324043e-08 0.9876051545143127 0.7947322130203247 0.13292677700519562
128.69299649979465 -3.332642606324043e-08 0.9876051545143127 0.8183435201644897 0.13387146592140198
128.92737149979465 -3.332642606324043e-08 0.9876051545143127 0.8249694108963013 0.13405436277389526
129.16174649979462 -3.332642606324043e-08 0.9876051545143127 0.831048309803009 0.13418981432914734
129.39612149979462 -3.332642606324043e-08 0.9876051545143127 0.8366233110427856 0.13428813219070435
129.8648714997946 -3.332642606324043e-08 0.9876051545143127 0.8464277386665344 0.13440589606761932
130.0992464997946 -3.332642606324043e-08 0.9876051545143127 0.850734531879425 0.1344377100467682
130.3336214997946 -3.332642606324043e-08 0.9876051545143127 0.8546915650367737 0.13445782661437988
130.56799649979456 -3.332642606324043e-08 0.9876051545143127 0.8583309054374695 0.13446979224681854
130.80237149979456 -3.332642606324043e-08 0.9876051545143127 0.8616818785667419 0.13447633385658264
131.03674649979456 -3.332642606324043e-08 0.9876051545143127 0.86477130651474 0.13447949290275574
132.2086214997945 -3.332642606324043e-08 0.9876051545143127 0.8770716190338135 0.134480819106102
132.67737149979448 -3.332642606324043e-08 0.9876051545143127 0.880853533744812 0.134480819106102
133.14612149979448 -3.332642606324043e-08 0.9876051545143127 0.8841484785079956 0.134480819106102
133.84924649979445 -3.332642606324043e-08 0.9876051545143127 0.888350248336792 0.134480819106102
134.31799649979442 -3.332642606324043e-08 0.9876051545143127 0.8907486200332642 0.134480819106102
134.55237149979442 -3.332642606324043e-08 0.9876051545143127 0.8918459415435791 0.134480819106102
135.0211214997944 -3.332642606324043e-08 0.9876051545143127 0.8938627243041992 0.134480819106102
135.2554964997944 -3.332642606324043e-08 0.9876051545143127 0.8947910070419312 0.134480819106102
135.72424649979436 -3.332642606324043e-08 0.9876051545143127 0.8965067863464355 0.134480819106102
135.95862149979436 -3.332642606324043e-08 0.9876051545143127 0.8973008990287781 0.134480819106102
136.19299649979433 -3.332642606324043e-08 0.9876051545143127 0.8980565071105957 0.134480819106102
136.42737149979433 -3.332642606324043e-08 0.9876051545143127 0.8987762331962585 0.134480819106102
136.66174649979433 -3.332642606324043e-08 0.9876051545143127 0.8994624614715576 0.134480819106102
136.8961214997943 -3.332642606324043e-08 0.9876051545143127 0.9001175165176392 0.134480819106102
137.1304964997943 -3.332642606324043e-08 0.9876051545143127 0.900743305683136 0.134480819106102
137.59924649979428 -3.332642606324043e-08 0.9876051545143127 0.901914656162262 0.134480819106102
137.83362149979428 -3.332642606324043e-08 0.9876051545143127 0.9024635553359985 0.134480819106102
138.30237149979425 -3.332642606324043e-08 0.9876051545143127 0.9034948945045471 0.134480819106102
138.77112149979425 -3.332642606324043e-08 0.9876051545143127 0.9044463634490967 0.134480819106102
139.47424649979422 -3.332642606324043e-08 0.9876051545143127 0.9057426452636719 0.134480819106102
140.0601839997942 -3.332642606324043e-08 0.9876051545143127 0.9067187309265137 0.134480819106102
140.64612149979416 -3.332642606324043e-08 0.9876051545143127 0.9076129198074341 0.134480819106102
141.11487149979413 -3.332642606324043e-08 0.9876051545143127 0.9082759618759155 0.134480819106102
141.8179964997941 -3.332642606324043e-08 0.9876051545143127 0.909193754196167 0.134480819106102
142.52112149979408 -3.332642606324043e-08 0.9876051545143127 0.9100303053855896 0.134480819106102
142.98987149979408 -3.332642606324043e-08 0.9876051545143127 0.9105481505393982 0.134480819106102
144.630496499794 -3.332642606324043e-08 0.9876051545143127 0.9121493101119995 0.134480819106102
145.33362149979396 -3.332642606324043e-08 0.9876051545143127 0.9127503037452698 0.134480819106102
147.91174649979388 -3.332642606324043e-08 0.9876051545143127 0.9146190881729126 0.134480819106102
148.61487149979385 -3.332642606324043e-08 0.9876051545143127 0.915054202079773 0.134480819106102
150.0 -3.332642606324043e-08 0.9876051545143127 0.9158374667167664 0.134480819106102
150.0001 -3.332642606324043e-08 0.9876051545143127 0.9158374667167664 0.134480819106102
150.0003 -3.332642606324043e-08 0.9876051545143127 0.9158375263214111 0.134480819106102
150.0007 -3.332642606324043e-08 0.9876051545143127 0.9158375263214111 0.134480819106102
150.001 -3.332642606324043e-08 0.9876051545143127 0.9158375263214111 0.134480819106102
164.2755529634381 0.03445562720298767 0.9876051545143127 0.9158375263214111 0.134480819106102
178.55010592687617 0.0679602175951004 0.9876051545143127 0.9158375263214111 0.134480819106102
178.78448092687614 0.0685022845864296 0.9876051545143127 0.9158375263214111 0.134480819106102
179.01885592687614 0.0690440833568573 0.9876051545143127 0.9158375263214111 0.134480819106102
179.25323092687614 0.06958562135696411 0.9876051545143127 0.9158375263214111 0.134480819106102
179.7219809268761 0.07066791504621506 0.9876051545143127 0.9158375263214111 0.134480819106102
179.9563559268761 0.07120872288942337 0.9876051545143127 0.9158375263214111 0.134480819106102
179.99999999999997 0.0713094025850296 0.9876051545143127 0.9158375263214111 0.134480819106102
180.0001 0.07130910456180573 0.9876051545143127 0.9158375263214111 0.134480819106102
180.0003 0.07130878418684006 0.9876051545143127 0.9158373475074768 0.134480819106102
180.0007 0.07130862772464752 0.9876051545143127 0.9158353209495544 0.134480819106102
180.001 0.07130861282348633 0.9876051545143127 0.9158317446708679 0.134480819106102
180.02144000000035 0.07130861282348633 0.9876051545143127 0.9144118428230286 0.134480819106102
180.04188000000067 0.07130861282348633 0.9876051545143127 0.9129710793495178 0.134480819106102
180.0828400000013 0.07130861282348633 0.9876051545143127 0.9100220203399658 0.134480819106102
180.1647600000026 0.07130861282348633 0.9876051545143127 0.9038828611373901 0.134480819106102
180.32860000000517 0.07130861282348633 0.9876051545143127 0.8908208012580872 0.134480819106102
180.56297500000517 0.07130861282348633 0.9876051545143127 0.870684802532196 0.134480819106102
180.79735000000514 0.07130861282348633 0.9876051545143127 0.8489288687705994 0.134480819106102
181.03172500000514 0.07130861282348633 0.9876051545143127 0.8256009221076965 0.134480819106102
181.26610000000514 0.07130861282348633 0.9876051545143127 0.8008949756622314 0.134480819106102
181.5004750000051 0.07130861282348633 0.9876051545143127 0.7749883532524109 0.134480819106102
181.7348500000051 0.07130861282348633 0.9876051545143127 0.7480376362800598 0.134480819106102
181.9692250000051 0.07130861282348633 0.9876051545143127 0.7201782464981079 0.134480819106102
182.20360000000508 0.07130861282348633 0.9876051545143127 0.6915261745452881 0.134480819106102
182.43797500000508 0.07130861282348633 0.9876051545143127 0.6621800661087036 0.134480819106102
182.67235000000508 0.07130861282348633 0.9876051545143127 0.6322237849235535 0.134480819106102
182.90672500000505 0.07130861282348633 0.9876051545143127 0.6017287373542786 0.134480819106102
183.14110000000505 0.07130861282348633 0.9876051545143127 0.5707557201385498 0.134480819106102
183.37547500000505 0.07130861282348633 0.9876051545143127 0.5393566489219666 0.134480819106102
183.60985000000503 0.07130861282348633 0.9876051545143127 0.5075762271881104 0.134480819106102
183.84422500000503 0.07130861282348633 0.9876051545143127 0.4754529893398285 0.134480819106102
184.078600000005 0.07130861282348633 0.9876051545143127 0.4430203139781952 0.134480819106102
184.312975000005 0.07130861282348633 0.9876051545143127 0.4103073477745056 0.134480819106102
184.78172500000497 0.07130861282348633 0.9876051545143127 0.34414035081863403 0.134480819106102
185.25047500000497 0.07130861282348633 0.9876051545143127 0.2771325707435608 0.134480819106102
185.48485000000494 0.07130861282348633 0.9876051545143127 0.24337366223335266 0.134480819106102
185.95360000000494 0.07130861282348633 0.9876051545143127 0.17560116946697235 0.134480819106102
186.1879750000049 0.07130861282348633 0.9876051545143127 0.1418934166431427 0.134480819106102
186.4223500000049 0.07130861282348633 0.9876051545143127 0.10885791480541229 0.134480819106102
186.6567250000049 0.07130861282348633 0.9876051545143127 0.07745791971683502 0.134480819106102
186.89110000000488 0.07130861282348633 0.9876051545143127 0.04919099435210228 0.134480819106102
187.12547500000488 0.07130861282348633 0.9876051545143127 0.025618933141231537 0.134480819106102
187.35985000000488 0.07130861282348633 0.9876051545143127 0.0068032569251954556 0.134480819106102
187.4601269865222 0.07130861282348633 0.9876051545143127 0.0008023550035431981 0.134480819106102
187.48853879854607 0.07130861282348633 0.9876051545143127 4.402618287713267e-05 0.134480819106102
187.50555652530284 0.07130861282348633 0.9876051545143127 -3.338795551144358e-08 0.134480819106102
205.23766161161205 0.07130861282348633 0.9876051545143127 -3.338795551144358e-08 0.134480819106102
209.99999999999997 0.07130861282348633 0.9876051545143127 -3.3426381662593485e-08 0.134480819106102
210.00009999999997 0.07130861282348633 0.9876051545143127 -3.3378782404724916e-08 0.134480819106102
210.0003 0.07130861282348633 0.9876051545143127 -3.3344250027766975e-08 0.134480819106102
210.00070000000002 0.07130861282348633 0.9876051545143127 -3.3323722448130866e-08 0.134480819106102
210.00082296326596 0.07130863517522812 0.9876051545143127 -2.4428397082942865e-08 0.134480819106102
210.00089395646438 0.07130872458219528 0.9876051545143127 7.599464169061321e-08 0.134480819106102
210.00092974717006 0.07130886614322662 0.9876051545143127 2.2978375113780203e-07 0.134480819106102
210.00095121435393 0.07130900770425797 0.9876051545143127 3.733453866061609e-07 0.134480819106102
210.00096407045024 0.07130914181470871 0.9876051545143127 6.088546911087178e-07 0.134480819106102
210.0009733730049 0.07130929082632065 0.9876051545143127 1.0629026974129374e-06 0.134480819106102
210.00098508264946 0.07130954414606094 0.9876051545143127 2.068342837446835e-06 0.134480819106102
210.00100000000003 0.07130992412567139 0.9876051545143127 3.7295985748642124e-06 0.134480819106102
210.0201839107129 0.07190035283565521 0.9876051545143127 0.00280811358243227 0.134480819106102
210.0393678214257 0.07248947024345398 0.9876051545143127 0.005608783103525639 0.134480819106102
210.07773798478033 0.07366383075714111 0.9876051545143127 0.011199274100363255 0.134480819106102
210.15447831148956 0.07599662989377975 0.9876051545143127 0.022335199639201164 0.134480819106102
210.307958964908 0.08060571551322937 0.9876051545143127 0.044446397572755814 0.134480819106102
210.542333964908 0.08752153068780899 0.9876051545143127 0.0778617337346077 0.134480819106102
210.77670896490798 0.09428377449512482 0.9876051545143127 0.11083632707595825 0.134480819106102
211.01108396490798 0.10087404400110245 0.9876051545143127 0.1433144360780716 0.134480819106102
211.24545896490798 0.10728765279054642 0.9876051545143127 0.17527888715267181 0.134480819106102
211.47983396490795 0.11351960152387619 0.9876051545143127 0.2067110389471054 0.134480819106102
211.71420896490795 0.11956480145454407 0.9876051545143127 0.23759141564369202 0.134480819106102
211.94858396490795 0.1254180520772934 0.9876051545143127 0.26789969205856323 0.134480819106102
212.18295896490793 0.13107414543628693 0.9876051545143127 0.2976147532463074 0.134480819106102
212.41733396490793 0.13652780652046204 0.9876051545143127 0.3267146646976471 0.134480819106102
212.65170896490793 0.14177384972572327 0.9876051545143127 0.355176717042923 0.134480819106102
213.3548339649079 0.1562158763408661 0.9876051545143127 0.43650007247924805 0.134480819106102
214.05795896490787 0.16861946880817413 0.9876051545143127 0.511219322681427 0.134480819106102
214.76108396490784 0.17889773845672607 0.9876051545143127 0.5786910057067871 0.134480819106102
214.9954589649078 0.18184585869312286 0.9876051545143127 0.5994703769683838 0.134480819106102
215.2298339649078 0.18455669283866882 0.9876051545143127 0.6193645000457764 0.134480819106102
215.4642089649078 0.18703332543373108 0.9876051545143127 0.6383596062660217 0.134480819106102
215.69858396490778 0.18928034603595734 0.9876051545143127 0.6564456224441528 0.134480819106102
215.93295896490778 0.19130392372608185 0.9876051545143127 0.6736164689064026 0.134480819106102
216.16733396490778 0.1931118667125702 0.9876051545143127 0.6898704767227173 0.134480819106102
216.40170896490775 0.19471348822116852 0.9876051545143127 0.7052109837532043 0.134480819106102
216.63608396490775 0.19611963629722595 0.9876051545143127 0.7196462154388428 0.134480819106102
216.87045896490775 0.19734247028827667 0.9876051545143127 0.7331898212432861 0.134480819106102
217.10483396490773 0.19839519262313843 0.9876051545143127 0.7458605170249939 0.134480819106102
217.8079589649077 0.20067615807056427 0.9876051545143127 0.7788934707641602 0.134480819106102
218.51108396490767 0.20194774866104126 0.9876051545143127 0.8051725029945374 0.134480819106102
218.74545896490767 0.20221176743507385 0.9876051545143127 0.8126137256622314 0.134480819106102
218.97983396490767 0.20241522789001465 0.9876051545143127 0.8194664120674133 0.134480819106102
219.21420896490764 0.20256869494915009 0.9876051545143127 0.8257718682289124 0.134480819106102
220.1517089649076 0.20286308228969574 0.9876051545143127 0.846314013004303 0.134480819106102
220.3860839649076 0.2028898298740387 0.9876051545143127 0.8504658341407776 0.134480819106102
220.62045896490758 0.2029067873954773 0.9876051545143127 0.8542905449867249 0.134480819106102
220.85483396490758 0.20291656255722046 0.9876051545143127 0.8578166961669922 0.134480819106102
221.08920896490758 0.20292167365550995 0.9876051545143127 0.8610712289810181 0.134480819106102
221.32358396490756 0.20292404294013977 0.9876051545143127 0.8640789985656738 0.134480819106102
221.79233396490756 0.20292502641677856 0.9876051545143127 0.8694417476654053 0.134480819106102
223.1985839649075 0.20292486250400543 0.9876051545143127 0.8815478086471558 0.134480819106102
223.66733396490747 0.20292486250400543 0.9876051545143127 0.8846052289009094 0.134480819106102
224.37045896490744 0.20292486250400543 0.9876051545143127 0.8885326385498047 0.134480819106102
224.8392089649074 0.20292486250400543 0.9876051545143127 0.8907896876335144 0.134480819106102
225.0735839649074 0.20292486250400543 0.9876051545143127 0.8918262124061584 0.134480819106102
225.54233396490739 0.20292486250400543 0.9876051545143127 0.89373779296875 0.134480819106102
225.77670896490739 0.20292486250400543 0.9876051545143127 0.8946205973625183 0.134480819106102
226.01108396490739 0.20292486250400543 0.9876051545143127 0.8954594135284424 0.134480819106102
226.24545896490736 0.20292486250400543 0.9876051545143127 0.896257221698761 0.134480819106102
226.47983396490736 0.20292486250400543 0.9876051545143127 0.8970169425010681 0.134480819106102
226.71420896490736 0.20292486250400543 0.9876051545143127 0.8977411389350891 0.134480819106102
226.94858396490733 0.20292486250400543 0.9876051545143127 0.8984321355819702 0.134480819106102
227.18295896490733 0.20292486250400543 0.9876051545143127 0.8990921378135681 0.134480819106102
227.41733396490733 0.20292486250400543 0.9876051545143127 0.8997231125831604 0.134480819106102
227.6517089649073 0.20292486250400543 0.9876051545143127 0.9003268480300903 0.134480819106102
227.8860839649073 0.20292486250400543 0.9876051545143127 0.9009051322937012 0.134480819106102
228.35483396490727 0.20292486250400543 0.9876051545143127 0.9019912481307983 0.134480819106102
228.58920896490727 0.20292486250400543 0.9876051545143127 0.9025018215179443 0.134480819106102
229.05795896490724 0.20292486250400543 0.9876051545143127 0.9034642577171326 0.134480819106102
229.76108396490721 0.20292486250400543 0.9876051545143127 0.9047769904136658 0.134480819106102
230.4642089649072 0.20292486250400543 0.9876051545143127 0.905954122543335 0.134480819106102
231.16733396490716 0.20292486250400543 0.9876051545143127 0.9070156216621399 0.134480819106102
231.87045896490713 0.20292486250400543 0.9876051545143127 0.907977819442749 0.134480819106102
232.33920896490713 0.20292486250400543 0.9876051545143127 0.9085709452629089 0.134480819106102
233.74545896490707 0.20292486250400543 0.9876051545143127 0.9101535677909851 0.134480819106102
234.44858396490704 0.20292486250400543 0.9876051545143127 0.9108507633209229 0.134480819106102
236.32358396490696 0.20292486250400543 0.9876051545143127 0.9124664068222046 0.134480819106102
237.02670896490693 0.20292486250400543 0.9876051545143127 0.9129960536956787 0.134480819106102
239.83920896490682 0.20292486250400543 0.9876051545143127 0.9147975444793701 0.134480819106102
239.99999999999997 0.20292486250400543 0.9876051545143127 0.9148880839347839 0.134480819106102
