time a b c w1 w2
0.0 0.0 0.0 0.0 0.0 0.0
1.757812428601624e-06 1.757988202426422e-23 1.0832566022872925 1.0832566022872925 1.757988202426422e-23 1.757988202426422e-23
1.7648476783160305e-06 1.7650242106122693e-23 1.0055341720581055 1.0055341720581055 1.7650242106122693e-23 1.7650242106122693e-23
1.7789181777448437e-06 1.7790960692117828e-23 0.9905999898910522 0.9905999898910522 1.7790960692117828e-23 1.7790960692117828e-23
1.8070591766024704e-06 1.8072399441829907e-23 0.984626293182373 0.984626293182373 1.8072399441829907e-23 1.8072399441829907e-23
0.00013281055255599797 1.3282383013875093e-21 0.984626293182373 0.984626293182373 1.3282383013875093e-21 1.3282383013875093e-21
0.00026381985277929004 2.6384624023353322e-21 0.984626293182373 0.984626293182373 2.6384624023353322e-21 2.6384624023353322e-21
0.0005258384532258742 5.258910200334195e-21 0.984626293182373 0.984626293182373 -5.938701974628202e-09 -5.938701974628202e-09
0.001 1.0000999731091105e-20 0.984626293182373 0.984626293182373 -3.337132881142679e-08 -3.337132881142679e-08
29.999999999999996 3.000300019364487e-16 0.984626293182373 0.984626293182373 -3.3371467367260266e-08 -3.3371467367260266e-08
30.000099999999996 3.0003100778807355e-16 0.984626293182373 0.984626293182373 -3.335610898602681e-08 -3.335610898602681e-08
30.0003 3.0003299302154367e-16 0.984626293182373 0.984626293182373 -3.334094245133201e-08 -3.334094245133201e-08
30.0007 3.0003698995826353e-16 0.984626293182373 0.984626293182373 -3.333292397655896e-08 -3.333292397655896e-08
30.000822963578262 3.000382340379048e-16 0.984626293182373 0.984626293182373 -3.333187947873739e-08 -3.333187947873739e-08
30.000893956813858 4.893691007978873e-10 0.984626293182373 0.984626293182373 -2.87374071206159e-08 -3.333155262907894e-08
30.000929659341377 2.9126550060709633e-09 0.984626293182373 0.984626293182373 -1.884038480781669e-09 -3.333155262907894e-08
30.000951059801338 1.16266098970641e-08 0.984626293182373 0.984626293182373 1.0997981547689051e-07 -3.333155262907894e-08
30.000980834591456 4.431364075685451e-08 0.984626293182373 0.984626293182373 5.533673288482532e-07 -3.333155262907894e-08
30.001 8.05317839080999e-08 0.984626293182373 0.984626293182373 1.0583988796497579e-06 -3.333155262907894e-08
30.353948144932012 0.0011176905827596784 0.984626293182373 0.984626293182373 0.01650131121277809 -3.333155262907894e-08
30.706896289864016 0.002173141110688448 0.984626293182373 0.984626293182373 0.03262457996606827 -3.333155262907894e-08
31.234240039864016 0.003699537832289934 0.984626293182373 0.984626293182373 0.05640125274658203 -3.333155262907894e-08
31.761583789864016 0.005120506975799799 0.984626293182373 0.984626293182373 0.0795092061161995 -3.333155262907894e-08
32.28892753986401 0.006424008868634701 0.984626293182373 0.984626293182373 0.1018500030040741 -3.333155262907894e-08
32.81627128986401 0.007615663111209869 0.984626293182373 0.984626293182373 0.12343363463878632 -3.333155262907894e-08
33.34361503986401 0.008714953437447548 0.984626293182373 0.984626293182373 0.144370436668396 -3.333155262907894e-08
34.13463066486401 0.010198396630585194 0.984626293182373 0.984626293182373 0.17456549406051636 -3.333155262907894e-08
34.925646289864005 0.011470071971416473 0.984626293182373 0.984626293182373 0.20313020050525665 -3.333155262907894e-08
35.277208789864005 0.011982029303908348 0.984626293182373 0.984626293182373 0.2153957337141037 -3.333155262907894e-08
35.804552539864005 0.012712863273918629 0.984626293182373 0.984626293182373 0.23348058760166168 -3.333155262907894e-08
35.980333789864005 0.012939239852130413 0.984626293182373 0.984626293182373 0.2393602579832077 -3.333155262907894e-08
36.331896289864005 0.01337473001331091 0.984626293182373 0.984626293182373 0.25096800923347473 -3.333155262907894e-08
36.859240039864005 0.013993646949529648 0.984626293182373 0.984626293182373 0.2680678367614746 -3.333155262907894e-08
37.386583789864005 0.014541824348270893 0.984626293182373 0.984626293182373 0.2845025062561035 -3.333155262907894e-08
37.913927539864 0.015022646635770798 0.984626293182373 0.984626293182373 0.3002678155899048 -3.333155262907894e-08
38.880724414864 0.01576320454478264 0.984626293182373 0.984626293182373 0.32766616344451904 -3.333155262907894e-08
39.847521289864 0.016341866925358772 0.984626293182373 0.984626293182373 0.35315611958503723 -3.333155262907894e-08
40.726427539864 0.01675795391201973 0.984626293182373 0.984626293182373 0.374891459941864 -3.333155262907894e-08
41.51744316486399 0.01705962046980858 0.984626293182373 0.984626293182373 0.39337438344955444 -3.333155262907894e-08
42.30845878986399 0.01728864386677742 0.984626293182373 0.984626293182373 0.4106520116329193 -3.333155262907894e-08
42.66002128986399 0.01737755909562111 0.984626293182373 0.984626293182373 0.41809797286987305 -3.333155262907894e-08
43.18736503986399 0.017495926469564438 0.984626293182373 0.984626293182373 0.42896655201911926 -3.333155262907894e-08
43.71470878986399 0.017601680010557175 0.984626293182373 0.984626293182373 0.4395740330219269 -3.333155262907894e-08
44.242052539863984 0.017689138650894165 0.984626293182373 0.984626293182373 0.44976237416267395 -3.333155262907894e-08
45.120958789863984 0.017794903367757797 0.984626293182373 0.984626293182373 0.46569907665252686 -3.333155262907894e-08
45.472521289863984 0.01782749593257904 0.984626293182373 0.984626293182373 0.4717862606048584 -3.333155262907894e-08
46.263536914863984 0.017889443784952164 0.984626293182373 0.984626293182373 0.48508191108703613 -3.333155262907894e-08
47.054552539863984 0.01792893186211586 0.984626293182373 0.984626293182373 0.49746546149253845 -3.333155262907894e-08
47.75767753986398 0.017951155081391335 0.984626293182373 0.984626293182373 0.5078074932098389 -3.333155262907894e-08
47.93345878986398 0.017955567687749863 0.984626293182373 0.984626293182373 0.5103201270103455 -3.333155262907894e-08
48.10924003986398 0.01795942708849907 0.984626293182373 0.984626293182373 0.5127933025360107 -3.333155262907894e-08
48.28502128986398 0.017962774261832237 0.984626293182373 0.984626293182373 0.5152270197868347 -3.333155262907894e-08
48.98814628986398 0.01797202043235302 0.984626293182373 0.984626293182373 0.5245795249938965 -3.333155262907894e-08
49.69127128986398 0.017976609990000725 0.984626293182373 0.984626293182373 0.5333659052848816 -3.333155262907894e-08
49.86705253986398 0.017977438867092133 0.984626293182373 0.984626293182373 0.5355143547058105 -3.333155262907894e-08
50.39439628986398 0.017979543656110764 0.984626293182373 0.984626293182373 0.5418739914894104 -3.333155262907894e-08
50.92174003986397 0.01798059232532978 0.984626293182373 0.984626293182373 0.5479565262794495 -3.333155262907894e-08
52.06431816486397 0.01798131875693798 0.984626293182373 0.984626293182373 0.5603894591331482 -3.333155262907894e-08
53.20689628986397 0.01798132061958313 0.984626293182373 0.984626293182373 0.5716460943222046 -3.333155262907894e-08
53.73424003986397 0.01798132061958313 0.984626293182373 0.984626293182373 0.5765752792358398 -3.333155262907894e-08
55.49205253986396 0.01798132061958313 0.984626293182373 0.984626293182373 0.5917978286743164 -3.333155262907894e-08
56.28306816486396 0.01798132061958313 0.984626293182373 0.984626293182373 0.5979644060134888 -3.333155262907894e-08
57.07408378986396 0.01798132061958313 0.984626293182373 0.984626293182373 0.6039459705352783 -3.333155262907894e-08
57.601427539863955 0.01798132061958313 0.984626293182373 0.984626293182373 0.6077476739883423 -3.333155262907894e-08
58.128771289863955 0.01798132061958313 0.984626293182373 0.984626293182373 0.6115214824676514 -3.333155262907894e-08
59.886583789863955 0.01798132061958313 0.984626293182373 0.984626293182373 0.6230877637863159 -3.333155262907894e-08
59.99999999999999 0.01798132061958313 0.984626293182373 0.984626293182373 0.6237835884094238 -3.333155262907894e-08
60.000099999999996 0.01798132061958313 0.984626293182373 0.984626293182373 0.6237841248512268 -3.333155262907894e-08
60.000299999999996 0.01798132061958313 0.984626293182373 0.984626293182373 0.6237836480140686 -3.333155262907894e-08
60.000699999999995 0.01798132061958313 0.984626293182373 0.9846261143684387 0.6237782835960388 -3.333155262907894e-08
60.001000000000005 0.01798132061958313 0.984626293182373 0.9846257567405701 0.6237727999687195 -3.333155262907894e-08
60.34058125000147 0.01798132061958313 0.984626293182373 0.9820448160171509 0.6237727999687195 -3.333155262907894e-08
60.680162500002936 0.01798132061958313 0.984626293182373 0.9791843295097351 0.6237727999687195 -3.333155262907894e-08
61.207506250002936 0.01798132061958313 0.984626293182373 0.9740850925445557 0.6237727999687195 -3.333155262907894e-08
62.17430312500293 0.01798132061958313 0.984626293182373 0.9619895219802856 0.6237727999687195 -3.333155262907894e-08
63.14110000000293 0.01798132061958313 0.984626293182373 0.9448918104171753 0.6237727999687195 -3.333155262907894e-08
63.66844375000293 0.01798132061958313 0.984626293182373 0.9327245950698853 0.6237727999687195 -3.333155262907894e-08
64.56932265625292 0.01798132061958313 0.984626293182373 0.9058535099029541 0.6237727999687195 -3.333155262907894e-08
65.42625625000292 0.01798132061958313 0.984626293182373 0.8713962435722351 0.6237727999687195 -3.333155262907894e-08
66.28318984375294 0.01798132061958313 0.984626293182373 0.8271622061729431 0.6237727999687195 -3.333155262907894e-08
66.63475234375294 0.01798132061958313 0.984626293182373 0.8059865236282349 0.6237727999687195 -3.333155262907894e-08
66.98631484375292 0.01798132061958313 0.984626293182373 0.7830585241317749 0.6237727999687195 -3.333155262907894e-08
67.51365859375292 0.01798132061958313 0.984626293182373 0.7454578876495361 0.6237727999687195 -3.333155262907894e-08
68.04100234375292 0.01798132061958313 0.984626293182373 0.704120934009552 0.6237727999687195 -3.333155262907894e-08
68.56834609375292 0.01798132061958313 0.984626293182373 0.6593043208122253 0.6237727999687195 -3.333155262907894e-08
69.09568984375292 0.01798132061958313 0.984626293182373 0.6113073229789734 0.6237727999687195 -3.333155262907894e-08
69.62303359375292 0.01798132061958313 0.984626293182373 0.5604409575462341 0.6237727999687195 -3.333155262907894e-08
70.15037734375292 0.01798132061958313 0.984626293182373 0.5068737268447876 0.6237727999687195 -3.333155262907894e-08
70.67772109375292 0.01798132061958313 0.984626293182373 0.4510076940059662 0.6237727999687195 -3.333155262907894e-08
71.20506484375292 0.01798132061958313 0.984626293182373 0.39304953813552856 0.6237727999687195 -3.333155262907894e-08
71.73240859375292 0.01798132061958313 0.984626293182373 0.3330926299095154 0.6237727999687195 -3.333155262907894e-08
72.25975234375292 0.01798132061958313 0.984626293182373 0.2715047001838684 0.6237727999687195 -3.333155262907894e-08
72.78709609375292 0.01798132061958313 0.984626293182373 0.20843631029129028 0.6237727999687195 -3.333155262907894e-08
73.13865859375292 0.01798132061958313 0.984626293182373 0.1657407432794571 0.6237727999687195 -3.333155262907894e-08
73.66600234375291 0.01798132061958313 0.984626293182373 0.10190795361995697 0.6237727999687195 -3.333155262907894e-08
73.84178359375291 0.01798132061958313 0.984626293182373 0.08141715824604034 0.6237727999687195 -3.333155262907894e-08
74.01756484375291 0.01798132061958313 0.984626293182373 0.06195724010467529 0.6237727999687195 -3.333155262907894e-08
74.19334609375291 0.01798132061958313 0.984626293182373 0.044109638780355453 0.6237727999687195 -3.333155262907894e-08
74.36912734375291 0.01798132061958313 0.984626293182373 0.02843538299202919 0.6237727999687195 -3.333155262907894e-08
74.54490859375291 0.01798132061958313 0.984626293182373 0.015278519131243229 0.6237727999687195 -3.333155262907894e-08
74.72068984375291 0.01798132061958313 0.984626293182373 0.004328001756221056 0.6237727999687195 -3.333155262907894e-08
74.79385031391494 0.01798132061958313 0.984626293182373 0.0006774969515390694 0.6237727999687195 -3.333155262907894e-08
74.81636347523258 0.01798132061958313 0.984626293182373 5.988522752886638e-05 0.6237727999687195 -3.333155262907894e-08
74.82615262588453 0.01798132061958313 0.984626293182373 -3.3380530339854886e-08 0.6237727999687195 -3.333155262907894e-08
89.99999999999999 0.01798132061958313 0.984626293182373 -3.339315668426934e-08 0.6237727999687195 -3.333155262907894e-08
90.0001 0.01798132061958313 0.984626293182373 -3.337307674655676e-08 0.6237727999687195 -3.333155262907894e-08
90.0003 0.01798132061958313 0.984626293182373 -3.33511671612996e-08 0.6237727999687195 -3.333155262907894e-08
90.00048386165416 0.01798132061958313 0.984626293182373 -2.466017257063413e-08 0.6237735152244568 -3.333155262907894e-08
90.00085158496249 0.01798132061958313 0.984626293182373 1.8751753927404025e-08 0.6237771511077881 -3.333155262907894e-08
90.001 0.01798132061958313 0.984626293182373 3.9769524562416336e-08 0.6237789392471313 -3.333155262907894e-08
119.99999999999999 0.01798132061958313 0.984626293182373 3.9769524562416336e-08 0.6237789392471313 -3.333155262907894e-08
120.0001 0.01798132061958313 0.984626293182373 3.9769524562416336e-08 0.6237789392471313 -3.333155262907894e-08
120.0003 0.01798132061958313 0.984626293182373 3.9769524562416336e-08 0.6237789392471313 -3.333155262907894e-08
120.0004004002293 0.01798132061958313 0.984626293182373 3.9769524562416336e-08 0.6237789392471313 -3.333155262907894e-08
120.00046059274189 0.01798132061958313 0.984626293182373 3.9769524562416336e-08 0.6237789392471313 -3.333155262907894e-08
120.0004969128652 0.01798132061958313 0.984626293182373 3.9769524562416336e-08 0.6237789392471313 -3.333155262907894e-08
120.00056955311183 0.01798122376203537 0.984626293182373 3.9769524562416336e-08 0.6237789392471313 1.1216410911174535e-07
120.00060782339624 0.01798093318939209 0.984626293182373 3.9769524562416336e-08 0.6237789392471313 5.067541337666626e-07
120.00064616565982 0.01798034831881523 0.984626293182373 3.9769524562416336e-08 0.6237789392471313 1.2224289775986108e-06
120.00070035525403 0.01797916367650032 0.984626293182373 3.9769524562416336e-08 0.6237789392471313 2.180485125791165e-06
120.00076528011415 0.01797717809677124 0.984626293182373 3.9769524562416336e-08 0.6237789392471313 3.0096175578364637e-06
120.00089512983443 0.01797211356461048 0.984626293182373 1.953694983569676e-08 0.6237789392471313 4.18722538597649e-06
120.0009654753511 0.017968345433473587 0.984626293182373 3.89179916737703e-07 0.6237789392471313 4.5781407607137226e-06
120.00098925674256 0.01796679198741913 0.984626293182373 1.0169979987040279e-06 0.6237789392471313 4.673997409554431e-06
120.001 0.017966054379940033 0.984626293182373 1.4354865243149106e-06 0.6237789392471313 4.71328667117632e-06
120.08336814688043 0.012451655231416225 0.984626293182373 0.0039467657916247845 0.6237789392471313 0.00028142204973846674
120.16573629376087 0.00753023661673069 0.984626293182373 0.007862331345677376 0.6237789392471313 0.0005530815687961876
120.25685202461175 0.002532448386773467 0.984626293182373 0.012173178605735302 0.6237789392471313 0.0008501302218064666
120.3005600673207 0.00044692237861454487 0.984626293182373 0.014234613627195358 0.6237789392471313 0.0009915379341691732
120.3140360758516 1.3053207112534437e-05 0.984626293182373 0.014869794249534607 0.6237789392471313 0.0010350699303671718
120.32115349478998 -5.827308996231295e-06 0.984626293182373 0.015205657109618187 0.6237789392471313 0.0010581269161775708
120.32827091372837 -3.338045218015395e-08 0.984626293182373 0.015541359782218933 0.6237789392471313 0.0010811570100486279
120.69157159798542 -3.338045218015395e-08 0.984626293182373 0.03240082040429115 0.6237789392471313 0.0022108142729848623
121.05487228224244 -3.338045218015395e-08 0.984626293182373 0.04900643602013588 0.6237789392471313 0.0032986272126436234
121.58221603224244 -3.338045218015395e-08 0.984626293182373 0.07261238247156143 0.6237789392471313 0.004798015579581261
122.10955978224244 -3.338045218015395e-08 0.984626293182373 0.09543413668870926 0.6237789392471313 0.006174683105200529
122.46112228224247 -3.338045218015395e-08 0.984626293182373 0.11021725833415985 0.6237789392471313 0.007027026265859604
122.8126847822425 -3.338045218015395e-08 0.984626293182373 0.12465904653072357 0.6237789392471313 0.007829055190086365
123.34002853224254 -3.338045218015395e-08 0.984626293182373 0.14578819274902344 0.6237789392471313 0.008955459110438824
123.69159103224256 -3.338045218015395e-08 0.984626293182373 0.1595326066017151 0.6237789392471313 0.009658670984208584
124.30682540724261 -3.338045218015395e-08 0.984626293182373 0.18278850615024567 0.6237789392471313 0.01078171655535698
124.92205978224266 -3.338045218015395e-08 0.984626293182373 0.20504653453826904 0.6237789392471313 0.011775786057114601
125.27362228224268 -3.338045218015395e-08 0.984626293182373 0.21740779280662537 0.6237789392471313 0.012299318797886372
126.15252853224274 -3.338045218015395e-08 0.984626293182373 0.24740633368492126 0.6237789392471313 0.013501068577170372
126.32830978224275 -3.338045218015395e-08 0.984626293182373 0.2532353103160858 0.6237789392471313 0.013721609488129616
126.50409103224277 -3.338045218015395e-08 0.984626293182373 0.25903695821762085 0.6237789392471313 0.013939096592366695
126.8556535322428 -3.338045218015395e-08 0.984626293182373 0.27044570446014404 0.6237789392471313 0.01435268297791481
127.38299728224284 -3.338045218015395e-08 0.984626293182373 0.28698092699050903 0.6237789392471313 0.014911326579749584
127.91034103224288 -3.338045218015395e-08 0.984626293182373 0.30283746123313904 0.6237789392471313 0.015401091426610947
128.2619035322429 -3.338045218015395e-08 0.984626293182373 0.3130757808685303 0.6237789392471313 0.015695497393608093
128.61346603224294 -3.338045218015395e-08 0.984626293182373 0.32310518622398376 0.6237789392471313 0.015970643609762192
130.01971603224302 -3.338045218015395e-08 0.984626293182373 0.36049196124076843 0.6237789392471313 0.016838643699884415
130.37127853224305 -3.338045218015395e-08 0.984626293182373 0.3693242073059082 0.6237789392471313 0.01701498031616211
130.8986222822431 -3.338045218015395e-08 0.984626293182373 0.3822040855884552 0.6237789392471313 0.01725335419178009
131.51385665724314 -3.338045218015395e-08 0.984626293182373 0.3965066373348236 0.6237789392471313 0.017483167350292206
132.1290910322432 -3.338045218015395e-08 0.984626293182373 0.4100790321826935 0.6237789392471313 0.017668768763542175
132.48065353224322 -3.338045218015395e-08 0.984626293182373 0.4176516532897949 0.6237789392471313 0.017764432355761528
133.00799728224325 -3.338045218015395e-08 0.984626293182373 0.42870065569877625 0.6237789392471313 0.017891839146614075
133.35955978224328 -3.338045218015395e-08 0.984626293182373 0.4359179437160492 0.6237789392471313 0.01796921342611313
133.7111222822433 -3.338045218015395e-08 0.984626293182373 0.4429819881916046 0.6237789392471313 0.01803945004940033
134.06268478224334 -3.338045218015395e-08 0.984626293182373 0.4498246908187866 0.6237789392471313 0.01809985190629959
134.59002853224337 -3.338045218015395e-08 0.984626293182373 0.45968666672706604 0.6237789392471313 0.018174197524785995
134.9415910322434 -3.338045218015395e-08 0.984626293182373 0.46600282192230225 0.6237789392471313 0.01821432262659073
135.11737228224342 -3.338045218015395e-08 0.984626293182373 0.4690974950790405 0.6237789392471313 0.01823224127292633
135.29315353224342 -3.338045218015395e-08 0.984626293182373 0.4721790552139282 0.6237789392471313 0.01824970729649067
135.82049728224348 -3.338045218015395e-08 0.984626293182373 0.4812717139720917 0.6237789392471313 0.018297549337148666
136.87518478224354 -3.338045218015395e-08 0.984626293182373 0.49821022152900696 0.6237789392471313 0.018360141664743423
137.22674728224356 -3.338045218015395e-08 0.984626293182373 0.5035257935523987 0.6237789392471313 0.018373779952526093
138.01776290724362 -3.338045218015395e-08 0.984626293182373 0.5150116086006165 0.6237789392471313 0.018396496772766113
138.8087785322437 -3.338045218015395e-08 0.984626293182373 0.5257001519203186 0.6237789392471313 0.018408648669719696
139.1603410322437 -3.338045218015395e-08 0.984626293182373 0.530207097530365 0.6237789392471313 0.01841174066066742
139.51190353224374 -3.338045218015395e-08 0.984626293182373 0.5346224904060364 0.6237789392471313 0.018414124846458435
139.86346603224376 -3.338045218015395e-08 0.984626293182373 0.5390039682388306 0.6237789392471313 0.01841629669070244
140.39080978224382 -3.338045218015395e-08 0.984626293182373 0.5453347563743591 0.6237789392471313 0.01841830462217331
140.91815353224385 -3.338045218015395e-08 0.984626293182373 0.5514250993728638 0.6237789392471313 0.018419353291392326
141.6212785322439 -3.338045218015395e-08 0.984626293182373 0.5591852068901062 0.6237789392471313 0.018419934436678886
142.32440353224396 -3.338045218015395e-08 0.984626293182373 0.5664664506912231 0.6237789392471313 0.018420010805130005
142.851747282244 -3.338045218015395e-08 0.984626293182373 0.571633517742157 0.6237789392471313 0.018420008942484856
143.37909103224405 -3.338045218015395e-08 0.984626293182373 0.5766704082489014 0.6237789392471313 0.018420008942484856
143.90643478224408 -3.338045218015395e-08 0.984626293182373 0.5815864205360413 0.6237789392471313 0.018420008942484856
144.4337785322441 -3.338045218015395e-08 0.984626293182373 0.5862775444984436 0.6237789392471313 0.018420008942484856
144.78534103224413 -3.338045218015395e-08 0.984626293182373 0.5892858505249023 0.6237789392471313 0.018420008942484856
145.4884660322442 -3.338045218015395e-08 0.984626293182373 0.595032811164856 0.6237789392471313 0.018420008942484856
146.19159103224425 -3.338045218015395e-08 0.984626293182373 0.6006020903587341 0.6237789392471313 0.018420008942484856
146.8947160322443 -3.338045218015395e-08 0.984626293182373 0.6059417724609375 0.6237789392471313 0.018420008942484856
147.59784103224436 -3.338045218015395e-08 0.984626293182373 0.6111226081848145 0.6237789392471313 0.018420008942484856
148.1251847822444 -3.338045218015395e-08 0.984626293182373 0.6148791313171387 0.6237789392471313 0.018420008942484856
149.0625923911222 -3.338033849331623e-08 0.984626293182373 0.6211539506912231 0.6237789392471313 0.018420008942484856
150.0 -3.338134035857365e-08 0.984626293182373 0.6269674301147461 0.6237789392471313 0.018420008942484856
150.0001 -3.336177911705818e-08 0.984626293182373 0.6269681453704834 0.6237789392471313 0.018420008942484856
150.0003 -3.3342743677167164e-08 0.984626293182373 0.6269695162773132 0.6237779855728149 0.018419938161969185
150.0007 -3.3332547388909006e-08 0.984626293182373 0.6269716024398804 0.623772144317627 0.018419262021780014
150.00084033354128 -3.3331037485595516e-08 0.984626293182373 0.626971960067749 0.6237672567367554 0.01841801591217518
150.001 -3.333020615059468e-08 0.984626293182373 0.626971960067749 0.6237586736679077 0.0184150580316782
150.1722882949565 0.0014591952785849571 0.984626293182373 0.626971960067749 0.610620379447937 0.011584466323256493
150.343576589913 0.00291505828499794 0.984626293182373 0.626971960067749 0.5972462296485901 0.005598743911832571
150.519357839913 0.004406936466693878 0.984626293182373 0.626971960067749 0.5833720564842224 0.0004238494439050555
150.55230282619493 0.004686181899160147 0.984626293182373 0.626971960067749 0.580748975276947 -3.336275256060617e-08
150.59847487906265 0.0050771418027579784 0.984626293182373 0.626971960067749 0.5770502090454102 -3.336284493116182e-08
150.73586409630653 0.006238717120140791 0.984626293182373 0.626971960067749 0.5659650564193726 -3.3363086515691975e-08
151.08742659630656 0.009202327579259872 0.984626293182373 0.626971960067749 0.5371003746986389 -3.336396048325696e-08
151.26320784630659 0.01067928783595562 0.984626293182373 0.626971960067749 0.5223707556724548 -3.3364358387188986e-08
151.6147703463066 0.013623139820992947 0.984626293182373 0.626971960067749 0.49239763617515564 -3.33650262973606e-08
152.14211409630664 0.01801382377743721 0.984626293182373 0.626971960067749 0.4463787078857422 -3.336588250135719e-08
152.49367659630667 0.02092425897717476 0.984626293182373 0.626971960067749 0.4149824380874634 -3.3366461593686836e-08
153.0210203463067 0.025264963507652283 0.984626293182373 0.626971960067749 0.3668597340583801 -3.336733200853814e-08
153.37258284630673 0.028142176568508148 0.984626293182373 0.626971960067749 0.3341076374053955 -3.336786491558996e-08
153.89992659630678 0.03243320807814598 0.984626293182373 0.626971960067749 0.2841866910457611 -3.3368444007919607e-08
154.07570784630678 0.03385695815086365 0.984626293182373 0.626971960067749 0.26736173033714294 -3.336866427616769e-08
154.2514890963068 0.03527741879224777 0.984626293182373 0.626971960067749 0.2504286766052246 -3.336891296612521e-08
154.4272703463068 0.03669458627700806 0.984626293182373 0.626971960067749 0.23338383436203003 -3.3369154550655367e-08
154.95461409630684 0.04092641919851303 0.984626293182373 0.626971960067749 0.18172284960746765 -3.3369751406553405e-08
155.4819578463069 0.045128822326660156 0.984626293182373 0.626971960067749 0.12967075407505035 -3.337032694616937e-08
155.83352034630693 0.04791412875056267 0.984626293182373 0.626971960067749 0.09553487598896027 -3.337057563612689e-08
156.00930159630693 0.049301911145448685 0.984626293182373 0.626971960067749 0.07901110500097275 -3.337073906095611e-08
156.18508284630695 0.05068644881248474 0.984626293182373 0.626971960067749 0.06319279968738556 -3.3370902485785336e-08
156.36086409630695 0.05206774175167084 0.984626293182373 0.626971960067749 0.04843208193778992 -3.337104814704617e-08
156.53664534630698 0.05344580113887787 0.984626293182373 0.626971960067749 0.03503767028450966 -3.3371172492024925e-08
156.71242659630698 0.054820626974105835 0.984626293182373 0.626971960067749 0.023244373500347137 -3.337127907343529e-08
156.888207846307 0.05619223043322563 0.984626293182373 0.626971960067749 0.013160145841538906 -3.337136789127726e-08
157.063989096307 0.05756102502346039 0.984626293182373 0.626971960067749 0.004546543583273888 -3.3371442498264514e-08
157.14897031047198 0.0582217313349247 0.984626293182373 0.626971960067749 0.0010337451240047812 -3.3371467367260266e-08
157.1813373294797 0.058473121374845505 0.984626293182373 0.626971960067749 7.309029751922935e-05 -3.3371470919973945e-08
157.18791954196138 0.058524224907159805 0.984626293182373 0.626971960067749 -3.3371470919973945e-08 -3.3371470919973945e-08
160.01682567252337 0.08006976544857025 0.984626293182373 0.626971960067749 -3.3371470919973945e-08 -3.3371470919973945e-08
162.84573180308539 0.10080244392156601 0.984626293182373 0.626971960067749 -3.3371470919973945e-08 -3.3371470919973945e-08
163.0215130530854 0.10206428170204163 0.984626293182373 0.626971960067749 -3.3371470919973945e-08 -3.3371470919973945e-08
163.1972943030854 0.1033230572938919 0.984626293182373 0.626971960067749 -3.3371470919973945e-08 -3.3371470919973945e-08
163.37307555308544 0.10457877814769745 0.984626293182373 0.626971960067749 -3.3371470919973945e-08 -3.3371470919973945e-08
164.1640911780855 0.11019174009561539 0.984626293182373 0.626971960067749 -3.3371470919973945e-08 -3.3371470919973945e-08
164.95510680308556 0.11574327200651169 0.984626293182373 0.626971960067749 -3.3371470919973945e-08 -3.3371470919973945e-08
168.2949505530858 0.13851572573184967 0.984626293182373 0.626971960067749 -3.3371470919973945e-08 -3.3371470919973945e-08
171.63479430308604 0.1602344512939453 0.984626293182373 0.626971960067749 -3.3371470919973945e-08 -3.3371470919973945e-08
171.81057555308607 0.16134901344776154 0.984626293182373 0.626971960067749 -3.3371470919973945e-08 -3.3371470919973945e-08
171.98635680308607 0.16246075928211212 0.984626293182373 0.626971960067749 -3.3371470919973945e-08 -3.3371470919973945e-08
172.1621380530861 0.16356968879699707 0.984626293182373 0.626971960067749 -3.3371470919973945e-08 -3.3371470919973945e-08
176.90823180308644 0.1924671232700348 0.984626293182373 0.626971960067749 -3.3371470919973945e-08 -3.3371470919973945e-08
177.4355755530865 0.1955561637878418 0.984626293182373 0.626971960067749 -3.3371470919973945e-08 -3.3371470919973945e-08
179.89651305308666 0.20965924859046936 0.984626293182373 0.626971960067749 -3.3371470919973945e-08 -3.3371470919973945e-08
179.99999999999997 0.21024152636528015 0.984626293182373 0.626971960067749 -3.3371470919973945e-08 -3.3371470919973945e-08
