time a b c w1 w2
0.0 0.0 0.0 0.0 0.0 0.0
1.757812428601624e-06 1.757988202426422e-23 1.0832566022872925 1.0832566022872925 1.757988202426422e-23 1.757988202426422e-23
1.7648476783160305e-06 1.7650242106122693e-23 1.0055341720581055 1.0055341720581055 1.7650242106122693e-23 1.7650242106122693e-23
1.7789181777448437e-06 1.7790960692117828e-23 0.9905999898910522 0.9905999898910522 1.7790960692117828e-23 1.7790960692117828e-23
1.8070591766024704e-06 1.8072399441829907e-23 0.984626293182373 0.984626293182373 1.8072399441829907e-23 1.8072399441829907e-23
0.00013281055255599797 1.3282383013875093e-21 0.984626293182373 0.984626293182373 1.3282383013875093e-21 1.3282383013875093e-21
0.00026381985277929004 2.6384624023353322e-21 0.984626293182373 0.984626293182373 2.6384624023353322e-21 2.6384624023353322e-21
0.0005258384532258742 5.258910200334195e-21 0.984626293182373 0.984626293182373 -5.940966385509228e-09 -5.940966385509228e-09
0.001 1.0000999731091105e-20 0.984626293182373 0.984626293182373 -3.3384054631824256e-08 -3.3384054631824256e-08
29.999999999999996 3.000300019364487e-16 0.984626293182373 0.984626293182373 -3.338419674037141e-08 -3.338419674037141e-08
30.000099999999996 3.0003100778807355e-16 0.984626293182373 0.984626293182373 -3.336372245144048e-08 -3.336372245144048e-08
30.0003 3.0003299302154367e-16 0.984626293182373 0.984626293182373 -3.334349685246707e-08 -3.334349685246707e-08
30.0007 4.165950917567329e-11 0.984626293182373 0.984626293182373 -3.3332792526152843e-08 -3.3332792526152843e-08
30.00082296343418 2.927619391357439e-08 0.984626293182373 0.984626293182373 -2.144594013486767e-08 -3.333140341510443e-08
30.000893956479388 1.4018817751093593e-07 0.984626293182373 0.984626293182373 9.615697393883238e-08 -3.333096998403562e-08
30.000929770055023 3.0506623716064496e-07 0.984626293182373 0.984626293182373 3.038606450900261e-07 -3.333096998403562e-08
30.00095078219928 4.803391675523017e-07 0.984626293182373 0.984626293182373 5.369606128624582e-07 -3.333096998403562e-08
30.000964243410234 6.48846594231145e-07 0.984626293182373 0.984626293182373 8.755354770073609e-07 -3.333096998403562e-08
30.000986291836018 1.1244118240938406e-06 0.984626293182373 0.984626293182373 2.582512479420984e-06 -3.333096998403562e-08
30.001 1.5173924339251244e-06 0.984626293182373 0.984626293182373 4.235615051584318e-06 -3.333096998403562e-08
30.513186853212925 0.017035437747836113 0.984626293182373 0.984626293182373 0.07842694967985153 -3.333096998403562e-08
31.025373706425853 0.03319835662841797 0.984626293182373 0.984626293182373 0.15442122519016266 -3.333096998403562e-08
31.376936206425853 0.04374252259731293 0.984626293182373 0.984626293182373 0.20502954721450806 -3.333096998403562e-08
31.728498706425853 0.05387091636657715 0.984626293182373 0.984626293182373 0.2544485330581665 -3.333096998403562e-08
32.25584245642585 0.06814827769994736 0.984626293182373 0.984626293182373 0.3259177803993225 -3.333096998403562e-08
32.783186206425846 0.08127067238092422 0.984626293182373 0.984626293182373 0.3939681351184845 -3.333096998403562e-08
33.134748706425846 0.08940037339925766 0.984626293182373 0.984626293182373 0.4374627470970154 -3.333096998403562e-08
33.310529956425846 0.09324772655963898 0.984626293182373 0.984626293182373 0.4585391581058502 -3.333096998403562e-08
33.486311206425846 0.09693771600723267 0.984626293182373 0.984626293182373 0.4791235625743866 -3.333096998403562e-08
33.662092456425846 0.10047382116317749 0.984626293182373 0.984626293182373 0.4992208182811737 -3.333096998403562e-08
34.189436206425846 0.11014146357774734 0.984626293182373 0.984626293182373 0.5564674735069275 -3.333096998403562e-08
34.716779956425846 0.11849220842123032 0.984626293182373 0.984626293182373 0.6093066930770874 -3.333096998403562e-08
35.244123706425846 0.1254386603832245 0.984626293182373 0.984626293182373 0.6571940779685974 -3.333096998403562e-08
35.595686206425846 0.1292334496974945 0.984626293182373 0.984626293182373 0.685992956161499 -3.333096998403562e-08
35.771467456425846 0.13089674711227417 0.984626293182373 0.984626293182373 0.6994714140892029 -3.333096998403562e-08
35.94724870642584 0.13242578506469727 0.984626293182373 0.984626293182373 0.7123995423316956 -3.333096998403562e-08
36.12302995642584 0.13381844758987427 0.984626293182373 0.984626293182373 0.7247495651245117 -3.333096998403562e-08
36.47459245642584 0.13618527352809906 0.984626293182373 0.984626293182373 0.7475935816764832 -3.333096998403562e-08
37.17771745642584 0.13950969278812408 0.984626293182373 0.984626293182373 0.7864168882369995 -3.333096998403562e-08
37.88084245642584 0.14136457443237305 0.984626293182373 0.984626293182373 0.8167451620101929 -3.333096998403562e-08
38.49607683142584 0.14218631386756897 0.984626293182373 0.984626293182373 0.8373610377311707 -3.333096998403562e-08
39.11131120642583 0.1425790935754776 0.984626293182373 0.984626293182373 0.853634238243103 -3.333096998403562e-08
39.28709245642583 0.14264078438282013 0.984626293182373 0.984626293182373 0.8575923442840576 -3.333096998403562e-08
39.81443620642583 0.14274027943611145 0.984626293182373 0.984626293182373 0.8678103089332581 -3.333096998403562e-08
40.34177995642583 0.14277487993240356 0.984626293182373 0.984626293182373 0.8761732578277588 -3.333096998403562e-08
40.86912370642583 0.14278298616409302 0.984626293182373 0.984626293182373 0.8829864263534546 -3.333096998403562e-08
41.48435808142583 0.14278371632099152 0.984626293182373 0.984626293182373 0.8894109129905701 -3.333096998403562e-08
42.09959245642583 0.14278367161750793 0.984626293182373 0.984626293182373 0.8946307897567749 -3.333096998403562e-08
42.451154956425825 0.14278367161750793 0.984626293182373 0.984626293182373 0.897240936756134 -3.333096998403562e-08
42.978498706425825 0.14278367161750793 0.984626293182373 0.984626293182373 0.9006277918815613 -3.333096998403562e-08
43.857404956425825 0.14278367161750793 0.984626293182373 0.984626293182373 0.90526282787323 -3.333096998403562e-08
44.736311206425825 0.14278367161750793 0.984626293182373 0.984626293182373 0.9088735580444336 -3.333096998403562e-08
45.70310808142582 0.14278367161750793 0.984626293182373 0.984626293182373 0.9119973182678223 -3.333096998403562e-08
46.66990495642582 0.14278367161750793 0.984626293182373 0.984626293182373 0.9145798683166504 -3.333096998403562e-08
47.63670183142582 0.14278367161750793 0.984626293182373 0.984626293182373 0.9167017936706543 -3.333096998403562e-08
48.60349870642582 0.14278367161750793 0.984626293182373 0.984626293182373 0.9184276461601257 -3.333096998403562e-08
48.95506120642581 0.14278367161750793 0.984626293182373 0.984626293182373 0.9190078377723694 -3.333096998403562e-08
50.27342058142581 0.14278367161750793 0.984626293182373 0.984626293182373 0.9209149479866028 -3.333096998403562e-08
51.59177995642581 0.14278367161750793 0.984626293182373 0.984626293182373 0.9224315285682678 -3.333096998403562e-08
51.94334245642581 0.14278367161750793 0.984626293182373 0.984626293182373 0.9228086471557617 -3.333096998403562e-08
52.8222487064258 0.14278367161750793 0.984626293182373 0.984626293182373 0.9236891865730286 -3.333096998403562e-08
53.7011549564258 0.14278367161750793 0.984626293182373 0.984626293182373 0.9245039820671082 -3.333096998403562e-08
54.2284987064258 0.14278367161750793 0.984626293182373 0.984626293182373 0.9249666929244995 -3.333096998403562e-08
55.1074049564258 0.14278367161750793 0.984626293182373 0.984626293182373 0.9256656169891357 -3.333096998403562e-08
55.2831862064258 0.14278367161750793 0.984626293182373 0.984626293182373 0.9257957339286804 -3.333096998403562e-08
55.458967456425796 0.14278367161750793 0.984626293182373 0.984626293182373 0.9259228706359863 -3.333096998403562e-08
55.634748706425796 0.14278367161750793 0.984626293182373 0.984626293182373 0.926047146320343 -3.333096998403562e-08
56.162092456425796 0.14278367161750793 0.984626293182373 0.984626293182373 0.9264037609100342 -3.333096998403562e-08
56.689436206425796 0.14278367161750793 0.984626293182373 0.984626293182373 0.926737904548645 -3.333096998403562e-08
57.216779956425796 0.14278367161750793 0.984626293182373 0.984626293182373 0.9270516633987427 -3.333096998403562e-08
57.568342456425796 0.14278367161750793 0.984626293182373 0.984626293182373 0.9272505044937134 -3.333096998403562e-08
58.095686206425796 0.14278367161750793 0.984626293182373 0.984626293182373 0.9275525808334351 -3.333096998403562e-08
58.71092058142579 0.14278367161750793 0.984626293182373 0.984626293182373 0.9279026985168457 -3.333096998403562e-08
59.32615495642579 0.14278367161750793 0.984626293182373 0.984626293182373 0.9282293319702148 -3.333096998403562e-08
59.85349870642579 0.14278367161750793 0.984626293182373 0.984626293182373 0.9284927248954773 -3.333096998403562e-08
59.99999999999999 0.14278367161750793 0.984626293182373 0.984626293182373 0.928564190864563 -3.333096998403562e-08
60.000099999999996 0.14278367161750793 0.984626293182373 0.984626293182373 0.928564190864563 -3.333096998403562e-08
60.000299999999996 0.14278367161750793 0.984626293182373 0.9846262335777283 0.9285642504692078 -3.333096998403562e-08
60.000699999999995 0.14278367161750793 0.984626293182373 0.9846252799034119 0.9285642504692078 -3.333096998403562e-08
60.001000000000005 0.14278367161750793 0.984626293182373 0.9846231341362 0.9285642504692078 -3.333096998403562e-08
60.00156000000001 0.14278367161750793 0.984626293182373 0.9846129417419434 0.9285642504692078 -3.333096998403562e-08
60.002200000000016 0.14278367161750793 0.984626293182373 0.9846013784408569 0.9285642504692078 -3.333096998403562e-08
60.003480000000025 0.14278367161750793 0.984626293182373 0.9845781922340393 0.9285642504692078 -3.333096998403562e-08
60.00604000000004 0.14278367161750793 0.984626293182373 0.9845317006111145 0.9285642504692078 -3.333096998403562e-08
60.01116000000009 0.14278367161750793 0.984626293182373 0.9844383597373962 0.9285642504692078 -3.333096998403562e-08
60.021400000000185 0.14278367161750793 0.984626293182373 0.9842504262924194 0.9285642504692078 -3.333096998403562e-08
60.070040000000624 0.14278367161750793 0.984626293182373 0.9833293557167053 0.9285642504692078 -3.333096998403562e-08
60.11868000000106 0.14278367161750793 0.984626293182373 0.9823390245437622 0.9285642504692078 -3.333096998403562e-08
60.2006000000018 0.14278367161750793 0.984626293182373 0.9805839657783508 0.9285642504692078 -3.333096998403562e-08
60.26204000000235 0.14278367161750793 0.984626293182373 0.9791381359100342 0.9285642504692078 -3.333096998403562e-08
60.34396000000309 0.14278367161750793 0.984626293182373 0.9769991636276245 0.9285642504692078 -3.333096998403562e-08
60.83738984375456 0.14278367161750793 0.984626293182373 0.959850013256073 0.9285642504692078 -3.333096998403562e-08
61.01317109375456 0.14278367161750793 0.984626293182373 0.9513129591941833 0.9285642504692078 -3.333096998403562e-08
61.18895234375455 0.14278367161750793 0.984626293182373 0.941627562046051 0.9285642504692078 -3.333096998403562e-08
61.36473359375455 0.14278367161750793 0.984626293182373 0.9306324124336243 0.9285642504692078 -3.333096998403562e-08
61.54051484375455 0.14278367161750793 0.984626293182373 0.9183318614959717 0.9285642504692078 -3.333096998403562e-08
61.71629609375455 0.14278367161750793 0.984626293182373 0.90473872423172 0.9285642504692078 -3.333096998403562e-08
61.89207734375455 0.14278367161750793 0.984626293182373 0.8899328708648682 0.9285642504692078 -3.333096998403562e-08
62.06785859375455 0.14278367161750793 0.984626293182373 0.8740286231040955 0.9285642504692078 -3.333096998403562e-08
62.24363984375455 0.14278367161750793 0.984626293182373 0.8571187853813171 0.9285642504692078 -3.333096998403562e-08
62.41942109375455 0.14278367161750793 0.984626293182373 0.8393069505691528 0.9285642504692078 -3.333096998403562e-08
62.59520234375455 0.14278367161750793 0.984626293182373 0.8207026720046997 0.9285642504692078 -3.333096998403562e-08
62.77098359375455 0.14278367161750793 0.984626293182373 0.8013868927955627 0.9285642504692078 -3.333096998403562e-08
62.94676484375455 0.14278367161750793 0.984626293182373 0.7814251780509949 0.9285642504692078 -3.333096998403562e-08
63.12254609375455 0.14278367161750793 0.984626293182373 0.7608819603919983 0.9285642504692078 -3.333096998403562e-08
63.29832734375455 0.14278367161750793 0.984626293182373 0.7398169040679932 0.9285642504692078 -3.333096998403562e-08
63.47410859375455 0.14278367161750793 0.984626293182373 0.7182817459106445 0.9285642504692078 -3.333096998403562e-08
63.64988984375455 0.14278367161750793 0.984626293182373 0.6963302493095398 0.9285642504692078 -3.333096998403562e-08
63.82567109375455 0.14278367161750793 0.984626293182373 0.6740131974220276 0.9285642504692078 -3.333096998403562e-08
64.00145234375455 0.14278367161750793 0.984626293182373 0.6513602137565613 0.9285642504692078 -3.333096998403562e-08
64.35301484375455 0.14278367161750793 0.984626293182373 0.6051363945007324 0.9285642504692078 -3.333096998403562e-08
64.52879609375455 0.14278367161750793 0.984626293182373 0.5816166400909424 0.9285642504692078 -3.333096998403562e-08
64.88035859375455 0.14278367161750793 0.984626293182373 0.5339056253433228 0.9285642504692078 -3.333096998403562e-08
65.23192109375455 0.14278367161750793 0.984626293182373 0.485431045293808 0.9285642504692078 -3.333096998403562e-08
65.58348359375455 0.14278367161750793 0.984626293182373 0.4362702965736389 0.9285642504692078 -3.333096998403562e-08
65.93504609375455 0.14278367161750793 0.984626293182373 0.3865063190460205 0.9285642504692078 -3.333096998403562e-08
66.46238984375454 0.14278367161750793 0.984626293182373 0.31096357107162476 0.9285642504692078 -3.333096998403562e-08
66.98973359375454 0.14278367161750793 0.984626293182373 0.23449808359146118 0.9285642504692078 -3.333096998403562e-08
67.34129609375454 0.14278367161750793 0.984626293182373 0.1831771731376648 0.9285642504692078 -3.333096998403562e-08
67.86863984375454 0.14278367161750793 0.984626293182373 0.10675530135631561 0.9285642504692078 -3.333096998403562e-08
68.04442109375454 0.14278367161750793 0.984626293182373 0.0823972150683403 0.9285642504692078 -3.333096998403562e-08
68.22020234375454 0.14278367161750793 0.984626293182373 0.05962296947836876 0.9285642504692078 -3.333096998403562e-08
68.39598359375454 0.14278367161750793 0.984626293182373 0.03927489370107651 0.9285642504692078 -3.333096998403562e-08
68.57176484375454 0.14278367161750793 0.984626293182373 0.02209247089922428 0.9285642504692078 -3.333096998403562e-08
68.74754609375454 0.14278367161750793 0.984626293182373 0.008058983832597733 0.9285642504692078 -3.333096998403562e-08
68.85131491074245 0.14278367161750793 0.984626293182373 0.0014802226796746254 0.9285642504692078 -3.333096998403562e-08
68.8848488062398 0.14278367161750793 0.984626293182373 7.798717706464231e-05 0.9285642504692078 -3.333096998403562e-08
68.89030073733473 0.14278367161750793 0.984626293182373 -3.3388289466529386e-08 0.9285642504692078 -3.333096998403562e-08
89.99999999999999 0.14278367161750793 0.984626293182373 -3.337853726748108e-08 0.9285642504692078 -3.333096998403562e-08
90.0001 0.14278367161750793 0.984626293182373 -3.337146381454659e-08 0.9285642504692078 -3.333096998403562e-08
90.0003 0.14278367161750793 0.984626293182373 -3.3353966699678494e-08 0.9285642504692078 -3.333096998403562e-08
90.00047072353541 0.14278367161750793 0.984626293182373 -1.3894577044482048e-08 0.9285644292831421 -3.333096998403562e-08
90.00081217060625 0.14278367161750793 0.984626293182373 8.336126455787962e-08 0.9285652041435242 -3.333096998403562e-08
90.001 0.14278367161750793 0.984626293182373 1.4756076893718273e-07 0.9285656809806824 -3.333096998403562e-08
119.99999999999999 0.14278367161750793 0.984626293182373 1.4756076893718273e-07 0.9285656809806824 -3.333096643132194e-08
120.0001 0.14278367161750793 0.984626293182373 1.4756076893718273e-07 0.9285656809806824 -3.333096643132194e-08
120.0003 0.14278367161750793 0.984626293182373 1.4756076893718273e-07 0.9285656809806824 -3.333096643132194e-08
120.0004003994585 0.14278367161750793 0.984626293182373 1.4756076893718273e-07 0.9285656809806824 -3.333096643132194e-08
120.00046059130653 0.14278367161750793 0.984626293182373 1.4756076893718273e-07 0.9285656809806824 -3.330048414795783e-08
120.00049548683762 0.14278362691402435 0.984626293182373 1.4756076893718273e-07 0.9285656809806824 2.2636488949956401e-07
120.00051201768979 0.14278347790241241 0.984626293182373 1.4756076893718273e-07 0.9285656809806824 9.218374543706886e-07
120.0005293406663 0.14278316497802734 0.984626293182373 1.4756076893718273e-07 0.9285656809806824 2.3048460207064636e-06
120.00053905855387 0.14278295636177063 0.984626293182373 1.4756076893718273e-07 0.9285656809806824 3.172548076690873e-06
120.00055035555143 0.14278268814086914 0.984626293182373 1.4756076893718273e-07 0.9285656809806824 4.1545017666067e-06
120.00057294954654 0.14278210699558258 0.984626293182373 1.4756076893718273e-07 0.9285656809806824 6.0421889429562725e-06
120.00061813753675 0.1427806168794632 0.984626293182373 1.4756076893718273e-07 0.9285656809806824 9.537528967484832e-06
120.00070851351718 0.14277687668800354 0.984626293182373 1.4767509526336653e-07 0.9285656809806824 1.588312443345785e-05
120.00075388216035 0.1427743136882782 0.984626293182373 1.506460449718361e-07 0.9285656809806824 1.867912578745745e-05
120.0008446194467 0.14276768267154694 0.984626293182373 3.588038168800267e-07 0.9285656809806824 2.3549999241367914e-05
120.00088620322788 0.14276400208473206 0.984626293182373 9.350579261990788e-07 0.9285656809806824 2.5551327780704014e-05
120.00091524903927 0.1427609622478485 0.984626293182373 1.9803765098913573e-06 0.9285656809806824 2.6809373594005592e-05
120.00094677666021 0.14275725185871124 0.984626293182373 3.996555733465357e-06 0.9285656809806824 2.8076065063942224e-05
120.00098010979852 0.14275296032428741 0.984626293182373 7.192946668510558e-06 0.9285656809806824 2.9329496101127006e-05
120.001 0.14275023341178894 0.984626293182373 9.682569725555368e-06 0.9285656809806824 3.004071731993463e-05
120.05611147582995 0.13475285470485687 0.984626293182373 0.00857626460492611 0.9285656809806824 0.0019093235023319721
120.11122295165991 0.126793771982193 0.984626293182373 0.017105070874094963 0.9285656809806824 0.0037748808972537518
120.22144926716003 0.1110648363828659 0.984626293182373 0.03406551852822304 0.9285656809806824 0.00747072696685791
120.39723051716003 0.08664950728416443 0.984626293182373 0.060908619314432144 0.9285656809806824 0.013290821574628353
120.57301176716003 0.06356962025165558 0.984626293182373 0.08749960362911224 0.9285656809806824 0.01902017556130886
120.74879301716003 0.04273174703121185 0.984626293182373 0.11379751563072205 0.9285656809806824 0.024644484743475914
120.92457426716003 0.02494564838707447 0.984626293182373 0.13978776335716248 0.9285656809806824 0.03015907295048237
121.10035551716003 0.010892143473029137 0.984626293182373 0.16546030342578888 0.9285656809806824 0.0355609767138958
121.27613676716003 0.0007956420886330307 0.984626293182373 0.1908768266439438 0.9285656809806824 0.040872424840927124
121.31036155209252 -3.3388268150247313e-08 0.984626293182373 0.19579431414604187 0.9285656809806824 0.04189560189843178
121.8266426089619 -3.3388268150247313e-08 0.984626293182373 0.268287718296051 0.9285656809806824 0.05674206092953682
122.34292366583126 -3.3388268150247313e-08 0.984626293182373 0.3377334177494049 0.9285656809806824 0.07054096460342407
122.6944861658313 -3.3388268150247313e-08 0.984626293182373 0.38318905234336853 0.9285656809806824 0.07931852340698242
123.04604866583132 -3.3388268150247313e-08 0.984626293182373 0.42705899477005005 0.9285656809806824 0.08757111430168152
123.39761116583135 -3.3388268150247313e-08 0.984626293182373 0.46921712160110474 0.9285656809806824 0.09526784718036652
123.74917366583138 -3.3388268150247313e-08 0.984626293182373 0.5094014406204224 0.9285656809806824 0.10233741998672485
123.92495491583139 -3.3388268150247313e-08 0.984626293182373 0.5287324786186218 0.9285656809806824 0.10563558340072632
124.1007361658314 -3.3388268150247313e-08 0.984626293182373 0.5475345849990845 0.9285656809806824 0.10877225548028946
124.2765174158314 -3.3388268150247313e-08 0.984626293182373 0.5658562183380127 0.9285656809806824 0.111764095723629
124.45229866583142 -3.3388268150247313e-08 0.984626293182373 0.583743155002594 0.9285656809806824 0.11462695896625519
124.97964241583146 -3.3388268150247313e-08 0.984626293182373 0.6341776847839355 0.9285656809806824 0.1222861185669899
125.5069861658315 -3.3388268150247313e-08 0.984626293182373 0.6792750954627991 0.9285656809806824 0.1284780502319336
125.85854866583153 -3.3388268150247313e-08 0.984626293182373 0.7063603401184082 0.9285656809806824 0.13183757662773132
126.56167366583158 -3.3388268150247313e-08 0.984626293182373 0.7532052397727966 0.9285656809806824 0.1368388831615448
126.9132361658316 -3.3388268150247313e-08 0.984626293182373 0.7731969952583313 0.9285656809806824 0.1386091709136963
127.44057991583165 -3.3388268150247313e-08 0.984626293182373 0.7990909814834595 0.9285656809806824 0.14050909876823425
127.61636116583166 -3.3388268150247313e-08 0.984626293182373 0.806657075881958 0.9285656809806824 0.14096690714359283
127.79214241583168 -3.3388268150247313e-08 0.984626293182373 0.8137293457984924 0.9285656809806824 0.1413516402244568
127.96792366583169 -3.3388268150247313e-08 0.984626293182373 0.8203418254852295 0.9285656809806824 0.14167362451553345
128.1437049158317 -3.3388268150247313e-08 0.984626293182373 0.8265013694763184 0.9285656809806824 0.1419384777545929
128.67104866583173 -3.3388268150247313e-08 0.984626293182373 0.842577338218689 0.9285656809806824 0.1424688994884491
129.1983924158318 -3.3388268150247313e-08 0.984626293182373 0.855719804763794 0.9285656809806824 0.14274199306964874
129.3741736658318 -3.3388268150247313e-08 0.984626293182373 0.8595167398452759 0.9285656809806824 0.1427941918373108
129.54995491583182 -3.3388268150247313e-08 0.984626293182373 0.8630400896072388 0.9285656809806824 0.1428319811820984
129.72573616583182 -3.3388268150247313e-08 0.984626293182373 0.8663147687911987 0.9285656809806824 0.14285874366760254
130.07729866583185 -3.3388268150247313e-08 0.984626293182373 0.8722909092903137 0.9285656809806824 0.14289242029190063
130.60464241583188 -3.3388268150247313e-08 0.984626293182373 0.879885196685791 0.9285656809806824 0.14291155338287354
131.13198616583193 -3.3388268150247313e-08 0.984626293182373 0.8860084414482117 0.9285656809806824 0.1429143249988556
131.48354866583196 -3.3388268150247313e-08 0.984626293182373 0.8894955515861511 0.9285656809806824 0.14291439950466156
131.65932991583196 -3.3388268150247313e-08 0.984626293182373 0.8910812139511108 0.9285656809806824 0.14291439950466156
131.835111165832 -3.3388268150247313e-08 0.984626293182373 0.8925686478614807 0.9285656809806824 0.14291439950466156
132.010892415832 -3.3388268150247313e-08 0.984626293182373 0.8939828276634216 0.9285656809806824 0.14291439950466156
132.36245491583202 -3.3388268150247313e-08 0.984626293182373 0.8966309428215027 0.9285656809806824 0.14291439950466156
132.88979866583205 -3.3388268150247313e-08 0.984626293182373 0.9001185894012451 0.9285656809806824 0.14291439950466156
133.5929236658321 -3.338827170296099e-08 0.984626293182373 0.903997540473938 0.9285656809806824 0.14291439950466156
134.29604866583216 -3.338827170296099e-08 0.984626293182373 0.9071693420410156 0.9285656809806824 0.14291439950466156
135.17495491583222 -3.338827170296099e-08 0.984626293182373 0.910376250743866 0.9285656809806824 0.14291439950466156
136.0538611658323 -3.338827170296099e-08 0.984626293182373 0.9130028486251831 0.9285656809806824 0.14291439950466156
136.2296424158323 -3.338827170296099e-08 0.984626293182373 0.9134765863418579 0.9285656809806824 0.14291439950466156
136.40542366583233 -3.338827170296099e-08 0.984626293182373 0.9139319062232971 0.9285656809806824 0.14291439950466156
136.58120491583233 -3.338827170296099e-08 0.984626293182373 0.9143736362457275 0.9285656809806824 0.14291439950466156
137.54800179083242 -3.338827170296099e-08 0.984626293182373 0.9165400862693787 0.9285656809806824 0.14291439950466156
138.51479866583247 -3.338827170296099e-08 0.984626293182373 0.918300449848175 0.9285656809806824 0.14291439950466156
138.8663611658325 -3.338827170296099e-08 0.984626293182373 0.9188910722732544 0.9285656809806824 0.14291439950466156
139.8331580408326 -3.338827170296099e-08 0.984626293182373 0.9203579425811768 0.9285656809806824 0.14291439950466156
140.79995491583264 -3.338827170296099e-08 0.984626293182373 0.9215881824493408 0.9285656809806824 0.14291439950466156
140.97573616583267 -3.338827170296099e-08 0.984626293182373 0.9217908978462219 0.9285656809806824 0.14291439950466156
141.15151741583267 -3.338827170296099e-08 0.984626293182373 0.9219878911972046 0.9285656809806824 0.14291439950466156
141.3272986658327 -3.338827170296099e-08 0.984626293182373 0.9221794009208679 0.9285656809806824 0.14291439950466156
141.67886116583273 -3.338827170296099e-08 0.984626293182373 0.9225581884384155 0.9285656809806824 0.14291439950466156
142.03042366583276 -3.338827170296099e-08 0.984626293182373 0.9229384660720825 0.9285656809806824 0.14291439950466156
142.8214392908328 -3.338827170296099e-08 0.984626293182373 0.9237246513366699 0.9285656809806824 0.14291439950466156
143.61245491583287 -3.338827170296099e-08 0.984626293182373 0.9244648218154907 0.9285656809806824 0.14291439950466156
144.1397986658329 -3.338827170296099e-08 0.984626293182373 0.9249322414398193 0.9285656809806824 0.14291439950466156
145.10659554083298 -3.338827170296099e-08 0.984626293182373 0.9257039427757263 0.9285656809806824 0.14291439950466156
146.07339241583304 -3.338827170296099e-08 0.984626293182373 0.9263825416564941 0.9285656809806824 0.14291439950466156
146.6886267908331 -3.338827170296099e-08 0.984626293182373 0.9267736077308655 0.9285656809806824 0.14291439950466156
147.30386116583313 -3.338827170296099e-08 0.984626293182373 0.927137017250061 0.9285656809806824 0.14291439950466156
147.65542366583315 -3.338827170296099e-08 0.984626293182373 0.9273349642753601 0.9285656809806824 0.14291439950466156
148.00698616583318 -3.338827170296099e-08 0.984626293182373 0.9275404214859009 0.9285656809806824 0.14291439950466156
148.62222054083324 -3.338827170296099e-08 0.984626293182373 0.9278930425643921 0.9285656809806824 0.14291439950466156
149.2374549158333 -3.338827170296099e-08 0.984626293182373 0.9282218217849731 0.9285656809806824 0.14291439950466156
149.76479866583333 -3.338827170296099e-08 0.984626293182373 0.9284865260124207 0.9285656809806824 0.14291439950466156
150.0 -3.334793063913821e-08 0.984626293182373 0.9285995960235596 0.9285656809806824 0.14291439950466156
150.0001 -3.335271259174988e-08 0.984626293182373 0.9285996556282043 0.9285656809806824 0.14291439950466156
150.0003 -3.3332252513673666e-08 0.984626293182373 0.9285997152328491 0.9285656809806824 0.14291560649871826
150.0007 -3.327611253212126e-08 0.984626293182373 0.9285997152328491 0.9285633563995361 0.1429196298122406
150.00096702183015 -3.326095310285382e-08 0.984626293182373 0.9285997152328491 0.9285575151443481 0.14291906356811523
150.001 -3.326095310285382e-08 0.984626293182373 0.9285997152328491 0.9285560250282288 0.1429179310798645
150.0056830716428 1.1003360668837558e-05 0.984626293182373 0.9285997152328491 0.9282568097114563 0.14262284338474274
150.0103661432856 2.2039504983695224e-05 0.984626293182373 0.9285997152328491 0.9279571771621704 0.14232736825942993
150.01973686211753 4.412114139995538e-05 0.984626293182373 0.9285997152328491 0.9273561239242554 0.1417347639799118
150.0384782997814 8.827837882563472e-05 0.984626293182373 0.9285997152328491 0.9261429905891418 0.14053937792778015
150.0759611751091 0.00017656863201409578 0.984626293182373 0.9285997152328491 0.9236703515052795 0.13810551166534424
150.1509269257645 0.00035305265919305384 0.984626293182373 0.9285997152328491 0.9185425043106079 0.13307176530361176
150.30085842707533 0.0007057495531626046 0.984626293182373 0.9285997152328491 0.9077240228652954 0.12250892072916031
150.47663967707533 0.001118931919336319 0.984626293182373 0.9285997152328491 0.8942013382911682 0.10943274945020676
150.65242092707535 0.0015318435616791248 0.984626293182373 0.9285997152328491 0.8797572255134583 0.09569216519594193
150.82820217707535 0.0019445409998297691 0.984626293182373 0.9285997152328491 0.8644247055053711 0.08148135244846344
151.00398342707538 0.0023570412304252386 0.984626293182373 0.9285997152328491 0.848269522190094 0.06709850579500198
151.17976467707538 0.00276934914290905 0.984626293182373 0.9285997152328491 0.8313734531402588 0.052939847111701965
151.3555459270754 0.0031814686954021454 0.984626293182373 0.9285997152328491 0.8138070702552795 0.03945336490869522
151.5313271770754 0.003593403147533536 0.984626293182373 0.9285997152328491 0.7956284880638123 0.02706870064139366
151.70710842707544 0.004005155526101589 0.984626293182373 0.9285997152328491 0.776902437210083 0.016119495034217834
151.88288967707544 0.004416765179485083 0.984626293182373 0.9285997152328491 0.7577183842658997 0.006634122226387262
152.0015886953959 0.004694684874266386 0.984626293182373 0.9285997152328491 0.7445366978645325 0.0012416631216183305
152.03894183330718 0.004782164469361305 0.984626293182373 0.9285997152328491 0.7403447031974792 7.154064951464534e-05
152.04548459073084 0.004797494038939476 0.984626293182373 0.9285997152328491 0.7396069765090942 -3.3374877972391914e-08
152.2268865284348 0.00522235780954361 0.984626293182373 0.9285997152328491 0.718889057636261 -3.337565956940125e-08
152.4082884661388 0.005646693520247936 0.984626293182373 0.9285997152328491 0.6978001594543457 -3.337634169042758e-08
152.5840697161388 0.006057612132281065 0.984626293182373 0.9285997152328491 0.6771027445793152 -3.337695630989401e-08
152.93563221613883 0.006878856103867292 0.984626293182373 0.9285997152328491 0.6348492503166199 -3.337811804726698e-08
153.11141346613883 0.007289223838597536 0.984626293182373 0.9285997152328491 0.6133314371109009 -3.3378611874468334e-08
153.46297596613886 0.008109454065561295 0.984626293182373 0.9285997152328491 0.5696258544921875 -3.3379492947460676e-08
153.81453846613888 0.00892901886254549 0.984626293182373 0.9285997152328491 0.5251816511154175 -3.338017151577333e-08
154.1661009661389 0.009747921489179134 0.984626293182373 0.9285997152328491 0.4801376461982727 -3.3380764818957687e-08
154.34188221613894 0.010157125070691109 0.984626293182373 0.9285997152328491 0.4574020206928253 -3.3381066799620385e-08
154.69344471613897 0.010975037701427937 0.984626293182373 0.9285997152328491 0.41152527928352356 -3.3381603259385884e-08
155.220788466139 0.012200676836073399 0.984626293182373 0.9285997152328491 0.3418906629085541 -3.338220011528392e-08
155.74813221613903 0.013424844481050968 0.984626293182373 0.9285997152328491 0.2714320421218872 -3.338276854947253e-08
156.27547596613908 0.01464754343032837 0.984626293182373 0.9285997152328491 0.20030134916305542 -3.338323750767813e-08
156.7149290911391 0.015665384009480476 0.984626293182373 0.9285997152328491 0.14088842272758484 -3.3383550146481866e-08
157.15438221613914 0.016682235524058342 0.984626293182373 0.9285997152328491 0.08323659747838974 -3.338384146900353e-08
157.33016346613917 0.017088668420910835 0.984626293182373 0.9285997152328491 0.061978474259376526 -3.3383940944986534e-08
157.50594471613917 0.017494935542345047 0.984626293182373 0.9285997152328491 0.04271730035543442 -3.3384026210114826e-08
157.6817259661392 0.017901040613651276 0.984626293182373 0.9285997152328491 0.02609413117170334 -3.33840972643884e-08
157.8575072161392 0.01830698549747467 0.984626293182373 0.9285997152328491 0.012455947697162628 -3.338415410780726e-08
158.0332884661392 0.01871282421052456 0.984626293182373 0.9285997152328491 0.001729824929498136 -3.338420029308509e-08
158.07795260868855 0.018815957009792328 0.984626293182373 0.9285997152328491 6.668138667009771e-05 -3.3384203845798766e-08
158.0842024456869 0.018830398097634315 0.984626293182373 0.9285997152328491 -3.3384203845798766e-08 -3.3384203845798766e-08
163.4724742454005 0.031191280111670494 0.984626293182373 0.9285997152328491 -3.3384203845798766e-08 -3.3384203845798766e-08
165.31817737040063 0.03539032116532326 0.984626293182373 0.9285997152328491 -3.3384203845798766e-08 -3.3384203845798766e-08
167.16388049540078 0.03957153856754303 0.984626293182373 0.9285997152328491 -3.3384203845798766e-08 -3.3384203845798766e-08
179.99591174540174 0.06814616918563843 0.984626293182373 0.9285997152328491 -3.3384203845798766e-08 -3.3384203845798766e-08
179.99999999999997 0.06815513968467712 0.984626293182373 0.9285997152328491 -3.3384203845798766e-08 -3.3384203845798766e-08
