time a b c w1 w2
0.0 0.0 0.0 0.0 0.0 0.0
1.757812428601624e-06 1.757988202426422e-23 1.0832566022872925 1.0832566022872925 1.757988202426422e-23 1.757988202426422e-23
1.7648476783160305e-06 1.7650242106122693e-23 1.0055341720581055 1.0055341720581055 1.7650242106122693e-23 1.7650242106122693e-23
1.7789181777448437e-06 1.7790960692117828e-23 0.9905999898910522 0.9905999898910522 1.7790960692117828e-23 1.7790960692117828e-23
1.8070591766024704e-06 1.8072399441829907e-23 0.984626293182373 0.984626293182373 1.8072399441829907e-23 1.8072399441829907e-23
0.00013281055255599797 1.3282383013875093e-21 0.984626293182373 0.984626293182373 1.3282383013875093e-21 1.3282383013875093e-21
0.00026381985277929004 2.6384624023353322e-21 0.984626293182373 0.984626293182373 2.6384624023353322e-21 2.6384624023353322e-21
0.0005258384532258742 5.258910200334195e-21 0.984626293182373 0.984626293182373 -5.940966385509228e-09 -5.940966385509228e-09
0.001 1.0000999731091105e-20 0.984626293182373 0.984626293182373 -3.3384054631824256e-08 -3.3384054631824256e-08
29.999999999999996 3.000300019364487e-16 0.984626293182373 0.984626293182373 -3.338419674037141e-08 -3.338419674037141e-08
30.000099999999996 3.0003100778807355e-16 0.984626293182373 0.984626293182373 -3.336372245144048e-08 -3.336372245144048e-08
30.0003 3.0003299302154367e-16 0.984626293182373 0.984626293182373 -3.334349685246707e-08 -3.334349685246707e-08
30.0007 4.1456900412573106e-11 0.984626293182373 0.984626293182373 -3.3332792526152843e-08 -3.3332792526152843e-08
30.000822963434185 2.9262109180194784e-08 0.984626293182373 0.984626293182373 -2.1453390175452114e-08 -3.333140341510443e-08
30.000893956479402 1.4012863402967923e-07 0.984626293182373 0.984626293182373 9.610862861109126e-08 -3.333096998403562e-08
30.000929769999832 3.049418353384681e-07 0.984626293182373 0.984626293182373 3.0369255910045467e-07 -3.333096998403562e-08
30.00095078307759 4.801505610885215e-07 0.984626293182373 0.984626293182373 5.365999413697864e-07 -3.333096998403562e-08
30.000964242937314 6.485767585218127e-07 0.984626293182373 0.984626293182373 8.749374273975263e-07 -3.333096998403562e-08
30.0009740354899 8.263388622253842e-07 0.984626293182373 0.984626293182373 1.4286681562225567e-06 -3.333096998403562e-08
30.001 1.5169181324381498e-06 0.984626293182373 0.984626293182373 4.234491825627629e-06 -3.333096998403562e-08
30.51317144754451 0.017027735710144043 0.984626293182373 0.984626293182373 0.07840466499328613 -3.333096998403562e-08
31.025342895089025 0.033176615834236145 0.984626293182373 0.984626293182373 0.15435855090618134 -3.333096998403562e-08
31.376905395089025 0.04370732605457306 0.984626293182373 0.984626293182373 0.20492856204509735 -3.333096998403562e-08
31.728467895089025 0.053818486630916595 0.984626293182373 0.984626293182373 0.2542979121208191 -3.333096998403562e-08
32.255811645089025 0.06806202232837677 0.984626293182373 0.984626293182373 0.32566800713539124 -3.333096998403562e-08
32.783155395089025 0.08113989979028702 0.984626293182373 0.984626293182373 0.3935847580432892 -3.333096998403562e-08
33.134717895089025 0.08923335373401642 0.984626293182373 0.984626293182373 0.43696829676628113 -3.333096998403562e-08
33.310499145089025 0.09306048601865768 0.984626293182373 0.984626293182373 0.45798176527023315 -3.333096998403562e-08
33.48628039508902 0.0967288389801979 0.984626293182373 0.984626293182373 0.4784979820251465 -3.333096998403562e-08
33.66206164508902 0.10024185478687286 0.984626293182373 0.984626293182373 0.4985215961933136 -3.333096998403562e-08
34.18940539508902 0.10983172059059143 0.984626293182373 0.984626293182373 0.5555128455162048 -3.333096998403562e-08
34.71674914508902 0.11809242516756058 0.984626293182373 0.984626293182373 0.60804283618927 -3.333096998403562e-08
35.06831164508902 0.12282180786132812 0.984626293182373 0.984626293182373 0.6403297185897827 -3.333096998403562e-08
35.59565539508902 0.1286902278661728 0.984626293182373 0.984626293182373 0.6841999292373657 -3.333096998403562e-08
35.77143664508902 0.1303480565547943 0.984626293182373 0.984626293182373 0.697655975818634 -3.333096998403562e-08
35.94721789508902 0.13185900449752808 0.984626293182373 0.984626293182373 0.7105066776275635 -3.333096998403562e-08
36.12299914508902 0.13321763277053833 0.984626293182373 0.984626293182373 0.722709059715271 -3.333096998403562e-08
36.65034289508901 0.13647142052650452 0.984626293182373 0.984626293182373 0.755593478679657 -3.333096998403562e-08
37.17768664508901 0.13873134553432465 0.984626293182373 0.984626293182373 0.7835049033164978 -3.333096998403562e-08
37.61713977008901 0.13997535407543182 0.984626293182373 0.984626293182373 0.8030514717102051 -3.333096998403562e-08
38.05659289508901 0.1407817006111145 0.984626293182373 0.984626293182373 0.8195841312408447 -3.333096998403562e-08
38.58393664508901 0.14133845269680023 0.984626293182373 0.984626293182373 0.8359332084655762 -3.333096998403562e-08
39.19917102008901 0.14165464043617249 0.984626293182373 0.984626293182373 0.8512333035469055 -3.333096998403562e-08
39.81440539508901 0.14176826179027557 0.984626293182373 0.984626293182373 0.8631303906440735 -3.333096998403562e-08
40.165967895089004 0.14179354906082153 0.984626293182373 0.984626293182373 0.8688176274299622 -3.333096998403562e-08
41.044874145089004 0.14180631935596466 0.984626293182373 0.984626293182373 0.879920244216919 -3.333096998403562e-08
41.923780395089004 0.14180585741996765 0.984626293182373 0.984626293182373 0.8879441022872925 -3.333096998403562e-08
42.275342895089004 0.14180585741996765 0.984626293182373 0.984626293182373 0.8906481266021729 -3.333096998403562e-08
42.802686645089004 0.14180585741996765 0.984626293182373 0.984626293182373 0.8941513895988464 -3.333096998403562e-08
43.330030395089 0.14180585741996765 0.984626293182373 0.984626293182373 0.8971707820892334 -3.333096998403562e-08
43.681592895089 0.14180585741996765 0.984626293182373 0.984626293182373 0.8989222049713135 -3.333096998403562e-08
44.033155395089 0.14180585741996765 0.984626293182373 0.984626293182373 0.9005026817321777 -3.333096998403562e-08
45.175733520089 0.14180585741996765 0.984626293182373 0.984626293182373 0.9047244787216187 -3.333096998403562e-08
46.31831164508899 0.14180585741996765 0.984626293182373 0.984626293182373 0.9079781770706177 -3.333096998403562e-08
47.63667102008899 0.14180585741996765 0.984626293182373 0.984626293182373 0.9109081029891968 -3.333096998403562e-08
48.95503039508899 0.14180585741996765 0.984626293182373 0.984626293182373 0.913200855255127 -3.333096998403562e-08
50.00971789508898 0.14180585741996765 0.984626293182373 0.984626293182373 0.9147160649299622 -3.333096998403562e-08
51.06440539508898 0.14180585741996765 0.984626293182373 0.984626293182373 0.9159749150276184 -3.333096998403562e-08
51.85542102008898 0.14180585741996765 0.984626293182373 0.984626293182373 0.916850745677948 -3.333096998403562e-08
52.64643664508898 0.14180585741996765 0.984626293182373 0.984626293182373 0.9176377058029175 -3.333096998403562e-08
53.525342895088976 0.14180585741996765 0.984626293182373 0.984626293182373 0.9184730648994446 -3.333096998403562e-08
54.404249145088976 0.14180585741996765 0.984626293182373 0.984626293182373 0.9192177057266235 -3.333096998403562e-08
54.755811645088976 0.14180585741996765 0.984626293182373 0.984626293182373 0.919490396976471 -3.333096998403562e-08
54.931592895088976 0.14180585741996765 0.984626293182373 0.984626293182373 0.9196219444274902 -3.333096998403562e-08
55.107374145088976 0.14180585741996765 0.984626293182373 0.984626293182373 0.919750452041626 -3.333096998403562e-08
55.283155395088976 0.14180585741996765 0.984626293182373 0.984626293182373 0.919875979423523 -3.333096998403562e-08
55.810499145088976 0.14180585741996765 0.984626293182373 0.984626293182373 0.9202359914779663 -3.333096998403562e-08
56.33784289508897 0.14180585741996765 0.984626293182373 0.984626293182373 0.9205730557441711 -3.333096998403562e-08
56.86518664508897 0.14180585741996765 0.984626293182373 0.984626293182373 0.9208892583847046 -3.333096998403562e-08
57.21674914508897 0.14180585741996765 0.984626293182373 0.984626293182373 0.9210910797119141 -3.333096998403562e-08
57.56831164508897 0.14180585741996765 0.984626293182373 0.984626293182373 0.9213002920150757 -3.333096998403562e-08
58.18354602008897 0.14180585741996765 0.984626293182373 0.984626293182373 0.9216588735580444 -3.333096998403562e-08
58.79878039508897 0.14180585741996765 0.984626293182373 0.984626293182373 0.9219928979873657 -3.333096998403562e-08
59.32612414508896 0.14180585741996765 0.984626293182373 0.984626293182373 0.9222614765167236 -3.333096998403562e-08
59.99999999999999 0.14180585741996765 0.984626293182373 0.984626293182373 0.9225844740867615 -3.333096998403562e-08
60.000099999999996 0.14180585741996765 0.984626293182373 0.984626293182373 0.9225845336914062 -3.333096998403562e-08
60.000299999999996 0.14180585741996765 0.984626293182373 0.984626293182373 0.9225845336914062 -3.333096998403562e-08
60.000699999999995 0.14180585741996765 0.984626293182373 0.9846256971359253 0.9225845336914062 -3.333096998403562e-08
60.001000000000005 0.14180585741996765 0.984626293182373 0.9846243858337402 0.9225845336914062 -3.333096998403562e-08
60.00124000000001 0.14180585741996765 0.984626293182373 0.9846217632293701 0.9225845336914062 -3.333096998403562e-08
60.00156000000001 0.14180585741996765 0.984626293182373 0.9846182465553284 0.9225845336914062 -3.333096998403562e-08
60.002200000000016 0.14180585741996765 0.984626293182373 0.9846112728118896 0.9225845336914062 -3.333096998403562e-08
60.003480000000025 0.14180585741996765 0.984626293182373 0.984597384929657 0.9225845336914062 -3.333096998403562e-08
60.00604000000004 0.14180585741996765 0.984626293182373 0.9845694303512573 0.9225845336914062 -3.333096998403562e-08
60.01116000000009 0.14180585741996765 0.984626293182373 0.9845132827758789 0.9225845336914062 -3.333096998403562e-08
60.021400000000185 0.14180585741996765 0.984626293182373 0.98440021276474 0.9225845336914062 -3.333096998403562e-08
60.04188000000037 0.14180585741996765 0.984626293182373 0.9841696619987488 0.9225845336914062 -3.333096998403562e-08
60.16476000000147 0.14180585741996765 0.984626293182373 0.9826335906982422 0.9225845336914062 -3.333096998403562e-08
60.328600000002936 0.14180585741996765 0.984626293182373 0.9802292585372925 0.9225845336914062 -3.333096998403562e-08
60.504381250002936 0.14180585741996765 0.984626293182373 0.9771731495857239 0.9225845336914062 -3.333096998403562e-08
60.680162500002936 0.14180585741996765 0.984626293182373 0.9734574556350708 0.9225845336914062 -3.333096998403562e-08
61.031725000002936 0.14180585741996765 0.984626293182373 0.9634494781494141 0.9225845336914062 -3.333096998403562e-08
61.383287500002936 0.14180585741996765 0.984626293182373 0.9491618871688843 0.9225845336914062 -3.333096998403562e-08
61.559068750002936 0.14180585741996765 0.984626293182373 0.9401165246963501 0.9225845336914062 -3.333096998403562e-08
61.734850000002936 0.14180585741996765 0.984626293182373 0.929716169834137 0.9225845336914062 -3.333096998403562e-08
61.910631250002936 0.14180585741996765 0.984626293182373 0.9179697036743164 0.9225845336914062 -3.333096998403562e-08
62.086412500002936 0.14180585741996765 0.984626293182373 0.9049183130264282 0.9225845336914062 -3.333096998403562e-08
62.262193750002936 0.14180585741996765 0.984626293182373 0.8906340003013611 0.9225845336914062 -3.333096998403562e-08
62.437975000002936 0.14180585741996765 0.984626293182373 0.8752164244651794 0.9225845336914062 -3.333096998403562e-08
62.613756250002936 0.14180585741996765 0.984626293182373 0.8587613701820374 0.9225845336914062 -3.333096998403562e-08
62.78953750000293 0.14180585741996765 0.984626293182373 0.8413628935813904 0.9225845336914062 -3.333096998403562e-08
62.96531875000293 0.14180585741996765 0.984626293182373 0.8231081962585449 0.9225845336914062 -3.333096998403562e-08
63.14110000000293 0.14180585741996765 0.984626293182373 0.8040785193443298 0.9225845336914062 -3.333096998403562e-08
63.31688125000293 0.14180585741996765 0.984626293182373 0.7843700647354126 0.9225845336914062 -3.333096998403562e-08
63.49266250000293 0.14180585741996765 0.984626293182373 0.7640581130981445 0.9225845336914062 -3.333096998403562e-08
63.66844375000293 0.14180585741996765 0.984626293182373 0.7431875467300415 0.9225845336914062 -3.333096998403562e-08
63.84422500000293 0.14180585741996765 0.984626293182373 0.7218201756477356 0.9225845336914062 -3.333096998403562e-08
64.02000625000294 0.14180585741996765 0.984626293182373 0.7000278234481812 0.9225845336914062 -3.333096998403562e-08
64.19578750000294 0.14180585741996765 0.984626293182373 0.6778578162193298 0.9225845336914062 -3.333096998403562e-08
64.37156875000294 0.14180585741996765 0.984626293182373 0.6553324460983276 0.9225845336914062 -3.333096998403562e-08
64.54735000000292 0.14180585741996765 0.984626293182373 0.6324726343154907 0.9225845336914062 -3.333096998403562e-08
64.89891250000292 0.14180585741996765 0.984626293182373 0.5858744978904724 0.9225845336914062 -3.333096998403562e-08
65.07469375000292 0.14180585741996765 0.984626293182373 0.5621896982192993 0.9225845336914062 -3.333096998403562e-08
65.42625625000292 0.14180585741996765 0.984626293182373 0.5141842365264893 0.9225845336914062 -3.333096998403562e-08
65.77781875000292 0.14180585741996765 0.984626293182373 0.46545442938804626 0.9225845336914062 -3.333096998403562e-08
66.12938125000292 0.14180585741996765 0.984626293182373 0.4160710573196411 0.9225845336914062 -3.333096998403562e-08
66.48094375000292 0.14180585741996765 0.984626293182373 0.3661263585090637 0.9225845336914062 -3.333096998403562e-08
67.00828750000292 0.14180585741996765 0.984626293182373 0.2903471887111664 0.9225845336914062 -3.333096998403562e-08
67.53563125000292 0.14180585741996765 0.984626293182373 0.2136942446231842 0.9225845336914062 -3.333096998403562e-08
68.06297500000292 0.14180585741996765 0.984626293182373 0.13677167892456055 0.9225845336914062 -3.333096998403562e-08
68.23875625000292 0.14180585741996765 0.984626293182373 0.11147668957710266 0.9225845336914062 -3.333096998403562e-08
68.41453750000292 0.14180585741996765 0.984626293182373 0.08692605793476105 0.9225845336914062 -3.333096998403562e-08
68.59031875000292 0.14180585741996765 0.984626293182373 0.06379936635494232 0.9225845336914062 -3.333096998403562e-08
68.76610000000292 0.14180585741996765 0.984626293182373 0.04292597994208336 0.9225845336914062 -3.333096998403562e-08
68.94188125000292 0.14180585741996765 0.984626293182373 0.02509949915111065 0.9225845336914062 -3.333096998403562e-08
69.11766250000292 0.14180585741996765 0.984626293182373 0.010986967012286186 0.9225845336914062 -3.333096998403562e-08
69.29344375000292 0.14180585741996765 0.984626293182373 0.0008051578188315034 0.9225845336914062 -3.333096998403562e-08
69.32768438894823 0.14180585741996765 0.984626293182373 -3.3388293019243065e-08 0.9225845336914062 -3.333096998403562e-08
89.99999999999999 0.14180585741996765 0.984626293182373 -3.3346882588602966e-08 0.9225845336914062 -3.333096998403562e-08
90.0001 0.14180585741996765 0.984626293182373 -3.336091580763423e-08 0.9225845336914062 -3.333096998403562e-08
90.0003 0.14180585741996765 0.984626293182373 -3.334586295977715e-08 0.9225845336914062 -3.1707184433571456e-08
90.00047078805243 0.14180585741996765 0.984626293182373 -1.3939795096007401e-08 0.9225848317146301 -2.7310166572647177e-08
90.00081236415728 0.14180585741996765 0.984626293182373 8.299870302153067e-08 0.9225864410400391 -1.7403280594407988e-08
90.001 0.14180585741996765 0.984626293182373 1.468904855528308e-07 0.9225874543190002 -1.526856330258397e-08
119.99999999999999 0.14180585741996765 0.984626293182373 1.468904855528308e-07 0.9225874543190002 -1.526856330258397e-08
120.0001 0.14180585741996765 0.984626293182373 1.468904855528308e-07 0.9225874543190002 -1.526856330258397e-08
120.0003 0.14180585741996765 0.984626293182373 1.468904855528308e-07 0.9225874543190002 -1.526856330258397e-08
120.0004003994585 0.14180585741996765 0.984626293182373 1.468904855528308e-07 0.9225874543190002 -1.526856330258397e-08
120.00046059130653 0.14180585741996765 0.984626293182373 1.468904855528308e-07 0.9225874543190002 -1.526856330258397e-08
120.00049548683762 0.14180581271648407 0.984626293182373 1.468904855528308e-07 0.9225874543190002 2.4432929990325647e-07
120.00051201752662 0.14180566370487213 0.984626293182373 1.468904855528308e-07 0.9225874543190002 9.397601274940826e-07
120.00052934026675 0.14180535078048706 0.984626293182373 1.468904855528308e-07 0.9225874543190002 2.322723958059214e-06
120.00053907952032 0.14180514216423035 0.984626293182373 1.468904855528308e-07 0.9225874543190002 3.1923218557494693e-06
120.00055036644737 0.14180487394332886 0.984626293182373 1.468904855528308e-07 0.9225874543190002 4.173391062067822e-06
120.00057294030145 0.1418042927980423 0.984626293182373 1.468904855528308e-07 0.9225874543190002 6.059418410586659e-06
120.00061808800962 0.1418028175830841 0.984626293182373 1.468904855528308e-07 0.9225874543190002 9.5519280876033e-06
120.00084436803083 0.14178989827632904 0.984626293182373 3.566717055036861e-07 0.9225874543190002 2.3555852749268524e-05
120.00088597291189 0.14178621768951416 0.984626293182373 9.307559025728551e-07 0.9225874543190002 2.5559122150298208e-05
120.00091505703145 0.14178317785263062 0.984626293182373 1.9737503862415906e-06 0.9225874543190002 2.6819418053491972e-05
120.00094662367178 0.14177946746349335 0.984626293182373 3.9863230085757095e-06 0.9225874543190002 2.8088234103051946e-05
120.00097991755443 0.14177517592906952 0.984626293182373 7.173276117100613e-06 0.9225874543190002 2.934058466053102e-05
120.001 0.14177241921424866 0.984626293182373 9.684098586149048e-06 0.9225874543190002 3.0058825359446928e-05
120.05608929536204 0.1337820589542389 0.984626293182373 0.008572699502110481 0.9225874543190002 0.001908542006276548
120.11117859072407 0.1258312314748764 0.984626293182373 0.01709771156311035 0.9225874543190002 0.003773217089474201
120.22136054393448 0.1101241186261177 0.984626293182373 0.03404989838600159 0.9225874543190002 0.0074670580215752125
120.39714179393448 0.08575039356946945 0.984626293182373 0.06088909134268761 0.9225874543190002 0.013285744935274124
120.57292304393448 0.06273961812257767 0.984626293182373 0.08747416734695435 0.9225874543190002 0.019012976437807083
120.74870429393448 0.04200397804379463 0.984626293182373 0.11376389861106873 0.9225874543190002 0.024634364992380142
120.92448554393448 0.024344202131032944 0.984626293182373 0.1397435963153839 0.9225874543190002 0.030145201832056046
121.10026679393448 0.010049770586192608 0.984626293182373 0.16541677713394165 0.9225874543190002 0.03554730862379074
121.2505322310824 0.0007935038302093744 0.984626293182373 0.1871577650308609 0.9225874543190002 0.04009261354804039
121.28145970595152 -3.3388268150247313e-08 0.984626293182373 0.19160692393779755 0.9225874543190002 0.04101911932229996
121.70122101750177 -3.3388268150247313e-08 0.984626293182373 0.2508619725704193 0.9225874543190002 0.05319913476705551
122.12098232905201 -3.3388268150247313e-08 0.984626293182373 0.30815303325653076 0.9225874543190002 0.06470094621181488
122.64832607905204 -3.3388268150247313e-08 0.984626293182373 0.3769526779651642 0.9225874543190002 0.07807432860136032
122.99988857905207 -3.3388268150247313e-08 0.984626293182373 0.42094695568084717 0.9225874543190002 0.0863676369190216
123.17566982905208 -3.3388268150247313e-08 0.984626293182373 0.4423344135284424 0.9225874543190002 0.09031529724597931
123.3514510790521 -3.3388268150247313e-08 0.984626293182373 0.4632455110549927 0.9225874543190002 0.09410959482192993
123.70301357905213 -3.3388268150247313e-08 0.984626293182373 0.5035650730133057 0.9225874543190002 0.10122167319059372
123.87879482905214 -3.3388268150247313e-08 0.984626293182373 0.5229612588882446 0.9225874543190002 0.10453987866640091
124.05457607905215 -3.3388268150247313e-08 0.984626293182373 0.5418263673782349 0.9225874543190002 0.10769568383693695
124.23035732905217 -3.3388268150247313e-08 0.984626293182373 0.5602087378501892 0.9225874543190002 0.11070568859577179
124.40613857905218 -3.3388268150247313e-08 0.984626293182373 0.5781537890434265 0.9225874543190002 0.1135856956243515
124.93348232905223 -3.3388268150247313e-08 0.984626293182373 0.6287441849708557 0.9225874543190002 0.12128926068544388
125.46082607905225 -3.3388268150247313e-08 0.984626293182373 0.6739640235900879 0.9225874543190002 0.1275138109922409
125.81238857905228 -3.3388268150247313e-08 0.984626293182373 0.7011092305183411 0.9225874543190002 0.1308881938457489
126.51551357905234 -3.3388268150247313e-08 0.984626293182373 0.7480181455612183 0.9225874543190002 0.13590367138385773
126.86707607905237 -3.3388268150247313e-08 0.984626293182373 0.7680147886276245 0.9225874543190002 0.13767454028129578
127.3944198290524 -3.3388268150247313e-08 0.984626293182373 0.7938872575759888 0.9225874543190002 0.13956977427005768
127.57020107905241 -3.3388268150247313e-08 0.984626293182373 0.8014399409294128 0.9225874543190002 0.1400250792503357
127.74598232905242 -3.3388268150247313e-08 0.984626293182373 0.8084962368011475 0.9225874543190002 0.14040707051753998
127.92176357905244 -3.3388268150247313e-08 0.984626293182373 0.8150908350944519 0.9225874543190002 0.14072617888450623
128.27332607905248 -3.3388268150247313e-08 0.984626293182373 0.8269443511962891 0.9225874543190002 0.14120063185691833
128.8006698290525 -3.3388268150247313e-08 0.984626293182373 0.8420114517211914 0.9225874543190002 0.14163081347942352
129.15223232905254 -3.3388268150247313e-08 0.984626293182373 0.8505003452301025 0.9225874543190002 0.141791433095932
129.32801357905254 -3.3388268150247313e-08 0.984626293182373 0.8542897701263428 0.9225874543190002 0.14184260368347168
129.50379482905257 -3.3388268150247313e-08 0.984626293182373 0.8577931523323059 0.9225874543190002 0.14187906682491302
129.67957607905257 -3.3388268150247313e-08 0.984626293182373 0.8610368967056274 0.9225874543190002 0.1419045329093933
130.20691982905262 -3.3388268150247313e-08 0.984626293182373 0.8696298599243164 0.9225874543190002 0.14194448292255402
130.73426357905265 -3.3388268150247313e-08 0.984626293182373 0.8766071796417236 0.9225874543190002 0.14195412397384644
131.4373885790527 -3.3388268150247313e-08 0.984626293182373 0.8839956521987915 0.9225874543190002 0.14195503294467926
131.6131698290527 -3.3388268150247313e-08 0.984626293182373 0.8855640888214111 0.9225874543190002 0.14195503294467926
131.78895107905274 -3.3388268150247313e-08 0.984626293182373 0.8870523571968079 0.9225874543190002 0.14195503294467926
131.96473232905274 -3.3388268150247313e-08 0.984626293182373 0.8884733319282532 0.9225874543190002 0.14195503294467926
132.4920760790528 -3.3388268150247313e-08 0.984626293182373 0.8923356533050537 0.9225874543190002 0.14195503294467926
133.19520107905285 -3.3388268150247313e-08 0.984626293182373 0.8965715169906616 0.9225874543190002 0.14195503294467926
133.89832607905288 -3.3388268150247313e-08 0.984626293182373 0.9000229239463806 0.9225874543190002 0.14195503294467926
134.60145107905294 -3.3388268150247313e-08 0.984626293182373 0.902858555316925 0.9225874543190002 0.14195503294467926
135.304576079053 -3.3388268150247313e-08 0.984626293182373 0.9052004218101501 0.9225874543190002 0.14195503294467926
136.00770107905305 -3.338827170296099e-08 0.984626293182373 0.9072539210319519 0.9225874543190002 0.14195503294467926
136.18348232905305 -3.338827170296099e-08 0.984626293182373 0.9077237844467163 0.9225874543190002 0.14195503294467926
136.35926357905308 -3.338827170296099e-08 0.984626293182373 0.9081793427467346 0.9225874543190002 0.14195503294467926
136.53504482905308 -3.338827170296099e-08 0.984626293182373 0.9086178541183472 0.9225874543190002 0.14195503294467926
137.41395107905316 -3.338827170296099e-08 0.984626293182373 0.9105587601661682 0.9225874543190002 0.14195503294467926
138.29285732905322 -3.338827170296099e-08 0.984626293182373 0.9121630191802979 0.9225874543190002 0.14195503294467926
138.64441982905325 -3.338827170296099e-08 0.984626293182373 0.9127596616744995 0.9225874543190002 0.14195503294467926
139.17176357905328 -3.338827170296099e-08 0.984626293182373 0.9136003255844116 0.9225874543190002 0.14195503294467926
140.5780135790534 -3.338827170296099e-08 0.984626293182373 0.9154765009880066 0.9225874543190002 0.14195503294467926
140.7537948290534 -3.338827170296099e-08 0.984626293182373 0.9156802892684937 0.9225874543190002 0.14195503294467926
140.92957607905342 -3.338827170296099e-08 0.984626293182373 0.915878176689148 0.9225874543190002 0.14195503294467926
141.10535732905342 -3.338827170296099e-08 0.984626293182373 0.9160728454589844 0.9225874543190002 0.14195503294467926
141.28113857905345 -3.338827170296099e-08 0.984626293182373 0.916269063949585 0.9225874543190002 0.14195503294467926
141.63270107905348 -3.338827170296099e-08 0.984626293182373 0.916660726070404 0.9225874543190002 0.14195503294467926
142.42371670405353 -3.338827170296099e-08 0.984626293182373 0.917468786239624 0.9225874543190002 0.14195503294467926
143.2147323290536 -3.338827170296099e-08 0.984626293182373 0.9182271361351013 0.9225874543190002 0.14195503294467926
144.53309170405367 -3.338827170296099e-08 0.984626293182373 0.9193565845489502 0.9225874543190002 0.14195503294467926
145.8514510790538 -3.338827170296099e-08 0.984626293182373 0.9202985763549805 0.9225874543190002 0.14195503294467926
146.37879482905382 -3.338827170296099e-08 0.984626293182373 0.9206333160400391 0.9225874543190002 0.14195503294467926
147.08191982905387 -3.338827170296099e-08 0.984626293182373 0.9210495352745056 0.9225874543190002 0.14195503294467926
147.60926357905393 -3.338827170296099e-08 0.984626293182373 0.9213680624961853 0.9225874543190002 0.14195503294467926
148.22449795405396 -3.338827170296099e-08 0.984626293182373 0.9217236638069153 0.9225874543190002 0.14195503294467926
148.83973232905402 -3.338827170296099e-08 0.984626293182373 0.9220550060272217 0.9225874543190002 0.14195503294467926
149.36707607905404 -3.338827170296099e-08 0.984626293182373 0.9223215579986572 0.9225874543190002 0.14195503294467926
150.0 -3.3334536908569135e-08 0.984626293182373 0.9226240515708923 0.9225874543190002 0.14195503294467926
150.0001 -3.3348250383369304e-08 0.984626293182373 0.9226240515708923 0.9225874543190002 0.14195503294467926
150.0003 -3.3327786752579414e-08 0.984626293182373 0.9226241111755371 0.9225874543190002 0.14195625483989716
150.0007 6.468393820568963e-08 0.984626293182373 0.9226241111755371 0.9225847125053406 0.14195963740348816
150.001 3.0955609986449417e-07 0.984626293182373 0.9226241111755371 0.9225779175758362 0.14195837080478668
150.0080808446867 1.649065234232694e-05 0.984626293182373 0.9226241111755371 0.922126293182373 0.14151307940483093
150.01516168937337 3.2670672226231545e-05 0.984626293182373 0.9226241111755371 0.9216731190681458 0.14106644690036774
150.0293510924246 6.509087688755244e-05 0.984626293182373 0.9226241111755371 0.9207618236541748 0.14016863703727722
150.05772989852701 0.00012991789844818413 0.984626293182373 0.9226241111755371 0.9189136624336243 0.1383492797613144
150.11448751073186 0.00025951798306778073 0.984626293182373 0.9226241111755371 0.9151036739349365 0.1346057802438736
150.22800273514153 0.0005185395712032914 0.984626293182373 0.9226241111755371 0.9071038961410522 0.12677904963493347
150.40378398514156 0.0009193175355903804 0.984626293182373 0.9226241111755371 0.8939388394355774 0.1139993965625763
150.57956523514156 0.001319807954132557 0.984626293182373 0.9226241111755371 0.8798708319664001 0.10052799433469772
150.7553464851416 0.0017200717702507973 0.984626293182373 0.9226241111755371 0.8648662567138672 0.0864761620759964
150.9311277351416 0.002120143733918667 0.984626293182373 0.9226241111755371 0.848992109298706 0.07211574912071228
151.10690898514162 0.002520028967410326 0.984626293182373 0.9226241111755371 0.8323396444320679 0.05782443284988403
151.28269023514162 0.002919732127338648 0.984626293182373 0.9226241111755371 0.8149896860122681 0.04404491186141968
151.45847148514164 0.0033192564733326435 0.984626293182373 0.9226241111755371 0.7970044016838074 0.031223144382238388
151.63425273514164 0.0037186057306826115 0.984626293182373 0.9226241111755371 0.7784603238105774 0.01974545419216156
151.81003398514164 0.004117782227694988 0.984626293182373 0.9226241111755371 0.7594149708747864 0.009831820614635944
151.98581523514167 0.004516844172030687 0.984626293182373 0.9226241111755371 0.739973247051239 0.0015802482375875115
152.034094829266 0.0046264613047242165 0.984626293182373 0.9226241111755371 0.7345611453056335 6.372118514264002e-05
152.0402440974608 0.004640430677682161 0.984626293182373 0.9226241111755371 0.7338671684265137 -3.337491705224238e-08
152.0804902461236 0.004731890745460987 0.984626293182373 0.9226241111755371 0.7293054461479187 -3.337509824064e-08
152.12073639478638 0.004823319613933563 0.984626293182373 0.9226241111755371 0.7247185111045837 -3.3375286534464976e-08
152.20115828162074 0.0050059170462191105 0.984626293182373 0.9226241111755371 0.7154728770256042 -3.337568088568332e-08
152.3620020552894 0.005370845086872578 0.984626293182373 0.9226241111755371 0.6967775821685791 -3.337630261057711e-08
152.5377833052894 0.005769388750195503 0.984626293182373 0.9226241111755371 0.6761036515235901 -3.337687104476572e-08
152.88934580528942 0.006565870717167854 0.984626293182373 0.9226241111755371 0.6339383125305176 -3.337803278213869e-08
153.06512705528945 0.006963863968849182 0.984626293182373 0.9226241111755371 0.6124592423439026 -3.337854082019476e-08
153.41668955528945 0.007759368047118187 0.984626293182373 0.9226241111755371 0.5688172578811646 -3.3379436104041815e-08
153.59247080528948 0.008156880736351013 0.984626293182373 0.9226241111755371 0.5467020273208618 -3.3379794928123374e-08
153.9440333052895 0.008951429277658463 0.984626293182373 0.9226241111755371 0.5019909739494324 -3.33804273111582e-08
154.29559580528954 0.009745344519615173 0.984626293182373 0.9226241111755371 0.4566953480243683 -3.3381034825197275e-08
154.64715830528957 0.01053862925618887 0.984626293182373 0.9226241111755371 0.4108436703681946 -3.338158194310381e-08
154.9987208052896 0.0113312853500247 0.984626293182373 0.9226241111755371 0.3645310401916504 -3.338199050517687e-08
155.52606455528962 0.012519096955657005 0.984626293182373 0.9226241111755371 0.29436251521110535 -3.3382580255647554e-08
156.05340830528965 0.013705506920814514 0.984626293182373 0.9226241111755371 0.22343255579471588 -3.33830918464173e-08
156.4928614302897 0.014693152159452438 0.984626293182373 0.9226241111755371 0.1639900654554367 -3.338342224878943e-08
156.93231455528974 0.01567985862493515 0.984626293182373 0.9226241111755371 0.10520722717046738 -3.3383731334879485e-08
157.10809580528974 0.016074256971478462 0.984626293182373 0.9226241111755371 0.0826561376452446 -3.338384502171721e-08
157.28387705528976 0.016468485817313194 0.984626293182373 0.9226241111755371 0.06144142150878906 -3.338394449770021e-08
157.45965830528976 0.01686255633831024 0.984626293182373 0.9226241111755371 0.042242761701345444 -3.3384029762828504e-08
157.6354395552898 0.017256470397114754 0.984626293182373 0.9226241111755371 0.025696001946926117 -3.338410081710208e-08
157.8112208052898 0.01765023171901703 0.984626293182373 0.9226241111755371 0.012137179262936115 -3.338415766052094e-08
157.98700205528982 0.018043892458081245 0.984626293182373 0.9226241111755371 0.0015162790659815073 -3.338420029308509e-08
158.02880786373436 0.018137535080313683 0.984626293182373 0.9226241111755371 0.0001085907788365148 -3.3384203845798766e-08
158.04331446094653 0.01817004568874836 0.984626293182373 0.9226241111755371 -3.3384203845798766e-08 -3.3384203845798766e-08
168.9240852890361 0.04223417490720749 0.984626293182373 0.9226241111755371 -3.3384203845798766e-08 -3.3384203845798766e-08
179.80485611712567 0.06570416688919067 0.984626293182373 0.9226241111755371 -3.3384203845798766e-08 -3.3384203845798766e-08
179.98063736712567 0.06607848405838013 0.984626293182373 0.9226241111755371 -3.3384203845798766e-08 -3.3384203845798766e-08
179.99999999999997 0.0661197230219841 0.984626293182373 0.9226241111755371 -3.3384203845798766e-08 -3.3384203845798766e-08
