time a b c w1 w2
0.0 0.0 0.0 0.0 0.0 0.0
1.757812428601624e-06 1.0832566022872925 1.757988202426422e-23 1.757988202426422e-23 1.757988202426422e-23 1.757988202426422e-23
1.7648476783160305e-06 1.0055341720581055 1.7650242106122693e-23 1.7650242106122693e-23 1.7650242106122693e-23 1.7650242106122693e-23
1.7789181777448437e-06 0.9905999898910522 1.7790960692117828e-23 1.7790960692117828e-23 1.7790960692117828e-23 1.7790960692117828e-23
1.8070591766024704e-06 0.984626293182373 1.8072399441829907e-23 1.8072399441829907e-23 1.8072399441829907e-23 1.8072399441829907e-23
0.00013281055255599797 0.984626293182373 1.3282383013875093e-21 1.3282383013875093e-21 1.3282383013875093e-21 1.3282383013875093e-21
0.00026381985277929004 0.984626293182373 2.6384624023353322e-21 2.6384624023353322e-21 2.6384624023353322e-21 2.6384624023353322e-21
0.0005258384532258742 0.984626293182373 5.258910200334195e-21 5.258910200334195e-21 -5.9387010864497825e-09 -5.9387010864497825e-09
0.001 0.984626293182373 1.0000999731091105e-20 1.0000999731091105e-20 -3.3371325258713114e-08 -3.3371325258713114e-08
29.999999999999996 0.984626293182373 3.000300019364487e-16 3.000300019364487e-16 -3.3371467367260266e-08 -3.3371467367260266e-08
30.000099999999996 0.984626293182373 3.0003100778807355e-16 3.0003100778807355e-16 -3.335610898602681e-08 -3.335610898602681e-08
30.0003 0.984626293182373 3.0003299302154367e-16 3.0003299302154367e-16 -3.334094245133201e-08 -3.334094245133201e-08
30.0007 0.984626293182373 3.0003698995826353e-16 3.0003698995826353e-16 -3.333292397655896e-08 -3.333292397655896e-08
30.00082296357644 0.984626293182373 3.000382340379048e-16 3.000382340379048e-16 -3.333187947873739e-08 -3.333187947873739e-08
30.000893956809026 0.984626293182373 3.0003894872195405e-16 5.29969401696917e-10 -3.333155262907894e-08 -2.855925274047877e-08
30.000929659335483 0.984626293182373 3.000392928290889e-16 3.1060405358829257e-09 -3.333155262907894e-08 -9.682264989763212e-10
30.00095106464591 0.984626293182373 3.000395045873257e-16 1.2131327054021313e-08 -3.333155262907894e-08 1.1195589877388556e-07
30.000980646125996 0.984626293182373 3.000397957549013e-16 4.559208477417087e-08 -3.333155262907894e-08 5.564750722442113e-07
30.001 0.984626293182373 3.000400075131381e-16 8.315895172472665e-08 -3.333155262907894e-08 1.0706912689784076e-06
30.354150689289714 0.984626293182373 3.0357187020539254e-16 0.0011462203692644835 -3.333155262907894e-08 0.016677746549248695
30.707301378579423 0.984626293182373 3.0710373289764695e-16 0.0022265929728746414 -3.333155262907894e-08 0.03295934945344925
31.058863878579423 0.984626293182373 3.1061968725236075e-16 0.0032753217965364456 -3.333155262907894e-08 0.04900387302041054
31.586207628579423 0.984626293182373 3.1589365848910084e-16 0.00476811733096838 -3.333155262907894e-08 0.0725683718919754
32.11355137857942 0.984626293182373 3.2116762972584094e-16 0.006138784810900688 -3.333155262907894e-08 0.09535108506679535
32.46511387857942 0.984626293182373 3.2468361055033434e-16 0.0069874427281320095 -3.333155262907894e-08 0.11010948568582535
32.816676378579416 0.984626293182373 3.2819959137482774e-16 0.0077860294841229916 -3.333155262907894e-08 0.12452760338783264
33.344020128579416 0.984626293182373 3.3347353614178823e-16 0.008907677605748177 -3.333155262907894e-08 0.14562316238880157
33.695582628579416 0.984626293182373 3.3698951696628163e-16 0.009607973508536816 -3.333155262907894e-08 0.15934640169143677
34.310817003579416 0.984626293182373 3.4314247017425527e-16 0.010726426728069782 -3.333155262907894e-08 0.18256762623786926
34.926051378579416 0.984626293182373 3.492954498520085e-16 0.011716506443917751 -3.333155262907894e-08 0.20479394495487213
35.277613878579416 0.984626293182373 3.528114042067223e-16 0.01223799493163824 -3.333155262907894e-08 0.2171383500099182
36.15652012857941 0.984626293182373 3.616013562679558e-16 0.013435262255370617 -3.333155262907894e-08 0.24709860980510712
36.33230137857941 0.984626293182373 3.633593466802025e-16 0.013655012473464012 -3.333155262907894e-08 0.25292056798934937
36.50808262857941 0.984626293182373 3.651173370924492e-16 0.013871738687157631 -3.333155262907894e-08 0.25871542096138
36.85964512857941 0.984626293182373 3.686333179169426e-16 0.014283902943134308 -3.333155262907894e-08 0.27011117339134216
37.38698887857941 0.984626293182373 3.739072626839031e-16 0.014840676449239254 -3.333155262907894e-08 0.28662851452827454
37.91433262857941 0.984626293182373 3.791812339206432e-16 0.015328856185078621 -3.333155262907894e-08 0.3024688959121704
38.26589512857941 0.984626293182373 3.826972147451366e-16 0.015622347593307495 -3.333155262907894e-08 0.31269747018814087
38.61745762857941 0.984626293182373 3.8621319556963e-16 0.015896672382950783 -3.333155262907894e-08 0.3227178156375885
40.0237076285794 0.984626293182373 4.0027709239782397e-16 0.016762282699346542 -3.333155262907894e-08 0.36007532477378845
40.3752701285794 0.984626293182373 4.0379307322231737e-16 0.01693819835782051 -3.333155262907894e-08 0.3689018487930298
40.9026138785794 0.984626293182373 4.0906704445905747e-16 0.01717604324221611 -3.333155262907894e-08 0.3817741870880127
41.5178482535794 0.984626293182373 4.152199976670311e-16 0.017405401915311813 -3.333155262907894e-08 0.39606955647468567
42.1330826285794 0.984626293182373 4.2137295087500476e-16 0.017590679228305817 -3.333155262907894e-08 0.40963631868362427
42.484645128579395 0.984626293182373 4.2488893169949815e-16 0.017686203122138977 -3.333155262907894e-08 0.417206346988678
42.836207628579395 0.984626293182373 4.2840491252399155e-16 0.017773527652025223 -3.333155262907894e-08 0.42461901903152466
43.187770128579395 0.984626293182373 4.3192089334848495e-16 0.017852477729320526 -3.333155262907894e-08 0.4318680167198181
43.539332628579395 0.984626293182373 4.3543687417297834e-16 0.017927121371030807 -3.333155262907894e-08 0.43902724981307983
43.890895128579395 0.984626293182373 4.3895285499747174e-16 0.01799229346215725 -3.333155262907894e-08 0.44597938656806946
44.418238878579395 0.984626293182373 4.442267997644322e-16 0.018072867766022682 -3.333155262907894e-08 0.45599985122680664
44.945582628579395 0.984626293182373 4.495007974709519e-16 0.01813577301800251 -3.333155262907894e-08 0.46555083990097046
45.297145128579395 0.984626293182373 4.530167253558861e-16 0.018171168863773346 -3.333155262907894e-08 0.47172749042510986
46.08816075357939 0.984626293182373 4.609276954458861e-16 0.018238481134176254 -3.333155262907894e-08 0.4852108657360077
46.87917637857939 0.984626293182373 4.68838665535886e-16 0.018281729891896248 -3.333155262907894e-08 0.4977637827396393
47.40652012857939 0.984626293182373 4.741126103028465e-16 0.018300862982869148 -3.333155262907894e-08 0.505663275718689
48.19753575357939 0.984626293182373 4.820235803928465e-16 0.01832089014351368 -3.333155262907894e-08 0.5169719457626343
48.98855137857938 0.984626293182373 4.899344975432872e-16 0.01833135262131691 -3.333155262907894e-08 0.5274978876113892
49.16433262857938 0.984626293182373 4.916925144253135e-16 0.018332771956920624 -3.333155262907894e-08 0.5297351479530334
49.51589512857938 0.984626293182373 4.952084423102477e-16 0.01833518221974373 -3.333155262907894e-08 0.53415447473526
49.86745762857938 0.984626293182373 4.987244231347411e-16 0.01833738014101982 -3.333155262907894e-08 0.5385400056838989
50.39480137857938 0.984626293182373 5.039984208412608e-16 0.01833941601216793 -3.333155262907894e-08 0.5448768734931946
50.92214512857938 0.984626293182373 5.092723656082213e-16 0.01834048330783844 -3.333155262907894e-08 0.5509734153747559
51.80105137857938 0.984626293182373 5.180622911996752e-16 0.018341129645705223 -3.333155262907894e-08 0.5606077909469604
52.67995762857937 0.984626293182373 5.268522697306883e-16 0.01834115944802761 -3.333155262907894e-08 0.5695071816444397
53.03152012857937 0.984626293182373 5.303682505551817e-16 0.01834115944802761 -3.333155262907894e-08 0.5728846788406372
53.55886387857937 0.984626293182373 5.356421953221422e-16 0.01834115944802761 -3.333155262907894e-08 0.5779141187667847
54.17409825357937 0.984626293182373 5.417951485301158e-16 0.01834115944802761 -3.333155262907894e-08 0.5835460424423218
54.78933262857937 0.984626293182373 5.479481017380894e-16 0.01834115944802761 -3.333155262907894e-08 0.5888795852661133
55.316676378579366 0.984626293182373 5.532220994446091e-16 0.01834115944802761 -3.333155262907894e-08 0.5932283401489258
55.844020128579366 0.984626293182373 5.584960442115696e-16 0.01834115944802761 -3.333155262907894e-08 0.5973913669586182
56.371363878579366 0.984626293182373 5.637699889785301e-16 0.01834115944802761 -3.333155262907894e-08 0.6015148162841797
57.162379503579366 0.984626293182373 5.716809590685301e-16 0.01834115944802761 -3.333155262907894e-08 0.607456624507904
57.953395128579366 0.984626293182373 5.7959192915853e-16 0.01834115944802761 -3.333155262907894e-08 0.6132184863090515
58.97669756428968 0.984626293182373 5.898259400459341e-16 0.01834115944802761 -3.333155262907894e-08 0.6201613545417786
59.99999999999999 0.984626293182373 6.000600038728974e-16 0.01834115944802761 -3.333155262907894e-08 0.6265460848808289
60.000099999999996 0.984626293182373 6.000610097245222e-16 0.01834115944802761 -3.333155262907894e-08 0.6265453100204468
60.000299999999996 0.984626293182373 6.00063021427772e-16 0.01834115944802761 -3.333155262907894e-08 0.6265443563461304
60.0004004002441 0.984626293182373 6.000640272793968e-16 0.01834115944802761 -3.333155262907894e-08 0.6265441179275513
60.000460592768874 0.984626293182373 6.000646096145481e-16 0.01834115758538246 -3.333155262907894e-08 0.6265441179275513
60.00049712347927 0.984626293182373 6.000649801914625e-16 0.018341155722737312 -3.333155262907894e-08 0.6265441179275513
60.00057018490006 0.984626293182373 6.000657213452913e-16 0.01834114082157612 1.1113947806506985e-07 0.6265441179275513
60.0006088585422 0.984626293182373 6.000660919222058e-16 0.01834111474454403 5.035359436078579e-07 0.6265441179275513
60.000647583337745 0.984626293182373 6.000664624991202e-16 0.018341057002544403 1.213797759191948e-06 0.6265441179275513
60.00066958051381 0.984626293182373 6.00066674257357e-16 0.018341001123189926 1.63135223374411e-06 0.6265441179275513
60.00076807049898 0.984626293182373 6.000676801089819e-16 0.018340103328227997 2.9781747343804454e-06 0.6265441179275513
60.00094009043477 0.984626293182373 1.0861418076046903e-07 0.018336091190576553 4.371276645542821e-06 0.6265441179275513
60.00096985056258 0.984626293182373 5.180264679438551e-07 0.018334560096263885 4.4995967982686125e-06 0.6265441179275513
60.001000000000005 0.984626293182373 1.4402188526219106e-06 0.018332665786147118 4.614005320036085e-06 0.6265441179275513
60.08495395247278 0.984626293182373 0.003982576075941324 0.012674406170845032 0.0002798520727083087 0.6265441179275513
60.16890790494554 0.984626293182373 0.007944013923406601 0.007631221320480108 0.0005517778336070478 0.6265441179275513
60.25942920348417 0.984626293182373 0.012200656346976757 0.002642406616359949 0.0008425191626884043 0.6265441179275513
60.3035636626572 0.984626293182373 0.014269798062741756 0.0005126013420522213 0.0009832346113398671 0.6265441179275513
60.3179645807139 0.984626293182373 0.014943755231797695 2.5045048460015096e-05 0.0010289503261446953 0.6265441179275513
60.321029956870426 0.984626293182373 0.015087121166288853 -3.338052323442753e-08 0.0010386659996584058 0.6265441179275513
60.879622398302665 0.984626293182373 0.04078493267297745 -3.338052323442753e-08 0.00273880991153419 0.6265441179275513
61.4382148397349 0.984626293182373 0.06572785973548889 -3.338052323442753e-08 0.004317191429436207 0.6265441179275513
61.6139960897349 0.984626293182373 0.07342085987329483 -3.338052323442753e-08 0.004789299331605434 0.6265441179275513
61.7897773397349 0.984626293182373 0.08103935420513153 -3.338052323442753e-08 0.005249872338026762 0.6265441179275513
61.9655585897349 0.984626293182373 0.0885835736989975 -3.338052323442753e-08 0.005699061322957277 0.6265441179275513
62.4929023397349 0.984626293182373 0.11077292263507843 -3.338052323442753e-08 0.006979840341955423 0.6265441179275513
62.8444648397349 0.984626293182373 0.12519890069961548 -3.338052323442753e-08 0.007779570296406746 0.6265441179275513
63.0202460897349 0.984626293182373 0.13230261206626892 -3.338052323442753e-08 0.008163662627339363 0.6265441179275513
63.1960273397349 0.984626293182373 0.1393338441848755 -3.338052323442753e-08 0.008537448942661285 0.6265441179275513
63.3718085897349 0.984626293182373 0.14629286527633667 -3.338052323442753e-08 0.008901085704565048 0.6265441179275513
63.7233710897349 0.984626293182373 0.15999554097652435 -3.338052323442753e-08 0.00959854293614626 0.6265441179275513
64.0749335897349 0.984626293182373 0.17341305315494537 -3.338052323442753e-08 0.010257300920784473 0.6265441179275513
64.2507148397349 0.984626293182373 0.1800156831741333 -3.338052323442753e-08 0.010572565719485283 0.6265441179275513
64.4264960897349 0.984626293182373 0.18654800951480865 -3.338052323442753e-08 0.01087863463908434 0.6265441179275513
64.6022773397349 0.984626293182373 0.1930103600025177 -3.338052323442753e-08 0.011175667867064476 0.6265441179275513
65.4811835897349 0.984626293182373 0.2242850363254547 -3.338052323442753e-08 0.012530896812677383 0.6265441179275513
65.6569648397349 0.984626293182373 0.23033514618873596 -3.338052323442753e-08 0.012777077965438366 0.6265441179275513
65.8327460897349 0.984626293182373 0.23631785809993744 -3.338052323442753e-08 0.013015343807637691 0.6265441179275513
66.0085273397349 0.984626293182373 0.24223360419273376 -3.338052323442753e-08 0.013245854526758194 0.6265441179275513
66.53587108973488 0.984626293182373 0.2595829963684082 -3.338052323442753e-08 0.013892442919313908 0.6265441179275513
66.71165233973488 0.984626293182373 0.26523494720458984 -3.338052323442753e-08 0.014093518257141113 0.6265441179275513
66.88743358973488 0.984626293182373 0.2708219587802887 -3.338052323442753e-08 0.01428762823343277 0.6265441179275513
67.06321483973488 0.984626293182373 0.27634453773498535 -3.338052323442753e-08 0.014474929310381413 0.6265441179275513
67.23899608973488 0.984626293182373 0.28180307149887085 -3.338052323442753e-08 0.014655577018857002 0.6265441179275513
67.94212108973488 0.984626293182373 0.303006112575531 -3.338052323442753e-08 0.015314706601202488 0.6265441179275513
68.11790233973488 0.984626293182373 0.30815139412879944 -3.338052323442753e-08 0.015464384108781815 0.6265441179275513
68.29368358973488 0.984626293182373 0.31323543190956116 -3.338052323442753e-08 0.015608318150043488 0.6265441179275513
68.46946483973488 0.984626293182373 0.318258672952652 -3.338052323442753e-08 0.01574665866792202 0.6265441179275513
69.34837108973488 0.984626293182373 0.342480331659317 -3.338052323442753e-08 0.01635952666401863 0.6265441179275513
69.52415233973488 0.984626293182373 0.34714922308921814 -3.338052323442753e-08 0.016467329114675522 0.6265441179275513
69.69993358973488 0.984626293182373 0.3517608046531677 -3.338052323442753e-08 0.016570528969168663 0.6265441179275513
69.87571483973488 0.984626293182373 0.356315553188324 -3.338052323442753e-08 0.016669267788529396 0.6265441179275513
70.40305858973488 0.984626293182373 0.3696441054344177 -3.338052323442753e-08 0.016940025612711906 0.6265441179275513
70.57883983973488 0.984626293182373 0.37397676706314087 -3.338052323442753e-08 0.017022227868437767 0.6265441179275513
70.75462108973488 0.984626293182373 0.3782552182674408 -3.338052323442753e-08 0.017100617289543152 0.6265441179275513
70.93040233973488 0.984626293182373 0.3824799656867981 -3.338052323442753e-08 0.01717531681060791 0.6265441179275513
71.10618358973488 0.984626293182373 0.38665151596069336 -3.338052323442753e-08 0.01724645122885704 0.6265441179275513
71.80930858973488 0.984626293182373 0.4028165936470032 -3.338052323442753e-08 0.017497699707746506 0.6265441179275513
71.98508983973488 0.984626293182373 0.40673017501831055 -3.338052323442753e-08 0.01755276694893837 0.6265441179275513
72.16087108973488 0.984626293182373 0.41059377789497375 -3.338052323442753e-08 0.01760495826601982 0.6265441179275513
72.33665233973488 0.984626293182373 0.4144079089164734 -3.338052323442753e-08 0.017654381692409515 0.6265441179275513
73.03977733973487 0.984626293182373 0.42918023467063904 -3.338052323442753e-08 0.017826464027166367 0.6265441179275513
73.21555858973487 0.984626293182373 0.4327549338340759 -3.338052323442753e-08 0.01786358281970024 0.6265441179275513
73.39133983973487 0.984626293182373 0.43628332018852234 -3.338052323442753e-08 0.017898529767990112 0.6265441179275513
73.56712108973487 0.984626293182373 0.43976593017578125 -3.338052323442753e-08 0.01793139986693859 0.6265441179275513
74.44602733973487 0.984626293182373 0.45651087164878845 -3.338052323442753e-08 0.01806764304637909 0.6265441179275513
74.62180858973487 0.984626293182373 0.4597298800945282 -3.338052323442753e-08 0.01808984763920307 0.6265441179275513
74.79758983973487 0.984626293182373 0.46290674805641174 -3.338052323442753e-08 0.018110554665327072 0.6265441179275513
74.97337108973487 0.984626293182373 0.46604201197624207 -3.338052323442753e-08 0.01812983676791191 0.6265441179275513
75.32493358973487 0.984626293182373 0.4721897840499878 -3.338052323442753e-08 0.018164414912462234 0.6265441179275513
75.67649608973487 0.984626293182373 0.47817716002464294 -3.338052323442753e-08 0.01819412223994732 0.6265441179275513
75.85227733973487 0.984626293182373 0.48111197352409363 -3.338052323442753e-08 0.018207311630249023 0.6265441179275513
76.02805858973487 0.984626293182373 0.48400822281837463 -3.338052323442753e-08 0.0182194747030735 0.6265441179275513
76.20383983973487 0.984626293182373 0.4868663549423218 -3.338052323442753e-08 0.01823066920042038 0.6265441179275513
77.08274608973487 0.984626293182373 0.5006027221679688 -3.338052323442753e-08 0.018274005502462387 0.6265441179275513
77.25852733973487 0.984626293182373 0.5032424330711365 -3.338052323442753e-08 0.018280498683452606 0.6265441179275513
77.43430858973487 0.984626293182373 0.5058474540710449 -3.338052323442753e-08 0.01828637905418873 0.6265441179275513
77.61008983973487 0.984626293182373 0.5084182024002075 -3.338052323442753e-08 0.018291685730218887 0.6265441179275513
78.66477733973487 0.984626293182373 0.5231485366821289 -3.338052323442753e-08 0.018313661217689514 0.6265441179275513
78.84055858973487 0.984626293182373 0.5254920721054077 -3.338052323442753e-08 0.018316004425287247 0.6265441179275513
79.01633983973487 0.984626293182373 0.5278049111366272 -3.338052323442753e-08 0.01831805147230625 0.6265441179275513
79.19212108973485 0.984626293182373 0.5300874710083008 -3.338052323442753e-08 0.018319830298423767 0.6265441179275513
79.71946483973485 0.984626293182373 0.5367577075958252 -3.338052323442753e-08 0.018323808908462524 0.6265441179275513
80.07102733973485 0.984626293182373 0.541060745716095 -3.338052323442753e-08 0.018325554206967354 0.6265441179275513
80.24680858973485 0.984626293182373 0.5431703925132751 -3.338052323442753e-08 0.018326211720705032 0.6265441179275513
80.42258983973485 0.984626293182373 0.5452526211738586 -3.338052323442753e-08 0.01832675188779831 0.6265441179275513
80.59837108973485 0.984626293182373 0.5473077893257141 -3.338052323442753e-08 0.01832718960940838 0.6265441179275513
81.65305858973485 0.984626293182373 0.5590929985046387 -3.338052323442753e-08 0.01832837238907814 0.6265441179275513
81.82883983973485 0.984626293182373 0.5609695911407471 -3.338052323442753e-08 0.01832842454314232 0.6265441179275513
82.00462108973485 0.984626293182373 0.5628222227096558 -3.338052323442753e-08 0.018328459933400154 0.6265441179275513
82.18040233973485 0.984626293182373 0.5646510720252991 -3.338052323442753e-08 0.018328480422496796 0.6265441179275513
83.41087108973485 0.984626293182373 0.5768181085586548 -3.338052323442753e-08 0.01832849532365799 0.6265441179275513
83.58665233973485 0.984626293182373 0.5784693956375122 -3.338052323442753e-08 0.01832849532365799 0.6265441179275513
83.76243358973485 0.984626293182373 0.5800999999046326 -3.338052323442753e-08 0.01832849532365799 0.6265441179275513
83.93821483973485 0.984626293182373 0.5817101001739502 -3.338052323442753e-08 0.01832849532365799 0.6265441179275513
84.46555858973485 0.984626293182373 0.5864208340644836 -3.338052323442753e-08 0.01832849532365799 0.6265441179275513
84.99290233973485 0.984626293182373 0.5909581780433655 -3.338052323442753e-08 0.01832849532365799 0.6265441179275513
85.16868358973485 0.984626293182373 0.5924334526062012 -3.338052323442753e-08 0.01832849532365799 0.6265441179275513
85.34446483973485 0.984626293182373 0.5938904881477356 -3.338052323442753e-08 0.01832849532365799 0.6265441179275513
85.52024608973485 0.984626293182373 0.5953297019004822 -3.338052323442753e-08 0.01832849532365799 0.6265441179275513
85.69602733973484 0.984626293182373 0.59675133228302 -3.338052323442753e-08 0.01832849532365799 0.6265441179275513
87.10227733973484 0.984626293182373 0.6075205206871033 -3.338052323442753e-08 0.01832849532365799 0.6265441179275513
87.27805858973484 0.984626293182373 0.6087949275970459 -3.338052323442753e-08 0.01832849532365799 0.6265441179275513
87.45383983973484 0.984626293182373 0.610054075717926 -3.338052323442753e-08 0.01832849532365799 0.6265441179275513
87.62962108973484 0.984626293182373 0.6112983226776123 -3.338052323442753e-08 0.01832849532365799 0.6265441179275513
89.21165233973484 0.984626293182373 0.621859073638916 -3.338052323442753e-08 0.01832849532365799 0.6265441179275513
89.38743358973484 0.984626293182373 0.6229654550552368 -3.338052323442753e-08 0.01832849532365799 0.6265441179275513
89.56321483973484 0.984626293182373 0.6240590810775757 -3.338052323442753e-08 0.01832849532365799 0.6265441179275513
89.73899608973484 0.984626293182373 0.6251401305198669 -3.338052323442753e-08 0.01832849532365799 0.6265441179275513
89.99999999999999 0.984626293182373 0.6267256736755371 -3.3373630969890655e-08 0.01832849532365799 0.6265441179275513
90.0001 0.984626293182373 0.6267262101173401 -3.336656462238352e-08 0.01832849532365799 0.6265441179275513
90.0003 0.984626293182373 0.6267272233963013 -3.335116360858592e-08 0.01832849532365799 0.6265441179275513
90.00048381758448 0.984626293182373 0.6267275810241699 -2.4632905493149337e-08 0.01832849532365799 0.6265441179275513
90.00085145275345 0.984626293182373 0.6267269253730774 1.8920513156217567e-08 0.01832849532365799 0.6265441179275513
90.001 0.984626293182373 0.6267263293266296 4.003749154435354e-08 0.01832849532365799 0.6265441179275513
105.34880928727547 0.984626293182373 0.6267263293266296 4.003749154435354e-08 0.01832849532365799 0.6290315389633179
105.87615303727547 0.984626293182373 0.6267263293266296 4.003749154435354e-08 0.01832849532365799 0.6291125416755676
119.99999999999999 0.984626293182373 0.6267263293266296 4.003749154435354e-08 0.01832849532365799 0.6311819553375244
120.0001 0.984626293182373 0.6267263293266296 4.003749154435354e-08 0.01832849532365799 0.6311820149421692
120.0003 0.984626293182373 0.6267263293266296 4.003749154435354e-08 0.01832849532365799 0.631182074546814
120.0007 0.9846261739730835 0.6267263293266296 4.003749154435354e-08 0.01832849532365799 0.6311821937561035
120.00084150375852 0.9846258759498596 0.6267263293266296 4.003749154435354e-08 0.01832849532365799 0.6311821937561035
120.001 0.9846251606941223 0.6267263293266296 4.003749154435354e-08 0.01832849532365799 0.6311821937561035
120.04396016522472 0.9843167066574097 0.6267263293266296 0.0003601498028729111 0.01832849532365799 0.6311821937561035
120.08692033044943 0.9840030670166016 0.6267263293266296 0.0007195610669441521 0.01832849532365799 0.6311821937561035
120.34469705524036 0.9820242524147034 0.6267263293266296 0.0028642667457461357 0.01832849532365799 0.6311821937561035
120.69625955524036 0.9790747165679932 0.6267263293266296 0.005769622977823019 0.01832849532365799 0.6311821937561035
120.87204080524036 0.9774702787399292 0.6267263293266296 0.007215919904410839 0.01832849532365799 0.6311821937561035
121.04782205524036 0.9757707715034485 0.6267263293266296 0.008658360689878464 0.01832849532365799 0.6311821937561035
121.22360330524036 0.9739689230918884 0.6267263293266296 0.010096743702888489 0.01832849532365799 0.6311821937561035
121.57516580524036 0.9700268507003784 0.6267263293266296 0.0129612497985363 0.01832849532365799 0.6311821937561035
121.75094705524036 0.9678696393966675 0.6267263293266296 0.014387492090463638 0.01832849532365799 0.6311821937561035
122.10250955524036 0.9631356000900269 0.6267263293266296 0.01722787879407406 0.01832849532365799 0.6311821937561035
122.6298533052404 0.9548243284225464 0.6267263293266296 0.021459754556417465 0.01832849532365799 0.6311821937561035
122.98141580524043 0.9483345150947571 0.6267263293266296 0.024260535836219788 0.01832849532365799 0.6311821937561035
123.33297830524045 0.9409591555595398 0.6267263293266296 0.02704434096813202 0.01832849532365799 0.6311821937561035
123.50875955524046 0.9369028210639954 0.6267263293266296 0.028430230915546417 0.01832849532365799 0.6311821937561035
123.86032205524049 0.9279760718345642 0.6267263293266296 0.031190121546387672 0.01832849532365799 0.6311821937561035
124.21188455524052 0.9178590774536133 0.6267263293266296 0.03393421322107315 0.01832849532365799 0.6311821937561035
124.56344705524054 0.9064269065856934 0.6267263293266296 0.03666255995631218 0.01832849532365799 0.6311821937561035
124.91500955524057 0.8935604691505432 0.6267263293266296 0.03937523066997528 0.01832849532365799 0.6311821937561035
125.09079080524059 0.8865551948547363 0.6267263293266296 0.0407257080078125 0.01832849532365799 0.6311821937561035
125.44235330524062 0.8713409900665283 0.6267263293266296 0.04341499134898186 0.01832849532365799 0.6311821937561035
125.79391580524063 0.8544574975967407 0.6267263293266296 0.04608876258134842 0.01832849532365799 0.6311821937561035
125.96969705524064 0.8453710675239563 0.6267263293266296 0.04741986095905304 0.01832849532365799 0.6311821937561035
126.32125955524067 0.8258854746818542 0.6267263293266296 0.05007051303982735 0.01832849532365799 0.6311821937561035
126.49704080524069 0.8154818415641785 0.6267263293266296 0.051390089094638824 0.01832849532365799 0.6311821937561035
126.84860330524072 0.7933533787727356 0.6267263293266296 0.05401778221130371 0.01832849532365799 0.6311821937561035
127.02438455524073 0.7816332578659058 0.6267263293266296 0.05532592535018921 0.01832849532365799 0.6311821937561035
127.20016580524074 0.7694812417030334 0.6267263293266296 0.056630272418260574 0.01832849532365799 0.6311821937561035
127.37594705524076 0.7569028735160828 0.6267263293266296 0.0579308420419693 0.01832849532365799 0.6311821937561035
127.55172830524077 0.7439048290252686 0.6267263293266296 0.059227634221315384 0.01832849532365799 0.6311821937561035
127.72750955524079 0.7304946184158325 0.6267263293266296 0.06052066385746002 0.01832849532365799 0.6311821937561035
127.9032908052408 0.7166805267333984 0.6267263293266296 0.06180994212627411 0.01832849532365799 0.6311821937561035
128.0790720552408 0.7024717330932617 0.6267263293266296 0.06309548020362854 0.01832849532365799 0.6311821937561035
128.25485330524083 0.6878776550292969 0.6267263293266296 0.06437727808952332 0.01832849532365799 0.6311821937561035
128.43063455524083 0.672908365726471 0.6267263293266296 0.06565535068511963 0.01832849532365799 0.6311821937561035
128.60641580524086 0.6575741767883301 0.6267263293266296 0.06692971289157867 0.01832849532365799 0.6311821937561035
128.78219705524086 0.64188551902771 0.6267263293266296 0.06820037215948105 0.01832849532365799 0.6311821937561035
128.95797830524089 0.6258531808853149 0.6267263293266296 0.06946733593940735 0.01832849532365799 0.6311821937561035
129.13375955524089 0.6094878315925598 0.6267263293266296 0.07073061168193817 0.01832849532365799 0.6311821937561035
129.30954080524089 0.5928000807762146 0.6267263293266296 0.07199020683765411 0.01832849532365799 0.6311821937561035
129.4853220552409 0.5758005976676941 0.6267263293266296 0.07324613630771637 0.01832849532365799 0.6311821937561035
129.6611033052409 0.558499813079834 0.6267263293266296 0.07449841499328613 0.01832849532365799 0.6311821937561035
129.83688455524094 0.5409080982208252 0.6267263293266296 0.0757470354437828 0.01832849532365799 0.6311821937561035
130.01266580524094 0.5230355262756348 0.6267263293266296 0.07699202001094818 0.01832849532365799 0.6311821937561035
130.18844705524097 0.5048919320106506 0.6267263293266296 0.07823336869478226 0.01832849532365799 0.6311821937561035
130.36422830524097 0.48648694157600403 0.6267263293266296 0.07947901636362076 0.01832849532365799 0.6311821937561035
130.540009555241 0.4678298830986023 0.6267263293266296 0.08074483275413513 0.01832849532365799 0.6311821937561035
130.715790805241 0.4489297866821289 0.6267263293266296 0.08203089982271194 0.01832849532365799 0.6311821937561035
131.06735330524103 0.4104352593421936 0.6267263293266296 0.08460788428783417 0.01832849532365799 0.6311821937561035
131.41891580524106 0.3710699677467346 0.6267263293266296 0.08716949820518494 0.01832849532365799 0.6311821937561035
131.59469705524108 0.35108041763305664 0.6267263293266296 0.0884445384144783 0.01832849532365799 0.6311821937561035
131.77047830524108 0.330896258354187 0.6267263293266296 0.08971574157476425 0.01832849532365799 0.6311821937561035
131.94625955524108 0.3105247914791107 0.6267263293266296 0.09098311513662338 0.01832849532365799 0.6311821937561035
132.1220408052411 0.28997278213500977 0.6267263293266296 0.09224677830934525 0.01832849532365799 0.6311821937561035
132.2978220552411 0.2692466676235199 0.6267263293266296 0.09350693225860596 0.01832849532365799 0.6311821937561035
132.47360330524114 0.24835455417633057 0.6267263293266296 0.09476359188556671 0.01832849532365799 0.6311821937561035
132.64938455524114 0.227308452129364 0.6267263293266296 0.09601645171642303 0.01832849532365799 0.6311821937561035
132.82516580524117 0.20612484216690063 0.6267263293266296 0.09726522862911224 0.01832849532365799 0.6311821937561035
133.00094705524117 0.18482579290866852 0.6267263293266296 0.09850994497537613 0.01832849532365799 0.6311821937561035
133.52829080524123 0.12074370682239532 0.6267263293266296 0.10222127288579941 0.01832849532365799 0.6311821937561035
133.70407205524123 0.09973183274269104 0.6267263293266296 0.10345090180635452 0.01832849532365799 0.6311821937561035
133.87985330524126 0.0793362483382225 0.6267263293266296 0.10467681288719177 0.01832849532365799 0.6311821937561035
134.05563455524126 0.06003294140100479 0.6267263293266296 0.10589902102947235 0.01832849532365799 0.6311821937561035
134.23141580524126 0.04240530729293823 0.6267263293266296 0.10711751133203506 0.01832849532365799 0.6311821937561035
134.40719705524128 0.026996906846761703 0.6267263293266296 0.1083323210477829 0.01832849532365799 0.6311821937561035
134.58297830524128 0.014117390848696232 0.6267263293266296 0.10954344272613525 0.01832849532365799 0.6311821937561035
134.7587595552413 0.0034447519574314356 0.6267263293266296 0.11075185984373093 0.01832849532365799 0.6311821937561035
134.8254738474611 0.0003120848268736154 0.6267263293266296 0.11121036112308502 0.01832849532365799 0.6311821937561035
134.84175056244143 -3.338045218015395e-08 0.6267263293266296 0.11132244020700455 0.01832849532365799 0.6311821937561035
135.34069290639644 -3.338045218015395e-08 0.6267263293266296 0.11473637074232101 0.01832849532365799 0.6311821937561035
135.83963525035148 -3.338045218015395e-08 0.6267263293266296 0.11811122298240662 0.01832849532365799 0.6311821937561035
136.4548696253515 -3.338045218015395e-08 0.6267263293266296 0.12223315238952637 0.01832849532365799 0.6311821937561035
137.07010400035156 -3.338045218015395e-08 0.6267263293266296 0.1263112723827362 0.01832849532365799 0.6311821937561035
137.4216665003516 -3.338045218015395e-08 0.6267263293266296 0.12862208485603333 0.01832849532365799 0.6311821937561035
138.12479150035165 -3.338045218015395e-08 0.6267263293266296 0.1332014501094818 0.01832849532365799 0.6311821937561035
138.82791650035168 -3.338045218015395e-08 0.6267263293266296 0.13772498071193695 0.01832849532365799 0.6311821937561035
139.1794790003517 -3.338045218015395e-08 0.6267263293266296 0.1399659663438797 0.01832849532365799 0.6311821937561035
139.79471337535176 -3.338045218015395e-08 0.6267263293266296 0.14385464787483215 0.01832849532365799 0.6311821937561035
140.40994775035182 -3.338045218015395e-08 0.6267263293266296 0.14770162105560303 0.01832849532365799 0.6311821937561035
140.76151025035185 -3.338045218015395e-08 0.6267263293266296 0.1498813033103943 0.01832849532365799 0.6311821937561035
141.46463525035188 -3.338045218015395e-08 0.6267263293266296 0.154200479388237 0.01832849532365799 0.6311821937561035
142.16776025035193 -3.338045218015395e-08 0.6267263293266296 0.15846653282642365 0.01832849532365799 0.6311821937561035
142.51932275035196 -3.338045218015395e-08 0.6267263293266296 0.1605798304080963 0.01832849532365799 0.6311821937561035
143.22244775035202 -3.338045218015395e-08 0.6267263293266296 0.1647672951221466 0.01832849532365799 0.6311821937561035
143.92557275035207 -3.338045218015395e-08 0.6267263293266296 0.16890308260917664 0.01832849532365799 0.6311821937561035
144.2771352503521 -3.338045218015395e-08 0.6267263293266296 0.17095178365707397 0.01832849532365799 0.6311821937561035
144.4529165003521 -3.338045218015395e-08 0.6267263293266296 0.1719713658094406 0.01832849532365799 0.6311821937561035
144.62869775035213 -3.338045218015395e-08 0.6267263293266296 0.17299124598503113 0.01832849532365799 0.6311821937561035
144.80447900035213 -3.338045218015395e-08 0.6267263293266296 0.17401842772960663 0.01832849532365799 0.6311821937561035
144.98026025035216 -3.338045218015395e-08 0.6267263293266296 0.17505308985710144 0.01832849532365799 0.6311821937561035
145.5076040003522 -3.338045218015395e-08 0.6267263293266296 0.17814891040325165 0.01832849532365799 0.6311821937561035
145.85916650035222 -3.338045218015395e-08 0.6267263293266296 0.1801965981721878 0.01832849532365799 0.6311821937561035
146.56229150035227 -3.338045218015395e-08 0.6267263293266296 0.1842532902956009 0.01832849532365799 0.6311821937561035
147.26541650035233 -3.338045218015395e-08 0.6267263293266296 0.18825888633728027 0.01832849532365799 0.6311821937561035
147.61697900035236 -3.338045218015395e-08 0.6267263293266296 0.1902427077293396 0.01832849532365799 0.6311821937561035
148.2322133753524 -3.338045218015395e-08 0.6267263293266296 0.19368425011634827 0.01832849532365799 0.6311821937561035
148.84744775035244 -3.338045218015395e-08 0.6267263293266296 0.19708774983882904 0.01832849532365799 0.6311821937561035
149.19901025035247 -3.338045218015395e-08 0.6267263293266296 0.19901569187641144 0.01832849532365799 0.6311821937561035
150.0 -3.3336611693357554e-08 0.6267263293266296 0.2033645510673523 0.01832849532365799 0.6311821937561035
150.0001 -3.334686837774825e-08 0.6267263293266296 0.20336592197418213 0.01832849532365799 0.6311821937561035
150.0003 -3.3329317972174977e-08 0.6267263293266296 0.2033679038286209 0.01832849532365799 0.6311821341514587
150.0007 -3.3262594456573424e-08 0.6267263293266296 0.20336690545082092 0.018327875062823296 0.6311812400817871
150.00082296504854 -3.3252788966819935e-08 0.6267263293266296 0.20336595177650452 0.01832650974392891 0.631179928779602
150.00089395809576 -3.2388317805498446e-08 0.6267263293266296 0.20336590707302094 0.01832473836839199 0.6311781406402588
150.00092966051974 -1.8882479579929168e-08 0.6267263293266296 0.20336607098579407 0.018323564901947975 0.6311767101287842
150.00095367159685 6.486453685283777e-08 0.6267263293266296 0.20336616039276123 0.018322689458727837 0.6311754584312439
150.00098141800564 3.7371862049440097e-07 0.6267263293266296 0.2033662348985672 0.018321607261896133 0.6311737298965454
150.001 7.526130048063351e-07 0.6267263293266296 0.20336627960205078 0.018320851027965546 0.6311724781990051
150.05091678023226 0.001853823778219521 0.6267263293266296 0.2034529447555542 0.01624409109354019 0.6273872256278992
150.1008335604645 0.0037013310939073563 0.6267263293266296 0.2035388946533203 0.014252970926463604 0.6235818266868591
150.20067016770045 0.007380972150713205 0.6267263293266296 0.20370879769325256 0.010510455816984177 0.6159226894378662
150.37645141770048 0.013827066868543625 0.6267263293266296 0.20400378108024597 0.004416999407112598 0.6023104190826416
150.48159519002482 0.01766481250524521 0.6267263293266296 0.20417791604995728 0.001167007489129901 0.5940895080566406
150.52753946656088 0.019336197525262833 0.6267263293266296 0.20425330102443695 8.94292097655125e-05 0.5904715657234192
150.53724289078966 0.019688719883561134 0.6267263293266296 0.2042691707611084 -3.336239728923829e-08 0.5897054076194763
150.54259447425198 0.019883058965206146 0.6267263293266296 0.204277902841568 -3.3362407947379324e-08 0.5892825722694397
150.5789491339413 0.02120162360370159 0.6267263293266296 0.20433706045150757 -3.3362521634217046e-08 0.5864022970199585
150.62049731644345 0.02270498313009739 0.6267263293266296 0.20440420508384705 -3.336264953190948e-08 0.5830934047698975
150.70359368144767 0.025700323283672333 0.6267263293266296 0.2045370638370514 -3.3362852036589175e-08 0.5764325857162476
150.86978641145612 0.03165761008858681 0.6267263293266296 0.2047986388206482 -3.336321441338441e-08 0.5629932284355164
151.04556766145612 0.03791489452123642 0.6267263293266296 0.205069899559021 -3.3363619422743795e-08 0.5486166477203369
151.22134891145615 0.04412344470620155 0.6267263293266296 0.20533518493175507 -3.3364010221248463e-08 0.5340523719787598
151.57291141145618 0.05639524385333061 0.6267263293266296 0.2058481127023697 -3.3364742080266296e-08 0.5043931603431702
151.74869266145618 0.062458865344524384 0.6267263293266296 0.20609593391418457 -3.336511156248889e-08 0.48929736018180847
152.1002551614562 0.07444233447313309 0.6267263293266296 0.20657464861869812 -3.3365630258685997e-08 0.45867758989334106
152.45181766145623 0.08623514324426651 0.6267263293266296 0.20703132450580597 -3.336627329986186e-08 0.4275030493736267
152.62759891145626 0.09206044673919678 0.6267263293266296 0.20725157856941223 -3.336653264796041e-08 0.41170191764831543
152.9791614114563 0.10356967896223068 0.6267263293266296 0.20767630636692047 -3.336712595114477e-08 0.37969493865966797
153.3307239114563 0.11489151418209076 0.6267263293266296 0.2080805003643036 -3.3367676621764986e-08 0.3471425175666809
153.50650516145632 0.12048259377479553 0.6267263293266296 0.20827507972717285 -3.33679253117225e-08 0.3306741416454315
153.68228641145632 0.12602734565734863 0.6267263293266296 0.20846474170684814 -3.3368124263688514e-08 0.31409844756126404
153.85806766145635 0.13152596354484558 0.6267263293266296 0.20864957571029663 -3.336831611022717e-08 0.2974298596382141
154.03384891145635 0.1369786113500595 0.6267263293266296 0.20882964134216309 -3.336850085133847e-08 0.2806730568408966
154.20963016145637 0.14238548278808594 0.6267263293266296 0.20900504291057587 -3.3368717566872874e-08 0.2638233006000519
154.38541141145637 0.1477467566728592 0.6267263293266296 0.20917582511901855 -3.336896270411671e-08 0.2468666136264801
154.5611926614564 0.1530626267194748 0.6267263293266296 0.20934206247329712 -3.33691829723648e-08 0.22980427742004395
154.7369739114564 0.15833327174186707 0.6267263293266296 0.20950385928153992 -3.336937481890345e-08 0.2126534879207611
154.91275516145643 0.16355890035629272 0.6267263293266296 0.20966124534606934 -3.336958087629682e-08 0.19542479515075684
155.26431766145646 0.1738758236169815 0.6267263293266296 0.20996318757534027 -3.337000720193828e-08 0.16076983511447906
155.44009891145646 0.17896753549575806 0.6267263293266296 0.21010786294937134 -3.337020970661797e-08 0.143399178981781
155.6158801614565 0.18401500582695007 0.6267263293266296 0.21024847030639648 -3.337036602601984e-08 0.12607991695404053
155.7916614114565 0.18901847302913666 0.6267263293266296 0.2103850394487381 -3.337047616014388e-08 0.1089228019118309
155.9674426614565 0.19397811591625214 0.6267263293266296 0.21051767468452454 -3.337061826869103e-08 0.09207061678171158
156.14322391145652 0.19889415800571442 0.6267263293266296 0.21064642071723938 -3.337078169352026e-08 0.07571398466825485
156.31900516145652 0.20376677811145782 0.6267263293266296 0.210771381855011 -3.3370938012922124e-08 0.060122933238744736
156.49478641145654 0.20859622955322266 0.6267263293266296 0.21089261770248413 -3.337107301604192e-08 0.04562454670667648
156.67056766145654 0.21338269114494324 0.6267263293266296 0.2110101878643036 -3.3371193808307e-08 0.03253550082445145
156.84634891145657 0.21812641620635986 0.6267263293266296 0.21112416684627533 -3.3371296837003683e-08 0.02108214609324932
157.02213016145657 0.22282761335372925 0.6267263293266296 0.21123462915420532 -3.3371385654845653e-08 0.011339526623487473
157.1979114114566 0.22749316692352295 0.6267263293266296 0.21134218573570251 -3.337145315640555e-08 0.003010314889252186
157.26553152382334 0.22927816212177277 0.6267263293266296 0.21138277649879456 -3.3371470919973945e-08 0.0004090985166840255
157.28538273859297 0.2298005074262619 0.6267263293266296 0.2113945633172989 -3.3371470919973945e-08 3.46676170011051e-05
157.29931296465062 0.23016662895679474 0.6267263293266296 0.2114027887582779 -3.3371470919973945e-08 -3.3371470919973945e-08
157.49094797270584 0.23517023026943207 0.6267263293266296 0.2115134298801422 -3.3371470919973945e-08 -3.3371470919973945e-08
157.68258298076108 0.2401207834482193 0.6267263293266296 0.21161992847919464 -3.3371470919973945e-08 -3.3371470919973945e-08
157.85836423076108 0.24462294578552246 0.6267263293266296 0.21171465516090393 -3.3371470919973945e-08 -3.3371470919973945e-08
158.91305173076117 0.2707776129245758 0.6267263293266296 0.212219700217247 -3.3371470919973945e-08 -3.3371470919973945e-08
159.96773923076125 0.2954997420310974 0.6267263293266296 0.21262681484222412 -3.3371470919973945e-08 -3.3371470919973945e-08
160.14352048076125 0.2994845509529114 0.6267263293266296 0.21268612146377563 -3.3371470919973945e-08 -3.3371470919973945e-08
160.31930173076128 0.3034312427043915 0.6267263293266296 0.2127431482076645 -3.3371470919973945e-08 -3.3371470919973945e-08
160.49508298076128 0.3073401153087616 0.6267263293266296 0.21279795467853546 -3.3371470919973945e-08 -3.3371470919973945e-08
160.8466454807613 0.3150455355644226 0.6267263293266296 0.21290113031864166 -3.3371470919973945e-08 -3.3371470919973945e-08
161.54977048076137 0.3300139009952545 0.6267263293266296 0.21308335661888123 -3.3371470919973945e-08 -3.3371470919973945e-08
161.72555173076137 0.3336653411388397 0.6267263293266296 0.21312424540519714 -3.3371470919973945e-08 -3.3371470919973945e-08
161.9013329807614 0.3372810184955597 0.6267263293266296 0.2131633460521698 -3.3371470919973945e-08 -3.3371470919973945e-08
162.0771142307614 0.3408612310886383 0.6267263293266296 0.21320073306560516 -3.3371470919973945e-08 -3.3371470919973945e-08
163.4833642307615 0.3682575523853302 0.6267263293266296 0.21344421803951263 -3.3371470919973945e-08 -3.3371470919973945e-08
164.88961423076162 0.39353668689727783 0.6267263293266296 0.2136058509349823 -3.3371470919973945e-08 -3.3371470919973945e-08
165.06539548076162 0.39655452966690063 0.6267263293266296 0.21362142264842987 -3.3371470919973945e-08 -3.3371470919973945e-08
165.24117673076165 0.3995417058467865 0.6267263293266296 0.2136361002922058 -3.3371470919973945e-08 -3.3371470919973945e-08
165.41695798076165 0.4024984836578369 0.6267263293266296 0.2136498987674713 -3.3371470919973945e-08 -3.3371470919973945e-08
168.40523923076188 0.44836926460266113 0.6267263293266296 0.2137840986251831 -3.3371470919973945e-08 -3.3371470919973945e-08
168.5810204807619 0.45082396268844604 0.6267263293266296 0.2137877196073532 -3.3371470919973945e-08 -3.3371470919973945e-08
168.7568017307619 0.45325326919555664 0.6267263293266296 0.21379102766513824 -3.3371470919973945e-08 -3.3371470919973945e-08
168.9325829807619 0.45565736293792725 0.6267263293266296 0.2137940227985382 -3.3371470919973945e-08 -3.3371470919973945e-08
169.54781735576196 0.4638770520687103 0.6267263293266296 0.21380242705345154 -3.3371470919973945e-08 -3.3371470919973945e-08
170.16305173076202 0.4718019962310791 0.6267263293266296 0.21380814909934998 -3.3371470919973945e-08 -3.3371470919973945e-08
172.09664548076216 0.4949055016040802 0.6267263293266296 0.21381546556949615 -3.3371470919973945e-08 -3.3371470919973945e-08
172.27242673076216 0.49687737226486206 0.6267263293266296 0.21381565928459167 -3.3371470919973945e-08 -3.3371470919973945e-08
172.4482079807622 0.49882885813713074 0.6267263293266296 0.2138158231973648 -3.3371470919973945e-08 -3.3371470919973945e-08
172.6239892307622 0.5007601380348206 0.6267263293266296 0.21381595730781555 -3.3371470919973945e-08 -3.3371470919973945e-08
174.0302392307623 0.5155091285705566 0.6267263293266296 0.21381624042987823 -3.3371470919973945e-08 -3.3371470919973945e-08
174.2060204807623 0.5172682404518127 0.6267263293266296 0.21381624042987823 -3.3371470919973945e-08 -3.3371470919973945e-08
174.38180173076233 0.5190093517303467 0.6267263293266296 0.21381624042987823 -3.3371470919973945e-08 -3.3371470919973945e-08
174.55758298076233 0.520732581615448 0.6267263293266296 0.21381624042987823 -3.3371470919973945e-08 -3.3371470919973945e-08
175.0849267307624 0.5257968902587891 0.6267263293266296 0.21381624042987823 -3.3371470919973945e-08 -3.3371470919973945e-08
175.2607079807624 0.5274506211280823 0.6267263293266296 0.21381624042987823 -3.3371470919973945e-08 -3.3371470919973945e-08
175.43648923076242 0.5290874242782593 0.6267263293266296 0.21381624042987823 -3.3371470919973945e-08 -3.3371470919973945e-08
175.61227048076242 0.5307075381278992 0.6267263293266296 0.21381624042987823 -3.3371470919973945e-08 -3.3371470919973945e-08
175.78805173076242 0.5323111414909363 0.6267263293266296 0.21381624042987823 -3.3371470919973945e-08 -3.3371470919973945e-08
178.42477048076262 0.5545080900192261 0.6267263293266296 0.21381624042987823 -3.3371470919973945e-08 -3.3371470919973945e-08
178.60055173076265 0.5558719635009766 0.6267263293266296 0.21381624042987823 -3.3371470919973945e-08 -3.3371470919973945e-08
178.77633298076265 0.557222306728363 0.6267263293266296 0.21381624042987823 -3.3371470919973945e-08 -3.3371470919973945e-08
178.95211423076267 0.5585591793060303 0.6267263293266296 0.21381624042987823 -3.3371470919973945e-08 -3.3371470919973945e-08
179.83102048076273 0.565048336982727 0.6267263293266296 0.21381624042987823 -3.3371470919973945e-08 -3.3371470919973945e-08
179.99999999999997 0.5662625432014465 0.6267263293266296 0.21381624042987823 -3.3371470919973945e-08 -3.3371470919973945e-08
