time a b c w1
0.0 0.0 0.0 0.0 0.0
2.34374997708231e-06 1.0801570415496826 2.34398437508335e-23 1.0801570415496826 2.34398437508335e-23
2.3531289769906394e-06 1.0037916898727417 2.35336424679079e-23 1.0037916898727417 2.35336424679079e-23
2.3718869768072985e-06 0.9922298789024353 2.372124147977851e-23 0.9922298789024353 2.372124147977851e-23
2.449126245505041e-06 0.9876051545143127 2.449371143311084e-23 0.9876051545143127 2.449371143311084e-23
0.00019360463173130613 0.9876051545143127 1.9362399824984054e-21 0.9876051545143127 1.9362399824984054e-21
0.00038480681743822704 0.9876051545143127 3.8484529531415596e-21 0.9876051545143127 -5.559464444360174e-09
0.0007672111888520689 0.9876051545143127 7.672878894427868e-21 0.9876051545143127 -2.705487389675909e-08
0.001 0.9876051545143127 1.0000999731091105e-20 0.9876051545143127 -3.338633192129237e-08
29.999999999999996 0.9876051545143127 3.000300019364487e-16 0.9876051545143127 -3.3386157838322106e-08
30.000099999999996 0.9876051545143127 3.0003100778807355e-16 0.9876051545143127 -3.3364894846954485e-08
30.0003 0.9876051545143127 3.0003299302154367e-16 0.9876051545143127 -3.3343891203685416e-08
30.0007 0.9876051545143127 3.0003698995826353e-16 0.9876051545143127 -3.3332312909806205e-08
30.001 0.9876051545143127 3.000400075131381e-16 0.9876051545143127 -3.332734621608324e-08
59.99999999999999 0.9876051545143127 6.000600038728974e-16 0.9876051545143127 -3.332734621608324e-08
60.000099999999996 0.9876051545143127 6.000610097245222e-16 0.9876051545143127 -3.332734621608324e-08
60.000299999999996 0.9876051545143127 6.00063021427772e-16 0.9876051545143127 -3.332734621608324e-08
60.000699999999995 0.9876049160957336 6.000669918947122e-16 0.9876051545143127 -3.332734621608324e-08
60.001000000000005 0.987604558467865 6.000700094495868e-16 0.9876051545143127 -3.332734621608324e-08
60.00352000000002 0.9875869154930115 6.000952086797676e-16 0.9876051545143127 -3.332734621608324e-08
60.00604000000004 0.9875692129135132 6.001204079099484e-16 0.9876051545143127 -3.332734621608324e-08
60.021400000000185 0.9874605536460876 6.002740385107567e-16 0.9876051545143127 -3.332734621608324e-08
60.082840000000736 0.9870125651359558 6.008885079744305e-16 0.9876051545143127 -3.332734621608324e-08
60.562975000002936 0.9827641844749451 6.056903377524151e-16 0.9876051545143127 -3.332734621608324e-08
60.79735000000293 0.9801679849624634 6.080342896757046e-16 0.9876051545143127 -3.332734621608324e-08
61.26610000000293 0.9734716415405273 6.127222464618427e-16 0.9876051545143127 -3.332734621608324e-08
61.734850000002936 0.9640187621116638 6.1741025618754e-16 0.9876051545143127 -3.332734621608324e-08
61.969225000002936 0.9579184651374817 6.197542081108295e-16 0.9876051545143127 -3.332734621608324e-08
62.43797500000295 0.9422221779823303 6.244421648969676e-16 0.9876051545143127 -3.332734621608324e-08
62.90672500000296 0.9209786653518677 6.2913017462266495e-16 0.9876051545143127 -3.332734621608324e-08
63.14110000000296 0.9080474376678467 6.314741265459544e-16 0.9876051545143127 -3.332734621608324e-08
63.375475000002965 0.8935306668281555 6.338181314088031e-16 0.9876051545143127 -3.332734621608324e-08
63.609850000002965 0.8774434924125671 6.361621362716517e-16 0.9876051545143127 -3.332734621608324e-08
63.84422500000297 0.8598355650901794 6.385060881949412e-16 0.9876051545143127 -3.332734621608324e-08
64.07860000000298 0.8407824039459229 6.408500930577899e-16 0.9876051545143127 -3.332734621608324e-08
64.31297500000298 0.8203762769699097 6.431940449810793e-16 0.9876051545143127 -3.332734621608324e-08
64.54735000000298 0.7987183332443237 6.45538049843928e-16 0.9876051545143127 -3.332734621608324e-08
64.781725000003 0.775912344455719 6.478820547067767e-16 0.9876051545143127 -3.332734621608324e-08
65.016100000003 0.752059817314148 6.502260066300661e-16 0.9876051545143127 -3.332734621608324e-08
65.250475000003 0.7272568941116333 6.525700114929148e-16 0.9876051545143127 -3.332734621608324e-08
65.484850000003 0.7015929222106934 6.549139634162043e-16 0.9876051545143127 -3.332734621608324e-08
65.71922500000301 0.67514967918396 6.572579682790529e-16 0.9876051545143127 -3.332734621608324e-08
65.95360000000301 0.6480008363723755 6.596019731419016e-16 0.9876051545143127 -3.332734621608324e-08
66.18797500000301 0.6202126741409302 6.619459250651911e-16 0.9876051545143127 -3.332734621608324e-08
66.42235000000302 0.5918444991111755 6.642899299280397e-16 0.9876051545143127 -3.332734621608324e-08
66.65672500000302 0.5629490613937378 6.666338818513292e-16 0.9876051545143127 -3.332734621608324e-08
66.89110000000302 0.5335735082626343 6.689778867141778e-16 0.9876051545143127 -3.332734621608324e-08
67.12547500000302 0.5037596225738525 6.713218915770265e-16 0.9876051545143127 -3.332734621608324e-08
67.35985000000304 0.4735448956489563 6.73665843500316e-16 0.9876051545143127 -3.332734621608324e-08
67.59422500000304 0.44296252727508545 6.760098483631646e-16 0.9876051545143127 -3.332734621608324e-08
67.82860000000304 0.41204240918159485 6.783538532260133e-16 0.9876051545143127 -3.332734621608324e-08
68.06297500000305 0.3808113932609558 6.806978051493028e-16 0.9876051545143127 -3.332734621608324e-08
68.29735000000305 0.34929388761520386 6.830418100121514e-16 0.9876051545143127 -3.332734621608324e-08
68.76610000000305 0.28549033403396606 6.877297667982896e-16 0.9876051545143127 -3.332734621608324e-08
69.00047500000306 0.25325262546539307 6.900737716611382e-16 0.9876051545143127 -3.332734621608324e-08
69.23485000000306 0.22083598375320435 6.924177235844277e-16 0.9876051545143127 -3.332734621608324e-08
69.46922500000306 0.18830642104148865 6.947617284472764e-16 0.9876051545143127 -3.332734621608324e-08
69.70360000000306 0.15580397844314575 6.971056803705658e-16 0.9876051545143127 -3.332734621608324e-08
69.93797500000308 0.12364012002944946 6.994496852334145e-16 0.9876051545143127 -3.332734621608324e-08
70.17235000000308 0.09246654808521271 7.017936900962632e-16 0.9876051545143127 -3.332734621608324e-08
70.40672500000308 0.06343049556016922 7.041376420195526e-16 0.9876051545143127 -3.332734621608324e-08
70.64110000000309 0.03802952170372009 7.064816468824013e-16 0.9876051545143127 -3.332734621608324e-08
70.87547500000309 0.017472416162490845 7.0882565174524995e-16 0.9876051545143127 -3.332734621608324e-08
71.10985000000309 0.0019488140242174268 7.111696036685394e-16 0.9876051545143127 -3.332734621608324e-08
71.16351136529042 0.00022275607625488192 7.117062519801842e-16 0.9876051545143127 -3.332734621608324e-08
71.21693663961427 -3.3386157838322106e-08 7.122405709512241e-16 0.9876051545143127 -3.332734621608324e-08
89.99999999999999 -3.3407012267616665e-08 9.000900322791256e-16 0.9876051545143127 -3.332734621608324e-08
90.0001 -3.33718475076239e-08 9.000909851911913e-16 0.9876051545143127 -3.332734621608324e-08
90.0003 -3.3343891203685416e-08 9.00092996894441e-16 0.9876051545143127 -3.332734621608324e-08
90.0007 -3.3327872017707705e-08 9.000970203009405e-16 0.9876051545143127 -3.332734621608324e-08
90.00082296332786 -3.067128062639313e-08 1.0357999791210659e-08 0.9876051545143127 -3.332734621608324e-08
90.00089395650096 2.7049095407960522e-08 5.5991748126871244e-08 0.9876051545143127 -3.332734621608324e-08
90.00092969160369 5.7553339871674325e-08 1.2442248475963424e-07 0.9876051545143127 -3.332734621608324e-08
90.00095177262739 3.766673017935318e-08 2.0111414755774604e-07 0.9876051545143127 -3.332734621608324e-08
90.00096484939628 1.838353256289338e-07 2.829641800872196e-07 0.9876051545143127 -3.332734621608324e-08
90.00097519456352 6.117849125075736e-07 3.9251042949217663e-07 0.9876051545143127 -3.332734621608324e-08
90.00098669761462 1.4312691973827896e-06 5.620919409921044e-07 0.9876051545143127 -3.332734621608324e-08
90.00099995482508 2.631912821016158e-06 7.944222488731612e-07 0.9876051545143127 -3.332734621608324e-08
90.001 2.636718591020326e-06 7.953127010296157e-07 0.9876051545143127 -3.332734621608324e-08
90.01284224831538 0.0013955924659967422 0.000251313264016062 0.9876051545143127 -3.332734621608324e-08
90.02468458698063 0.0027873029466718435 0.0005014331545680761 0.9876051545143127 -3.332734621608324e-08
90.04836926431112 0.005566952284425497 0.0010004721116274595 0.9876051545143127 -3.332734621608324e-08
90.0957386189721 0.011111089959740639 0.001993731129914522 0.9876051545143127 -3.332734621608324e-08
90.19047732829408 0.022138498723506927 0.003960940986871719 0.9876051545143127 -3.332734621608324e-08
90.37995474693803 0.04399727284908295 0.007833420298993587 0.9876051545143127 -3.332734621608324e-08
90.61432974693803 0.07070685923099518 0.012520287185907364 0.9876051545143127 -3.332734621608324e-08
90.84870474693804 0.0970194861292839 0.017083371058106422 0.9876051545143127 -3.332734621608324e-08
91.08307974693804 0.12290891259908676 0.02151540294289589 0.9876051545143127 -3.332734621608324e-08
91.31745474693804 0.14836806058883667 0.02581525407731533 0.9876051545143127 -3.332734621608324e-08
91.55182974693804 0.17338605225086212 0.029980983585119247 0.9876051545143127 -3.332734621608324e-08
92.02057974693805 0.22206363081932068 0.03790473937988281 0.9876051545143127 -3.332734621608324e-08
92.25495474693805 0.24570870399475098 0.04166105389595032 0.9876051545143127 -3.332734621608324e-08
92.48932974693807 0.26887616515159607 0.045278191566467285 0.9876051545143127 -3.332734621608324e-08
92.72370474693807 0.2915586829185486 0.04875554144382477 0.9876051545143127 -3.332734621608324e-08
92.95807974693807 0.3137499690055847 0.05209285765886307 0.9876051545143127 -3.332734621608324e-08
93.66120474693808 0.37726908922195435 0.06125607341527939 0.9876051545143127 -3.332734621608324e-08
93.89557974693808 0.3973974585533142 0.06402740627527237 0.9876051545143127 -3.332734621608324e-08
94.3643297469381 0.436053991317749 0.06914961338043213 0.9876051545143127 -3.332734621608324e-08
94.5987047469381 0.454571932554245 0.07150262594223022 0.9876051545143127 -3.332734621608324e-08
95.06745474693811 0.48997142910957336 0.07580071687698364 0.9876051545143127 -3.332734621608324e-08
95.30182974693811 0.5068396925926208 0.07774911820888519 0.9876051545143127 -3.332734621608324e-08
95.53620474693811 0.5231480598449707 0.07956688106060028 0.9876051545143127 -3.332734621608324e-08
95.77057974693813 0.5388995409011841 0.08125732839107513 0.9876051545143127 -3.332734621608324e-08
96.00495474693813 0.5540982484817505 0.08282400667667389 0.9876051545143127 -3.332734621608324e-08
96.23932974693813 0.5687441825866699 0.08427050709724426 0.9876051545143127 -3.332734621608324e-08
96.94245474693814 0.6093807220458984 0.08793075382709503 0.9876051545143127 -3.332734621608324e-08
97.17682974693814 0.6218434572219849 0.08894030004739761 0.9876051545143127 -3.332734621608324e-08
97.41120474693815 0.6337786912918091 0.08985300362110138 0.9876051545143127 -3.332734621608324e-08
97.64557974693815 0.6451973915100098 0.09067414700984955 0.9876051545143127 -3.332734621608324e-08
97.87995474693815 0.656108558177948 0.09140945225954056 0.9876051545143127 -3.332734621608324e-08
98.11432974693815 0.6665220260620117 0.09206470847129822 0.9876051545143127 -3.332734621608324e-08
98.34870474693817 0.6764512062072754 0.09264550358057022 0.9876051545143127 -3.332734621608324e-08
98.58307974693817 0.6859104633331299 0.09315738826990128 0.9876051545143127 -3.332734621608324e-08
98.81745474693817 0.6949144601821899 0.09360579401254654 0.9876051545143127 -3.332734621608324e-08
99.05182974693817 0.7034788131713867 0.09399585425853729 0.9876051545143127 -3.332734621608324e-08
99.28620474693818 0.7116186618804932 0.09433284401893616 0.9876051545143127 -3.332734621608324e-08
99.52057974693818 0.7193489074707031 0.09462238848209381 0.9876051545143127 -3.332734621608324e-08
99.75495474693818 0.7266849279403687 0.09486990422010422 0.9876051545143127 -3.332734621608324e-08
100.2237047469382 0.7402416467666626 0.09525692462921143 0.9876051545143127 -3.332734621608324e-08
100.4580797469382 0.7464960813522339 0.09540435671806335 0.9876051545143127 -3.332734621608324e-08
100.6924547469382 0.7524229884147644 0.09552614390850067 0.9876051545143127 -3.332734621608324e-08
100.92682974693821 0.7580384612083435 0.09562575817108154 0.9876051545143127 -3.332734621608324e-08
101.16120474693821 0.7633582353591919 0.09570635855197906 0.9876051545143127 -3.332734621608324e-08
101.39557974693821 0.7683976292610168 0.09577079117298126 0.9876051545143127 -3.332734621608324e-08
101.62995474693822 0.7731714248657227 0.09582161903381348 0.9876051545143127 -3.332734621608324e-08
101.86432974693822 0.7776941061019897 0.09586111456155777 0.9876051545143127 -3.332734621608324e-08
102.56745474693824 0.789890706539154 0.09593044966459274 0.9876051545143127 -3.332734621608324e-08
102.80182974693824 0.7935414910316467 0.09594224393367767 0.9876051545143127 -3.332734621608324e-08
103.03620474693824 0.7970045208930969 0.09595033526420593 0.9876051545143127 -3.332734621608324e-08
103.27057974693825 0.800290584564209 0.09595556557178497 0.9876051545143127 -3.332734621608324e-08
103.50495474693825 0.803409993648529 0.09595870971679688 0.9876051545143127 -3.332734621608324e-08
103.73932974693825 0.806372880935669 0.09596048295497894 0.9876051545143127 -3.332734621608324e-08
103.97370474693825 0.809188723564148 0.09596143662929535 0.9876051545143127 -3.332734621608324e-08
104.20807974693827 0.811866044998169 0.09596186876296997 0.9876051545143127 -3.332734621608324e-08
104.44245474693827 0.8144130110740662 0.09596201777458191 0.9876051545143127 -3.332734621608324e-08
104.67682974693827 0.8168372511863708 0.0959620475769043 0.9876051545143127 -3.332734621608324e-08
104.91120474693828 0.819145917892456 0.0959620326757431 0.9876051545143127 -3.332734621608324e-08
105.14557974693828 0.8213459253311157 0.09596201777458191 0.9876051545143127 -3.332734621608324e-08
105.37995474693828 0.8234438896179199 0.09596201777458191 0.9876051545143127 -3.332734621608324e-08
105.61432974693828 0.8254457116127014 0.09596201777458191 0.9876051545143127 -3.332734621608324e-08
105.8487047469383 0.8273568749427795 0.09596201777458191 0.9876051545143127 -3.332734621608324e-08
106.0830797469383 0.8291827440261841 0.09596201777458191 0.9876051545143127 -3.332734621608324e-08
106.3174547469383 0.8309281468391418 0.09596201777458191 0.9876051545143127 -3.332734621608324e-08
106.5518297469383 0.8325976133346558 0.09596201777458191 0.9876051545143127 -3.332734621608324e-08
106.78620474693831 0.8341952562332153 0.09596201777458191 0.9876051545143127 -3.332734621608324e-08
107.02057974693831 0.8357251882553101 0.09596201777458191 0.9876051545143127 -3.332734621608324e-08
107.48932974693832 0.8385968208312988 0.09596201777458191 0.9876051545143127 -3.332734621608324e-08
107.72370474693832 0.8399453163146973 0.09596201777458191 0.9876051545143127 -3.332734621608324e-08
107.95807974693832 0.8412399291992188 0.09596201777458191 0.9876051545143127 -3.332734621608324e-08
108.19245474693832 0.8424835205078125 0.09596201777458191 0.9876051545143127 -3.332734621608324e-08
108.42682974693834 0.8436786532402039 0.09596201777458191 0.9876051545143127 -3.332734621608324e-08
108.66120474693834 0.8448280096054077 0.09596201777458191 0.9876051545143127 -3.332734621608324e-08
108.89557974693834 0.8459340333938599 0.09596201777458191 0.9876051545143127 -3.332734621608324e-08
109.12995474693835 0.846998929977417 0.09596201777458191 0.9876051545143127 -3.332734621608324e-08
109.36432974693835 0.8480246067047119 0.09596201777458191 0.9876051545143127 -3.332734621608324e-08
110.30182974693837 0.8517745733261108 0.09596201777458191 0.9876051545143127 -3.332734621608324e-08
110.53620474693837 0.8526324033737183 0.09596201777458191 0.9876051545143127 -3.332734621608324e-08
110.77057974693838 0.8534612655639648 0.09596201777458191 0.9876051545143127 -3.332734621608324e-08
111.00495474693838 0.8542625904083252 0.09596201777458191 0.9876051545143127 -3.332734621608324e-08
112.64557974693841 0.8591991662979126 0.09596201777458191 0.9876051545143127 -3.332734621608324e-08
112.87995474693841 0.8598207235336304 0.09596201777458191 0.9876051545143127 -3.332734621608324e-08
113.11432974693841 0.8604241013526917 0.09596201777458191 0.9876051545143127 -3.332734621608324e-08
113.34870474693842 0.861009955406189 0.09596201777458191 0.9876051545143127 -3.332734621608324e-08
113.58307974693842 0.8615790605545044 0.09596201777458191 0.9876051545143127 -3.332734621608324e-08
113.81745474693842 0.8621320724487305 0.09596201777458191 0.9876051545143127 -3.332734621608324e-08
115.69245474693845 0.8660496473312378 0.09596201777458191 0.9876051545143127 -3.332734621608324e-08
115.92682974693847 0.8664838671684265 0.09596201777458191 0.9876051545143127 -3.332734621608324e-08
116.16120474693847 0.8669072389602661 0.09596201777458191 0.9876051545143127 -3.332734621608324e-08
116.39557974693847 0.8673202991485596 0.09596201777458191 0.9876051545143127 -3.332734621608324e-08
116.86432974693848 0.8681166172027588 0.09596201777458191 0.9876051545143127 -3.332734621608324e-08
117.33307974693848 0.8688755035400391 0.09596201777458191 0.9876051545143127 -3.332734621608324e-08
117.5674547469385 0.8692417144775391 0.09596201777458191 0.9876051545143127 -3.332734621608324e-08
117.8018297469385 0.869599461555481 0.09596201777458191 0.9876051545143127 -3.332734621608324e-08
118.0362047469385 0.8699491620063782 0.09596201777458191 0.9876051545143127 -3.332734621608324e-08
118.27057974693851 0.8702910542488098 0.09596201777458191 0.9876051545143127 -3.332734621608324e-08
118.50495474693851 0.8706253170967102 0.09596201777458191 0.9876051545143127 -3.332734621608324e-08
118.73932974693851 0.8709522485733032 0.09596201777458191 0.9876051545143127 -3.332734621608324e-08
119.67682974693852 0.8721913695335388 0.09596201777458191 0.9876051545143127 -3.332734621608324e-08
119.91120474693854 0.8724859356880188 0.09596201777458191 0.9876051545143127 -3.332734621608324e-08
119.99999999999999 0.8725961446762085 0.09596201777458191 0.9876051545143127 -3.332734621608324e-08
120.0001 0.8725957870483398 0.09596201777458191 0.9876051545143127 -3.332734621608324e-08
120.0003 0.8725954294204712 0.09596201777458191 0.9876051545143127 -3.332734621608324e-08
120.0007 0.8725953102111816 0.09596201777458191 0.9876051545143127 -3.332734621608324e-08
120.001 0.8725953102111816 0.09596201777458191 0.9876051545143127 -3.332734621608324e-08
150.0 0.8725953102111816 0.09596201777458191 0.9876051545143127 -3.332734621608324e-08
150.0001 0.8725953102111816 0.09596201777458191 0.9876051545143127 -3.332734621608324e-08
150.0003 0.8725953698158264 0.09596201777458191 0.9876051545143127 -3.332734621608324e-08
150.00044629001098 0.8725954294204712 0.09596201777458191 0.9876051545143127 -3.332734621608324e-08
150.00073887003293 0.8725955486297607 0.09596201777458191 0.9876051545143127 -3.332734621608324e-08
150.001 0.8725955486297607 0.09596201777458191 0.9876051545143127 -3.332734621608324e-08
179.99999999999997 0.8725955486297607 0.09596201777458191 0.9876051545143127 -3.3327342663369564e-08
180.0001 0.8725955486297607 0.09596201777458191 0.9876051545143127 -3.3327342663369564e-08
180.0003 0.8725955486297607 0.09596201777458191 0.9876051545143127 -3.3327342663369564e-08
180.0007 0.8725955486297607 0.09596201777458191 0.9876049757003784 -3.3327342663369564e-08
180.001 0.8725955486297607 0.09596201777458191 0.9876046776771545 -3.3327342663369564e-08
180.02144000000035 0.8725955486297607 0.09596201777458191 0.9874603152275085 -3.3327342663369564e-08
180.04188000000067 0.8725955486297607 0.09596201777458191 0.9873137474060059 -3.3327342663369564e-08
180.32860000000517 0.8725955486297607 0.09596201777458191 0.9849977493286133 -3.3327342663369564e-08
180.56297500000517 0.8725955486297607 0.09596201777458191 0.9827643632888794 -3.3327342663369564e-08
181.03172500000514 0.8725955486297607 0.09596201777458191 0.9771038889884949 -3.3327342663369564e-08
181.5004750000051 0.8725955486297607 0.09596201777458191 0.9691548943519592 -3.3327342663369564e-08
182.20360000000508 0.8725955486297607 0.09596201777458191 0.9507036209106445 -3.3327342663369564e-08
182.67235000000508 0.8725955486297607 0.09596201777458191 0.9323509931564331 -3.3327342663369564e-08
182.90672500000505 0.8725955486297607 0.09596201777458191 0.9209816455841064 -3.3327342663369564e-08
183.14110000000505 0.8725955486297607 0.09596201777458191 0.9080508351325989 -3.3327342663369564e-08
183.37547500000505 0.8725955486297607 0.09596201777458191 0.893534243106842 -3.3327342663369564e-08
183.60985000000503 0.8725955486297607 0.09596201777458191 0.8774474859237671 -3.3327342663369564e-08
183.84422500000503 0.8725955486297607 0.09596201777458191 0.8598400354385376 -3.3327342663369564e-08
184.078600000005 0.8725955486297607 0.09596201777458191 0.8407872915267944 -3.3327342663369564e-08
184.312975000005 0.8725955486297607 0.09596201777458191 0.8203814029693604 -3.3327342663369564e-08
184.547350000005 0.8725955486297607 0.09596201777458191 0.7987238168716431 -3.3327342663369564e-08
184.78172500000497 0.8725955486297607 0.09596201777458191 0.7759180665016174 -3.3327342663369564e-08
185.01610000000497 0.8725955486297607 0.09596201777458191 0.7520657777786255 -3.3327342663369564e-08
185.25047500000497 0.8725955486297607 0.09596201777458191 0.7272630929946899 -3.3327342663369564e-08
185.48485000000494 0.8725955486297607 0.09596201777458191 0.7015993595123291 -3.3327342663369564e-08
185.71922500000494 0.8725955486297607 0.09596201777458191 0.6751562356948853 -3.3327342663369564e-08
185.95360000000494 0.8725955486297607 0.09596201777458191 0.6480075716972351 -3.3327342663369564e-08
186.1879750000049 0.8725955486297607 0.09596201777458191 0.6202195882797241 -3.3327342663369564e-08
186.4223500000049 0.8725955486297607 0.09596201777458191 0.591851532459259 -3.3327342663369564e-08
186.6567250000049 0.8725955486297607 0.09596201777458191 0.5629562139511108 -3.3327342663369564e-08
186.89110000000488 0.8725955486297607 0.09596201777458191 0.5335807800292969 -3.3327342663369564e-08
187.12547500000488 0.8725955486297607 0.09596201777458191 0.5037670135498047 -3.3327342663369564e-08
187.35985000000488 0.8725955486297607 0.09596201777458191 0.4735523462295532 -3.3327342663369564e-08
187.59422500000485 0.8725955486297607 0.09596201777458191 0.4429700970649719 -3.3327342663369564e-08
187.82860000000485 0.8725955486297607 0.09596201777458191 0.4120500683784485 -3.3327342663369564e-08
188.06297500000485 0.8725955486297607 0.09596201777458191 0.3808191120624542 -3.3327342663369564e-08
188.53172500000483 0.8725955486297607 0.09596201777458191 0.31752049922943115 -3.3327342663369564e-08
188.76610000000483 0.8725955486297607 0.09596201777458191 0.2854982018470764 -3.3327342663369564e-08
189.0004750000048 0.8725955486297607 0.09596201777458191 0.2532605528831482 -3.3327342663369564e-08
189.4692250000048 0.8725955486297607 0.09596201777458191 0.18831440806388855 -3.3327342663369564e-08
189.70360000000477 0.8725955486297607 0.09596201777458191 0.15581193566322327 -3.3327342663369564e-08
189.93797500000477 0.8725955486297607 0.09596201777458191 0.12364793568849564 -3.3327342663369564e-08
190.17235000000477 0.8725955486297607 0.09596201777458191 0.09247399866580963 -3.3327342663369564e-08
190.40672500000474 0.8725955486297607 0.09596201777458191 0.06343725323677063 -3.3327342663369564e-08
190.64110000000474 0.8725955486297607 0.09596201777458191 0.038035206496715546 -3.3327342663369564e-08
190.87547500000474 0.8725955486297607 0.09596201777458191 0.017476830631494522 -3.3327342663369564e-08
191.1098500000047 0.8725955486297607 0.09596201777458191 0.0019514632876962423 -3.3327342663369564e-08
191.16354063636177 0.8725955486297607 0.09596201777458191 0.00022356928093358874 -3.3327342663369564e-08
191.21700836355265 0.8725955486297607 0.09596201777458191 -3.3386157838322106e-08 -3.3327342663369564e-08
204.31909791747688 0.8725955486297607 0.09596201777458191 -3.3386157838322106e-08 -3.3327342663369564e-08
209.99999999999997 0.8725955486297607 0.09596201777458191 -3.3406919897061016e-08 -3.3327342663369564e-08
210.00009999999997 0.8725955486297607 0.09596201777458191 -3.337181553320079e-08 -3.3327342663369564e-08
210.0003 0.8725955486297607 0.09596201777458191 -3.3343891203685416e-08 -3.3327342663369564e-08
210.00070000000002 0.8725955486297607 0.09596201777458191 -3.332521458787596e-08 -3.3327342663369564e-08
210.00091627137564 0.8725955486297607 0.09596201777458191 -3.3310303848566036e-08 -3.3327342663369564e-08
210.00100000000003 0.8725955486297607 0.09596201777458191 -3.330656994648962e-08 -3.3327342663369564e-08
214.2811355474794 0.8725955486297607 0.09596201777458191 0.015257718972861767 -3.3327342663369564e-08
218.56127109495878 0.8725955486297607 0.09596201777458191 0.03028830885887146 -3.3327342663369564e-08
218.79564609495876 0.8725955486297607 0.09596201777458191 0.03110477887094021 -3.3327342663369564e-08
219.03002109495876 0.8725955486297607 0.09596201777458191 0.03192056342959404 -3.3327342663369564e-08
219.26439609495876 0.8725955486297607 0.09596201777458191 0.032735664397478104 -3.3327342663369564e-08
229.45970859495833 0.8725955486297607 0.09596201777458191 0.06752748042345047 -3.3327342663369564e-08
239.6550210949579 0.8725955486297607 0.09596201777458191 0.10101297497749329 -3.3327342663369564e-08
239.8893960949579 0.8725955486297607 0.09596201777458191 0.10176742821931839 -3.3327342663369564e-08
239.99999999999997 0.8725955486297607 0.09596201777458191 0.10212326049804688 -3.3327342663369564e-08
