time a b c w1
0.0 0.0 0.0 0.0 0.0
2.34374997708231e-06 1.0801570415496826 2.34398437508335e-23 1.0801570415496826 2.34398437508335e-23
2.3531289769906394e-06 1.0037916898727417 2.35336424679079e-23 1.0037916898727417 2.35336424679079e-23
2.3718869768072985e-06 0.9922298789024353 2.372124147977851e-23 0.9922298789024353 2.372124147977851e-23
2.449126245505041e-06 0.9876051545143127 2.449371143311084e-23 0.9876051545143127 2.449371143311084e-23
0.00019360463173130613 0.9876051545143127 1.9362399824984054e-21 0.9876051545143127 1.9362399824984054e-21
0.00038480681743822704 0.9876051545143127 3.8484529531415596e-21 0.9876051545143127 -5.559037230540298e-09
0.0007672111888520689 0.9876051545143127 7.672878894427868e-21 0.9876051545143127 -2.7051816786638483e-08
0.001 0.9876051545143127 1.0000999731091105e-20 0.9876051545143127 -3.3380622710410535e-08
29.999999999999996 0.9876051545143127 3.000300019364487e-16 0.9876051545143127 -3.3380448627440273e-08
30.000099999999996 0.9876051545143127 3.0003100778807355e-16 0.9876051545143127 -3.336148068910916e-08
30.0003 0.9876051545143127 3.0003299302154367e-16 0.9876051545143127 -3.3342743677167164e-08
30.0007 0.9876051545143127 3.0003698995826353e-16 0.9876051545143127 -3.333242304393025e-08
30.001 0.9876051545143127 3.000400075131381e-16 0.9876051545143127 -3.3327989257259105e-08
59.99999999999999 0.9876051545143127 6.000600038728974e-16 0.9876051545143127 -3.3327989257259105e-08
60.000099999999996 0.9876051545143127 6.000610097245222e-16 0.9876051545143127 -3.3327989257259105e-08
60.000299999999996 0.9876051545143127 6.00063021427772e-16 0.9876051545143127 -3.3327989257259105e-08
60.000699999999995 0.9876050353050232 6.000669918947122e-16 0.9876051545143127 -3.3327989257259105e-08
60.001000000000005 0.9876048564910889 6.000700094495868e-16 0.9876051545143127 -3.3327989257259105e-08
60.02144000000019 0.9875324964523315 6.002744090876711e-16 0.9876051545143127 -3.3327989257259105e-08
60.04188000000037 0.987459659576416 6.004788616653146e-16 0.9876051545143127 -3.3327989257259105e-08
60.082840000000736 0.9873124361038208 6.008885079744305e-16 0.9876051545143127 -3.3327989257259105e-08
60.562975000002936 0.9854650497436523 6.056903377524151e-16 0.9876051545143127 -3.3327989257259105e-08
61.26610000000293 0.9823365807533264 6.127222464618427e-16 0.9876051545143127 -3.3327989257259105e-08
61.50047500000293 0.9811568856239319 6.150662513246914e-16 0.9876051545143127 -3.3327989257259105e-08
61.969225000002936 0.9785525798797607 6.197542081108295e-16 0.9876051545143127 -3.3327989257259105e-08
62.67235000000295 0.9739111661911011 6.267861697598163e-16 0.9876051545143127 -3.3327989257259105e-08
63.14110000000296 0.9702098965644836 6.314741265459544e-16 0.9876051545143127 -3.3327989257259105e-08
63.609850000002965 0.9659022688865662 6.361621362716517e-16 0.9876051545143127 -3.3327989257259105e-08
64.31297500000298 0.9580157399177551 6.431940449810793e-16 0.9876051545143127 -3.3327989257259105e-08
65.016100000003 0.9479082822799683 6.502260066300661e-16 0.9876051545143127 -3.3327989257259105e-08
65.71922500000301 0.93485426902771 6.572579682790529e-16 0.9876051545143127 -3.3327989257259105e-08
65.95360000000301 0.9296984076499939 6.596019731419016e-16 0.9876051545143127 -3.3327989257259105e-08
66.42235000000302 0.9179637432098389 6.642899299280397e-16 0.9876051545143127 -3.3327989257259105e-08
66.65672500000302 0.9113094806671143 6.666338818513292e-16 0.9876051545143127 -3.3327989257259105e-08
67.12547500000302 0.8962384462356567 6.713218915770265e-16 0.9876051545143127 -3.3327989257259105e-08
67.82860000000304 0.8687002658843994 6.783538532260133e-16 0.9876051545143127 -3.3327989257259105e-08
68.06297500000305 0.8580849766731262 6.806978051493028e-16 0.9876051545143127 -3.3327989257259105e-08
68.29735000000305 0.8467126488685608 6.830418100121514e-16 0.9876051545143127 -3.3327989257259105e-08
68.53172500000305 0.8345670104026794 6.853857619354409e-16 0.9876051545143127 -3.3327989257259105e-08
68.76610000000305 0.821636974811554 6.877297667982896e-16 0.9876051545143127 -3.3327989257259105e-08
69.00047500000306 0.8079166412353516 6.900737716611382e-16 0.9876051545143127 -3.3327989257259105e-08
69.23485000000306 0.793405294418335 6.924177235844277e-16 0.9876051545143127 -3.3327989257259105e-08
69.46922500000306 0.7781071662902832 6.947617284472764e-16 0.9876051545143127 -3.3327989257259105e-08
69.70360000000306 0.7620310187339783 6.971056803705658e-16 0.9876051545143127 -3.3327989257259105e-08
69.93797500000308 0.7451894879341125 6.994496852334145e-16 0.9876051545143127 -3.3327989257259105e-08
70.40672500000308 0.7092782258987427 7.041376420195526e-16 0.9876051545143127 -3.3327989257259105e-08
70.64110000000309 0.6902490258216858 7.064816468824013e-16 0.9876051545143127 -3.3327989257259105e-08
70.87547500000309 0.6705344915390015 7.0882565174524995e-16 0.9876051545143127 -3.3327989257259105e-08
71.10985000000309 0.6501591205596924 7.111696036685394e-16 0.9876051545143127 -3.3327989257259105e-08
71.34422500000309 0.6291482448577881 7.135136085313881e-16 0.9876051545143127 -3.3327989257259105e-08
71.5786000000031 0.6075275540351868 7.158575604546775e-16 0.9876051545143127 -3.3327989257259105e-08
71.8129750000031 0.585322916507721 7.182015653175262e-16 0.9876051545143127 -3.3327989257259105e-08
72.0473500000031 0.562559962272644 7.205455701803749e-16 0.9876051545143127 -3.3327989257259105e-08
72.28172500000312 0.5392638444900513 7.228895221036643e-16 0.9876051545143127 -3.3327989257259105e-08
72.75047500000312 0.49116992950439453 7.275774788898025e-16 0.9876051545143127 -3.3327989257259105e-08
72.98485000000312 0.466418981552124 7.299214837526511e-16 0.9876051545143127 -3.3327989257259105e-08
73.45360000000314 0.41561979055404663 7.346094405387893e-16 0.9876051545143127 -3.3327989257259105e-08
73.68797500000314 0.3896130919456482 7.369534454016379e-16 0.9876051545143127 -3.3327989257259105e-08
73.92235000000315 0.36322787404060364 7.392973973249274e-16 0.9876051545143127 -3.3327989257259105e-08
74.15672500000315 0.3364829421043396 7.416414021877761e-16 0.9876051545143127 -3.3327989257259105e-08
74.39110000000315 0.30939680337905884 7.439854070506247e-16 0.9876051545143127 -3.3327989257259105e-08
74.62547500000315 0.28198838233947754 7.463293589739142e-16 0.9876051545143127 -3.3327989257259105e-08
74.85985000000316 0.2542790174484253 7.486733638367628e-16 0.9876051545143127 -3.3327989257259105e-08
75.09422500000316 0.226296067237854 7.510173686996115e-16 0.9876051545143127 -3.3327989257259105e-08
75.32860000000316 0.1980821192264557 7.53361320622901e-16 0.9876051545143127 -3.3327989257259105e-08
75.56297500000318 0.16971410810947418 7.557053254857496e-16 0.9876051545143127 -3.3327989257259105e-08
75.79735000000318 0.14134427905082703 7.580492774090391e-16 0.9876051545143127 -3.3327989257259105e-08
76.03172500000318 0.1132776066660881 7.603932822718878e-16 0.9876051545143127 -3.3327989257259105e-08
76.26610000000318 0.0860857293009758 7.627372871347364e-16 0.9876051545143127 -3.3327989257259105e-08
76.50047500000319 0.0606854110956192 7.650812390580259e-16 0.9876051545143127 -3.3327989257259105e-08
76.73485000000319 0.038208212703466415 7.674252439208746e-16 0.9876051545143127 -3.3327989257259105e-08
76.96922500000319 0.01957317441701889 7.69769195844164e-16 0.9876051545143127 -3.3327989257259105e-08
77.20360000000319 0.004623269662261009 7.721132007070127e-16 0.9876051545143127 -3.3327989257259105e-08
77.2938411190436 0.00039512666990049183 7.730157143123122e-16 0.9876051545143127 -3.3327989257259105e-08
77.31535707135676 -3.3380445074726595e-08 7.732308606809147e-16 0.9876051545143127 -3.3327989257259105e-08
89.99999999999999 -3.3341944316589434e-08 9.000900322791256e-16 0.9876051545143127 -3.3327989257259105e-08
90.0001 -3.334864473458765e-08 9.000909851911913e-16 0.9876051545143127 -3.3327989257259105e-08
90.0003 -3.3331097881728056e-08 9.00092996894441e-16 0.9876051545143127 -3.3327989257259105e-08
90.0007 -3.3272016253249603e-08 9.000970203009405e-16 0.9876051545143127 -3.3327989257259105e-08
90.00082296455749 -3.326346487142473e-08 9.00098184971243e-16 0.9876051545143127 -3.3327989257259105e-08
90.00089395760929 -2.887590078159974e-08 4.436808975771811e-10 0.9876051545143127 -3.3327989257259105e-08
90.00092966004966 -2.6945574660430793e-09 2.707063018192457e-09 0.9876051545143127 -3.3327989257259105e-08
90.00095116883004 1.0829550234348062e-07 1.1093665541750397e-08 0.9876051545143127 -3.3327989257259105e-08
90.00098108482443 5.480918048306194e-07 4.2721140403045865e-08 0.9876051545143127 -3.3327989257259105e-08
90.001 1.0409343076389632e-06 7.72893358202964e-08 0.9876051545143127 -3.3327989257259105e-08
90.09057176885189 0.0041886125691235065 0.0002837009960785508 0.9876051545143127 -3.3327989257259105e-08
90.18014353770376 0.008351882919669151 0.0005632954998873174 0.9876051545143127 -3.3327989257259105e-08
90.35928980896267 0.016619183123111725 0.0011127315228804946 0.9876051545143127 -3.3327989257259105e-08
90.82803980896267 0.03791768476366997 0.002496157307177782 0.9876051545143127 -3.3327989257259105e-08
91.29678980896269 0.05869590863585472 0.0037964393850415945 0.9876051545143127 -3.3327989257259105e-08
91.53116480896269 0.06888783723115921 0.004415757954120636 0.9876051545143127 -3.3327989257259105e-08
91.7655398089627 0.07894890010356903 0.0050149825401604176 0.9876051545143127 -3.3327989257259105e-08
91.9999148089627 0.08887959271669388 0.005594458896666765 0.9876051545143127 -3.3327989257259105e-08
92.2342898089627 0.09868043661117554 0.0061545344069600105 0.9876051545143127 -3.3327989257259105e-08
92.4686648089627 0.10835190862417221 0.0066955676302313805 0.9876051545143127 -3.3327989257259105e-08
92.70303980896271 0.11789450794458389 0.007217918988317251 0.9876051545143127 -3.3327989257259105e-08
92.93741480896271 0.12730897963047028 0.00772193493321538 0.9876051545143127 -3.3327989257259105e-08
93.64053980896273 0.15479055047035217 0.009127523750066757 0.9876051545143127 -3.3327989257259105e-08
94.57803980896274 0.18967951834201813 0.010767006315290928 0.9876051545143127 -3.3327989257259105e-08
95.51553980896276 0.2226087749004364 0.012160256505012512 0.9876051545143127 -3.3327989257259105e-08
95.74991480896276 0.23054125905036926 0.012472877278923988 0.9876051545143127 -3.3327989257259105e-08
95.98428980896277 0.23835577070713043 0.012771937996149063 0.9876051545143127 -3.3327989257259105e-08
96.21866480896277 0.24605312943458557 0.013057827018201351 0.9876051545143127 -3.3327989257259105e-08
97.39053980896279 0.2828163206577301 0.014302698895335197 0.9876051545143127 -3.3327989257259105e-08
97.6249148089628 0.28983157873153687 0.01451726071536541 0.9876051545143127 -3.3327989257259105e-08
97.8592898089628 0.29673686623573303 0.014721166342496872 0.9876051545143127 -3.3327989257259105e-08
98.0936648089628 0.30353325605392456 0.01491478830575943 0.9876051545143127 -3.3327989257259105e-08
98.3280398089628 0.31022173166275024 0.01509849913418293 0.9876051545143127 -3.3327989257259105e-08
98.56241480896281 0.316803514957428 0.01527261734008789 0.9876051545143127 -3.3327989257259105e-08
98.79678980896281 0.32327985763549805 0.015437450259923935 0.9876051545143127 -3.3327989257259105e-08
99.03116480896281 0.3296518921852112 0.0155933303758502 0.9876051545143127 -3.3327989257259105e-08
99.26553980896283 0.33592069149017334 0.015740610659122467 0.9876051545143127 -3.3327989257259105e-08
99.49991480896283 0.34208738803863525 0.015879642218351364 0.9876051545143127 -3.3327989257259105e-08
99.73428980896283 0.34815311431884766 0.01601075753569603 0.9876051545143127 -3.3327989257259105e-08
99.96866480896283 0.3541191518306732 0.016134247183799744 0.9876051545143127 -3.3327989257259105e-08
101.37491480896286 0.3878902792930603 0.016731765121221542 0.9876051545143127 -3.3327989257259105e-08
101.60928980896286 0.39319270849227905 0.016810180619359016 0.9876051545143127 -3.3327989257259105e-08
101.84366480896287 0.39840519428253174 0.016883298754692078 0.9876051545143127 -3.3327989257259105e-08
102.07803980896287 0.4035290479660034 0.016951367259025574 0.9876051545143127 -3.3327989257259105e-08
102.31241480896287 0.40856555104255676 0.017014622688293457 0.9876051545143127 -3.3327989257259105e-08
102.54678980896287 0.41351592540740967 0.017073316499590874 0.9876051545143127 -3.3327989257259105e-08
102.78116480896288 0.4183814525604248 0.017127681523561478 0.9876051545143127 -3.3327989257259105e-08
103.01553980896288 0.42316338419914246 0.017177943140268326 0.9876051545143127 -3.3327989257259105e-08
104.1874148089629 0.44586241245269775 0.01737528294324875 0.9876051545143127 -3.3327989257259105e-08
104.42178980896291 0.4501686990261078 0.01740541122853756 0.9876051545143127 -3.3327989257259105e-08
104.65616480896291 0.4544000029563904 0.01743287965655327 0.9876051545143127 -3.3327989257259105e-08
104.89053980896291 0.4585575759410858 0.01745784841477871 0.9876051545143127 -3.3327989257259105e-08
105.35928980896293 0.46665623784065247 0.017500903457403183 0.9876051545143127 -3.3327989257259105e-08
105.59366480896293 0.4705997109413147 0.017519328743219376 0.9876051545143127 -3.3327989257259105e-08
105.82803980896293 0.4744742214679718 0.017535896971821785 0.9876051545143127 -3.3327989257259105e-08
106.06241480896294 0.4782809019088745 0.01755073107779026 0.9876051545143127 -3.3327989257259105e-08
106.29678980896294 0.48202091455459595 0.01756395399570465 0.9876051545143127 -3.3327989257259105e-08
106.53116480896294 0.4856954514980316 0.017575703561306 0.9876051545143127 -3.3327989257259105e-08
106.76553980896296 0.48930561542510986 0.0175861157476902 0.9876051545143127 -3.3327989257259105e-08
106.99991480896296 0.49285250902175903 0.01759529300034046 0.9876051545143127 -3.3327989257259105e-08
108.64053980896298 0.5160022974014282 0.017633188515901566 0.9876051545143127 -3.3327989257259105e-08
108.87491480896298 0.5190823674201965 0.017635883763432503 0.9876051545143127 -3.3327989257259105e-08
109.10928980896298 0.5221088528633118 0.01763812080025673 0.9876051545143127 -3.3327989257259105e-08
109.343664808963 0.5250826478004456 0.017639953643083572 0.9876051545143127 -3.3327989257259105e-08
109.578039808963 0.5280047655105591 0.017641428858041763 0.9876051545143127 -3.3327989257259105e-08
109.812414808963 0.5308762192726135 0.01764260046184063 0.9876051545143127 -3.3327989257259105e-08
110.046789808963 0.5336979031562805 0.0176435187458992 0.9876051545143127 -3.3327989257259105e-08
110.28116480896301 0.5364707708358765 0.017644230276346207 0.9876051545143127 -3.3327989257259105e-08
110.51553980896301 0.5391957759857178 0.017644762992858887 0.9876051545143127 -3.3327989257259105e-08
112.15616480896304 0.557004988193512 0.017645835876464844 0.9876051545143127 -3.3327989257259105e-08
112.39053980896304 0.5593786239624023 0.017645839601755142 0.9876051545143127 -3.3327989257259105e-08
112.62491480896306 0.5617120862007141 0.017645839601755142 0.9876051545143127 -3.3327989257259105e-08
112.85928980896306 0.5640061497688293 0.017645839601755142 0.9876051545143127 -3.3327989257259105e-08
113.09366480896306 0.5662615895271301 0.017645839601755142 0.9876051545143127 -3.3327989257259105e-08
114.73428980896308 0.5810296535491943 0.017645839601755142 0.9876051545143127 -3.3327989257259105e-08
114.96866480896308 0.5830020904541016 0.017645839601755142 0.9876051545143127 -3.3327989257259105e-08
115.2030398089631 0.5849422216415405 0.017645839601755142 0.9876051545143127 -3.3327989257259105e-08
115.4374148089631 0.5868507623672485 0.017645839601755142 0.9876051545143127 -3.3327989257259105e-08
116.14053980896311 0.5923923254013062 0.017645839601755142 0.9876051545143127 -3.3327989257259105e-08
116.37491480896311 0.5941802263259888 0.017645839601755142 0.9876051545143127 -3.3327989257259105e-08
116.60928980896311 0.5959394574165344 0.017645839601755142 0.9876051545143127 -3.3327989257259105e-08
116.84366480896313 0.5976706147193909 0.017645839601755142 0.9876051545143127 -3.3327989257259105e-08
117.07803980896313 0.5993741750717163 0.017645839601755142 0.9876051545143127 -3.3327989257259105e-08
119.42178980896317 0.6150078177452087 0.017645839601755142 0.9876051545143127 -3.3327989257259105e-08
119.65616480896317 0.6164416074752808 0.017645839601755142 0.9876051545143127 -3.3327989257259105e-08
119.89053980896317 0.617856502532959 0.017645839601755142 0.9876051545143127 -3.3327989257259105e-08
119.99999999999999 0.6185110807418823 0.017645839601755142 0.9876051545143127 -3.3327989257259105e-08
120.0001 0.6185101866722107 0.017645839601755142 0.9876051545143127 -3.3327989257259105e-08
120.0003 0.6185092926025391 0.017645839601755142 0.9876051545143127 -3.3327989257259105e-08
120.0007 0.6185089349746704 0.017645839601755142 0.9876051545143127 -3.3327989257259105e-08
120.001 0.6185089349746704 0.017645839601755142 0.9876051545143127 -3.3327989257259105e-08
150.0 0.6185089349746704 0.017645839601755142 0.9876051545143127 -3.3327989257259105e-08
150.0001 0.6185089349746704 0.017645839601755142 0.9876051545143127 -3.3327989257259105e-08
150.0003 0.6185089349746704 0.017645839601755142 0.9876051545143127 -3.3327989257259105e-08
150.0007 0.6185089349746704 0.017645839601755142 0.9876051545143127 -3.3327989257259105e-08
150.001 0.6185089349746704 0.017645839601755142 0.9876051545143127 -3.3327989257259105e-08
179.99999999999997 0.6185089349746704 0.017645839601755142 0.9876051545143127 -3.3327989257259105e-08
180.0001 0.6185089349746704 0.017645839601755142 0.9876051545143127 -3.3327989257259105e-08
180.0003 0.6185089349746704 0.017645839601755142 0.9876051545143127 -3.3327989257259105e-08
180.0007 0.6185089349746704 0.017645839601755142 0.9876050353050232 -3.3327989257259105e-08
180.001 0.6185089349746704 0.017645839601755142 0.9876049160957336 -3.3327989257259105e-08
180.16480000000257 0.6185089349746704 0.017645839601755142 0.9870123267173767 -3.3327989257259105e-08
180.32860000000517 0.6185089349746704 0.017645839601755142 0.9863922595977783 -3.3327989257259105e-08
181.03172500000514 0.6185089349746704 0.017645839601755142 0.9834433197975159 -3.3327989257259105e-08
181.7348500000051 0.6185089349746704 0.017645839601755142 0.9798967838287354 -3.3327989257259105e-08
182.43797500000508 0.6185089349746704 0.017645839601755142 0.9755675196647644 -3.3327989257259105e-08
183.14110000000505 0.6185089349746704 0.017645839601755142 0.9702067375183105 -3.3327989257259105e-08
183.60985000000503 0.6185089349746704 0.017645839601755142 0.9658978581428528 -3.3327989257259105e-08
184.078600000005 0.6185089349746704 0.017645839601755142 0.9608529806137085 -3.3327989257259105e-08
184.547350000005 0.6185089349746704 0.017645839601755142 0.9549164175987244 -3.3327989257259105e-08
185.01610000000497 0.6185089349746704 0.017645839601755142 0.9478967785835266 -3.3327989257259105e-08
185.25047500000497 0.6185089349746704 0.017645839601755142 0.9439125061035156 -3.3327989257259105e-08
185.48485000000494 0.6185089349746704 0.017645839601755142 0.9395713210105896 -3.3327989257259105e-08
185.95360000000494 0.6185089349746704 0.017645839601755142 0.9296826124191284 -3.3327989257259105e-08
186.6567250000049 0.6185089349746704 0.017645839601755142 0.9112890362739563 -3.3327989257259105e-08
187.12547500000488 0.6185089349746704 0.017645839601755142 0.8962143659591675 -3.3327989257259105e-08
187.59422500000485 0.6185089349746704 0.017645839601755142 0.8785518407821655 -3.3327989257259105e-08
187.82860000000485 0.6185089349746704 0.017645839601755142 0.8686701655387878 -3.3327989257259105e-08
188.29735000000483 0.6185089349746704 0.017645839601755142 0.8466780781745911 -3.3327989257259105e-08
188.76610000000483 0.6185089349746704 0.017645839601755142 0.8215977549552917 -3.3327989257259105e-08
189.2348500000048 0.6185089349746704 0.017645839601755142 0.7933614253997803 -3.3327989257259105e-08
189.70360000000477 0.6185089349746704 0.017645839601755142 0.7619825601577759 -3.3327989257259105e-08
189.93797500000477 0.6185089349746704 0.017645839601755142 0.7451388239860535 -3.3327989257259105e-08
190.17235000000477 0.6185089349746704 0.017645839601755142 0.7275460362434387 -3.3327989257259105e-08
190.40672500000474 0.6185089349746704 0.017645839601755142 0.7092232704162598 -3.3327989257259105e-08
190.64110000000474 0.6185089349746704 0.017645839601755142 0.6901919841766357 -3.3327989257259105e-08
191.1098500000047 0.6185089349746704 0.017645839601755142 0.6500982046127319 -3.3327989257259105e-08
191.3442250000047 0.6185089349746704 0.017645839601755142 0.6290854215621948 -3.3327989257259105e-08
191.5786000000047 0.6185089349746704 0.017645839601755142 0.607463002204895 -3.3327989257259105e-08
191.81297500000468 0.6185089349746704 0.017645839601755142 0.5852566957473755 -3.3327989257259105e-08
192.04735000000468 0.6185089349746704 0.017645839601755142 0.5624921321868896 -3.3327989257259105e-08
192.28172500000468 0.6185089349746704 0.017645839601755142 0.5391945242881775 -3.3327989257259105e-08
192.51610000000466 0.6185089349746704 0.017645839601755142 0.5153884291648865 -3.3327989257259105e-08
192.75047500000466 0.6185089349746704 0.017645839601755142 0.49109774827957153 -3.3327989257259105e-08
192.98485000000466 0.6185089349746704 0.017645839601755142 0.46634548902511597 -3.3327989257259105e-08
193.21922500000463 0.6185089349746704 0.017645839601755142 0.44115376472473145 -3.3327989257259105e-08
193.45360000000463 0.6185089349746704 0.017645839601755142 0.4155438542366028 -3.3327989257259105e-08
193.68797500000463 0.6185089349746704 0.017645839601755142 0.3895359933376312 -3.3327989257259105e-08
193.9223500000046 0.6185089349746704 0.017645839601755142 0.3631496727466583 -3.3327989257259105e-08
194.3911000000046 0.6185089349746704 0.017645839601755142 0.30931657552719116 -3.3327989257259105e-08
194.62547500000457 0.6185089349746704 0.017645839601755142 0.28190726041793823 -3.3327989257259105e-08
194.85985000000457 0.6185089349746704 0.017645839601755142 0.25419703125953674 -3.3327989257259105e-08
195.09422500000457 0.6185089349746704 0.017645839601755142 0.22621333599090576 -3.3327989257259105e-08
195.32860000000454 0.6185089349746704 0.017645839601755142 0.1979988068342209 -3.3327989257259105e-08
195.56297500000454 0.6185089349746704 0.017645839601755142 0.1696305125951767 -3.3327989257259105e-08
195.79735000000454 0.6185089349746704 0.017645839601755142 0.141261026263237 -3.3327989257259105e-08
196.0317250000045 0.6185089349746704 0.017645839601755142 0.11319593340158463 -3.3327989257259105e-08
196.2661000000045 0.6185089349746704 0.017645839601755142 0.08600781857967377 -3.3327989257259105e-08
196.5004750000045 0.6185089349746704 0.017645839601755142 0.060614414513111115 -3.3327989257259105e-08
196.73485000000449 0.6185089349746704 0.017645839601755142 0.03814740851521492 -3.3327989257259105e-08
196.96922500000449 0.6185089349746704 0.017645839601755142 0.01952444761991501 -3.3327989257259105e-08
197.20360000000449 0.6185089349746704 0.017645839601755142 0.004593618679791689 -3.3327989257259105e-08
197.2936127572619 0.6185089349746704 0.017645839601755142 0.00039108481723815203 -3.3327989257259105e-08
197.31503793811765 0.6185089349746704 0.017645839601755142 -3.3380445074726595e-08 -3.3327989257259105e-08
206.36445608264367 0.6185089349746704 0.017645839601755142 -3.3380445074726595e-08 -3.3327989257259105e-08
209.99999999999997 0.6185089349746704 0.017645839601755142 -3.3342477223641254e-08 -3.3327985704545426e-08
210.00009999999997 0.6185089349746704 0.017645839601755142 -3.334882237027159e-08 -3.3327985704545426e-08
210.0003 0.6185089349746704 0.017645839601755142 -3.3331275517411996e-08 -3.3327985704545426e-08
210.00070000000002 0.6185089349746704 0.017645839601755142 -3.327389563878569e-08 -3.3327985704545426e-08
210.00084156394993 0.6185089349746704 0.017645839601755142 -3.326452713281469e-08 -3.3327985704545426e-08
210.00100000000003 0.6185089349746704 0.017645839601755142 -3.326452713281469e-08 -3.3327985704545426e-08
210.0869327193441 0.6185089349746704 0.017645839601755142 0.0007198986713774502 -3.3327985704545426e-08
210.17286543868815 0.6185089349746704 0.017645839601755142 0.0014388383133336902 -3.3327985704545426e-08
210.34473612245324 0.6185089349746704 0.017645839601755142 0.002874291967600584 -3.3327985704545426e-08
211.63379862245318 0.6185089349746704 0.017645839601755142 0.013544294051826 -3.3327985704545426e-08
212.92286112245316 0.6185089349746704 0.017645839601755142 0.024037763476371765 -3.3327985704545426e-08
213.15723612245313 0.6185089349746704 0.017645839601755142 0.025926753878593445 -3.3327985704545426e-08
213.39161112245313 0.6185089349746704 0.017645839601755142 0.027809947729110718 -3.3327985704545426e-08
213.62598612245313 0.6185089349746704 0.017645839601755142 0.02968735806643963 -3.3327985704545426e-08
215.14942362245307 0.6185089349746704 0.017645839601755142 0.04175015538930893 -3.3327985704545426e-08
216.67286112245299 0.6185089349746704 0.017645839601755142 0.05357150733470917 -3.3327985704545426e-08
216.90723612245299 0.6185089349746704 0.017645839601755142 0.05536891520023346 -3.3327985704545426e-08
217.14161112245299 0.6185089349746704 0.017645839601755142 0.05716068297624588 -3.3327985704545426e-08
217.37598612245296 0.6185089349746704 0.017645839601755142 0.058946818113327026 -3.3327985704545426e-08
223.23536112245273 0.6185089349746704 0.017645839601755142 0.10179995745420456 -3.3327985704545426e-08
229.0947361224525 0.6185089349746704 0.017645839601755142 0.14130717515945435 -3.3327985704545426e-08
229.32911112245247 0.6185089349746704 0.017645839601755142 0.14282037317752838 -3.3327985704545426e-08
229.56348612245247 0.6185089349746704 0.017645839601755142 0.1443285197019577 -3.3327985704545426e-08
229.79786112245247 0.6185089349746704 0.017645839601755142 0.1458316296339035 -3.3327985704545426e-08
234.71973612245225 0.6185089349746704 0.017645839601755142 0.17625387012958527 -3.3327985704545426e-08
239.64161112245205 0.6185089349746704 0.017645839601755142 0.20457246899604797 -3.3327985704545426e-08
239.87598612245205 0.6185089349746704 0.017645839601755142 0.20587101578712463 -3.3327985704545426e-08
239.99999999999997 0.6185089349746704 0.017645839601755142 0.20655660331249237 -3.3327985704545426e-08
