time a b c w1
0.0 0.0 0.0 0.0 0.0
2.34374997708231e-06 1.0801570415496826 2.34398437508335e-23 1.0801570415496826 2.34398437508335e-23
2.3531289769906394e-06 1.0037916898727417 2.35336424679079e-23 1.0037916898727417 2.35336424679079e-23
2.3718869768072985e-06 0.9922298789024353 2.372124147977851e-23 0.9922298789024353 2.372124147977851e-23
2.449126245505041e-06 0.9876051545143127 2.449371143311084e-23 0.9876051545143127 2.449371143311084e-23
0.00019360463173130613 0.9876051545143127 1.9362399824984054e-21 0.9876051545143127 1.9362399824984054e-21
0.00038480681743822704 0.9876051545143127 3.8484529531415596e-21 0.9876051545143127 -5.559037674629508e-09
0.0007672111888520689 0.9876051545143127 7.672878894427868e-21 0.9876051545143127 -2.7051818562995322e-08
0.001 0.9876051545143127 1.0000999731091105e-20 0.9876051545143127 -3.3380622710410535e-08
29.999999999999996 0.9876051545143127 3.000300019364487e-16 0.9876051545143127 -3.3380448627440273e-08
30.000099999999996 0.9876051545143127 3.0003100778807355e-16 0.9876051545143127 -3.336148068910916e-08
30.0003 0.9876051545143127 3.0003299302154367e-16 0.9876051545143127 -3.3342743677167164e-08
30.0007 0.9876051545143127 3.0003698995826353e-16 0.9876051545143127 -3.333241949121657e-08
30.001 0.9876051545143127 3.000400075131381e-16 0.9876051545143127 -3.332798215183175e-08
59.99999999999999 0.9876051545143127 6.000600038728974e-16 0.9876051545143127 -3.332798215183175e-08
60.000099999999996 0.9876051545143127 6.000610097245222e-16 0.9876051545143127 -3.332798215183175e-08
60.000299999999996 0.9876051545143127 6.00063021427772e-16 0.9876051545143127 -3.332798215183175e-08
60.000699999999995 0.9876049757003784 6.000669918947122e-16 0.9876051545143127 -3.332798215183175e-08
60.001000000000005 0.9876046776771545 6.000700094495868e-16 0.9876051545143127 -3.332798215183175e-08
60.16480000000147 0.9865522980690002 6.017081711695766e-16 0.9876051545143127 -3.332798215183175e-08
60.328600000002936 0.985440194606781 6.033463328895664e-16 0.9876051545143127 -3.332798215183175e-08
60.79735000000293 0.981963574886322 6.080342896757046e-16 0.9876051545143127 -3.332798215183175e-08
61.03172500000293 0.9800292253494263 6.103782945385532e-16 0.9876051545143127 -3.332798215183175e-08
61.26610000000293 0.9779439568519592 6.127222464618427e-16 0.9876051545143127 -3.332798215183175e-08
61.969225000002936 0.9706251621246338 6.197542081108295e-16 0.9876051545143127 -3.332798215183175e-08
62.67235000000295 0.961300253868103 6.267861697598163e-16 0.9876051545143127 -3.332798215183175e-08
63.14110000000296 0.9536516070365906 6.314741265459544e-16 0.9876051545143127 -3.332798215183175e-08
63.375475000002965 0.9493124485015869 6.338181314088031e-16 0.9876051545143127 -3.332798215183175e-08
63.84422500000297 0.9394416213035583 6.385060881949412e-16 0.9876051545143127 -3.332798215183175e-08
64.31297500000298 0.9277451038360596 6.431940449810793e-16 0.9876051545143127 -3.332798215183175e-08
64.781725000003 0.9139285087585449 6.478820547067767e-16 0.9876051545143127 -3.332798215183175e-08
65.016100000003 0.9061330556869507 6.502260066300661e-16 0.9876051545143127 -3.332798215183175e-08
65.250475000003 0.8976992964744568 6.525700114929148e-16 0.9876051545143127 -3.332798215183175e-08
65.484850000003 0.8885947465896606 6.549139634162043e-16 0.9876051545143127 -3.332798215183175e-08
65.71922500000301 0.8787900805473328 6.572579682790529e-16 0.9876051545143127 -3.332798215183175e-08
65.95360000000301 0.8682595491409302 6.596019731419016e-16 0.9876051545143127 -3.332798215183175e-08
66.42235000000302 0.8449405431747437 6.642899299280397e-16 0.9876051545143127 -3.332798215183175e-08
67.12547500000302 0.8041436672210693 6.713218915770265e-16 0.9876051545143127 -3.332798215183175e-08
67.35985000000304 0.7889820337295532 6.73665843500316e-16 0.9876051545143127 -3.332798215183175e-08
67.59422500000304 0.7730484008789062 6.760098483631646e-16 0.9876051545143127 -3.332798215183175e-08
67.82860000000304 0.7563543915748596 6.783538532260133e-16 0.9876051545143127 -3.332798215183175e-08
68.29735000000305 0.7207496166229248 6.830418100121514e-16 0.9876051545143127 -3.332798215183175e-08
68.53172500000305 0.7018775343894958 6.853857619354409e-16 0.9876051545143127 -3.332798215183175e-08
69.00047500000306 0.6621056795120239 6.900737716611382e-16 0.9876051545143127 -3.332798215183175e-08
69.23485000000306 0.6412543058395386 6.924177235844277e-16 0.9876051545143127 -3.332798215183175e-08
69.46922500000306 0.6197926998138428 6.947617284472764e-16 0.9876051545143127 -3.332798215183175e-08
69.70360000000306 0.5977461338043213 6.971056803705658e-16 0.9876051545143127 -3.332798215183175e-08
69.93797500000308 0.5751398205757141 6.994496852334145e-16 0.9876051545143127 -3.332798215183175e-08
70.17235000000308 0.5519985556602478 7.017936900962632e-16 0.9876051545143127 -3.332798215183175e-08
70.40672500000308 0.5283466577529907 7.041376420195526e-16 0.9876051545143127 -3.332798215183175e-08
70.64110000000309 0.5042077302932739 7.064816468824013e-16 0.9876051545143127 -3.332798215183175e-08
70.87547500000309 0.47960466146469116 7.0882565174524995e-16 0.9876051545143127 -3.332798215183175e-08
71.10985000000309 0.4545593559741974 7.111696036685394e-16 0.9876051545143127 -3.332798215183175e-08
71.34422500000309 0.4290929436683655 7.135136085313881e-16 0.9876051545143127 -3.332798215183175e-08
71.5786000000031 0.4032256007194519 7.158575604546775e-16 0.9876051545143127 -3.332798215183175e-08
71.8129750000031 0.3769766688346863 7.182015653175262e-16 0.9876051545143127 -3.332798215183175e-08
72.28172500000312 0.32340794801712036 7.228895221036643e-16 0.9876051545143127 -3.332798215183175e-08
72.51610000000312 0.2961243987083435 7.25233526966513e-16 0.9876051545143127 -3.332798215183175e-08
72.75047500000312 0.2685334384441376 7.275774788898025e-16 0.9876051545143127 -3.332798215183175e-08
72.98485000000312 0.24065828323364258 7.299214837526511e-16 0.9876051545143127 -3.332798215183175e-08
73.21922500000314 0.21253183484077454 7.322654886154998e-16 0.9876051545143127 -3.332798215183175e-08
73.45360000000314 0.18420973420143127 7.346094405387893e-16 0.9876051545143127 -3.332798215183175e-08
73.68797500000314 0.15579859912395477 7.369534454016379e-16 0.9876051545143127 -3.332798215183175e-08
73.92235000000315 0.12751300632953644 7.392973973249274e-16 0.9876051545143127 -3.332798215183175e-08
74.15672500000315 0.09977364540100098 7.416414021877761e-16 0.9876051545143127 -3.332798215183175e-08
74.39110000000315 0.07331999391317368 7.439854070506247e-16 0.9876051545143127 -3.332798215183175e-08
74.62547500000315 0.049210287630558014 7.463293589739142e-16 0.9876051545143127 -3.332798215183175e-08
74.85985000000316 0.02853718027472496 7.486733638367628e-16 0.9876051545143127 -3.332798215183175e-08
75.09422500000316 0.011857854202389717 7.510173686996115e-16 0.9876051545143127 -3.332798215183175e-08
75.2991288663718 0.0009272039751522243 7.530666060968157e-16 0.9876051545143127 -3.332798215183175e-08
75.341110084407 -3.3380448627440273e-08 7.534864168012986e-16 0.9876051545143127 -3.332798215183175e-08
89.99999999999999 -3.3425727963276586e-08 9.000900322791256e-16 0.9876051545143127 -3.332798215183175e-08
90.0001 -3.33765726168167e-08 9.000909851911913e-16 0.9876051545143127 -3.332798215183175e-08
90.0003 -3.3342743677167164e-08 9.00092996894441e-16 0.9876051545143127 -3.332798215183175e-08
90.0007 -3.3322184123107945e-08 9.000970203009405e-16 0.9876051545143127 -3.332798215183175e-08
90.00082296292449 -3.3308797497966225e-08 9.00098184971243e-16 0.9876051545143127 -3.332798215183175e-08
90.00089395670982 -2.891360573187285e-08 4.442094470036295e-10 0.9876051545143127 -3.332798215183175e-08
90.0009296591451 -2.726271208786102e-09 2.709400481748503e-09 0.9876051545143127 -3.332798215183175e-08
90.00095116622519 1.082710880950799e-07 1.1099852592622028e-08 0.9876051545143127 -3.332798215183175e-08
90.00098108116136 5.481217044689402e-07 4.2741366002019276e-08 0.9876051545143127 -3.332798215183175e-08
90.001 1.0411298489998444e-06 7.733109441687702e-08 0.9876051545143127 -3.332798215183175e-08
90.04578231326227 0.0020980830304324627 0.00014244647172745317 0.9876051545143127 -3.332798215183175e-08
90.09056462652451 0.0041890996508300304 0.00028381444280967116 0.9876051545143127 -3.332798215183175e-08
90.18013198642794 0.008353224024176598 0.0005635740235447884 0.9876051545143127 -3.332798215183175e-08
90.35926670623478 0.016622768715023994 0.001113421400077641 0.9876051545143127 -3.332798215183175e-08
90.59364170623479 0.027339186519384384 0.0018159488681703806 0.9876051545143127 -3.332798215183175e-08
91.06239170623479 0.04839441180229187 0.003160175634548068 0.9876051545143127 -3.332798215183175e-08
91.5311417062348 0.06892774254083633 0.004422071855515242 0.9876051545143127 -3.332798215183175e-08
91.7655167062348 0.07899979501962662 0.005022974219173193 0.9876051545143127 -3.332798215183175e-08
91.9998917062348 0.08894273638725281 0.005604295060038567 0.9876051545143127 -3.332798215183175e-08
92.23426670623482 0.09875699877738953 0.006166380830109119 0.9876051545143127 -3.332798215183175e-08
92.46864170623482 0.10844297707080841 0.006709587760269642 0.9876051545143127 -3.332798215183175e-08
92.70301670623482 0.11800123006105423 0.007234265096485615 0.9876051545143127 -3.332798215183175e-08
92.93739170623482 0.12743249535560608 0.0077407523058354855 0.9876051545143127 -3.332798215183175e-08
93.64051670623483 0.15497103333473206 0.009154578670859337 0.9876051545143127 -3.332798215183175e-08
94.57801670623485 0.1899523138999939 0.010806534439325333 0.9876051545143127 -3.332798215183175e-08
94.81239170623486 0.1983925998210907 0.011180266737937927 0.9876051545143127 -3.332798215183175e-08
95.04676670623486 0.20671223104000092 0.011539049446582794 0.9876051545143127 -3.332798215183175e-08
95.28114170623486 0.21491213142871857 0.011883235536515713 0.9876051545143127 -3.332798215183175e-08
96.10145420623488 0.2426816076040268 0.012978121638298035 0.9876051545143127 -3.332798215183175e-08
96.92176670623489 0.26903319358825684 0.01391423586755991 0.9876051545143127 -3.332798215183175e-08
97.15614170623489 0.27630746364593506 0.014154709875583649 0.9876051545143127 -3.332798215183175e-08
97.3905167062349 0.2834702730178833 0.014383859001100063 0.9876051545143127 -3.332798215183175e-08
97.6248917062349 0.2905227541923523 0.014602012932300568 0.9876051545143127 -3.332798215183175e-08
98.09364170623492 0.3043011426925659 0.015006668865680695 0.9876051545143127 -3.332798215183175e-08
98.32801670623492 0.3110290467739105 0.01519389171153307 0.9876051545143127 -3.332798215183175e-08
98.56239170623492 0.31765085458755493 0.015371517278254032 0.9876051545143127 -3.332798215183175e-08
98.79676670623492 0.3241676688194275 0.015539856627583504 0.9876051545143127 -3.332798215183175e-08
99.73426670623495 0.34920865297317505 0.016126764938235283 0.9876051545143127 -3.332798215183175e-08
100.67176670623496 0.37266257405281067 0.01659061759710312 0.9876051545143127 -3.332798215183175e-08
100.90614170623496 0.3782868981361389 0.016689632087945938 0.9876051545143127 -3.332798215183175e-08
101.14051670623496 0.3838179409503937 0.016782457008957863 0.9876051545143127 -3.332798215183175e-08
101.37489170623498 0.3892569839954376 0.016869347542524338 0.9876051545143127 -3.332798215183175e-08
103.249891706235 0.42960304021835327 0.017381642013788223 0.9876051545143127 -3.332798215183175e-08
103.484266706235 0.4342688322067261 0.017426470294594765 0.9876051545143127 -3.332798215183175e-08
103.718641706235 0.43885481357574463 0.017467785626649857 0.9876051545143127 -3.332798215183175e-08
103.95301670623502 0.44336217641830444 0.017505774274468422 0.9876051545143127 -3.332798215183175e-08
104.18739170623502 0.4477921724319458 0.017540622502565384 0.9876051545143127 -3.332798215183175e-08
104.42176670623502 0.4521459639072418 0.017572540789842606 0.9876051545143127 -3.332798215183175e-08
104.65614170623502 0.456424742937088 0.017601722851395607 0.9876051545143127 -3.332798215183175e-08
106.06239170623505 0.4805893003940582 0.01772819086909294 0.9876051545143127 -3.332798215183175e-08
106.29676670623505 0.4843762516975403 0.017742574214935303 0.9876051545143127 -3.332798215183175e-08
106.53114170623506 0.48809754848480225 0.017755409702658653 0.9876051545143127 -3.332798215183175e-08
106.76551670623506 0.49175429344177246 0.01776682212948799 0.9876051545143127 -3.332798215183175e-08
107.46864170623508 0.5023484826087952 0.017793644219636917 0.9876051545143127 -3.332798215183175e-08
107.70301670623508 0.5057581663131714 0.017800450325012207 0.9876051545143127 -3.332798215183175e-08
107.93739170623508 0.5091087818145752 0.01780635491013527 0.9876051545143127 -3.332798215183175e-08
108.17176670623509 0.512401282787323 0.017811443656682968 0.9876051545143127 -3.332798215183175e-08
109.1092667062351 0.5250118374824524 0.01782521791756153 0.9876051545143127 -3.332798215183175e-08
109.3436417062351 0.5280296206474304 0.01782737486064434 0.9876051545143127 -3.332798215183175e-08
109.5780167062351 0.5309954285621643 0.01782914064824581 0.9876051545143127 -3.332798215183175e-08
109.81239170623512 0.5339102149009705 0.017830567434430122 0.9876051545143127 -3.332798215183175e-08
110.51551670623513 0.5423579216003418 0.017833273857831955 0.9876051545143127 -3.332798215183175e-08
110.74989170623513 0.5450780391693115 0.017833786085247993 0.9876051545143127 -3.332798215183175e-08
110.98426670623513 0.547751784324646 0.017834164202213287 0.9876051545143127 -3.332798215183175e-08
111.21864170623513 0.5503799915313721 0.017834430560469627 0.9876051545143127 -3.332798215183175e-08
114.03114170623519 0.5786679983139038 0.01783483661711216 0.9876051545143127 -3.332798215183175e-08
114.26551670623519 0.5807780027389526 0.01783483661711216 0.9876051545143127 -3.332798215183175e-08
114.49989170623519 0.582853376865387 0.01783483661711216 0.9876051545143127 -3.332798215183175e-08
114.7342667062352 0.5848947763442993 0.01783483661711216 0.9876051545143127 -3.332798215183175e-08
118.01551670623526 0.6102529168128967 0.01783483661711216 0.9876051545143127 -3.332798215183175e-08
118.24989170623526 0.6118570566177368 0.01783483661711216 0.9876051545143127 -3.332798215183175e-08
118.48426670623526 0.6134364008903503 0.01783483661711216 0.9876051545143127 -3.332798215183175e-08
118.71864170623526 0.6149914264678955 0.01783483661711216 0.9876051545143127 -3.332798215183175e-08
119.99999999999999 0.6230881810188293 0.01783483661711216 0.9876051545143127 -3.332798215183175e-08
120.0001 0.6230872869491577 0.01783483661711216 0.9876051545143127 -3.332798215183175e-08
120.0003 0.6230863332748413 0.01783483661711216 0.9876051545143127 -3.332798215183175e-08
120.0007 0.6230859756469727 0.01783483661711216 0.9876051545143127 -3.332798215183175e-08
120.001 0.6230859756469727 0.01783483661711216 0.9876051545143127 -3.332798215183175e-08
150.0 0.6230859756469727 0.01783483661711216 0.9876051545143127 -3.332798215183175e-08
150.0001 0.6230859756469727 0.01783483661711216 0.9876051545143127 -3.332798215183175e-08
150.0003 0.6230860352516174 0.01783483661711216 0.9876051545143127 -3.332798215183175e-08
150.00044098766273 0.6230860948562622 0.01783483661711216 0.9876051545143127 -3.332798215183175e-08
150.00072296298822 0.6230862140655518 0.01783483661711216 0.9876051545143127 -3.332798215183175e-08
150.001 0.6230862736701965 0.01783483661711216 0.9876051545143127 -3.332798215183175e-08
179.99999999999997 0.6230862736701965 0.01783483661711216 0.9876051545143127 -3.332798215183175e-08
180.0001 0.6230862736701965 0.01783483661711216 0.9876051545143127 -3.332798215183175e-08
180.0003 0.6230862736701965 0.01783483661711216 0.9876051545143127 -3.332798215183175e-08
180.0007 0.6230862736701965 0.01783483661711216 0.9876049757003784 -3.332798215183175e-08
180.001 0.6230862736701965 0.01783483661711216 0.9876046776771545 -3.332798215183175e-08
180.0828800000013 0.6230862736701965 0.01783483661711216 0.9870864748954773 -3.332798215183175e-08
180.1647600000026 0.6230862736701965 0.01783483661711216 0.9865522384643555 -3.332798215183175e-08
180.56297500000517 0.6230862736701965 0.01783483661711216 0.9837595820426941 -3.332798215183175e-08
180.79735000000514 0.6230862736701965 0.01783483661711216 0.9819625616073608 -3.332798215183175e-08
181.5004750000051 0.6230862736701965 0.01783483661711216 0.9756935834884644 -3.332798215183175e-08
182.20360000000508 0.6230862736701965 0.01783483661711216 0.9677690863609314 -3.332798215183175e-08
182.67235000000508 0.6230862736701965 0.01783483661711216 0.9613023400306702 -3.332798215183175e-08
183.37547500000505 0.6230862736701965 0.01783483661711216 0.9493167996406555 -3.332798215183175e-08
183.84422500000503 0.6230862736701965 0.01783483661711216 0.9394466280937195 -3.332798215183175e-08
184.312975000005 0.6230862736701965 0.01783483661711216 0.9277510643005371 -3.332798215183175e-08
184.78172500000497 0.6230862736701965 0.01783483661711216 0.9139354825019836 -3.332798215183175e-08
185.25047500000497 0.6230862736701965 0.01783483661711216 0.897707462310791 -3.332798215183175e-08
185.71922500000494 0.6230862736701965 0.01783483661711216 0.878799557685852 -3.332798215183175e-08
185.95360000000494 0.6230862736701965 0.01783483661711216 0.8682698011398315 -3.332798215183175e-08
186.1879750000049 0.6230862736701965 0.01783483661711216 0.8569928407669067 -3.332798215183175e-08
186.6567250000049 0.6230862736701965 0.01783483661711216 0.8321362137794495 -3.332798215183175e-08
187.12547500000488 0.6230862736701965 0.01783483661711216 0.8041574954986572 -3.332798215183175e-08
187.35985000000488 0.6230862736701965 0.01783483661711216 0.7889965772628784 -3.332798215183175e-08
187.59422500000485 0.6230862736701965 0.01783483661711216 0.7730636596679688 -3.332798215183175e-08
188.06297500000485 0.6230862736701965 0.01783483661711216 0.7389320731163025 -3.332798215183175e-08
188.29735000000483 0.6230862736701965 0.01783483661711216 0.7207669019699097 -3.332798215183175e-08
188.53172500000483 0.6230862736701965 0.01783483661711216 0.7018954753875732 -3.332798215183175e-08
188.76610000000483 0.6230862736701965 0.01783483661711216 0.6823402643203735 -3.332798215183175e-08
189.0004750000048 0.6230862736701965 0.01783483661711216 0.6621248722076416 -3.332798215183175e-08
189.2348500000048 0.6230862736701965 0.01783483661711216 0.641274094581604 -3.332798215183175e-08
189.4692250000048 0.6230862736701965 0.01783483661711216 0.619813084602356 -3.332798215183175e-08
189.70360000000477 0.6230862736701965 0.01783483661711216 0.5977669954299927 -3.332798215183175e-08
189.93797500000477 0.6230862736701965 0.01783483661711216 0.5751612186431885 -3.332798215183175e-08
190.17235000000477 0.6230862736701965 0.01783483661711216 0.5520204305648804 -3.332798215183175e-08
190.64110000000474 0.6230862736701965 0.01783483661711216 0.5042305588722229 -3.332798215183175e-08
190.87547500000474 0.6230862736701965 0.01783483661711216 0.4796278476715088 -3.332798215183175e-08
191.1098500000047 0.6230862736701965 0.01783483661711216 0.45458295941352844 -3.332798215183175e-08
191.3442250000047 0.6230862736701965 0.01783483661711216 0.4291169047355652 -3.332798215183175e-08
191.5786000000047 0.6230862736701965 0.01783483661711216 0.40324994921684265 -3.332798215183175e-08
191.81297500000468 0.6230862736701965 0.01783483661711216 0.3770013749599457 -3.332798215183175e-08
192.28172500000468 0.6230862736701965 0.01783483661711216 0.3234333097934723 -3.332798215183175e-08
192.51610000000466 0.6230862736701965 0.01783483661711216 0.2961500287055969 -3.332798215183175e-08
192.75047500000466 0.6230862736701965 0.01783483661711216 0.26855936646461487 -3.332798215183175e-08
192.98485000000466 0.6230862736701965 0.01783483661711216 0.24068446457386017 -3.332798215183175e-08
193.21922500000463 0.6230862736701965 0.01783483661711216 0.21255822479724884 -3.332798215183175e-08
193.45360000000463 0.6230862736701965 0.01783483661711216 0.18423627316951752 -3.332798215183175e-08
193.68797500000463 0.6230862736701965 0.01783483661711216 0.15582513809204102 -3.332798215183175e-08
193.9223500000046 0.6230862736701965 0.01783483661711216 0.1275392770767212 -3.332798215183175e-08
194.1567250000046 0.6230862736701965 0.01783483661711216 0.09979911148548126 -3.332798215183175e-08
194.3911000000046 0.6230862736701965 0.01783483661711216 0.07334381341934204 -3.332798215183175e-08
194.62547500000457 0.6230862736701965 0.01783483661711216 0.04923136904835701 -3.332798215183175e-08
194.85985000000457 0.6230862736701965 0.01783483661711216 0.0285546462982893 -3.332798215183175e-08
195.09422500000457 0.6230862736701965 0.01783483661711216 0.011880744248628616 -3.332798215183175e-08
195.29985338947523 0.6230862736701965 0.01783483661711216 0.0009273386094719172 -3.332798215183175e-08
195.34192784933146 0.6230862736701965 0.01783483661711216 -3.3380448627440273e-08 -3.332798215183175e-08
206.77897609691598 0.6230862736701965 0.01783483661711216 -3.3380448627440273e-08 -3.332798215183175e-08
209.99999999999997 0.6230862736701965 0.01783483661711216 -3.3425468615178033e-08 -3.332798215183175e-08
210.00009999999997 0.6230862736701965 0.01783483661711216 -3.337648735168841e-08 -3.332798215183175e-08
210.0003 0.6230862736701965 0.01783483661711216 -3.3342743677167164e-08 -3.332798215183175e-08
210.00070000000002 0.6230862736701965 0.01783483661711216 -3.332107922915384e-08 -3.332798215183175e-08
210.000840447701 0.6230862736701965 0.01783483661711216 -3.3308289459910156e-08 -3.332798215183175e-08
210.00100000000003 0.6230862736701965 0.01783483661711216 -3.32992158291745e-08 -3.332798215183175e-08
214.39110316271456 0.6230862736701965 0.01783483661711216 0.036339834332466125 -3.332798215183175e-08
218.78120632542908 0.6230862736701965 0.01783483661711216 0.07063107192516327 -3.332798215183175e-08
219.01558132542908 0.6230862736701965 0.01783483661711216 0.07240534573793411 -3.332798215183175e-08
219.24995632542905 0.6230862736701965 0.01783483661711216 0.07417397201061249 -3.332798215183175e-08
219.48433132542905 0.6230862736701965 0.01783483661711216 0.07593695819377899 -3.332798215183175e-08
223.58589382542885 0.6230862736701965 0.01783483661711216 0.10588794201612473 -3.332798215183175e-08
227.6874563254287 0.6230862736701965 0.01783483661711216 0.13417503237724304 -3.332798215183175e-08
227.9218313254287 0.6230862736701965 0.01783483661711216 0.1357424557209015 -3.332798215183175e-08
228.15620632542868 0.6230862736701965 0.01783483661711216 0.13730467855930328 -3.332798215183175e-08
228.39058132542868 0.6230862736701965 0.01783483661711216 0.13886168599128723 -3.332798215183175e-08
232.6093313254285 0.6230862736701965 0.01783483661711216 0.16601167619228363 -3.332798215183175e-08
232.8437063254285 0.6230862736701965 0.01783483661711216 0.16747212409973145 -3.332798215183175e-08
233.07808132542849 0.6230862736701965 0.01783483661711216 0.16892759501934052 -3.332798215183175e-08
233.31245632542849 0.6230862736701965 0.01783483661711216 0.17037813365459442 -3.332798215183175e-08
239.87495632542823 0.6230862736701965 0.01783483661711216 0.20903754234313965 -3.332798215183175e-08
239.99999999999997 0.6230862736701965 0.01783483661711216 0.2097390592098236 -3.332798215183175e-08
