time a b c w1
0.0 0.0 0.0 0.0 0.0
2.34374997708231e-06 1.0801570415496826 2.34398437508335e-23 1.0801570415496826 2.34398437508335e-23
2.3531289769906394e-06 1.0037916898727417 2.35336424679079e-23 1.0037916898727417 2.35336424679079e-23
2.3718869768072985e-06 0.9922298789024353 2.372124147977851e-23 0.9922298789024353 2.372124147977851e-23
2.449126245505041e-06 0.9876051545143127 2.449371143311084e-23 0.9876051545143127 2.449371143311084e-23
0.00019360463173130613 0.9876051545143127 1.9362399824984054e-21 0.9876051545143127 1.9362399824984054e-21
0.00038480681743822704 0.9876051545143127 3.8484529531415596e-21 0.9876051545143127 -5.5596220960296705e-09
0.0007672111888520689 0.9876051545143127 7.672878894427868e-21 0.9876051545143127 -2.705600010699527e-08
0.001 0.9876051545143127 1.0000999731091105e-20 0.9876051545143127 -3.3388438680503896e-08
29.999999999999996 0.9876051545143127 3.000300019364487e-16 0.9876051545143127 -3.3388264597533635e-08
30.000099999999996 0.9876051545143127 3.0003100778807355e-16 0.9876051545143127 -3.336615606031046e-08
30.0003 0.9876051545143127 3.0003299302154367e-16 0.9876051545143127 -3.3344313976613194e-08
30.0007 0.9876051545143127 3.0003698995826353e-16 0.9876051545143127 -3.333227382995574e-08
30.001 0.9876051545143127 3.000400075131381e-16 0.9876051545143127 -3.332711173698044e-08
59.99999999999999 0.9876051545143127 6.000600038728974e-16 0.9876051545143127 -3.332711173698044e-08
60.000099999999996 0.9876051545143127 6.000610097245222e-16 0.9876051545143127 -3.332711173698044e-08
60.000299999999996 0.9876051545143127 6.00063021427772e-16 0.9876051545143127 -3.332711173698044e-08
60.000699999999995 0.9876049160957336 6.000669918947122e-16 0.9876051545143127 -3.332711173698044e-08
60.001000000000005 0.9876044988632202 6.000700094495868e-16 0.9876051545143127 -3.332711173698044e-08
60.00124000000001 0.9876026511192322 6.00072391729751e-16 0.9876051545143127 -3.332711173698044e-08
60.021560000000186 0.9874420166015625 6.002756266975328e-16 0.9876051545143127 -3.332711173698044e-08
60.04188000000037 0.9872773885726929 6.004788616653146e-16 0.9876051545143127 -3.332711173698044e-08
60.082840000000736 0.9869325160980225 6.008885079744305e-16 0.9876051545143127 -3.332711173698044e-08
60.16476000000147 0.9861851930618286 6.01707747653103e-16 0.9876051545143127 -3.332711173698044e-08
60.562975000002936 0.9814561605453491 6.056903377524151e-16 0.9876051545143127 -3.332711173698044e-08
60.79735000000293 0.9776250720024109 6.080342896757046e-16 0.9876051545143127 -3.332711173698044e-08
61.03172500000293 0.9726502299308777 6.103782945385532e-16 0.9876051545143127 -3.332711173698044e-08
61.26610000000293 0.9662116169929504 6.127222464618427e-16 0.9876051545143127 -3.332711173698044e-08
61.50047500000293 0.9579778909683228 6.150662513246914e-16 0.9876051545143127 -3.332711173698044e-08
61.734850000002936 0.9476573467254639 6.1741025618754e-16 0.9876051545143127 -3.332711173698044e-08
61.969225000002936 0.9350491762161255 6.197542081108295e-16 0.9876051545143127 -3.332711173698044e-08
62.20360000000294 0.9200769066810608 6.220982129736782e-16 0.9876051545143127 -3.332711173698044e-08
62.43797500000295 0.9027919769287109 6.244421648969676e-16 0.9876051545143127 -3.332711173698044e-08
62.67235000000295 0.8833460807800293 6.267861697598163e-16 0.9876051545143127 -3.332711173698044e-08
62.90672500000296 0.8619488477706909 6.2913017462266495e-16 0.9876051545143127 -3.332711173698044e-08
63.14110000000296 0.8388295769691467 6.314741265459544e-16 0.9876051545143127 -3.332711173698044e-08
63.375475000002965 0.8142121434211731 6.338181314088031e-16 0.9876051545143127 -3.332711173698044e-08
63.609850000002965 0.7883012890815735 6.361621362716517e-16 0.9876051545143127 -3.332711173698044e-08
63.84422500000297 0.7612767815589905 6.385060881949412e-16 0.9876051545143127 -3.332711173698044e-08
64.07860000000298 0.7332924604415894 6.408500930577899e-16 0.9876051545143127 -3.332711173698044e-08
64.31297500000298 0.7044787406921387 6.431940449810793e-16 0.9876051545143127 -3.332711173698044e-08
64.54735000000298 0.674945056438446 6.45538049843928e-16 0.9876051545143127 -3.332711173698044e-08
64.781725000003 0.6447834968566895 6.478820547067767e-16 0.9876051545143127 -3.332711173698044e-08
65.016100000003 0.6140713691711426 6.502260066300661e-16 0.9876051545143127 -3.332711173698044e-08
65.250475000003 0.582874059677124 6.525700114929148e-16 0.9876051545143127 -3.332711173698044e-08
65.484850000003 0.5512469410896301 6.549139634162043e-16 0.9876051545143127 -3.332711173698044e-08
65.71922500000301 0.5192370414733887 6.572579682790529e-16 0.9876051545143127 -3.332711173698044e-08
65.95360000000301 0.4868847131729126 6.596019731419016e-16 0.9876051545143127 -3.332711173698044e-08
66.18797500000301 0.45422470569610596 6.619459250651911e-16 0.9876051545143127 -3.332711173698044e-08
66.42235000000302 0.42128700017929077 6.642899299280397e-16 0.9876051545143127 -3.332711173698044e-08
66.65672500000302 0.3880978226661682 6.666338818513292e-16 0.9876051545143127 -3.332711173698044e-08
66.89110000000302 0.35468047857284546 6.689778867141778e-16 0.9876051545143127 -3.332711173698044e-08
67.12547500000302 0.32105618715286255 6.713218915770265e-16 0.9876051545143127 -3.332711173698044e-08
67.35985000000304 0.28724604845046997 6.73665843500316e-16 0.9876051545143127 -3.332711173698044e-08
67.59422500000304 0.2532748878002167 6.760098483631646e-16 0.9876051545143127 -3.332711173698044e-08
67.82860000000304 0.2191806584596634 6.783538532260133e-16 0.9876051545143127 -3.332711173698044e-08
68.06297500000305 0.18503864109516144 6.806978051493028e-16 0.9876051545143127 -3.332711173698044e-08
68.29735000000305 0.1510201394557953 6.830418100121514e-16 0.9876051545143127 -3.332711173698044e-08
68.53172500000305 0.1175212562084198 6.853857619354409e-16 0.9876051545143127 -3.332711173698044e-08
68.76610000000305 0.08537273108959198 6.877297667982896e-16 0.9876051545143127 -3.332711173698044e-08
69.00047500000306 0.05597338080406189 6.900737716611382e-16 0.9876051545143127 -3.332711173698044e-08
69.23485000000306 0.0309677105396986 6.924177235844277e-16 0.9876051545143127 -3.332711173698044e-08
69.46922500000306 0.010846424847841263 6.947617284472764e-16 0.9876051545143127 -3.332711173698044e-08
69.60283953360381 0.002005794318392873 6.960979758611292e-16 0.9876051545143127 -3.332711173698044e-08
69.6473497439941 0.00010849281534319744 6.965431446144706e-16 0.9876051545143127 -3.332711173698044e-08
69.65483079398115 -3.3388268150247313e-08 6.96617948211625e-16 0.9876051545143127 -3.332711173698044e-08
89.99999999999999 -3.339879839359128e-08 9.000900322791256e-16 0.9876051545143127 -3.332711173698044e-08
90.0001 -3.336966969413879e-08 9.000909851911913e-16 0.9876051545143127 -3.332711173698044e-08
90.0003 -3.3344313976613194e-08 9.00092996894441e-16 0.9876051545143127 -3.332711173698044e-08
90.0007 -3.333027720486825e-08 3.946636073504095e-11 0.9876051545143127 -3.332711173698044e-08
90.00082296338404 -2.153008260563638e-08 2.9107384946769344e-08 0.9876051545143127 -3.332711173698044e-08
90.00089395646819 9.5570591440719e-08 1.3946532817499246e-07 0.9876051545143127 -3.332711173698044e-08
90.00092976939186 3.017937046934094e-07 3.035430040654319e-07 0.9876051545143127 -3.332711173698044e-08
90.00095079345792 5.325159122548939e-07 4.780191602549166e-07 0.9876051545143127 -3.332711173698044e-08
90.00096423832531 8.681606118443597e-07 6.455157404161582e-07 0.9876051545143127 -3.332711173698044e-08
90.0009740188942 1.4192381740940618e-06 8.223979648391833e-07 0.9876051545143127 -3.332711173698044e-08
90.00098625979821 2.5680226372060133e-06 1.118752265938383e-06 0.9876051545143127 -3.332711173698044e-08
90.001 4.2212950575049035e-06 1.511360778749804e-06 0.9876051545143127 -3.332711173698044e-08
90.08122076451839 0.01243282575160265 0.0027221140917390585 0.9876051545143127 -3.332711173698044e-08
90.16144152903678 0.02479415014386177 0.005418301559984684 0.9876051545143127 -3.332711173698044e-08
90.32188550625436 0.04933955520391464 0.010746557265520096 0.9876051545143127 -3.332711173698044e-08
90.55626050625436 0.08482688665390015 0.01839744858443737 0.9876051545143127 -3.332711173698044e-08
90.79063550625436 0.11985098570585251 0.025882447138428688 0.9876051545143127 -3.332711173698044e-08
91.02501050625438 0.15435464680194855 0.03318211808800697 0.9876051545143127 -3.332711173698044e-08
91.25938550625438 0.18831655383110046 0.04029018431901932 0.9876051545143127 -3.332711173698044e-08
91.72813550625439 0.254520446062088 0.05390419438481331 0.9876051545143127 -3.332711173698044e-08
91.96251050625439 0.28671184182167053 0.06039593741297722 0.9876051545143127 -3.332711173698044e-08
92.19688550625439 0.3182602524757385 0.06666772067546844 0.9876051545143127 -3.332711173698044e-08
92.43126050625439 0.3491370975971222 0.07271203398704529 0.9876051545143127 -3.332711173698044e-08
92.6656355062544 0.37931251525878906 0.07852129638195038 0.9876051545143127 -3.332711173698044e-08
92.9000105062544 0.40875545144081116 0.08408796042203903 0.9876051545143127 -3.332711173698044e-08
93.1343855062544 0.4374338388442993 0.08940458297729492 0.9876051545143127 -3.332711173698044e-08
93.36876050625442 0.46531471610069275 0.09446395188570023 0.9876051545143127 -3.332711173698044e-08
93.60313550625442 0.49236467480659485 0.09925925731658936 0.9876051545143127 -3.332711173698044e-08
93.83751050625442 0.5185499787330627 0.10378426313400269 0.9876051545143127 -3.332711173698044e-08
94.30626050625443 0.5681934952735901 0.11200246959924698 0.9876051545143127 -3.332711173698044e-08
94.54063550625443 0.5915877223014832 0.11568798124790192 0.9876051545143127 -3.332711173698044e-08
94.77501050625443 0.6139907240867615 0.11908833682537079 0.9876051545143127 -3.332711173698044e-08
95.00938550625445 0.6353762745857239 0.12220361083745956 0.9876051545143127 -3.332711173698044e-08
95.24376050625445 0.6557221412658691 0.12503591179847717 0.9876051545143127 -3.332711173698044e-08
95.47813550625445 0.6750108003616333 0.127589613199234 0.9876051545143127 -3.332711173698044e-08
95.71251050625445 0.6932304501533508 0.12987147271633148 0.9876051545143127 -3.332711173698044e-08
95.94688550625446 0.7103757858276367 0.13189072906970978 0.9876051545143127 -3.332711173698044e-08
96.18126050625446 0.7264487147331238 0.13365910947322845 0.9876051545143127 -3.332711173698044e-08
96.41563550625446 0.7414587736129761 0.13519065082073212 0.9876051545143127 -3.332711173698044e-08
96.65001050625446 0.7554234266281128 0.1365014761686325 0.9876051545143127 -3.332711173698044e-08
96.88438550625447 0.7683680653572083 0.13760942220687866 0.9876051545143127 -3.332711173698044e-08
97.11876050625447 0.7803254723548889 0.1385335624217987 0.9876051545143127 -3.332711173698044e-08
97.35313550625447 0.7913352251052856 0.13929367065429688 0.9876051545143127 -3.332711173698044e-08
97.58751050625449 0.8014426827430725 0.13990971446037292 0.9876051545143127 -3.332711173698044e-08
97.82188550625449 0.8106980323791504 0.1404012143611908 0.9876051545143127 -3.332711173698044e-08
98.05626050625449 0.819154679775238 0.14078691601753235 0.9876051545143127 -3.332711173698044e-08
98.5250105062545 0.8338942527770996 0.1413090080022812 0.9876051545143127 -3.332711173698044e-08
98.7593855062545 0.8402890563011169 0.1414753943681717 0.9876051545143127 -3.332711173698044e-08
98.9937605062545 0.8461066484451294 0.14159566164016724 0.9876051545143127 -3.332711173698044e-08
99.22813550625452 0.8513989448547363 0.1416803002357483 0.9876051545143127 -3.332711173698044e-08
99.46251050625452 0.8562151193618774 0.14173799753189087 0.9876051545143127 -3.332711173698044e-08
99.69688550625452 0.8606008291244507 0.14177587628364563 0.9876051545143127 -3.332711173698044e-08
99.93126050625452 0.8645985126495361 0.141799658536911 0.9876051545143127 -3.332711173698044e-08
100.16563550625453 0.868246853351593 0.1418137103319168 0.9876051545143127 -3.332711173698044e-08
100.40001050625453 0.8715810775756836 0.14182141423225403 0.9876051545143127 -3.332711173698044e-08
100.63438550625453 0.8746330738067627 0.14182521402835846 0.9876051545143127 -3.332711173698044e-08
100.86876050625455 0.8774314522743225 0.1418268233537674 0.9876051545143127 -3.332711173698044e-08
101.10313550625455 0.880001962184906 0.14182737469673157 0.9876051545143127 -3.332711173698044e-08
101.33751050625455 0.8823673129081726 0.14182749390602112 0.9876051545143127 -3.332711173698044e-08
101.80626050625456 0.8865621089935303 0.14182749390602112 0.9876051545143127 -3.332711173698044e-08
102.27501050625456 0.8901559114456177 0.14182749390602112 0.9876051545143127 -3.332711173698044e-08
102.50938550625457 0.8917620182037354 0.14182749390602112 0.9876051545143127 -3.332711173698044e-08
102.74376050625457 0.8932569622993469 0.14182749390602112 0.9876051545143127 -3.332711173698044e-08
102.97813550625457 0.894651472568512 0.14182749390602112 0.9876051545143127 -3.332711173698044e-08
103.21251050625457 0.8959548473358154 0.14182749390602112 0.9876051545143127 -3.332711173698044e-08
103.44688550625459 0.8971751928329468 0.14182749390602112 0.9876051545143127 -3.332711173698044e-08
103.91563550625459 0.8993934392929077 0.14182749390602112 0.9876051545143127 -3.332711173698044e-08
104.1500105062546 0.9004034996032715 0.14182749390602112 0.9876051545143127 -3.332711173698044e-08
104.3843855062546 0.9013550877571106 0.14182749390602112 0.9876051545143127 -3.332711173698044e-08
104.6187605062546 0.9022529721260071 0.14182749390602112 0.9876051545143127 -3.332711173698044e-08
104.8531355062546 0.90310138463974 0.14182749390602112 0.9876051545143127 -3.332711173698044e-08
105.32188550625462 0.9046645164489746 0.14182749390602112 0.9876051545143127 -3.332711173698044e-08
105.55626050625462 0.9053856134414673 0.14182749390602112 0.9876051545143127 -3.332711173698044e-08
106.25938550625463 0.9073417782783508 0.14182749390602112 0.9876051545143127 -3.332711173698044e-08
106.49376050625463 0.9079327583312988 0.14182749390602112 0.9876051545143127 -3.332711173698044e-08
106.72813550625465 0.908496618270874 0.14182749390602112 0.9876051545143127 -3.332711173698044e-08
107.19688550625465 0.9095503687858582 0.14182749390602112 0.9876051545143127 -3.332711173698044e-08
107.66563550625466 0.9105151891708374 0.14182749390602112 0.9876051545143127 -3.332711173698044e-08
108.36876050625467 0.9118188619613647 0.14182749390602112 0.9876051545143127 -3.332711173698044e-08
109.07188550625467 0.9129763841629028 0.14182749390602112 0.9876051545143127 -3.332711173698044e-08
109.30626050625469 0.9133338332176208 0.14182749390602112 0.9876051545143127 -3.332711173698044e-08
109.54063550625469 0.9136784672737122 0.14182749390602112 0.9876051545143127 -3.332711173698044e-08
109.77501050625469 0.9140109419822693 0.14182749390602112 0.9876051545143127 -3.332711173698044e-08
110.2437605062547 0.9146419167518616 0.14182749390602112 0.9876051545143127 -3.332711173698044e-08
110.7125105062547 0.9152312278747559 0.14182749390602112 0.9876051545143127 -3.332711173698044e-08
110.94688550625472 0.9155114889144897 0.14182749390602112 0.9876051545143127 -3.332711173698044e-08
111.18126050625472 0.9157829284667969 0.14182749390602112 0.9876051545143127 -3.332711173698044e-08
111.41563550625472 0.9160458445549011 0.14182749390602112 0.9876051545143127 -3.332711173698044e-08
111.65001050625473 0.9163006544113159 0.14182749390602112 0.9876051545143127 -3.332711173698044e-08
112.11876050625473 0.9167875051498413 0.14182749390602112 0.9876051545143127 -3.332711173698044e-08
114.69688550625477 0.9190212488174438 0.14182749390602112 0.9876051545143127 -3.332711173698044e-08
114.93126050625477 0.9191937446594238 0.14182749390602112 0.9876051545143127 -3.332711173698044e-08
115.16563550625479 0.9193621277809143 0.14182749390602112 0.9876051545143127 -3.332711173698044e-08
115.40001050625479 0.9195263385772705 0.14182749390602112 0.9876051545143127 -3.332711173698044e-08
115.8687605062548 0.9198431372642517 0.14182749390602112 0.9876051545143127 -3.332711173698044e-08
116.3375105062548 0.9201453924179077 0.14182749390602112 0.9876051545143127 -3.332711173698044e-08
119.61876050625486 0.9219270348548889 0.14182749390602112 0.9876051545143127 -3.332711173698044e-08
119.85313550625486 0.9220359921455383 0.14182749390602112 0.9876051545143127 -3.332711173698044e-08
119.99999999999999 0.9221034049987793 0.14182749390602112 0.9876051545143127 -3.332711173698044e-08
120.0001 0.922103226184845 0.14182749390602112 0.9876051545143127 -3.332711173698044e-08
120.0003 0.9221030473709106 0.14182749390602112 0.9876051545143127 -3.332711173698044e-08
120.0007 0.9221029877662659 0.14182749390602112 0.9876051545143127 -3.332711173698044e-08
120.001 0.9221029877662659 0.14182749390602112 0.9876051545143127 -3.332711173698044e-08
150.0 0.9221029877662659 0.14182749390602112 0.9876051545143127 -3.332710818426676e-08
150.0001 0.9221029877662659 0.14182749390602112 0.9876051545143127 -3.332710818426676e-08
150.0003 0.9221029877662659 0.14182749390602112 0.9876051545143127 -3.332710818426676e-08
150.00045379307403 0.9221030473709106 0.14182749390602112 0.9876051545143127 -3.332710818426676e-08
150.00076137922213 0.9221031069755554 0.14182749390602112 0.9876051545143127 -3.332710818426676e-08
150.001 0.9221031069755554 0.14182749390602112 0.9876051545143127 -3.332710818426676e-08
179.99999999999997 0.9221031069755554 0.14182749390602112 0.9876051545143127 -3.332710818426676e-08
180.0001 0.9221031069755554 0.14182749390602112 0.9876051545143127 -3.332710818426676e-08
180.0003 0.9221031069755554 0.14182749390602112 0.9876051545143127 -3.332710818426676e-08
180.0007 0.9221031069755554 0.14182749390602112 0.9876049757003784 -3.332710818426676e-08
180.001 0.9221031069755554 0.14182749390602112 0.9876046180725098 -3.332710818426676e-08
180.04192000000063 0.9221031069755554 0.14182749390602112 0.9872771501541138 -3.332710818426676e-08
180.0828400000013 0.9221031069755554 0.14182749390602112 0.9869326949119568 -3.332710818426676e-08
180.32860000000517 0.9221031069755554 0.14182749390602112 0.9844623804092407 -3.332710818426676e-08
180.56297500000517 0.9221031069755554 0.14182749390602112 0.9814565181732178 -3.332710818426676e-08
180.79735000000514 0.9221031069755554 0.14182749390602112 0.9776253700256348 -3.332710818426676e-08
181.03172500000514 0.9221031069755554 0.14182749390602112 0.9726507067680359 -3.332710818426676e-08
181.5004750000051 0.9221031069755554 0.14182749390602112 0.9579798579216003 -3.332710818426676e-08
181.7348500000051 0.9221031069755554 0.14182749390602112 0.9476577639579773 -3.332710818426676e-08
181.9692250000051 0.9221031069755554 0.14182749390602112 0.9350461959838867 -3.332710818426676e-08
182.20360000000508 0.9221031069755554 0.14182749390602112 0.9200711250305176 -3.332710818426676e-08
182.43797500000508 0.9221031069755554 0.14182749390602112 0.9027850031852722 -3.332710818426676e-08
182.67235000000508 0.9221031069755554 0.14182749390602112 0.8833391666412354 -3.332710818426676e-08
182.90672500000505 0.9221031069755554 0.14182749390602112 0.8619420528411865 -3.332710818426676e-08
183.14110000000505 0.9221031069755554 0.14182749390602112 0.8388225436210632 -3.332710818426676e-08
183.37547500000505 0.9221031069755554 0.14182749390602112 0.8142046928405762 -3.332710818426676e-08
183.60985000000503 0.9221031069755554 0.14182749390602112 0.7882934808731079 -3.332710818426676e-08
183.84422500000503 0.9221031069755554 0.14182749390602112 0.761268675327301 -3.332710818426676e-08
184.078600000005 0.9221031069755554 0.14182749390602112 0.7332841157913208 -3.332710818426676e-08
184.312975000005 0.9221031069755554 0.14182749390602112 0.704470157623291 -3.332710818426676e-08
184.547350000005 0.9221031069755554 0.14182749390602112 0.6749362945556641 -3.332710818426676e-08
184.78172500000497 0.9221031069755554 0.14182749390602112 0.6447745561599731 -3.332710818426676e-08
185.01610000000497 0.9221031069755554 0.14182749390602112 0.6140623092651367 -3.332710818426676e-08
185.25047500000497 0.9221031069755554 0.14182749390602112 0.5828648805618286 -3.332710818426676e-08
185.48485000000494 0.9221031069755554 0.14182749390602112 0.5512375831604004 -3.332710818426676e-08
185.71922500000494 0.9221031069755554 0.14182749390602112 0.5192276239395142 -3.332710818426676e-08
185.95360000000494 0.9221031069755554 0.14182749390602112 0.48687517642974854 -3.332710818426676e-08
186.1879750000049 0.9221031069755554 0.14182749390602112 0.45421507954597473 -3.332710818426676e-08
186.4223500000049 0.9221031069755554 0.14182749390602112 0.4212772846221924 -3.332710818426676e-08
186.6567250000049 0.9221031069755554 0.14182749390602112 0.38808804750442505 -3.332710818426676e-08
187.12547500000488 0.9221031069755554 0.14182749390602112 0.32104629278182983 -3.332710818426676e-08
187.35985000000488 0.9221031069755554 0.14182749390602112 0.2872360944747925 -3.332710818426676e-08
187.59422500000485 0.9221031069755554 0.14182749390602112 0.2532649040222168 -3.332710818426676e-08
187.82860000000485 0.9221031069755554 0.14182749390602112 0.21917062997817993 -3.332710818426676e-08
188.06297500000485 0.9221031069755554 0.14182749390602112 0.18502861261367798 -3.332710818426676e-08
188.53172500000483 0.9221031069755554 0.14182749390602112 0.1175115555524826 -3.332710818426676e-08
188.76610000000483 0.9221031069755554 0.14182749390602112 0.08536361157894135 -3.332710818426676e-08
189.0004750000048 0.9221031069755554 0.14182749390602112 0.05596531927585602 -3.332710818426676e-08
189.2348500000048 0.9221031069755554 0.14182749390602112 0.03096114471554756 -3.332710818426676e-08
189.4692250000048 0.9221031069755554 0.14182749390602112 0.010841176845133305 -3.332710818426676e-08
189.60277858273417 0.9221031069755554 0.14182749390602112 0.002005086513236165 -3.332710818426676e-08
189.64727435782294 0.9221031069755554 0.14182749390602112 0.00010846494842553511 -3.332710818426676e-08
189.65475334363734 0.9221031069755554 0.14182749390602112 -3.3388264597533635e-08 -3.332710818426676e-08
204.37103621767022 0.9221031069755554 0.14182749390602112 -3.3388264597533635e-08 -3.332710818426676e-08
209.99999999999997 0.9221031069755554 0.14182749390602112 -3.339879839359128e-08 -3.332710818426676e-08
210.00009999999997 0.9221031069755554 0.14182749390602112 -3.336966969413879e-08 -3.332710818426676e-08
210.0003 0.9221031069755554 0.14182749390602112 -3.3344313976613194e-08 -3.332710818426676e-08
210.00070000000002 0.9221031069755554 0.14182749390602112 6.486912695891078e-08 -3.332710818426676e-08
210.00100000000003 0.9221031069755554 0.14182749390602112 3.103777999058366e-07 -3.332710818426676e-08
224.87587545746263 0.9221031069755554 0.14182749390602112 0.03365786373615265 -3.332710818426676e-08
239.75075091492525 0.9221031069755554 0.14182749390602112 0.06645242869853973 -3.332710818426676e-08
239.98512591492522 0.9221031069755554 0.14182749390602112 0.06696218997240067 -3.332710818426676e-08
239.99999999999997 0.9221031069755554 0.14182749390602112 0.06699453294277191 -3.332710818426676e-08
