time a b c w1
0.0 0.0 0.0 0.0 0.0
2.34374997708231e-06 1.0801570415496826 2.34398437508335e-23 1.0801570415496826 2.34398437508335e-23
2.3531289769906394e-06 1.0037916898727417 2.35336424679079e-23 1.0037916898727417 2.35336424679079e-23
2.3718869768072985e-06 0.9922298789024353 2.372124147977851e-23 0.9922298789024353 2.372124147977851e-23
2.449126245505041e-06 0.9876051545143127 2.449371143311084e-23 0.9876051545143127 2.449371143311084e-23
0.00019360463173130613 0.9876051545143127 1.9362399824984054e-21 0.9876051545143127 1.9362399824984054e-21
0.00038480681743822704 0.9876051545143127 3.8484529531415596e-21 0.9876051545143127 -5.559037674629508e-09
0.0007672111888520689 0.9876051545143127 7.672878894427868e-21 0.9876051545143127 -2.7051818562995322e-08
0.001 0.9876051545143127 1.0000999731091105e-20 0.9876051545143127 -3.3380622710410535e-08
29.999999999999996 0.9876051545143127 3.000300019364487e-16 0.9876051545143127 -3.3380448627440273e-08
30.000099999999996 0.9876051545143127 3.0003100778807355e-16 0.9876051545143127 -3.336148068910916e-08
30.0003 0.9876051545143127 3.0003299302154367e-16 0.9876051545143127 -3.334275078259452e-08
30.0007 0.9876051545143127 3.0003698995826353e-16 0.9876051545143127 -3.333245146563968e-08
30.001 0.9876051545143127 3.000400075131381e-16 0.9876051545143127 -3.332803899525061e-08
59.99999999999999 0.9876051545143127 6.000600038728974e-16 0.9876051545143127 -3.332803899525061e-08
60.000099999999996 0.9876051545143127 6.000610097245222e-16 0.9876051545143127 -3.332803899525061e-08
60.000299999999996 0.9876051545143127 6.00063021427772e-16 0.9876051545143127 -3.332803899525061e-08
60.000699999999995 0.987605094909668 6.000669918947122e-16 0.9876051545143127 -3.332803899525061e-08
60.001000000000005 0.9876050353050232 6.000700094495868e-16 0.9876051545143127 -3.332803899525061e-08
60.63355000000146 0.9866034984588623 6.063961279557147e-16 0.9876051545143127 -3.332803899525061e-08
61.26610000000293 0.9854900240898132 6.127222464618427e-16 0.9876051545143127 -3.332803899525061e-08
61.969225000002936 0.9840920567512512 6.197542081108295e-16 0.9876051545143127 -3.332803899525061e-08
62.67235000000295 0.9824903011322021 6.267861697598163e-16 0.9876051545143127 -3.332803899525061e-08
63.14110000000296 0.9812870025634766 6.314741265459544e-16 0.9876051545143127 -3.332803899525061e-08
63.84422500000297 0.9792360067367554 6.385060881949412e-16 0.9876051545143127 -3.332803899525061e-08
64.898912500003 0.9754546284675598 6.490540306684214e-16 0.9876051545143127 -3.332803899525061e-08
65.95360000000301 0.9704983234405518 6.596019731419016e-16 0.9876051545143127 -3.332803899525061e-08
66.18797500000301 0.9691866040229797 6.619459250651911e-16 0.9876051545143127 -3.332803899525061e-08
66.42235000000302 0.9677826166152954 6.642899299280397e-16 0.9876051545143127 -3.332803899525061e-08
66.89110000000302 0.9646612405776978 6.689778867141778e-16 0.9876051545143127 -3.332803899525061e-08
67.59422500000304 0.9590287804603577 6.760098483631646e-16 0.9876051545143127 -3.332803899525061e-08
68.29735000000305 0.9519193172454834 6.830418100121514e-16 0.9876051545143127 -3.332803899525061e-08
68.53172500000305 0.9491381049156189 6.853857619354409e-16 0.9876051545143127 -3.332803899525061e-08
68.76610000000305 0.9461160898208618 6.877297667982896e-16 0.9876051545143127 -3.332803899525061e-08
69.00047500000306 0.9428281784057617 6.900737716611382e-16 0.9876051545143127 -3.332803899525061e-08
69.23485000000306 0.9392470717430115 6.924177235844277e-16 0.9876051545143127 -3.332803899525061e-08
69.46922500000306 0.9353439807891846 6.947617284472764e-16 0.9876051545143127 -3.332803899525061e-08
69.70360000000306 0.9310879111289978 6.971056803705658e-16 0.9876051545143127 -3.332803899525061e-08
69.93797500000308 0.9264451861381531 6.994496852334145e-16 0.9876051545143127 -3.332803899525061e-08
70.40672500000308 0.915856122970581 7.041376420195526e-16 0.9876051545143127 -3.332803899525061e-08
70.64110000000309 0.9098349213600159 7.064816468824013e-16 0.9876051545143127 -3.332803899525061e-08
70.87547500000309 0.9032778739929199 7.0882565174524995e-16 0.9876051545143127 -3.332803899525061e-08
71.10985000000309 0.896146297454834 7.111696036685394e-16 0.9876051545143127 -3.332803899525061e-08
71.34422500000309 0.8884022235870361 7.135136085313881e-16 0.9876051545143127 -3.332803899525061e-08
71.5786000000031 0.8800091743469238 7.158575604546775e-16 0.9876051545143127 -3.332803899525061e-08
71.8129750000031 0.8709332942962646 7.182015653175262e-16 0.9876051545143127 -3.332803899525061e-08
72.0473500000031 0.8611438274383545 7.205455701803749e-16 0.9876051545143127 -3.332803899525061e-08
72.28172500000312 0.8506138324737549 7.228895221036643e-16 0.9876051545143127 -3.332803899525061e-08
72.51610000000312 0.8393212556838989 7.25233526966513e-16 0.9876051545143127 -3.332803899525061e-08
72.75047500000312 0.8272488117218018 7.275774788898025e-16 0.9876051545143127 -3.332803899525061e-08
72.98485000000312 0.8143846988677979 7.299214837526511e-16 0.9876051545143127 -3.332803899525061e-08
73.45360000000314 0.7862611413002014 7.346094405387893e-16 0.9876051545143127 -3.332803899525061e-08
73.92235000000315 0.7549614310264587 7.392973973249274e-16 0.9876051545143127 -3.332803899525061e-08
74.15672500000315 0.7381445169448853 7.416414021877761e-16 0.9876051545143127 -3.332803899525061e-08
74.39110000000315 0.7205703854560852 7.439854070506247e-16 0.9876051545143127 -3.332803899525061e-08
74.62547500000315 0.7022584080696106 7.463293589739142e-16 0.9876051545143127 -3.332803899525061e-08
74.85985000000316 0.6832304000854492 7.486733638367628e-16 0.9876051545143127 -3.332803899525061e-08
75.32860000000316 0.6431225538253784 7.53361320622901e-16 0.9876051545143127 -3.332803899525061e-08
75.56297500000318 0.6220935583114624 7.557053254857496e-16 0.9876051545143127 -3.332803899525061e-08
75.79735000000318 0.6004494428634644 7.580492774090391e-16 0.9876051545143127 -3.332803899525061e-08
76.03172500000318 0.5782164931297302 7.603932822718878e-16 0.9876051545143127 -3.332803899525061e-08
76.26610000000318 0.5554209351539612 7.627372871347364e-16 0.9876051545143127 -3.332803899525061e-08
76.50047500000319 0.5320883989334106 7.650812390580259e-16 0.9876051545143127 -3.332803899525061e-08
76.73485000000319 0.5082439184188843 7.674252439208746e-16 0.9876051545143127 -3.332803899525061e-08
76.96922500000319 0.48391175270080566 7.69769195844164e-16 0.9876051545143127 -3.332803899525061e-08
77.20360000000319 0.4591154456138611 7.721132007070127e-16 0.9876051545143127 -3.332803899525061e-08
77.4379750000032 0.4338774085044861 7.744572055698614e-16 0.9876051545143127 -3.332803899525061e-08
77.6723500000032 0.40821927785873413 7.768011574931508e-16 0.9876051545143127 -3.332803899525061e-08
77.9067250000032 0.38216158747673035 7.791451623559995e-16 0.9876051545143127 -3.332803899525061e-08
78.60985000000322 0.30178678035736084 7.861771240049863e-16 0.9876051545143127 -3.332803899525061e-08
78.84422500000322 0.27432554960250854 7.885210759282757e-16 0.9876051545143127 -3.332803899525061e-08
79.07860000000323 0.2465653419494629 7.908650807911244e-16 0.9876051545143127 -3.332803899525061e-08
79.31297500000323 0.21853698790073395 7.932090856539731e-16 0.9876051545143127 -3.332803899525061e-08
79.54735000000323 0.1902901828289032 7.955530375772625e-16 0.9876051545143127 -3.332803899525061e-08
79.78172500000325 0.16191744804382324 7.978970424401112e-16 0.9876051545143127 -3.332803899525061e-08
80.01610000000325 0.1336035430431366 8.002409943634007e-16 0.9876051545143127 -3.332803899525061e-08
80.25047500000325 0.10571450740098953 8.025849992262493e-16 0.9876051545143127 -3.332803899525061e-08
80.48485000000325 0.07891383767127991 8.04929004089098e-16 0.9876051545143127 -3.332803899525061e-08
80.71922500000326 0.05420341342687607 8.072729560123875e-16 0.9876051545143127 -3.332803899525061e-08
80.95360000000326 0.032708872109651566 8.096169608752361e-16 0.9876051545143127 -3.332803899525061e-08
81.18797500000326 0.01520257443189621 8.119609127985256e-16 0.9876051545143127 -3.332803899525061e-08
81.42235000000328 0.00175346655305475 8.143049176613743e-16 0.9876051545143127 -3.332803899525061e-08
81.47632104721728 0.00021511704835575074 8.148446894070121e-16 0.9876051545143127 -3.332803899525061e-08
81.53050983823798 -3.3380448627440273e-08 8.153866316745772e-16 0.9876051545143127 -3.332803899525061e-08
89.99999999999999 -3.339686216463633e-08 9.000900322791256e-16 0.9876051545143127 -3.332803899525061e-08
90.0001 -3.336695186817451e-08 9.000909851911913e-16 0.9876051545143127 -3.332803899525061e-08
90.0003 -3.3342743677167164e-08 9.00092996894441e-16 0.9876051545143127 -3.332803899525061e-08
90.0007 -3.332897335894813e-08 9.000970203009405e-16 0.9876051545143127 -3.332803899525061e-08
90.00082296330297 -3.332329967520309e-08 9.00098184971243e-16 0.9876051545143127 -3.332803899525061e-08
90.00089395674442 -2.8931301798706954e-08 4.442138323845768e-10 0.9876051545143127 -3.332803899525061e-08
90.00092965924185 -2.7437241367778142e-09 2.70942424052123e-09 0.9876051545143127 -3.332803899525061e-08
90.00095116631313 1.0825392138258394e-07 1.1099897889721433e-08 0.9876051545143127 -3.332803899525061e-08
90.00098108120278 5.481045377564442e-07 4.274140863458342e-08 0.9876051545143127 -3.332803899525061e-08
90.001 1.041112000166322e-06 7.733108731144966e-08 0.9876051545143127 -3.332803899525061e-08
90.04578232608344 0.0020980213303118944 0.00014243618352338672 0.9876051545143127 -3.332803899525061e-08
90.09056465216689 0.00418885238468647 0.0002837733190972358 0.9876051545143127 -3.332803899525061e-08
90.18013203771346 0.008352234028279781 0.0005634102853946388 0.9876051545143127 -3.332803899525061e-08
90.35926680880662 0.016619091853499413 0.0011128165060654283 0.9876051545143127 -3.332803899525061e-08
90.59364180880662 0.027329878881573677 0.0018144279019907117 0.9876051545143127 -3.332803899525061e-08
91.06239180880664 0.04836612567305565 0.0031556254252791405 0.9876051545143127 -3.332803899525061e-08
91.53114180880664 0.06886988878250122 0.004412919282913208 0.9876051545143127 -3.332803899525061e-08
91.76551680880665 0.07892322540283203 0.005010966211557388 0.9876051545143127 -3.332803899525061e-08
91.99989180880665 0.08884479850530624 0.005589087028056383 0.9876051545143127 -3.332803899525061e-08
92.23426680880665 0.09863497316837311 0.006147650070488453 0.9876051545143127 -3.332803899525061e-08
92.46864180880665 0.10829433053731918 0.0066870152950286865 0.9876051545143127 -3.332803899525061e-08
92.70301680880667 0.11782360821962357 0.007207535207271576 0.9876051545143127 -3.332803899525061e-08
93.40614180880668 0.14563773572444916 0.008659658953547478 0.9876051545143127 -3.332803899525061e-08
94.3436418088067 0.1809442937374115 0.010354247875511646 0.9876051545143127 -3.332803899525061e-08
94.5780168088067 0.18945834040641785 0.010737242177128792 0.9876051545143127 -3.332803899525061e-08
94.8123918088067 0.19784867763519287 0.01110476441681385 0.9876051545143127 -3.332803899525061e-08
95.04676680880671 0.20611630380153656 0.011457175016403198 0.9876051545143127 -3.332803899525061e-08
95.86707930880672 0.23409998416900635 0.012577005662024021 0.9876051545143127 -3.332803899525061e-08
96.68739180880674 0.26063090562820435 0.013532598502933979 0.9876051545143127 -3.332803899525061e-08
96.92176680880674 0.267950177192688 0.013777729123830795 0.9876051545143127 -3.332803899525061e-08
97.15614180880674 0.27515530586242676 0.014011160470545292 0.9876051545143127 -3.332803899525061e-08
97.39051680880674 0.2822474241256714 0.014233237132430077 0.9876051545143127 -3.332803899525061e-08
98.09364180880675 0.30285707116127014 0.014834869652986526 0.9876051545143127 -3.332803899525061e-08
98.32801680880677 0.3095082938671112 0.01501511037349701 0.9876051545143127 -3.332803899525061e-08
98.56239180880677 0.31605201959609985 0.015185807831585407 0.9876051545143127 -3.332803899525061e-08
98.79676680880677 0.32248952984809875 0.015347281470894814 0.9876051545143127 -3.332803899525061e-08
100.4373918088068 0.3646785020828247 0.01624702848494053 0.9876051545143127 -3.332803899525061e-08
100.6717668088068 0.37030959129333496 0.01634649746119976 0.9876051545143127 -3.332803899525061e-08
100.90614180880681 0.37584537267684937 0.016439633443951607 0.9876051545143127 -3.332803899525061e-08
101.14051680880681 0.381287157535553 0.016526702791452408 0.9876051545143127 -3.332803899525061e-08
103.01551680880684 0.42159152030944824 0.01703687757253647 0.9876051545143127 -3.332803899525061e-08
103.24989180880684 0.426244854927063 0.01708114519715309 0.9876051545143127 -3.332803899525061e-08
103.48426680880685 0.4308168888092041 0.017121870070695877 0.9876051545143127 -3.332803899525061e-08
103.71864180880685 0.43530893325805664 0.017159264534711838 0.9876051545143127 -3.332803899525061e-08
105.59364180880688 0.46851569414138794 0.017360296100378036 0.9876051545143127 -3.332803899525061e-08
105.8280168088069 0.4723438024520874 0.017375700175762177 0.9876051545143127 -3.332803899525061e-08
106.0623918088069 0.47610417008399963 0.0173894464969635 0.9876051545143127 -3.332803899525061e-08
106.2967668088069 0.47979801893234253 0.017401667311787605 0.9876051545143127 -3.332803899525061e-08
106.99989180880691 0.49049198627471924 0.017430320382118225 0.9876051545143127 -3.332803899525061e-08
107.23426680880691 0.49393126368522644 0.017437586560845375 0.9876051545143127 -3.332803899525061e-08
107.46864180880691 0.49730968475341797 0.01744389906525612 0.9876051545143127 -3.332803899525061e-08
107.70301680880692 0.5006284117698669 0.01744934357702732 0.9876051545143127 -3.332803899525061e-08
108.64051680880694 0.5133276581764221 0.017464080825448036 0.9876051545143127 -3.332803899525061e-08
108.87489180880694 0.5163638591766357 0.017466388642787933 0.9876051545143127 -3.332803899525061e-08
109.10926680880694 0.5193467140197754 0.017468277364969254 0.9876051545143127 -3.332803899525061e-08
109.34364180880695 0.5222771167755127 0.017469801008701324 0.9876051545143127 -3.332803899525061e-08
110.04676680880696 0.530764102935791 0.01747269555926323 0.9876051545143127 -3.332803899525061e-08
110.28114180880696 0.5334948301315308 0.017473245039582253 0.9876051545143127 -3.332803899525061e-08
110.51551680880696 0.5361779928207397 0.017473649233579636 0.9876051545143127 -3.332803899525061e-08
110.74989180880696 0.5388145446777344 0.017473934218287468 0.9876051545143127 -3.332803899525061e-08
113.56239180880702 0.567129373550415 0.017474370077252388 0.9876051545143127 -3.332803899525061e-08
113.79676680880702 0.5692364573478699 0.017474370077252388 0.9876051545143127 -3.332803899525061e-08
114.03114180880702 0.5713082551956177 0.017474370077252388 0.9876051545143127 -3.332803899525061e-08
114.26551680880704 0.5733454823493958 0.017474370077252388 0.9876051545143127 -3.332803899525061e-08
117.54676680880709 0.59859299659729 0.017474370077252388 0.9876051545143127 -3.332803899525061e-08
117.78114180880709 0.6001863479614258 0.017474370077252388 0.9876051545143127 -3.332803899525061e-08
118.01551680880709 0.6017546057701111 0.017474370077252388 0.9876051545143127 -3.332803899525061e-08
118.24989180880709 0.6032982468605042 0.017474370077252388 0.9876051545143127 -3.332803899525061e-08
119.65614180880712 0.6120694875717163 0.017474370077252388 0.9876051545143127 -3.332803899525061e-08
119.89051680880712 0.6134566068649292 0.017474370077252388 0.9876051545143127 -3.332803899525061e-08
119.99999999999999 0.6140984296798706 0.017474370077252388 0.9876051545143127 -3.332803899525061e-08
120.0001 0.6140975952148438 0.017474370077252388 0.9876051545143127 -3.332803899525061e-08
120.0003 0.6140967011451721 0.017474370077252388 0.9876051545143127 -3.332803899525061e-08
120.0007 0.6140963435173035 0.017474370077252388 0.9876051545143127 -3.332803899525061e-08
120.001 0.6140963435173035 0.017474370077252388 0.9876051545143127 -3.332803899525061e-08
150.0 0.6140963435173035 0.017474370077252388 0.9876051545143127 -3.332803899525061e-08
150.0001 0.6140963435173035 0.017474370077252388 0.9876051545143127 -3.332803899525061e-08
150.0003 0.6140963435173035 0.017474370077252388 0.9876051545143127 -3.332803899525061e-08
150.0007 0.6140963435173035 0.017474370077252388 0.9876051545143127 -3.332803899525061e-08
150.001 0.6140963435173035 0.017474370077252388 0.9876051545143127 -3.332803899525061e-08
179.99999999999997 0.6140963435173035 0.017474370077252388 0.9876051545143127 -3.332803899525061e-08
180.0001 0.6140963435173035 0.017474370077252388 0.9876051545143127 -3.332803899525061e-08
180.0003 0.6140963435173035 0.017474370077252388 0.9876051545143127 -3.332803899525061e-08
180.0007 0.6140963435173035 0.017474370077252388 0.987605094909668 -3.332803899525061e-08
180.001 0.6140963435173035 0.017474370077252388 0.9876050353050232 -3.332803899525061e-08
180.00608000000008 0.6140963435173035 0.017474370077252388 0.9875974655151367 -3.332803899525061e-08
180.01116000000016 0.6140963435173035 0.017474370077252388 0.9875898361206055 -3.332803899525061e-08
180.0828400000013 0.6140963435173035 0.017474370077252388 0.9874815940856934 -3.332803899525061e-08
180.9088450000032 0.6140963435173035 0.017474370077252388 0.9861340522766113 -3.332803899525061e-08
181.7348500000051 0.6140963435173035 0.017474370077252388 0.9845789074897766 -3.332803899525061e-08
182.55516250000508 0.6140963435173035 0.017474370077252388 0.9827739000320435 -3.332803899525061e-08
183.37547500000505 0.6140963435173035 0.017474370077252388 0.980639636516571 -3.332803899525061e-08
183.84422500000503 0.6140963435173035 0.017474370077252388 0.9792373776435852 -3.332803899525061e-08
184.66453750000497 0.6140963435173035 0.017474370077252388 0.9763824939727783 -3.332803899525061e-08
185.48485000000494 0.6140963435173035 0.017474370077252388 0.9728768467903137 -3.332803899525061e-08
186.1879750000049 0.6140963435173035 0.017474370077252388 0.9691890478134155 -3.332803899525061e-08
186.89110000000488 0.6140963435173035 0.017474370077252388 0.9646639227867126 -3.332803899525061e-08
187.71141250000488 0.6140963435173035 0.017474370077252388 0.957964301109314 -3.332803899525061e-08
188.53172500000483 0.6140963435173035 0.017474370077252388 0.9491446018218994 -3.332803899525061e-08
189.0004750000048 0.6140963435173035 0.017474370077252388 0.9428362846374512 -3.332803899525061e-08
189.2348500000048 0.6140963435173035 0.017474370077252388 0.9392563700675964 -3.332803899525061e-08
189.4692250000048 0.6140963435173035 0.017474370077252388 0.9353543519973755 -3.332803899525061e-08
189.93797500000477 0.6140963435173035 0.017474370077252388 0.9264571070671082 -3.332803899525061e-08
190.40672500000474 0.6140963435173035 0.017474370077252388 0.915869951248169 -3.332803899525061e-08
191.1098500000047 0.6140963435173035 0.017474370077252388 0.8961641788482666 -3.332803899525061e-08
191.3442250000047 0.6140963435173035 0.017474370077252388 0.8884215950965881 -3.332803899525061e-08
191.5786000000047 0.6140963435173035 0.017474370077252388 0.8800301551818848 -3.332803899525061e-08
191.81297500000468 0.6140963435173035 0.017474370077252388 0.8709559440612793 -3.332803899525061e-08
192.04735000000468 0.6140963435173035 0.017474370077252388 0.8611682057380676 -3.332803899525061e-08
192.28172500000468 0.6140963435173035 0.017474370077252388 0.850640058517456 -3.332803899525061e-08
192.51610000000466 0.6140963435173035 0.017474370077252388 0.8393493294715881 -3.332803899525061e-08
192.75047500000466 0.6140963435173035 0.017474370077252388 0.8272787928581238 -3.332803899525061e-08
193.21922500000463 0.6140963435173035 0.017474370077252388 0.8007563352584839 -3.332803899525061e-08
193.45360000000463 0.6140963435173035 0.017474370077252388 0.7862968444824219 -3.332803899525061e-08
193.68797500000463 0.6140963435173035 0.017474370077252388 0.7710421085357666 -3.332803899525061e-08
193.9223500000046 0.6140963435173035 0.017474370077252388 0.7550008893013 -3.332803899525061e-08
194.1567250000046 0.6140963435173035 0.017474370077252388 0.7381858825683594 -3.332803899525061e-08
194.62547500000457 0.6140963435173035 0.017474370077252388 0.7023032903671265 -3.332803899525061e-08
194.85985000000457 0.6140963435173035 0.017474370077252388 0.6832770109176636 -3.332803899525061e-08
195.09422500000457 0.6140963435173035 0.017474370077252388 0.663558304309845 -3.332803899525061e-08
195.32860000000454 0.6140963435173035 0.017474370077252388 0.6431723237037659 -3.332803899525061e-08
195.56297500000454 0.6140963435173035 0.017474370077252388 0.622144877910614 -3.332803899525061e-08
195.79735000000454 0.6140963435173035 0.017474370077252388 0.6005021929740906 -3.332803899525061e-08
196.0317250000045 0.6140963435173035 0.017474370077252388 0.578270673751831 -3.332803899525061e-08
196.2661000000045 0.6140963435173035 0.017474370077252388 0.5554763674736023 -3.332803899525061e-08
196.5004750000045 0.6140963435173035 0.017474370077252388 0.532145082950592 -3.332803899525061e-08
196.73485000000449 0.6140963435173035 0.017474370077252388 0.5083017945289612 -3.332803899525061e-08
197.20360000000449 0.6140963435173035 0.017474370077252388 0.45917558670043945 -3.332803899525061e-08
197.43797500000446 0.6140963435173035 0.017474370077252388 0.4339386224746704 -3.332803899525061e-08
197.67235000000446 0.6140963435173035 0.017474370077252388 0.40828144550323486 -3.332803899525061e-08
197.90672500000446 0.6140963435173035 0.017474370077252388 0.3822247087955475 -3.332803899525061e-08
198.14110000000443 0.6140963435173035 0.017474370077252388 0.3557882308959961 -3.332803899525061e-08
198.37547500000443 0.6140963435173035 0.017474370077252388 0.3289911150932312 -3.332803899525061e-08
198.60985000000443 0.6140963435173035 0.017474370077252388 0.30185243487358093 -3.332803899525061e-08
198.8442250000044 0.6140963435173035 0.017474370077252388 0.27439191937446594 -3.332803899525061e-08
199.0786000000044 0.6140963435173035 0.017474370077252388 0.2466324120759964 -3.332803899525061e-08
199.3129750000044 0.6140963435173035 0.017474370077252388 0.2186046540737152 -3.332803899525061e-08
199.54735000000437 0.6140963435173035 0.017474370077252388 0.19035828113555908 -3.332803899525061e-08
199.78172500000437 0.6140963435173035 0.017474370077252388 0.16198566555976868 -3.332803899525061e-08
200.01610000000437 0.6140963435173035 0.017474370077252388 0.13367128372192383 -3.332803899525061e-08
200.25047500000434 0.6140963435173035 0.017474370077252388 0.10578058660030365 -3.332803899525061e-08
200.48485000000434 0.6140963435173035 0.017474370077252388 0.07897622138261795 -3.332803899525061e-08
200.71922500000434 0.6140963435173035 0.017474370077252388 0.05425938963890076 -3.332803899525061e-08
200.95360000000431 0.6140963435173035 0.017474370077252388 0.03275594115257263 -3.332803899525061e-08
201.18797500000431 0.6140963435173035 0.017474370077252388 0.015239687636494637 -3.332803899525061e-08
201.42235000000431 0.6140963435173035 0.017474370077252388 0.0017765561351552606 -3.332803899525061e-08
201.47661857904112 0.6140963435173035 0.017474370077252388 0.00022223603446036577 -3.332803899525061e-08
201.53123196955 0.6140963435173035 0.017474370077252388 -3.3380448627440273e-08 -3.332803899525061e-08
206.37847447095592 0.6140963435173035 0.017474370077252388 -3.3380448627440273e-08 -3.332803899525061e-08
209.99999999999997 0.6140963435173035 0.017474370077252388 -3.33960628040586e-08 -3.332803899525061e-08
210.00009999999997 0.6140963435173035 0.017474370077252388 -3.33666854146486e-08 -3.332803899525061e-08
210.0003 0.6140963435173035 0.017474370077252388 -3.3342743677167164e-08 -3.332803899525061e-08
210.00070000000002 0.6140963435173035 0.017474370077252388 -3.3328667825571756e-08 -3.332803899525061e-08
210.00084266986744 0.6140963435173035 0.017474370077252388 -3.332323927907055e-08 -3.332803899525061e-08
210.00100000000003 0.6140963435173035 0.017474370077252388 -3.331965103825496e-08 -3.332803899525061e-08
214.50934702831157 0.6140963435173035 0.017474370077252388 0.03614218533039093 -3.332803899525061e-08
219.01769405662313 0.6140963435173035 0.017474370077252388 0.07019977271556854 -3.332803899525061e-08
219.25206905662313 0.6140963435173035 0.017474370077252388 0.07191453129053116 -3.332803899525061e-08
219.48644405662313 0.6140963435173035 0.017474370077252388 0.07362384349107742 -3.332803899525061e-08
219.7208190566231 0.6140963435173035 0.017474370077252388 0.07532771676778793 -3.332803899525061e-08
223.58800655662296 0.6140963435173035 0.017474370077252388 0.10266686975955963 -3.332803899525061e-08
227.4551940566228 0.6140963435173035 0.017474370077252388 0.12857846915721893 -3.332803899525061e-08
227.6895690566228 0.6140963435173035 0.017474370077252388 0.13010409474372864 -3.332803899525061e-08
227.92394405662276 0.6140963435173035 0.017474370077252388 0.13162468373775482 -3.332803899525061e-08
228.15831905662276 0.6140963435173035 0.017474370077252388 0.13314023613929749 -3.332803899525061e-08
232.84581905662256 0.6140963435173035 0.017474370077252388 0.16241222620010376 -3.332803899525061e-08
233.08019405662256 0.6140963435173035 0.017474370077252388 0.16382478177547455 -3.332803899525061e-08
233.31456905662256 0.6140963435173035 0.017474370077252388 0.1652325838804245 -3.332803899525061e-08
233.54894405662253 0.6140963435173035 0.017474370077252388 0.16663561761379242 -3.332803899525061e-08
239.87706905662228 0.6140963435173035 0.017474370077252388 0.20276407897472382 -3.332803899525061e-08
239.99999999999997 0.6140963435173035 0.017474370077252388 0.2034338265657425 -3.332803899525061e-08
