time a b c w1
0.0 0.0 0.0 0.0 0.0
0.00014999999853326784 1.500150000053344e-21 1.500150000053344e-21 1.500150000053344e-21 1.500150000053344e-21
0.0002999999970665357 3.000300000106688e-21 3.000300000106688e-21 3.000300000106688e-21 -5.557444282544566e-09
0.0005999999941330714 6.000600000213376e-21 6.000600000213376e-21 6.000600000213376e-21 -2.3826942197047174e-08
0.001 1.0000999731091105e-20 1.0000999731091105e-20 1.0000999731091105e-20 -3.338817933240534e-08
29.999999999999996 3.000300019364487e-16 3.000300019364487e-16 3.000300019364487e-16 -3.338795906415726e-08
30.000099999999996 3.0003100778807355e-16 3.0003100778807355e-16 3.0003100778807355e-16 -3.336597131919916e-08
30.0003 3.0003299302154367e-16 3.0003299302154367e-16 3.0003299302154367e-16 -3.3344250027766975e-08
30.0007 7.470348992177911e-12 3.0003698995826353e-16 3.0003698995826353e-16 -3.3332753446302377e-08
30.000822963427034 2.5489390154120883e-08 3.000382340379048e-16 3.000382340379048e-16 -2.3446441232977122e-08
30.000893956476773 1.23864936085738e-07 3.0003894872195405e-16 3.0003894872195405e-16 8.277643814835756e-08
30.00092975513093 2.705038468775456e-07 3.000392928290889e-16 3.000392928290889e-16 2.556405434006592e-07
30.000951056989084 4.2739966943372565e-07 3.000395045873257e-16 3.000395045873257e-16 4.3159730012121145e-07
30.00096412917366 5.731349688176124e-07 3.000396369362237e-16 3.000396369362237e-16 7.026852131275518e-07
30.000973608742793 7.294974579963309e-07 3.000397428153421e-16 3.000397428153421e-16 1.1908066426258301e-06
30.000985520488083 9.962193416868104e-07 3.000398486944605e-16 3.000398486944605e-16 2.246811163786333e-06
30.001 1.3807574532620492e-06 3.000400075131381e-16 3.000400075131381e-16 3.904497134499252e-06
30.07906362277579 0.002482436830177903 3.0082070719271057e-16 3.0082070719271057e-16 0.011636263690888882
30.157127245551578 0.0049410550855100155 3.016014333420626e-16 3.016014333420626e-16 0.02320571057498455
30.313256873452215 0.00979878194630146 3.031628856407667e-16 3.031628856407667e-16 0.0461772084236145
30.547631873452215 0.016964226961135864 3.055068640338358e-16 3.055068640338358e-16 0.08030255138874054
30.78200687345221 0.02397090569138527 3.0785084242690485e-16 3.0785084242690485e-16 0.1139766201376915
31.016381873452207 0.030799953266978264 3.101948472897535e-16 3.101948472897535e-16 0.14714284241199493
31.250756873452204 0.03744608908891678 3.125388256828226e-16 3.125388256828226e-16 0.17978239059448242
31.485131873452204 0.04390367120504379 3.1488280407589164e-16 3.1488280407589164e-16 0.2118748277425766
31.953881873452197 0.056229960173368454 3.1957076086202977e-16 3.1957076086202977e-16 0.2743317484855652
32.1882568734522 0.06208682805299759 3.2191476572487844e-16 3.2191476572487844e-16 0.30465054512023926
32.65700687345219 0.0731581449508667 3.2660272251101657e-16 3.2660272251101657e-16 0.363347589969635
33.12575687345218 0.08333376049995422 3.312907057669343e-16 3.312907057669343e-16 0.4192865192890167
33.594506873452175 0.09256955236196518 3.359786625530724e-16 3.359786625530724e-16 0.47225427627563477
34.06325687345217 0.10082778334617615 3.4066661933921055e-16 3.4066661933921055e-16 0.5220348238945007
34.53200687345217 0.10808157175779343 3.453546025951283e-16 3.453546025951283e-16 0.5684190392494202
34.76638187345216 0.1113276481628418 3.4769858098819735e-16 3.4769858098819735e-16 0.5902774333953857
35.23513187345216 0.117061085999012 3.523865642441151e-16 3.523865642441151e-16 0.6312251091003418
35.469506873452154 0.11955424398183823 3.5473054263718414e-16 3.5473054263718414e-16 0.6502830982208252
35.703881873452154 0.1218051016330719 3.570745210302532e-16 3.570745210302532e-16 0.6683828830718994
36.17263187345215 0.12561096251010895 3.6176250428617094e-16 3.6176250428617094e-16 0.7016935348510742
36.40700687345215 0.12718597054481506 3.6410648267924e-16 3.6410648267924e-16 0.7169106602668762
36.64138187345214 0.1285584717988968 3.6645046107230907e-16 3.6645046107230907e-16 0.7311825752258301
36.87575687345214 0.1297423243522644 3.6879443946537813e-16 3.6879443946537813e-16 0.7445269823074341
37.69606937345213 0.13262255489826202 3.7699840354578926e-16 3.7699840354578926e-16 0.7843081951141357
38.51638187345212 0.13405518233776093 3.852023411564208e-16 3.852023411564208e-16 0.8145180940628052
38.75075687345212 0.13428765535354614 3.8754631954948985e-16 3.8754631954948985e-16 0.8216473460197449
38.98513187345211 0.13446366786956787 3.898902979425589e-16 3.898902979425589e-16 0.8281930088996887
39.21950687345211 0.13459375500679016 3.92234276335628e-16 3.92234276335628e-16 0.8341991901397705
39.922631873452104 0.13480041921138763 3.9926623798461477e-16 3.9926623798461477e-16 0.8494008779525757
40.1570068734521 0.13483065366744995 4.0161021637768384e-16 4.0161021637768384e-16 0.8536602258682251
40.3913818734521 0.1348496824502945 4.039542212405325e-16 4.039542212405325e-16 0.8575749397277832
40.6257568734521 0.13486093282699585 4.0629819963360157e-16 4.0629819963360157e-16 0.8611764907836914
40.86013187345209 0.13486702740192413 4.0864217802667063e-16 4.0864217802667063e-16 0.8644937872886658
41.09450687345209 0.13486993312835693 4.109861564197397e-16 4.109861564197397e-16 0.8675533533096313
41.79763187345208 0.1348712146282196 4.180181180687265e-16 4.180181180687265e-16 0.8754135370254517
42.266381873452076 0.13487109541893005 4.227060748548646e-16 4.227060748548646e-16 0.8797471523284912
42.73513187345207 0.13487108051776886 4.2739405811078235e-16 4.2739405811078235e-16 0.8835012316703796
43.20388187345206 0.13487108051776886 4.320820148969205e-16 4.320820148969205e-16 0.8867741823196411
43.907006873452055 0.13487108051776886 4.3911397654590727e-16 4.3911397654590727e-16 0.8909513354301453
44.37575687345205 0.13487108051776886 4.438019333320454e-16 4.438019333320454e-16 0.8933374881744385
44.61013187345205 0.13487108051776886 4.461459117251145e-16 4.461459117251145e-16 0.8944296836853027
45.07888187345204 0.13487108051776886 4.508339214508118e-16 4.508339214508118e-16 0.8964378833770752
45.31325687345204 0.13487108051776886 4.531778733741013e-16 4.531778733741013e-16 0.8973625898361206
45.78200687345203 0.13487108051776886 4.578658301602394e-16 4.578658301602394e-16 0.8990724086761475
46.01638187345203 0.13487108051776886 4.602098350230881e-16 4.602098350230881e-16 0.8998640775680542
46.250756873452026 0.13487108051776886 4.625538398859367e-16 4.625538398859367e-16 0.9006174802780151
46.485131873452026 0.13487108051776886 4.648977918092262e-16 4.648977918092262e-16 0.9013352990150452
46.71950687345202 0.13487108051776886 4.672417966720748e-16 4.672417966720748e-16 0.9020198583602905
46.95388187345202 0.13487108051776886 4.695857485953643e-16 4.695857485953643e-16 0.9026734232902527
47.18825687345202 0.13487108051776886 4.71929753458213e-16 4.71929753458213e-16 0.9032979607582092
47.65700687345201 0.13487108051776886 4.766177102443511e-16 4.766177102443511e-16 0.9044672846794128
47.891381873452005 0.13487108051776886 4.789617151071998e-16 4.789617151071998e-16 0.9050153493881226
48.360131873452005 0.13487108051776886 4.836496718933379e-16 4.836496718933379e-16 0.9060454368591309
49.063256873452 0.13487108051776886 4.906816335423247e-16 4.906816335423247e-16 0.9074442982673645
49.766381873451984 0.13487108051776886 4.977135951913115e-16 4.977135951913115e-16 0.9086926579475403
50.46950687345198 0.13487108051776886 5.047455568402983e-16 5.047455568402983e-16 0.9098135232925415
51.17263187345197 0.13487108051776886 5.117774655497259e-16 5.117774655497259e-16 0.9108255505561829
51.87575687345196 0.13487108051776886 5.188094271987127e-16 5.188094271987127e-16 0.9117441177368164
52.578881873451955 0.13487108051776886 5.258413888476995e-16 5.258413888476995e-16 0.9125815629959106
53.04763187345195 0.13487108051776886 5.305293456338376e-16 5.305293456338376e-16 0.9131001830101013
54.92263187345193 0.13487108051776886 5.492812257179493e-16 5.492812257179493e-16 0.914910078048706
55.62575687345192 0.13487108051776886 5.563131873669361e-16 5.563131873669361e-16 0.9154976010322571
57.96950687345189 0.13487108051776886 5.79753024237186e-16 5.79753024237186e-16 0.9171804785728455
58.672631873451884 0.13487108051776886 5.867849858861727e-16 5.867849858861727e-16 0.9176169633865356
59.99999999999999 0.13487108051776886 6.000600038728974e-16 6.000600038728974e-16 0.9183719754219055
60.000099999999996 0.13487108051776886 6.000610097245222e-16 6.000610097245222e-16 0.9183717966079712
60.000299999999996 0.1348707675933838 6.00063021427772e-16 6.00063021427772e-16 0.9183715581893921
60.000699999999995 0.13486677408218384 6.000669918947122e-16 6.000669918947122e-16 0.9183714985847473
60.001000000000005 0.1348593831062317 6.000700094495868e-16 6.000700094495868e-16 0.9183714985847473
60.16480000000147 0.11168697476387024 6.017081711695766e-16 6.017081711695766e-16 0.9183714985847473
60.328600000002936 0.0893857404589653 6.033463328895664e-16 6.033463328895664e-16 0.9183714985847473
60.562975000002936 0.05981718376278877 6.056903377524151e-16 6.056903377524151e-16 0.9183714985847473
60.79735000000293 0.03424614295363426 6.080342896757046e-16 6.080342896757046e-16 0.9183714985847473
61.03172500000293 0.013697624206542969 6.103782945385532e-16 6.103782945385532e-16 0.9183714985847473
61.215608163024314 0.001576129929162562 6.122173089461607e-16 6.122173089461607e-16 0.9183714985847473
61.260202800612454 0.00017292045231442899 6.126632717928901e-16 6.126632717928901e-16 0.9183714985847473
61.30393334151256 -3.338795906415726e-08 6.131006584310286e-16 6.131006584310286e-16 0.9183714985847473
89.99999999999999 -3.3412316469139114e-08 9.000900322791256e-16 9.000900322791256e-16 0.9183714985847473
90.0001 -3.33740928226689e-08 9.000909851911913e-16 9.000909851911913e-16 0.9183714985847473
90.0003 -3.3344250027766975e-08 9.00092996894441e-16 9.00092996894441e-16 0.9183714985847473
90.0007 -3.332702647185215e-08 7.470380217200479e-12 9.000970203009405e-16 0.9183714985847473
90.0008229633268 -2.343421101613785e-08 2.54893954831914e-08 9.00098184971243e-16 0.9183714985847473
90.0008939564676 8.279133112409909e-08 1.2386499292915687e-07 9.000989261250718e-16 0.9183714985847473
90.00092975510508 2.5565628902768367e-07 2.7050381845583615e-07 9.000993496415454e-16 0.9183714985847473
90.00095105692914 4.316154615935375e-07 4.273996410120162e-07 9.000995613997823e-16 0.9183714985847473
90.00096412912836 7.027058472885983e-07 5.731352530347067e-07 9.000996672789007e-16 0.9183714985847473
90.00097360872954 1.19082960736705e-06 7.294983106476138e-07 9.00099773158019e-16 0.9183714985847473
90.00098552051776 2.24683776650636e-06 9.96221160676214e-07 9.000998790371375e-16 0.9183714985847473
90.001 3.904520781361498e-06 1.3807584764435887e-06 9.000999849162559e-16 0.9183714985847473
90.07906390416963 0.011636306531727314 0.0024824459105730057 9.008807375353875e-16 0.9183714985847473
90.15712780833923 0.023205794394016266 0.0049410732463002205 9.016613842754008e-16 0.9183714985847473
90.3132579990361 0.046177372336387634 0.009798817336559296 9.03222889513664e-16 0.9183714985847473
90.5476329990361 0.08030271530151367 0.0169642623513937 9.055668414369535e-16 0.9183714985847473
90.7820079990361 0.11397678405046463 0.023970939218997955 9.079108992393614e-16 0.9183714985847473
91.0163829990361 0.14714300632476807 0.03079998679459095 9.102548511626509e-16 0.9183714985847473
91.25075799903611 0.17978255450725555 0.037446122616529465 9.125988030859403e-16 0.9183714985847473
91.48513299903611 0.21187499165534973 0.04390370100736618 9.149428608883482e-16 0.9183714985847473
91.95388299903613 0.2743318974971771 0.05622999370098114 9.196307647349271e-16 0.9183714985847473
92.18825799903613 0.3046506941318512 0.06208685785531998 9.219747166582166e-16 0.9183714985847473
92.65700799903613 0.36334773898124695 0.07315817475318909 9.26662726383914e-16 0.9183714985847473
93.12575799903614 0.41928666830062866 0.08333379030227661 9.313507361096113e-16 0.9183714985847473
93.59450799903614 0.4722543954849243 0.09256957471370697 9.360386399561902e-16 0.9183714985847473
94.06325799903615 0.5220349431037903 0.10082780569791794 9.407266496818875e-16 0.9183714985847473
94.53200799903617 0.5684191584587097 0.10808159410953522 9.454146594075848e-16 0.9183714985847473
94.76638299903617 0.5902775526046753 0.11132767051458359 9.477586113308743e-16 0.9183714985847473
95.23513299903617 0.6312252283096313 0.11706110835075378 9.524465151774532e-16 0.9183714985847473
95.46950799903618 0.6502832174301147 0.11955426633358002 9.547905729798611e-16 0.9183714985847473
95.70388299903618 0.668383002281189 0.1218051165342331 9.571345249031506e-16 0.9183714985847473
96.1726329990362 0.7016936540603638 0.12561097741127014 9.618225346288479e-16 0.9183714985847473
96.4070079990362 0.716910719871521 0.12718598544597626 9.641664865521374e-16 0.9183714985847473
96.6413829990362 0.7311826944351196 0.12855848670005798 9.665104384754268e-16 0.9183714985847473
96.8757579990362 0.7445270419120789 0.1297423243522644 9.688544962778347e-16 0.9183714985847473
97.69607049903622 0.7843082547187805 0.13262256979942322 9.770584338884662e-16 0.9183714985847473
98.51638299903622 0.8145180940628052 0.13405518233776093 9.852623714990977e-16 0.9183714985847473
98.75075799903624 0.8216473460197449 0.13428767025470734 9.876063234223872e-16 0.9183714985847473
98.98513299903624 0.8281930685043335 0.13446366786956787 9.899502753456767e-16 0.9183714985847473
99.21950799903624 0.8341992497444153 0.13459375500679016 9.922943331480845e-16 0.9183714985847473
99.92263299903625 0.8494008779525757 0.13480043411254883 9.993262947970713e-16 0.9183714985847473
100.15700799903625 0.8536602854728699 0.13483065366744995 1.0016702467203608e-15 0.9183714985847473
100.39138299903627 0.8575749397277832 0.1348496824502945 1.0040141986436503e-15 0.9183714985847473
100.62575799903627 0.8611764907836914 0.13486093282699585 1.0063582564460581e-15 0.9183714985847473
100.86013299903627 0.8644938468933105 0.13486704230308533 1.0087022083693476e-15 0.9183714985847473
101.09450799903627 0.8675533533096313 0.13486993312835693 1.011046160292637e-15 0.9183714985847473
101.79763299903628 0.8754135966300964 0.1348712146282196 1.0180781219416239e-15 0.9183714985847473
102.2663829990363 0.8797471523284912 0.13487109541893005 1.0227661316673212e-15 0.9183714985847473
102.7351329990363 0.8835012912750244 0.13487109541893005 1.0274540355139001e-15 0.9183714985847473
103.20388299903631 0.8867741823196411 0.13487109541893005 1.0321420452395974e-15 0.9183714985847473
103.90700799903632 0.8909513354301453 0.13487109541893005 1.0391740068885842e-15 0.9183714985847473
104.37575799903632 0.8933374881744385 0.13487109541893005 1.0438619107351632e-15 0.9183714985847473
104.61013299903634 0.8944297432899475 0.13487109541893005 1.046205968537571e-15 0.9183714985847473
105.07888299903634 0.8964378833770752 0.13487109541893005 1.05089387238415e-15 0.9183714985847473
105.31325799903635 0.8973626494407654 0.13487109541893005 1.0532379301865578e-15 0.9183714985847473
105.78200799903635 0.8990724086761475 0.13487109541893005 1.0579258340331367e-15 0.9183714985847473
106.01638299903635 0.8998640775680542 0.13487109541893005 1.0602698918355446e-15 0.9183714985847473
106.25075799903637 0.9006174802780151 0.13487109541893005 1.062613843758834e-15 0.9183714985847473
106.48513299903637 0.9013352990150452 0.13487109541893005 1.0649577956821235e-15 0.9183714985847473
106.71950799903637 0.9020198583602905 0.13487109541893005 1.067301747605413e-15 0.9183714985847473
106.95388299903638 0.9026734232902527 0.13487109541893005 1.0696458054078209e-15 0.9183714985847473
107.18825799903638 0.9032979607582092 0.13487109541893005 1.0719897573311103e-15 0.9183714985847473
107.65700799903638 0.9044672846794128 0.13487109541893005 1.0766777670568077e-15 0.9183714985847473
107.8913829990364 0.9050153493881226 0.13487109541893005 1.0790217189800971e-15 0.9183714985847473
108.3601329990364 0.9060454964637756 0.13487109541893005 1.0837097287057945e-15 0.9183714985847473
109.06325799903641 0.9074442982673645 0.13487109541893005 1.0907416903547813e-15 0.9183714985847473
109.76638299903642 0.9086926579475403 0.13487109541893005 1.0977735461246496e-15 0.9183714985847473
110.46950799903644 0.9098135232925415 0.13487109541893005 1.1048055077736364e-15 0.9183714985847473
111.17263299903645 0.9108256101608276 0.13487109541893005 1.1118374694226232e-15 0.9183714985847473
111.87575799903645 0.9117441177368164 0.13487109541893005 1.11886943107161e-15 0.9183714985847473
112.57888299903647 0.9125816226005554 0.13487109541893005 1.1259013927205968e-15 0.9183714985847473
113.04763299903648 0.9131001830101013 0.13487109541893005 1.1305894024462942e-15 0.9183714985847473
114.92263299903651 0.914910078048706 0.13487109541893005 1.1493412295908467e-15 0.9183714985847473
115.62575799903652 0.9154976010322571 0.13487109541893005 1.1563731912398335e-15 0.9183714985847473
117.96950799903657 0.9171804785728455 0.13487109541893005 1.1798130281100833e-15 0.9183714985847473
118.67263299903658 0.9176170229911804 0.13487109541893005 1.1868449897590701e-15 0.9183714985847473
119.99999999999999 0.9183719754219055 0.13487109541893005 1.2001200077457947e-15 0.9183714985847473
120.0001 0.9183717966079712 0.13487109541893005 1.2001209606578604e-15 0.9183714985847473
120.0003 0.9183715581893921 0.13487109541893005 1.2001229723611101e-15 0.9183714985847473
120.0007 0.9183714985847473 0.13487109541893005 1.2001269957676096e-15 0.9183714985847473
120.001 0.9183714985847473 0.13487109541893005 1.200129960382925e-15 0.9183714985847473
135.0005 0.9183714985847473 0.13487109541893005 0.036491770297288895 0.9183714985847473
150.0 0.9183714985847473 0.13487109541893005 0.07191938906908035 0.9183714985847473
150.0001 0.9183714985847473 0.13487109541893005 0.07191982120275497 0.9183714985847473
150.0003 0.9183714985847473 0.13487109541893005 0.07191964983940125 0.9183714985847473
150.0007 0.9183714985847473 0.13487109541893005 0.07191525399684906 0.9183714985847473
150.001 0.9183714985847473 0.13487109541893005 0.07191012799739838 0.9183714985847473
151.5004750000051 0.9191886186599731 0.13487109541893005 0.07191012799739838 0.9183714985847473
152.20360000000508 0.9195385575294495 0.13487109541893005 0.07191012799739838 0.9183714985847473
156.6567250000049 0.9213734865188599 0.13487109541893005 0.07191012799739838 0.9183714985847473
157.35985000000488 0.921614944934845 0.13487109541893005 0.07191012799739838 0.9183714985847473
163.9223500000046 0.9234396815299988 0.13487109541893005 0.07191012799739838 0.9183714985847473
164.62547500000457 0.923599123954773 0.13487109541893005 0.07191012799739838 0.9183714985847473
174.70360000000417 0.9253960847854614 0.13487109541893005 0.07191012799739838 0.9183714985847473
175.40672500000414 0.925495445728302 0.13487109541893005 0.07191012799739838 0.9183714985847473
179.99999999999997 0.9260850548744202 0.13487109541893005 0.07191012799739838 0.9183714985847473
180.0001 0.9260849952697754 0.13487109541893005 0.07191012799739838 0.9183714985847473
180.0003 0.9260848760604858 0.13487109541893005 0.0719098448753357 0.9183714985847473
180.0007 0.9260848760604858 0.13487109541893005 0.07190627604722977 0.9183714985847473
180.001 0.9260848760604858 0.13487109541893005 0.07189963757991791 0.9183714985847473
180.16480000000257 0.9260848760604858 0.13487109541893005 0.05198650807142258 0.9183714985847473
180.32860000000517 0.9260848760604858 0.13487109541893005 0.03483513742685318 0.9183714985847473
180.56297500000517 0.9260848760604858 0.13487109541893005 0.015095662325620651 0.9183714985847473
180.79735000000514 0.9260848760604858 0.13487109541893005 0.0010972718009725213 0.9183714985847473
180.84369307367118 0.9260848760604858 0.13487109541893005 -3.338795551144358e-08 0.9183714985847473
204.94336615597726 0.9260848760604858 0.13487109541893005 -3.338795551144358e-08 0.9183714985847473
209.99999999999997 0.9260848760604858 0.13487109541893005 -3.3426918122358984e-08 0.9183714985847473
210.00009999999997 0.9260848760604858 0.13487109541893005 -3.3378960040408856e-08 0.9183714985847473
210.0003 0.9260848760604858 0.13487109541893005 -3.3344250027766975e-08 0.9183714985847473
210.00070000000002 0.9260848760604858 0.13487109541893005 1.435629304324948e-08 0.9183714985847473
210.00100000000003 0.9260848760604858 0.13487109541893005 1.3358285855247232e-07 0.9183714985847473
224.88271269330815 0.9260848760604858 0.13487109541893005 0.016423510387539864 0.9183714985847473
239.76442538661632 0.9260848760604858 0.13487109541893005 0.03258556127548218 0.9183714985847473
239.9988003866163 0.9260848760604858 0.13487109541893005 0.03283802047371864 0.9183714985847473
239.99999999999997 0.9260848760604858 0.13487109541893005 0.03283931314945221 0.9183714985847473
