time a b c w1
0.0 0.0 0.0 0.0 0.0
0.00014999999853326784 1.500150000053344e-21 1.500150000053344e-21 1.500150000053344e-21 1.500150000053344e-21
0.0002999999970665357 3.000300000106688e-21 3.000300000106688e-21 3.000300000106688e-21 -5.557380333698347e-09
0.0005999999941330714 6.000600000213376e-21 6.000600000213376e-21 6.000600000213376e-21 -2.382636488107437e-08
0.001 1.0000999731091105e-20 1.0000999731091105e-20 1.0000999731091105e-20 -3.338638165928387e-08
29.999999999999996 3.000300019364487e-16 3.000300019364487e-16 3.000300019364487e-16 -3.3386157838322106e-08
30.000099999999996 3.0003100778807355e-16 3.0003100778807355e-16 3.0003100778807355e-16 -3.3364894846954485e-08
30.0003 3.0003299302154367e-16 3.0003299302154367e-16 3.0003299302154367e-16 -3.3343891203685416e-08
30.0007 3.0003698995826353e-16 3.0003698995826353e-16 3.0003698995826353e-16 -3.333277120987077e-08
30.000822963436818 1.03579971266754e-08 3.000382340379048e-16 3.000382340379048e-16 -3.068175047360455e-08
30.00089395651092 5.599173036330285e-08 3.0003894872195405e-16 3.0003894872195405e-16 2.7036350047637825e-08
30.00092969163165 1.2442257002476254e-07 3.000392928290889e-16 3.000392928290889e-16 5.754106879862775e-08
30.00095177264957 2.0111431808800262e-07 3.000395310571053e-16 3.000395310571053e-16 3.7655137674619255e-08
30.000964849418366 2.82964407460895e-07 3.000396369362237e-16 3.000396369362237e-16 1.8382418431883707e-07
30.000975194585855 3.9251071370927093e-07 3.000397428153421e-16 3.000397428153421e-16 6.117741122579901e-07
30.00098669763902 5.620923388960364e-07 3.000398751642401e-16 3.000398751642401e-16 1.4312590792542323e-06
30.00099619242554 7.222065505629871e-07 3.000399545735789e-16 3.000399545735789e-16 2.2444496607931796e-06
30.001005687212057 9.15719340355281e-07 3.0004006045269733e-16 3.0004006045269733e-16 3.305971176814637e-06
30.095661116986275 0.001992064993828535 3.009866991805928e-16 3.009866991805928e-16 0.011101885698735714
30.190316546760496 0.0039574760012328625 3.019333643782679e-16 3.019333643782679e-16 0.022119436413049698
30.379633183794194 0.007826490327715874 3.038267212433977e-16 3.038267212433977e-16 0.0439593568444252
30.614008183794194 0.012513353489339352 3.0617069963646674e-16 3.0617069963646674e-16 0.07066983729600906
30.84838318379419 0.017076559364795685 3.085146780295358e-16 3.085146780295358e-16 0.0969843938946724
31.082758183794187 0.021508121863007545 3.1085865642260487e-16 3.1085865642260487e-16 0.12287390232086182
31.317133183794184 0.02580643817782402 3.1320266128545353e-16 3.1320266128545353e-16 0.14832927286624908
31.78588318379418 0.033997561782598495 3.1789061807159166e-16 3.1789061807159166e-16 0.19790209829807281
32.020258183794176 0.03788771107792854 3.2023459646466073e-16 3.2023459646466073e-16 0.22200167179107666
32.48900818379417 0.04525139927864075 3.2492257972057846e-16 3.2492257972057846e-16 0.2687826156616211
32.72338318379417 0.04872304946184158 3.272665581136475e-16 3.272665581136475e-16 0.291446328163147
33.19213318379416 0.055242519825696945 3.3195451489978565e-16 3.3195451489978565e-16 0.33527737855911255
33.42650818379416 0.058289580047130585 3.342985197626343e-16 3.342985197626343e-16 0.35642826557159424
33.895258183794155 0.06395825743675232 3.3898647654877245e-16 3.3898647654877245e-16 0.3971623182296753
34.59838318379415 0.07140584290027618 3.4601843819775924e-16 3.4601843819775924e-16 0.4542432725429535
35.30150818379414 0.07761763036251068 3.5305037337696643e-16 3.5305037337696643e-16 0.5063755512237549
36.00463318379413 0.08265523612499237 3.6008233502595323e-16 3.6008233502595323e-16 0.5534847974777222
36.70775818379412 0.08661089837551117 3.6711429667494e-16 3.6711429667494e-16 0.5955860018730164
36.94213318379412 0.08770912885665894 3.694582750680091e-16 3.694582750680091e-16 0.6085240840911865
37.17650818379411 0.08870541304349899 3.7180225346107815e-16 3.7180225346107815e-16 0.6209248304367065
37.41088318379411 0.08960504084825516 3.741462318541472e-16 3.741462318541472e-16 0.6327965259552002
37.879633183794105 0.09113636612892151 3.7883421511006495e-16 3.7883421511006495e-16 0.6549921035766602
38.348383183794105 0.09234824776649475 3.8352217189620307e-16 3.8352217189620307e-16 0.6752007007598877
38.5827581837941 0.09284868091344833 3.8586617675905174e-16 3.8586617675905174e-16 0.6845924854278564
38.8171331837941 0.09328632056713104 3.882101551521208e-16 3.882101551521208e-16 0.693528413772583
39.05150818379409 0.0936666950583458 3.9055413354518987e-16 3.9055413354518987e-16 0.7020236849784851
39.28588318379409 0.09399514645338058 3.9289811193825893e-16 3.9289811193825893e-16 0.7100940942764282
39.52025818379409 0.09427683055400848 3.95242090331328e-16 3.95242090331328e-16 0.7177557349205017
40.22338318379408 0.09488915652036667 4.022740519803148e-16 4.022740519803148e-16 0.73845374584198
40.69213318379408 0.0951463133096695 4.069620352362325e-16 4.069620352362325e-16 0.7505125999450684
41.86400818379406 0.09546232968568802 4.1868195367135745e-16 4.1868195367135745e-16 0.7755092978477478
43.03588318379405 0.09554179757833481 4.3040187210648237e-16 4.3040187210648237e-16 0.7945880889892578
43.27025818379404 0.09554629772901535 4.3274585049955143e-16 4.3274585049955143e-16 0.7978341579437256
43.50463318379404 0.09554901719093323 4.350898288926205e-16 4.350898288926205e-16 0.8009155988693237
43.73900818379404 0.09555051475763321 4.3743383375546916e-16 4.3743383375546916e-16 0.8038421869277954
43.973383183794034 0.09555123746395111 4.3977781214853823e-16 4.3977781214853823e-16 0.806623101234436
44.44213318379403 0.09555156528949738 4.444657689346764e-16 4.444657689346764e-16 0.81178218126297
45.14525818379402 0.0955515205860138 4.5149773058366315e-16 4.5149773058366315e-16 0.8186286091804504
45.61400818379401 0.0955515205860138 4.561856873698013e-16 4.561856873698013e-16 0.8226767778396606
45.84838318379401 0.0955515205860138 4.585296922326499e-16 4.585296922326499e-16 0.8245638012886047
46.317133183794006 0.0955515205860138 4.632176490187881e-16 4.632176490187881e-16 0.8280896544456482
46.551508183794006 0.0955515205860138 4.655616538816367e-16 4.655616538816367e-16 0.8297378420829773
46.785883183794 0.0955515205860138 4.679056058049262e-16 4.679056058049262e-16 0.8313153386116028
47.020258183794 0.0955515205860138 4.702496106677749e-16 4.702496106677749e-16 0.8328260779380798
47.254633183794 0.0955515205860138 4.725935625910643e-16 4.725935625910643e-16 0.8342738151550293
47.48900818379399 0.0955515205860138 4.74937567453913e-16 4.74937567453913e-16 0.8356620073318481
47.957758183793985 0.0955515205860138 4.796255242400511e-16 4.796255242400511e-16 0.8382725715637207
48.192133183793985 0.0955515205860138 4.819695291028998e-16 4.819695291028998e-16 0.8395008444786072
48.426508183793985 0.0955515205860138 4.843135339657485e-16 4.843135339657485e-16 0.8406814336776733
48.89525818379398 0.0955515205860138 4.890014907518866e-16 4.890014907518866e-16 0.8429093956947327
49.12963318379398 0.0955515205860138 4.91345442675176e-16 4.91345442675176e-16 0.8439612984657288
49.36400818379397 0.0955515205860138 4.936894475380247e-16 4.936894475380247e-16 0.8449746370315552
49.59838318379397 0.0955515205860138 4.960334524008734e-16 4.960334524008734e-16 0.8459513783454895
50.06713318379396 0.0955515205860138 5.007214091870115e-16 5.007214091870115e-16 0.8478022217750549
50.30150818379396 0.0955515205860138 5.03065361110301e-16 5.03065361110301e-16 0.8486796617507935
50.535883183793956 0.0955515205860138 5.054093659731496e-16 5.054093659731496e-16 0.84952712059021
50.770258183793956 0.0955515205860138 5.077533708359983e-16 5.077533708359983e-16 0.850346028804779
51.23900818379395 0.0955515205860138 5.124413276221364e-16 5.124413276221364e-16 0.8519036769866943
51.47338318379395 0.0955515205860138 5.147852795454259e-16 5.147852795454259e-16 0.8526448607444763
51.70775818379394 0.0955515205860138 5.171292844082746e-16 5.171292844082746e-16 0.8533624410629272
51.94213318379394 0.0955515205860138 5.194732892711232e-16 5.194732892711232e-16 0.8540574908256531
52.645258183793935 0.0955515205860138 5.2650525092011e-16 5.2650525092011e-16 0.8560172915458679
52.87963318379393 0.0955515205860138 5.288492028433995e-16 5.288492028433995e-16 0.8566317558288574
53.11400818379393 0.0955515205860138 5.311932077062482e-16 5.311932077062482e-16 0.8572282195091248
53.34838318379393 0.0955515205860138 5.335371596295376e-16 5.335371596295376e-16 0.8578073978424072
54.52025818379391 0.0955515205860138 5.452570780646625e-16 5.452570780646625e-16 0.8604682683944702
54.754633183793906 0.0955515205860138 5.476010829275112e-16 5.476010829275112e-16 0.860957682132721
54.989008183793906 0.0955515205860138 5.499450877903599e-16 5.499450877903599e-16 0.8614342212677002
55.2233831837939 0.0955515205860138 5.522890397136493e-16 5.522890397136493e-16 0.8618982434272766
56.629633183793885 0.0955515205860138 5.663529630116229e-16 5.663529630116229e-16 0.864446222782135
56.864008183793885 0.0955515205860138 5.686969678744716e-16 5.686969678744716e-16 0.8648352026939392
57.33275818379388 0.0955515205860138 5.733849246606097e-16 5.733849246606097e-16 0.8655858635902405
58.03588318379387 0.0955515205860138 5.804168863095965e-16 5.804168863095965e-16 0.8666480779647827
58.270258183793864 0.0955515205860138 5.82760838232886e-16 5.82760838232886e-16 0.8669862747192383
58.504633183793864 0.0955515205860138 5.851048430957346e-16 5.851048430957346e-16 0.8673170208930969
58.739008183793864 0.0955515205860138 5.874487950190241e-16 5.874487950190241e-16 0.867640495300293
59.20775818379386 0.0955515205860138 5.921368047447214e-16 5.921368047447214e-16 0.8682666420936584
59.67650818379385 0.0955515205860138 5.968247615308596e-16 5.968247615308596e-16 0.868866503238678
59.99999999999999 0.0955515205860138 6.000600038728974e-16 6.000600038728974e-16 0.8692675232887268
60.000099999999996 0.0955515205860138 6.000610097245222e-16 6.000610097245222e-16 0.8692671656608582
60.000299999999996 0.09555121511220932 6.00063021427772e-16 6.00063021427772e-16 0.8692668080329895
60.000699999999995 0.09554750472307205 6.000669918947122e-16 6.000669918947122e-16 0.8692666888237
60.001000000000005 0.09554065763950348 6.000700094495868e-16 6.000700094495868e-16 0.8692666888237
60.02144000000019 0.09284208714962006 6.002744090876711e-16 6.002744090876711e-16 0.8692666888237
60.04188000000037 0.09016116708517075 6.004788616653146e-16 6.004788616653146e-16 0.8692666888237
60.082840000000736 0.08484863489866257 6.008885079744305e-16 6.008885079744305e-16 0.8692666888237
60.16476000000147 0.07454074919223785 6.01707747653103e-16 6.01707747653103e-16 0.8692666888237
60.328600000002936 0.055389322340488434 6.033463328895664e-16 6.033463328895664e-16 0.8692666888237
60.562975000002936 0.03155289217829704 6.056903377524151e-16 6.056903377524151e-16 0.8692666888237
60.79735000000293 0.012118331156671047 6.080342896757046e-16 6.080342896757046e-16 0.8692666888237
60.95897284617836 0.0018414638470858335 6.096506932368618e-16 6.096506932368618e-16 0.8692666888237
61.004993463523654 5.31136647623498e-05 6.101109497645761e-16 6.101109497645761e-16 0.8692666888237
61.009458907949316 -3.3386157838322106e-08 6.101555778129846e-16 6.101555778129846e-16 0.8692666888237
89.99999999999999 -3.3388527498345866e-08 9.000900322791256e-16 9.000900322791256e-16 0.8692666888237
90.0001 -3.336568354939118e-08 9.000909851911913e-16 9.000909851911913e-16 0.8692666888237
90.0003 -3.3343891203685416e-08 9.00092996894441e-16 9.00092996894441e-16 0.8692666888237
90.0007 -3.333221698653688e-08 9.000970203009405e-16 9.000970203009405e-16 0.8692666888237
90.00082296342444 -3.0680560314522154e-08 1.035799890303224e-08 9.00098184971243e-16 0.8692666888237
90.00089395650978 2.7037804883889294e-08 5.599173746873021e-08 9.000989261250718e-16 0.8692666888237
90.00092969162849 5.754247922595823e-08 1.2442257002476254e-07 9.000993496415454e-16 0.8692666888237
90.0009517726471 3.765648415310352e-08 2.0111431808800262e-07 9.000995613997823e-16 0.8692666888237
90.00096484941578 1.8382550592832558e-07 2.82964407460895e-07 9.000996672789007e-16 0.8692666888237
90.00097519458315 6.117754196566239e-07 3.9251071370927093e-07 9.00099773158019e-16 0.8692666888237
90.000986697636 1.4312602161226096e-06 5.620923388960364e-07 9.000998790371375e-16 0.8692666888237
90.0009999548587 2.631905545058544e-06 7.944229309941875e-07 9.000999849162559e-16 0.8692666888237
90.001 2.6367079044575803e-06 7.953127578730346e-07 9.000999849162559e-16 0.8692666888237
90.09566814991958 0.011102707125246525 0.0019922119099646807 9.010467559930494e-16 0.8692666888237
90.19033629983913 0.022121727466583252 0.003957883920520544 9.019935270698429e-16 0.8692666888237
90.37967268996088 0.04396389052271843 0.007827290333807468 9.038870692234299e-16 0.8692666888237
90.61404768996088 0.07067431509494781 0.012514134868979454 9.062311270258377e-16 0.8692666888237
90.8484226899609 0.09698879718780518 0.017077317461371422 9.085750789491272e-16 0.8692666888237
91.0827976899609 0.12287823855876923 0.02150885947048664 9.109190308724167e-16 0.8692666888237
91.3171726899609 0.14833353459835052 0.025807153433561325 9.132630886748245e-16 0.8692666888237
91.78592268996091 0.19790619611740112 0.03399823233485222 9.179509925214034e-16 0.8692666888237
92.02029768996091 0.2220057100057602 0.037888359278440475 9.20294944444693e-16 0.8692666888237
92.48904768996093 0.2687864899635315 0.0452520027756691 9.249829541703902e-16 0.8692666888237
92.72342268996093 0.2914501130580902 0.048723626881837845 9.273269060936797e-16 0.8692666888237
93.19217268996094 0.33528101444244385 0.05524304509162903 9.32014915819377e-16 0.8692666888237
93.42654768996094 0.3564318120479584 0.05829008296132088 9.343588677426665e-16 0.8692666888237
93.89529768996094 0.3971656560897827 0.06395871192216873 9.390468774683638e-16 0.8692666888237
94.59842268996096 0.4542463719844818 0.07140623033046722 9.460788391173506e-16 0.8692666888237
95.30154768996097 0.5063783526420593 0.07761795818805695 9.531108007663374e-16 0.8692666888237
96.00467268996098 0.5534873008728027 0.08265548944473267 9.601427624153242e-16 0.8692666888237
96.707797689961 0.5955882668495178 0.08661109954118729 9.67174724064311e-16 0.8692666888237
96.942172689961 0.6085262298583984 0.08770931512117386 9.695186759876005e-16 0.8692666888237
97.176547689961 0.6209269165992737 0.08870558440685272 9.7186262791089e-16 0.8692666888237
97.41092268996101 0.6327985525131226 0.0896051898598671 9.742066857132978e-16 0.8692666888237
97.87967268996101 0.6549938917160034 0.09113648533821106 9.788945895598767e-16 0.8692666888237
98.34842268996103 0.6752023696899414 0.09234833717346191 9.83582599285574e-16 0.8692666888237
99.05154768996104 0.7020251154899597 0.09366676211357117 9.906145609345609e-16 0.8692666888237
99.52029768996104 0.717756986618042 0.09427688270807266 9.953024647811398e-16 0.8692666888237
100.22342268996105 0.7384548187255859 0.09488919377326965 1.0023344264301266e-15 0.8692666888237
100.69217268996107 0.7505136132240295 0.09514632821083069 1.007022436155824e-15 0.8692666888237
101.86404768996108 0.7755100727081299 0.09546233713626862 1.0187423016513896e-15 0.8692666888237
103.0359226899611 0.7945886850357056 0.0955418050289154 1.0304622730260738e-15 0.8692666888237
103.27029768996111 0.7978346943855286 0.09554630517959595 1.0328062249493632e-15 0.8692666888237
103.50467268996111 0.8009160757064819 0.09554901719093323 1.035150282751771e-15 0.8692666888237
103.73904768996111 0.8038426637649536 0.09555051475763321 1.0374942346750606e-15 0.8692666888237
103.97342268996113 0.8066235780715942 0.09555123746395111 1.03983818659835e-15 0.8692666888237
104.20779768996113 0.809267520904541 0.0955515205860138 1.0421821385216395e-15 0.8692666888237
104.44217268996113 0.8117825984954834 0.09555157274007797 1.0445261963240473e-15 0.8692666888237
105.14529768996114 0.8186289668083191 0.0955515205860138 1.0515581579730341e-15 0.8692666888237
105.61404768996114 0.8226770758628845 0.0955515205860138 1.056246061819613e-15 0.8692666888237
105.84842268996115 0.8245640993118286 0.0955515205860138 1.058590119622021e-15 0.8692666888237
106.31717268996115 0.8280899524688721 0.0955515205860138 1.0632780234685999e-15 0.8692666888237
106.55154768996117 0.8297381401062012 0.0955515205860138 1.0656220812710077e-15 0.8692666888237
106.78592268996117 0.8313156366348267 0.0955515205860138 1.0679660331942972e-15 0.8692666888237
107.02029768996117 0.8328263759613037 0.0955515205860138 1.0703099851175867e-15 0.8692666888237
107.25467268996117 0.8342740535736084 0.0955515205860138 1.0726539370408761e-15 0.8692666888237
107.48904768996118 0.8356622457504272 0.0955515205860138 1.074997994843284e-15 0.8692666888237
107.95779768996118 0.8382728099822998 0.0955515205860138 1.079685898689863e-15 0.8692666888237
108.1921726899612 0.8395010828971863 0.0955515205860138 1.0820299564922708e-15 0.8692666888237
108.4265476899612 0.8406816720962524 0.0955515205860138 1.0843739084155602e-15 0.8692666888237
108.8952976899612 0.842909574508667 0.0955515205860138 1.0890619181412576e-15 0.8692666888237
109.12967268996121 0.8439614772796631 0.0955515205860138 1.091405870064547e-15 0.8692666888237
109.36404768996121 0.8449748754501343 0.0955515205860138 1.0937498219878365e-15 0.8692666888237
109.59842268996121 0.8459515571594238 0.0955515205860138 1.096093773911126e-15 0.8692666888237
110.06717268996123 0.8478024005889893 0.0955515205860138 1.1007817836368233e-15 0.8692666888237
110.30154768996123 0.848679780960083 0.0955515205860138 1.1031257355601128e-15 0.8692666888237
110.53592268996123 0.8495272397994995 0.0955515205860138 1.1054697933625206e-15 0.8692666888237
110.77029768996124 0.8503462076187134 0.0955515205860138 1.10781374528581e-15 0.8692666888237
111.23904768996124 0.8519037961959839 0.0955515205860138 1.1125017550115074e-15 0.8692666888237
111.47342268996125 0.8526449799537659 0.0955515205860138 1.1148457069347969e-15 0.8692666888237
111.70779768996125 0.8533625602722168 0.0955515205860138 1.1171896588580863e-15 0.8692666888237
111.94217268996125 0.8540576100349426 0.0955515205860138 1.1195337166604942e-15 0.8692666888237
112.64529768996127 0.8560174107551575 0.0955515205860138 1.1265655724303626e-15 0.8692666888237
112.87967268996127 0.856631875038147 0.0955515205860138 1.1289096302327705e-15 0.8692666888237
113.11404768996128 0.8572283387184143 0.0955515205860138 1.13125358215606e-15 0.8692666888237
113.34842268996128 0.8578075170516968 0.0955515205860138 1.1335975340793494e-15 0.8692666888237
114.5202976899613 0.860468327999115 0.0955515205860138 1.1453175054540335e-15 0.8692666888237
114.7546726899613 0.8609577417373657 0.0955515205860138 1.147661457377323e-15 0.8692666888237
114.98904768996131 0.861434280872345 0.0955515205860138 1.1500055151797309e-15 0.8692666888237
115.22342268996131 0.8618983030319214 0.0955515205860138 1.1523494671030203e-15 0.8692666888237
116.62967268996134 0.8644462823867798 0.0955515205860138 1.166413390400994e-15 0.8692666888237
116.86404768996134 0.864835262298584 0.0955515205860138 1.1687573423242834e-15 0.8692666888237
117.33279768996135 0.8655859231948853 0.0955515205860138 1.1734453520499807e-15 0.8692666888237
118.97342268996138 0.8679569959640503 0.0955515205860138 1.1898532272712438e-15 0.8692666888237
119.67654768996138 0.8688665628433228 0.0955515205860138 1.1968851889202306e-15 0.8692666888237
119.99999999999999 0.8692675232887268 0.0955515205860138 1.2001200077457947e-15 0.8692666888237
120.0001 0.8692671656608582 0.0955515205860138 1.2001209606578604e-15 0.8692666888237
120.0003 0.8692668080329895 0.0955515205860138 1.2001229723611101e-15 0.8692666888237
120.0007 0.8692666888237 0.0955515205860138 1.2001269957676096e-15 0.8692666888237
120.001 0.8692666888237 0.0955515205860138 1.200129960382925e-15 0.8692666888237
130.9279124561954 0.8692666888237 0.0955515205860138 0.03818576782941818 0.8692666888237
141.8548249123908 0.8692666888237 0.0955515205860138 0.07489630579948425 0.8692666888237
142.0891999123908 0.8692666888237 0.0955515205860138 0.07566746324300766 0.8692666888237
142.32357491239077 0.8692666888237 0.0955515205860138 0.07643793523311615 0.8692666888237
142.55794991239077 0.8692666888237 0.0955515205860138 0.07720772922039032 0.8692666888237
150.0 0.8692666888237 0.0955515205860138 0.10129458457231522 0.8692666888237
150.0001 0.8692666888237 0.0955515205860138 0.1012951135635376 0.8692666888237
150.0003 0.8692666888237 0.0955515205860138 0.10129529237747192 0.8692666888237
150.0007 0.8692666888237 0.0955515205860138 0.10129202902317047 0.8692666888237
150.001 0.8692666888237 0.0955515205860138 0.10128778964281082 0.8692666888237
150.56297500000517 0.8699276447296143 0.0955515205860138 0.10128778964281082 0.8692666888237
150.79735000000514 0.8701945543289185 0.0955515205860138 0.10128778964281082 0.8692666888237
151.03172500000514 0.8704562187194824 0.0955515205860138 0.10128778964281082 0.8692666888237
151.26610000000514 0.8707128167152405 0.0955515205860138 0.10128778964281082 0.8692666888237
151.8520375000051 0.8713330626487732 0.0955515205860138 0.10128778964281082 0.8692666888237
152.43797500000508 0.8719245791435242 0.0955515205860138 0.10128778964281082 0.8692666888237
152.90672500000505 0.872378408908844 0.0955515205860138 0.10128778964281082 0.8692666888237
156.18797500000494 0.8751473426818848 0.0955515205860138 0.10128778964281082 0.8692666888237
156.8911000000049 0.8756618499755859 0.0955515205860138 0.10128778964281082 0.8692666888237
161.3442250000047 0.8784359097480774 0.0955515205860138 0.10128778964281082 0.8692666888237
162.04735000000468 0.8788104057312012 0.0955515205860138 0.10128778964281082 0.8692666888237
168.14110000000443 0.8815323710441589 0.0955515205860138 0.10128778964281082 0.8692666888237
168.8442250000044 0.8817968964576721 0.0955515205860138 0.10128778964281082 0.8692666888237
177.98485000000403 0.8845977187156677 0.0955515205860138 0.10128778964281082 0.8692666888237
178.687975000004 0.8847740888595581 0.0955515205860138 0.10128778964281082 0.8692666888237
179.99999999999997 0.8850914835929871 0.0955515205860138 0.10128778964281082 0.8692666888237
180.0001 0.8850913643836975 0.0955515205860138 0.10128778964281082 0.8692666888237
180.0003 0.885091245174408 0.0955515205860138 0.10128749161958694 0.8692666888237
180.0007 0.8850911855697632 0.0955515205860138 0.10128378868103027 0.8692666888237
180.001 0.8850911855697632 0.0955515205860138 0.10127691179513931 0.8692666888237
180.04192000000063 0.8850911855697632 0.0955515205860138 0.09583663195371628 0.8692666888237
180.0828400000013 0.8850911855697632 0.0955515205860138 0.09046218544244766 0.8692666888237
180.1647600000026 0.8850911855697632 0.0955515205860138 0.07998364418745041 0.8692666888237
180.32860000000517 0.8850911855697632 0.0955515205860138 0.06036077439785004 0.8692666888237
180.56297500000517 0.8850911855697632 0.0955515205860138 0.03565118834376335 0.8692666888237
180.79735000000514 0.8850911855697632 0.0955515205860138 0.015735769644379616 0.8692666888237
181.03172500000514 0.8850911855697632 0.0955515205860138 0.0011824971297755837 0.8692666888237
181.07816398128034 0.8850911855697632 0.0955515205860138 -3.3386157838322106e-08 0.8692666888237
201.46266428163068 0.8850911855697632 0.0955515205860138 -3.3386157838322106e-08 0.8692666888237
209.99999999999997 0.8850911855697632 0.0955515205860138 -3.3337499871777254e-08 0.8692666888237
210.00009999999997 0.8850911855697632 0.0955515205860138 -3.334867670901076e-08 0.8692666888237
210.0003 0.8850911855697632 0.0955515205860138 -3.3329001780657563e-08 0.8692666888237
210.00070000000002 0.8850911855697632 0.0955515205860138 -3.3263837906361005e-08 0.8692666888237
210.00100000000003 0.8850911855697632 0.0955515205860138 -3.324400310589226e-08 0.8692666888237
224.83148092431895 0.8850911855697632 0.0955515205860138 0.02085554599761963 0.8692666888237
239.66196184863787 0.8850911855697632 0.0955515205860138 0.04115929827094078 0.8692666888237
239.89633684863787 0.8850911855697632 0.0955515205860138 0.041475772857666016 0.8692666888237
239.99999999999997 0.8850911855697632 0.0955515205860138 0.04161570966243744 0.8692666888237
