time a b c w1 w2
0.0 0.0 0.0 0.0 0.0 0.0
0.00022499999086100786 2.2502248991058203e-21 2.2502248991058203e-21 2.2502248991058203e-21 2.2502248991058203e-21 2.2502248991058203e-21
0.0004499999817220157 4.5004497982116405e-21 4.5004497982116405e-21 4.5004497982116405e-21 -5.5616182770279465e-09 -5.5616182770279465e-09
0.0008999999634440314 9.000899596423281e-21 9.000899596423281e-21 9.000899596423281e-21 -3.034184814509899e-08 -3.034184814509899e-08
0.001 1.0000999731091105e-20 1.0000999731091105e-20 1.0000999731091105e-20 -3.3383763309302594e-08 -3.3383763309302594e-08
29.999999999999996 3.000300019364487e-16 3.000300019364487e-16 3.000300019364487e-16 -3.3383614095328085e-08 -3.3383614095328085e-08
30.000099999999996 3.0003100778807355e-16 3.0003100778807355e-16 3.0003100778807355e-16 -3.336337428549996e-08 -3.336337428549996e-08
30.0003 3.0003299302154367e-16 3.0003299302154367e-16 3.0003299302154367e-16 -3.334337961291567e-08 -3.334337961291567e-08
30.0007 7.733479655269715e-12 3.0003698995826353e-16 7.733479655269715e-12 -3.33327996315802e-08 -3.33327996315802e-08
30.000822963436473 2.554303613067077e-08 3.000382340379048e-16 2.554303613067077e-08 -2.3418412098408226e-08 -2.3418412098408226e-08
30.000893956485136 1.2409859095896536e-07 3.0003894872195405e-16 1.2409859095896536e-07 8.296822784359392e-08 8.296822784359392e-08
30.000951052678243 4.281694430119387e-07 3.000395045873257e-16 4.281694430119387e-07 4.3319187170709483e-07 4.3319187170709483e-07
30.000973615040362 7.30903082057921e-07 3.000397428153421e-16 7.30903082057921e-07 1.1943500339839375e-06 1.1943500339839375e-06
30.00098553211969 9.980745971915894e-07 3.000398486944605e-16 9.980745971915894e-07 2.2517776869790396e-06 2.2517776869790396e-06
30.001 1.3827489055984188e-06 3.000400075131381e-16 1.3827489055984188e-06 3.90943114325637e-06 3.90943114325637e-06
30.07909857937533 0.00248485105112195 3.008210512998454e-16 0.00248485105112195 0.011645117774605751 0.011645117774605751
30.157197158750655 0.004945837892591953 3.0160212155633226e-16 0.004945837892591953 0.023223258554935455 0.023223258554935455
30.31339670091717 0.009811589494347572 3.031642885390856e-16 0.009811589494347572 0.04622133821249008 0.04622133821249008
30.48917795091717 0.01519840583205223 3.049222789513323e-16 0.01519840583205223 0.07185134291648865 0.07185134291648865
30.84074045091717 0.025659576058387756 3.084382333060461e-16 0.025659576058387756 0.1222233846783638 0.1222233846783638
31.19230295091717 0.03569837659597397 3.119542141305395e-16 0.03569837659597397 0.17138436436653137 0.17138436436653137
31.543865450917167 0.04538373649120331 3.154701949550329e-16 0.04538373649120331 0.21952161192893982 0.21952161192893982
31.895427950917167 0.05464152991771698 3.189861757795263e-16 0.05464152991771698 0.26640430092811584 0.26640430092811584
32.42277170091717 0.06761570274829865 3.242601470162664e-16 0.06761570274829865 0.33401015400886536 0.33401015400886536
32.77433420091717 0.07571019232273102 3.277761278407598e-16 0.07571019232273102 0.37739819288253784 0.37739819288253784
33.12589670091717 0.08331406116485596 3.312920821954736e-16 0.08331406116485596 0.4192681908607483 0.4192681908607483
33.65324045091717 0.09364047646522522 3.365660534322137e-16 0.09364047646522522 0.4786534607410431 0.4786534607410431
34.00480295091716 0.0998048260807991 3.400820342567071e-16 0.0998048260807991 0.5158960223197937 0.5158960223197937
34.35636545091716 0.10543688386678696 3.4359801508120047e-16 0.10543688386678696 0.5513501763343811 0.5513501763343811
34.70792795091716 0.11052291095256805 3.4711399590569387e-16 0.11052291095256805 0.5849092602729797 0.5849092602729797
34.88370920091716 0.11284589767456055 3.4887198631794057e-16 0.11284589767456055 0.6009050011634827 0.6009050011634827
35.05949045091716 0.11502420157194138 3.5062997673018727e-16 0.11502420157194138 0.6163705587387085 0.6163705587387085
35.41105295091716 0.11892446875572205 3.5414593108490107e-16 0.11892446875572205 0.6455802917480469 0.6455802917480469
35.93839670091716 0.12374066561460495 3.5941990232164116e-16 0.12374066561460495 0.6853012442588806 0.6853012442588806
36.46574045091716 0.12742774188518524 3.6469387355838126e-16 0.12742774188518524 0.7201851606369019 0.7201851606369019
36.81730295091716 0.12929882109165192 3.6820985438287465e-16 0.12929882109165192 0.7406914830207825 0.7406914830207825
37.34464670091715 0.13140147924423218 3.7348379914983515e-16 0.13140147924423218 0.7677680253982544 0.7677680253982544
37.52042795091715 0.13193809986114502 3.7524178956208185e-16 0.13193809986114502 0.7758470773696899 0.7758470773696899
37.69620920091715 0.13240261375904083 3.7699977997432855e-16 0.13240261375904083 0.7834703326225281 0.7834703326225281
37.87199045091715 0.13279911875724792 3.7875777038657524e-16 0.13279911875724792 0.7906365990638733 0.7906365990638733
38.04777170091715 0.13313564658164978 3.8051576079882194e-16 0.13313564658164978 0.7973763346672058 0.7973763346672058
38.75089670091715 0.13401362299919128 3.8754772244780874e-16 0.13401362299919128 0.8204659223556519 0.8204659223556519
38.92667795091715 0.1341456174850464 3.8930571286005544e-16 0.1341456174850464 0.8253853917121887 0.8253853917121887
39.10245920091715 0.1342543363571167 3.9106370327230214e-16 0.1342543363571167 0.8300296664237976 0.8300296664237976
39.27824045091715 0.13434122502803802 3.9282169368454883e-16 0.13434122502803802 0.8343846797943115 0.8343846797943115
39.45402170091715 0.13440778851509094 3.9457968409679553e-16 0.13440778851509094 0.8384419083595276 0.8384419083595276
39.62980295091715 0.13445866107940674 3.9633764803926263e-16 0.13445866107940674 0.8422393798828125 0.8422393798828125
39.80558420091715 0.13449729979038239 3.9809563845150933e-16 0.13449729979038239 0.8458012342453003 0.8458012342453003
39.98136545091715 0.13452540338039398 3.9985362886375603e-16 0.13452540338039398 0.849129319190979 0.849129319190979
40.332927950917146 0.13455861806869507 4.033696096882494e-16 0.13455861806869507 0.8551320433616638 0.8551320433616638
40.860271700917146 0.13457952439785004 4.086435809249895e-16 0.13457952439785004 0.8629536032676697 0.8629536032676697
41.387615450917146 0.13458415865898132 4.139175521617296e-16 0.13458415865898132 0.8694573044776917 0.8694573044776917
41.914959200917146 0.13458438217639923 4.191914969286901e-16 0.13458438217639923 0.8748477697372437 0.8748477697372437
42.090740450917146 0.13458438217639923 4.209494873409368e-16 0.13458438217639923 0.8764634132385254 0.8764634132385254
42.266521700917146 0.13458438217639923 4.227074777531835e-16 0.13458438217639923 0.8779846429824829 0.8779846429824829
42.442302950917146 0.13458438217639923 4.244654681654302e-16 0.13458438217639923 0.8794115781784058 0.8794115781784058
43.145427950917146 0.13458438217639923 4.31497429814417e-16 0.13458438217639923 0.8845032453536987 0.8845032453536987
43.84855295091714 0.13458438217639923 4.385293649936242e-16 0.13458438217639923 0.8887509107589722 0.8887509107589722
44.99113107591714 0.13458438217639923 4.499562894383379e-16 0.13458438217639923 0.8941780924797058 0.8941780924797058
46.13370920091714 0.13458438217639923 4.613832403528313e-16 0.13458438217639923 0.8982765674591064 0.8982765674591064
46.66105295091714 0.13458438217639923 4.666571851197918e-16 0.13458438217639923 0.8998186588287354 0.8998186588287354
46.83683420091713 0.13458438217639923 4.684152020018181e-16 0.13458438217639923 0.9002951383590698 0.9002951383590698
47.01261545091713 0.13458438217639923 4.701731659442852e-16 0.13458438217639923 0.9007645845413208 0.9007645845413208
47.18839670091713 0.13458438217639923 4.719311298867523e-16 0.13458438217639923 0.9012272357940674 0.9012272357940674
47.36417795091713 0.13458438217639923 4.736891467687786e-16 0.13458438217639923 0.9016754031181335 0.9016754031181335
47.89152170091713 0.13458438217639923 4.789630915357391e-16 0.13458438217639923 0.9029277563095093 0.9029277563095093
49.03409982591713 0.13458438217639923 4.903900424502324e-16 0.13458438217639923 0.905269980430603 0.905269980430603
50.176677950917124 0.13458438217639923 5.018169404251665e-16 0.13458438217639923 0.9071452617645264 0.9071452617645264
50.704021700917124 0.13458438217639923 5.070909381316862e-16 0.13458438217639923 0.9079227447509766 0.9079227447509766
51.934490450917124 0.13458438217639923 5.193968445476335e-16 0.13458438217639923 0.9095548391342163 0.9095548391342163
52.110271700917124 0.13458438217639923 5.211548084901006e-16 0.13458438217639923 0.9097623825073242 0.9097623825073242
52.286052950917124 0.13458438217639923 5.229128253721269e-16 0.13458438217639923 0.9099643230438232 0.9099643230438232
52.461834200917124 0.13458438217639923 5.24670789314594e-16 0.13458438217639923 0.9101608395576477 0.9101608395576477
53.69230295091712 0.13458438217639923 5.369766957305413e-16 0.13458438217639923 0.9114048480987549 0.9114048480987549
54.04386545091712 0.13458438217639923 5.404926765550347e-16 0.13458438217639923 0.9117450714111328 0.9117450714111328
55.27433420091712 0.13458438217639923 5.527986359105412e-16 0.13458438217639923 0.9128462076187134 0.9128462076187134
55.80167795091712 0.13458438217639923 5.580725806775017e-16 0.13458438217639923 0.9132890105247498 0.9132890105247498
56.32902170091712 0.13458438217639923 5.633465254444622e-16 0.13458438217639923 0.9137242436408997 0.9137242436408997
56.85636545091711 0.13458438217639923 5.686205231509819e-16 0.13458438217639923 0.9141307473182678 0.9141307473182678
57.38370920091711 0.13458438217639923 5.738944679179424e-16 0.13458438217639923 0.9145113229751587 0.9145113229751587
57.99894357591711 0.13458438217639923 5.80047421125916e-16 0.13458438217639923 0.9149258732795715 0.9149258732795715
58.61417795091711 0.13458438217639923 5.862003743338897e-16 0.13458438217639923 0.915311872959137 0.915311872959137
59.14152170091711 0.13458438217639923 5.914743720404094e-16 0.13458438217639923 0.9156222343444824 0.9156222343444824
59.66886545091711 0.13458438217639923 5.967483168073699e-16 0.13458438217639923 0.9159154295921326 0.9159154295921326
59.99999999999999 0.13458438217639923 6.000600038728974e-16 0.13458438217639923 0.9160924553871155 0.9160924553871155
60.000099999999996 0.13458438217639923 6.000610097245222e-16 0.13458438217639923 0.9160925149917603 0.9160922765731812
60.000299999999996 0.13458438217639923 6.00063021427772e-16 0.13458405435085297 0.9160925149917603 0.916092038154602
60.000699999999995 0.13458438217639923 6.000669918947122e-16 0.13458006083965302 0.9160925149917603 0.9160919785499573
60.001000000000005 0.13458438217639923 6.000700094495868e-16 0.13457262516021729 0.9160925149917603 0.9160919785499573
60.28500056304977 0.13458438217639923 0.0006799569237045944 0.09450733661651611 0.9160925149917603 0.9160919785499573
60.56900112609954 0.13458438217639923 0.0013588358415290713 0.057428181171417236 0.9160925149917603 0.9160919785499573
60.74478237609954 0.13458438217639923 0.0017787347314879298 0.03748345002532005 0.9160925149917603 0.9160919785499573
60.92056362609954 0.13458438217639923 0.002198454225435853 0.020718321204185486 0.9160925149917603 0.9160919785499573
61.09634487609955 0.13458438217639923 0.0026180476415902376 0.007011934649199247 0.9160925149917603 0.9160919785499573
61.1873581801754 0.13458438217639923 0.002835304709151387 0.001351670827716589 0.9160925149917603 0.9160919785499573
61.21816037344572 0.13458438217639923 0.002908859634771943 7.56445006118156e-05 0.9160925149917603 0.9160919785499573
61.223403696926724 0.13458438217639923 0.002921386156231165 -3.3387969722298294e-08 0.9160925149917603 0.9160919785499573
67.26260093123456 0.13458438217639923 0.017224494367837906 -3.3387969722298294e-08 0.9160925149917603 0.9160919785499573
73.30179816554241 0.13458438217639923 0.0313151590526104 -3.3387969722298294e-08 0.9160925149917603 0.9160919785499573
75.14750129054241 0.13458438217639923 0.03557925671339035 -3.3387969722298294e-08 0.9160925149917603 0.9160919785499573
76.9932044155424 0.13458438217639923 0.0398235023021698 -3.3387969722298294e-08 0.9160925149917603 0.9160919785499573
89.99999999999999 0.13458438217639923 0.0691685900092125 -3.3399192744809625e-08 0.9160925149917603 0.9160919785499573
90.0001 0.13458438217639923 0.0691690519452095 -3.337821397053631e-08 0.9160925149917603 0.9160919785499573
90.0003 0.13458438217639923 0.0691704973578453 -3.3353845907413415e-08 0.9160925149917603 0.9160919785499573
90.00047102237913 0.13458438217639923 0.06916994601488113 -1.4200424836019465e-08 0.9160925149917603 0.9160919785499573
90.0008130671374 0.13458438217639923 0.06916183978319168 8.151944541623379e-08 0.9160925149917603 0.9160919785499573
90.001 0.13458438217639923 0.06915539503097534 1.4428447059344762e-07 0.9160925149917603 0.9160919785499573
90.00555090623894 0.13458438217639923 0.06915539503097534 1.4428447059344762e-07 0.9160925149917603 0.9160944819450378
90.01010181247788 0.13458438217639923 0.06915539503097534 1.4428447059344762e-07 0.9160925149917603 0.9160969853401184
90.15173315331005 0.13458438217639923 0.06915539503097534 1.4428447059344762e-07 0.9160925149917603 0.9161772131919861
90.2933644941422 0.13458438217639923 0.06915539503097534 1.4428447059344762e-07 0.9160925149917603 0.9162564277648926
90.8207082441422 0.13458438217639923 0.06915539503097534 1.4428447059344762e-07 0.9160925149917603 0.916547417640686
91.3480519941422 0.13458438217639923 0.06915539503097534 1.4428447059344762e-07 0.9160925149917603 0.9168384075164795
91.96328636914218 0.13458438217639923 0.06915539503097534 1.4428447059344762e-07 0.9160925149917603 0.9171580672264099
92.5785207441422 0.13458438217639923 0.06915539503097534 1.4428447059344762e-07 0.9160925149917603 0.9174582958221436
93.2816457441422 0.13458438217639923 0.06915539503097534 1.4428447059344762e-07 0.9160925149917603 0.9177797436714172
93.80898949414218 0.13458438217639923 0.06915539503097534 1.4428447059344762e-07 0.9160925149917603 0.9180070757865906
94.6000051191422 0.13458438217639923 0.06915539503097534 1.4428447059344762e-07 0.9160925149917603 0.9183281064033508
95.39102074414218 0.13458438217639923 0.06915539503097534 1.4428447059344762e-07 0.9160925149917603 0.9186273217201233
96.26992699414218 0.13458438217639923 0.06915539503097534 1.4428447059344762e-07 0.9160925149917603 0.9189369082450867
97.14883324414218 0.13458438217639923 0.06915539503097534 1.4428447059344762e-07 0.9160925149917603 0.9192250370979309
98.02773949414218 0.13458438217639923 0.06915539503097534 1.4428447059344762e-07 0.9160925149917603 0.9194943904876709
98.90664574414218 0.13458438217639923 0.06915539503097534 1.4428447059344762e-07 0.9160925149917603 0.9197744131088257
99.78555199414218 0.13458438217639923 0.06915539503097534 1.4428447059344762e-07 0.9160925149917603 0.9200482368469238
100.66445824414217 0.13458438217639923 0.06915539503097534 1.4428447059344762e-07 0.9160925149917603 0.9203040599822998
101.27969261914218 0.13458438217639923 0.06915539503097534 1.4428447059344762e-07 0.9160925149917603 0.9204734563827515
101.89492699414217 0.13458438217639923 0.06915539503097534 1.4428447059344762e-07 0.9160925149917603 0.920635461807251
102.42227074414217 0.13458438217639923 0.06915539503097534 1.4428447059344762e-07 0.9160925149917603 0.9207689166069031
102.94961449414217 0.13458438217639923 0.06915539503097534 1.4428447059344762e-07 0.9160925149917603 0.9208975434303284
104.88320824414217 0.13458438217639923 0.06915539503097534 1.4428447059344762e-07 0.9160925149917603 0.9213324785232544
105.41055199414217 0.13458438217639923 0.06915539503097534 1.4428447059344762e-07 0.9160925149917603 0.9214420318603516
107.87148949414215 0.13458438217639923 0.06915539503097534 1.4428447059344762e-07 0.9160925149917603 0.9219098687171936
108.39883324414215 0.13458438217639923 0.06915539503097534 1.4428447059344762e-07 0.9160925149917603 0.9220017194747925
111.03555199414215 0.13458438217639923 0.06915539503097534 1.4428447059344762e-07 0.9160925149917603 0.9224274754524231
113.67227074414214 0.13458438217639923 0.06915539503097534 1.4428447059344762e-07 0.9160925149917603 0.9228282570838928
114.19961449414214 0.13458438217639923 0.06915539503097534 1.4428447059344762e-07 0.9160925149917603 0.9229031205177307
114.72695824414214 0.13458438217639923 0.06915539503097534 1.4428447059344762e-07 0.9160925149917603 0.922976016998291
115.25430199414214 0.13458438217639923 0.06915539503097534 1.4428447059344762e-07 0.9160925149917603 0.9230470657348633
119.29727074414214 0.13458438217639923 0.06915539503097534 1.4428447059344762e-07 0.9160925149917603 0.9235376119613647
119.82461449414212 0.13458438217639923 0.06915539503097534 1.4428447059344762e-07 0.9160925149917603 0.9235953688621521
119.99999999999999 0.13458438217639923 0.06915539503097534 1.4428447059344762e-07 0.9160925149917603 0.9236143231391907
120.0001 0.13458438217639923 0.06915539503097534 1.4428447059344762e-07 0.9160925149917603 0.9236143231391907
120.0003 0.13458438217639923 0.06915539503097534 1.4428447059344762e-07 0.9160925149917603 0.9236143231391907
120.0007 0.13457956910133362 0.06915539503097534 1.4428447059344762e-07 0.9160925149917603 0.9236143231391907
120.001 0.13456754386425018 0.06915539503097534 1.4428447059344762e-07 0.9160925149917603 0.9236143231391907
120.20405489928193 0.1057024747133255 0.06915539503097534 0.00022866805375088006 0.9160925149917603 0.9236143231391907
120.40710979856385 0.07799369096755981 0.06915539503097534 0.00045696989400312304 0.9160925149917603 0.9236143231391907
120.58289104856385 0.055740777403116226 0.06915539503097534 0.0006545100477524102 0.9160925149917603 0.9236143231391907
120.75867229856385 0.036027923226356506 0.06915539503097534 0.0008519866969436407 0.9160925149917603 0.9236143231391907
120.93445354856385 0.019534802064299583 0.06915539503097534 0.0010494133457541466 0.9160925149917603 0.9236143231391907
121.11023479856385 0.006060219369828701 0.06915539503097534 0.0012468087952584028 0.9160925149917603 0.9236143231391907
121.19214538822784 0.001081189839169383 0.06915539503097534 0.0013388007646426558 0.9160925149917603 0.9236143231391907
121.21885725388626 2.4085597033263184e-05 0.06915539503097534 0.0013688105391338468 0.9160925149917603 0.9236143231391907
121.22145523326854 -3.3387962616870936e-08 0.06915539503097534 0.0013717305846512318 0.9160925149917603 0.9236143231391907
135.61072761663428 -3.338816156883695e-08 0.06915539503097534 0.017360158264636993 0.9160925149917603 0.9236143231391907
150.0 -3.3386367448429155e-08 0.06915539503097534 0.033018168061971664 0.9160925149917603 0.9236143231391907
150.0001 -3.33654455175747e-08 0.06915539503097534 0.033019427210092545 0.9160925149917603 0.9236143231391907
150.0003 -3.3344250027766975e-08 0.06915539503097534 0.033025920391082764 0.9160919785499573 0.9236142635345459
150.0007 -3.333313003395233e-08 0.06915539503097534 0.033046722412109375 0.9160887002944946 0.9236139059066772
150.0008229634338 -2.563509582387269e-08 0.06915539503097534 0.033053718507289886 0.9160866737365723 0.9236133694648743
150.0008939564783 7.003075808142967e-08 0.06915539503097534 0.033057309687137604 0.9160850048065186 0.923612654209137
150.0009297344127 2.0715717141683854e-07 0.06915539503097534 0.03305882588028908 0.9160840511322021 0.9236120581626892
150.0009512597368 3.2597532140243857e-07 0.06915539503097534 0.03305964544415474 0.9160833954811096 0.9236116409301758
150.00096339258036 5.412944119598251e-07 0.06915539503097534 0.03306008130311966 0.916083037853241 0.9236113429069519
150.0009726427558 9.916810768118012e-07 0.06915539503097534 0.03306040167808533 0.9160827398300171 0.9236111044883728
150.0009839338433 1.958331722562434e-06 0.06915539503097534 0.03306078165769577 0.9160823822021484 0.9236108064651489
150.001 3.7433660509123e-06 0.06915539503097534 0.033061303198337555 0.9160818457603455 0.923610270023346
150.00296839949232 0.00029535041539929807 0.06915539503097534 0.03312325477600098 0.9160160422325134 0.9235444664955139
150.00493872312882 0.0005871950997970998 0.06915539503097534 0.03318525105714798 0.9159502983093262 0.9234787225723267
150.01676066494787 0.0023372366558760405 0.06915539503097534 0.03355686366558075 0.9155542254447937 0.9230825901031494
150.06404843222396 0.009319895878434181 0.06915539503097534 0.035037070512771606 0.9139369130134583 0.921465277671814
150.12709878859212 0.018589910119771957 0.06915539503097534 0.03699641674757004 0.9117034673690796 0.9192318320274353
150.25319950132842 0.03702990710735321 0.06915539503097534 0.04087968170642853 0.9070219993591309 0.9145504236221313
150.42898075132842 0.0625574067234993 0.06915539503097534 0.046230196952819824 0.9000897407531738 0.9076181054115295
150.60476200132845 0.08786600828170776 0.06915539503097534 0.05150366574525833 0.8926395177841187 0.9001679420471191
150.78054325132845 0.11291217058897018 0.06915539503097534 0.05668516829609871 0.8845852613449097 0.8921136856079102
151.13210575132848 0.16210845112800598 0.06915539503097534 0.06673627346754074 0.8666385412216187 0.8741669654846191
151.3078870013285 0.18626031279563904 0.06915539503097534 0.07160758972167969 0.8567374348640442 0.8642658591270447
151.4836682513285 0.21010828018188477 0.06915539503097534 0.07637474685907364 0.8461833596229553 0.8537117838859558
151.65944950132854 0.23363284766674042 0.06915539503097534 0.08103172481060028 0.8349713683128357 0.8424997329711914
151.83523075132854 0.25683391094207764 0.06915539503097534 0.08557917177677155 0.8231174945831299 0.8306458592414856
152.01101200132854 0.27970072627067566 0.06915539503097534 0.09001429378986359 0.8106693625450134 0.8181977272033691
152.18679325132857 0.3022124469280243 0.06915539503097534 0.09433091431856155 0.7976518869400024 0.8051801919937134
152.36257450132857 0.3243681490421295 0.06915539503097534 0.09852960705757141 0.7840419411659241 0.7915703058242798
152.5383557513286 0.34615588188171387 0.06915539503097534 0.10260748118162155 0.7698361873626709 0.7773645520210266
152.7141370013286 0.3675537109375 0.06915539503097534 0.10655838251113892 0.7550745010375977 0.7626029253005981
152.88991825132862 0.3885599970817566 0.06915539503097534 0.11038292944431305 0.7397883534431458 0.7473167777061462
153.06569950132862 0.40917253494262695 0.06915539503097534 0.11408162862062454 0.7239782810211182 0.7315066456794739
153.24148075132865 0.4293784499168396 0.06915539503097534 0.11765170097351074 0.7076535224914551 0.7151818871498108
153.41726200132865 0.44916489720344543 0.06915539503097534 0.12109046429395676 0.6908527612686157 0.6983811855316162
153.59304325132868 0.46851882338523865 0.06915539503097534 0.12439537793397903 0.6736142635345459 0.6811426877975464
153.76882450132868 0.4874272048473358 0.06915539503097534 0.12756407260894775 0.655983567237854 0.6635119318962097
153.9446057513287 0.5058770775794983 0.06915539503097534 0.130594402551651 0.6380048990249634 0.6455333232879639
154.1203870013287 0.5238556861877441 0.06915539503097534 0.13348446786403656 0.6196669936180115 0.6271953582763672
154.29616825132874 0.5413612127304077 0.06915539503097534 0.13623574376106262 0.6009471416473389 0.6084755659103394
154.47194950132874 0.5583918690681458 0.06915539503097534 0.1388499140739441 0.5818670392036438 0.5893954634666443
154.82351200132877 0.5909486413002014 0.06915539503097534 0.14365354180335999 0.5426949262619019 0.5502233505249023
154.99929325132877 0.6064752340316772 0.06915539503097534 0.1458481252193451 0.5226327776908875 0.5301611423492432
155.1750745013288 0.6215049028396606 0.06915539503097534 0.14790931344032288 0.5023104548454285 0.509838879108429
155.3508557513288 0.636017382144928 0.06915539503097534 0.14983472228050232 0.48175185918807983 0.4892802834510803
155.52663700132882 0.6499842405319214 0.06915539503097534 0.15162020921707153 0.4609636068344116 0.4684920012950897
155.70241825132882 0.6634005308151245 0.06915539503097534 0.15326786041259766 0.4399591088294983 0.4474875330924988
155.87819950132885 0.6762837767601013 0.06915539503097534 0.15478570759296417 0.41873714327812195 0.42626550793647766
156.05398075132885 0.6886420249938965 0.06915539503097534 0.15617939829826355 0.39728856086730957 0.4048169255256653
156.22976200132888 0.7004741430282593 0.06915539503097534 0.15745240449905396 0.37561842799186707 0.383146733045578
156.42751590757888 0.7132828235626221 0.06915539503097534 0.1587720364332199 0.3510380685329437 0.3585662841796875
156.55935184507888 0.7213111519813538 0.06915539503097534 0.1595420241355896 0.33447256684303284 0.34200066328048706
156.7351330950789 0.7315853834152222 0.06915539503097534 0.16048072278499603 0.3122638463973999 0.31979161500930786
156.9109143450789 0.7414162158966064 0.06915539503097534 0.16133177280426025 0.28992778062820435 0.2974548935890198
157.08669559507894 0.7507458925247192 0.06915539503097534 0.16208724677562714 0.26743218302726746 0.2749580144882202
157.43825809507896 0.7679462432861328 0.06915539503097534 0.16333678364753723 0.22197695076465607 0.22949528694152832
157.61403934507896 0.7758447527885437 0.06915539503097534 0.1638442426919937 0.19905129075050354 0.2065596580505371
157.78982059507896 0.7832966446876526 0.06915539503097534 0.16428250074386597 0.17603233456611633 0.18352076411247253
157.965601845079 0.7903193235397339 0.06915539503097534 0.16465821862220764 0.15297667682170868 0.16042549908161163
158.141383095079 0.7969313263893127 0.06915539503097534 0.16497790813446045 0.12999114394187927 0.13736224174499512
158.31716434507902 0.8031516075134277 0.06915539503097534 0.1652478277683258 0.10727430135011673 0.11449695378541946
158.49294559507902 0.80899977684021 0.06915539503097534 0.16547386348247528 0.08516369014978409 0.0921168103814125
158.66872684507905 0.8144956827163696 0.06915539503097534 0.16566157341003418 0.06417396664619446 0.07067675143480301
158.84450809507905 0.8196589946746826 0.06915539503097534 0.165816068649292 0.04497510567307472 0.05081005394458771
159.02028934507908 0.8245091438293457 0.06915539503097534 0.16594205796718597 0.028231747448444366 0.03321262449026108
159.19607059507908 0.8290653824806213 0.06915539503097534 0.16604377329349518 0.014346551150083542 0.018396437168121338
159.3718518450791 0.8333858251571655 0.06915539503097534 0.16612759232521057 0.003137452993541956 0.006066270172595978
159.4350224818378 0.8348779082298279 0.06915539503097534 0.1661534458398819 0.00026375579182058573 0.0022732317447662354
159.4505316299571 0.8352352976799011 0.06915539503097534 0.16615921258926392 -3.3383614095328085e-08 0.0014324671356007457
159.4645542407305 0.8355559706687927 0.06915539503097534 0.16616426408290863 -3.3383617648041763e-08 0.0007001719204708934
159.47857685150393 0.8358758687973022 0.06915539503097534 0.16616925597190857 -3.338362120075544e-08 2.1273917809594423e-06
159.58454631791653 0.8382301926612854 0.06915539503097534 0.16620326042175293 -3.3383614095328085e-08 -1.2205414350319188e-06
159.69051578432914 0.8404912352561951 0.06915539503097534 0.16623204946517944 -3.3383617648041763e-08 -3.338362120075544e-08
159.86629703432914 0.8440699577331543 0.06915539503097534 0.16627106070518494 -3.3383617648041763e-08 -3.338362120075544e-08
160.04207828432916 0.8474361896514893 0.06915539503097534 0.16630053520202637 -3.3383617648041763e-08 -3.338362120075544e-08
160.21785953432916 0.850588321685791 0.06915539503097534 0.16632169485092163 -3.3383617648041763e-08 -3.338362120075544e-08
160.3936407843292 0.8535521030426025 0.06915539503097534 0.16633684933185577 -3.338362120075544e-08 -3.338362120075544e-08
160.5694220343292 0.8563367128372192 0.06915539503097534 0.1663474291563034 -3.338362120075544e-08 -3.338362120075544e-08
160.74520328432922 0.8589544892311096 0.06915539503097534 0.1663544774055481 -3.338362120075544e-08 -3.338362120075544e-08
161.36043765932925 0.8669891357421875 0.06915539503097534 0.16636376082897186 -3.338362120075544e-08 -3.338362120075544e-08
161.9756720343293 0.8735575079917908 0.06915539503097534 0.16636443138122559 -3.338362120075544e-08 -3.338362120075544e-08
162.1514532843293 0.8752086162567139 0.06915539503097534 0.16636443138122559 -3.338362120075544e-08 -3.338362120075544e-08
162.32723453432934 0.8767728805541992 0.06915539503097534 0.16636443138122559 -3.338362120075544e-08 -3.338362120075544e-08
162.50301578432934 0.8782564997673035 0.06915539503097534 0.16636443138122559 -3.338362120075544e-08 -3.338362120075544e-08
162.85457828432936 0.8809897899627686 0.06915539503097534 0.16636443138122559 -3.338362120075544e-08 -3.338362120075544e-08
163.38192203432942 0.8846035003662109 0.06915539503097534 0.16636443138122559 -3.338362120075544e-08 -3.338362120075544e-08
163.55770328432942 0.8856977820396423 0.06915539503097534 0.16636443138122559 -3.338362120075544e-08 -3.338362120075544e-08
163.73348453432942 0.8867380023002625 0.06915539503097534 0.16636443138122559 -3.338362120075544e-08 -3.338362120075544e-08
163.90926578432945 0.8877317905426025 0.06915539503097534 0.16636443138122559 -3.338362120075544e-08 -3.338362120075544e-08
164.08504703432945 0.8886820673942566 0.06915539503097534 0.16636443138122559 -3.338362120075544e-08 -3.338362120075544e-08
164.43660953432948 0.8904569745063782 0.06915539503097534 0.16636443138122559 -3.338362120075544e-08 -3.338362120075544e-08
164.6123907843295 0.8912902474403381 0.06915539503097534 0.16636443138122559 -3.338362120075544e-08 -3.338362120075544e-08
164.7881720343295 0.8920843601226807 0.06915539503097534 0.16636443138122559 -3.338362120075544e-08 -3.338362120075544e-08
164.96395328432953 0.8928423523902893 0.06915539503097534 0.16636443138122559 -3.338362120075544e-08 -3.338362120075544e-08
165.13973453432953 0.8935723304748535 0.06915539503097534 0.16636443138122559 -3.338362120075544e-08 -3.338362120075544e-08
165.31551578432956 0.8942755460739136 0.06915539503097534 0.16636443138122559 -3.338362120075544e-08 -3.338362120075544e-08
165.49129703432956 0.8949481248855591 0.06915539503097534 0.16636443138122559 -3.338362120075544e-08 -3.338362120075544e-08
165.8428595343296 0.8962152004241943 0.06915539503097534 0.16636443138122559 -3.338362120075544e-08 -3.338362120075544e-08
166.0186407843296 0.8968174457550049 0.06915539503097534 0.16636443138122559 -3.338362120075544e-08 -3.338362120075544e-08
166.19442203432962 0.8973952531814575 0.06915539503097534 0.16636443138122559 -3.338362120075544e-08 -3.338362120075544e-08
166.37020328432962 0.8979504108428955 0.06915539503097534 0.16636443138122559 -3.338362120075544e-08 -3.338362120075544e-08
166.89754703432968 0.8995195627212524 0.06915539503097534 0.16636443138122559 -3.338362120075544e-08 -3.338362120075544e-08
167.07332828432968 0.9000047445297241 0.06915539503097534 0.16636443138122559 -3.338362120075544e-08 -3.338362120075544e-08
167.2491095343297 0.9004722833633423 0.06915539503097534 0.16636443138122559 -3.338362120075544e-08 -3.338362120075544e-08
167.4248907843297 0.9009270071983337 0.06915539503097534 0.16636443138122559 -3.338362120075544e-08 -3.338362120075544e-08
167.95223453432976 0.9022098183631897 0.06915539503097534 0.16636443138122559 -3.338362120075544e-08 -3.338362120075544e-08
168.12801578432976 0.9026063680648804 0.06915539503097534 0.16636443138122559 -3.338362120075544e-08 -3.338362120075544e-08
168.4795782843298 0.9033650159835815 0.06915539503097534 0.16636443138122559 -3.338362120075544e-08 -3.338362120075544e-08
168.91903140932982 0.9042602777481079 0.06915539503097534 0.16636443138122559 -3.338362120075544e-08 -3.338362120075544e-08
169.35848453432985 0.9050842523574829 0.06915539503097534 0.16636443138122559 -3.338362120075544e-08 -3.338362120075544e-08
169.71004703432988 0.9057101011276245 0.06915539503097534 0.16636443138122559 -3.338362120075544e-08 -3.338362120075544e-08
170.76473453432996 0.907383918762207 0.06915539503097534 0.16636443138122559 -3.338362120075544e-08 -3.338362120075544e-08
171.29207828433 0.9081357717514038 0.06915539503097534 0.16636443138122559 -3.338362120075544e-08 -3.338362120075544e-08
172.08309390933005 0.909157395362854 0.06915539503097534 0.16636443138122559 -3.338362120075544e-08 -3.338362120075544e-08
172.87410953433013 0.910088062286377 0.06915539503097534 0.16636443138122559 -3.338362120075544e-08 -3.338362120075544e-08
173.40145328433016 0.9106557965278625 0.06915539503097534 0.16636443138122559 -3.338362120075544e-08 -3.338362120075544e-08
175.3350470343303 0.9124593734741211 0.06915539503097534 0.16636443138122559 -3.338362120075544e-08 -3.338362120075544e-08
175.86239078433033 0.9128843545913696 0.06915539503097534 0.16636443138122559 -3.338362120075544e-08 -3.338362120075544e-08
178.49910953433053 0.9147230386734009 0.06915539503097534 0.16636443138122559 -3.338362120075544e-08 -3.338362120075544e-08
179.0264532843306 0.915035605430603 0.06915539503097534 0.16636443138122559 -3.338362120075544e-08 -3.338362120075544e-08
179.90535953433064 0.9155417680740356 0.06915539503097534 0.16636443138122559 -3.338362120075544e-08 -3.338362120075544e-08
179.99999999999997 0.9155937433242798 0.06915539503097534 0.16636443138122559 -3.338362120075544e-08 -3.338362120075544e-08
