time a b c w1
0.0 0.0 0.0 0.0 0.0
0.00014999999853326784 1.500150000053344e-21 1.500150000053344e-21 1.500150000053344e-21 1.500150000053344e-21
0.0002999999970665357 3.000300000106688e-21 3.000300000106688e-21 3.000300000106688e-21 -5.557241777864874e-09
0.0005999999941330714 6.000600000213376e-21 6.000600000213376e-21 6.000600000213376e-21 -2.3825112549502592e-08
0.001 1.0000999731091105e-20 1.0000999731091105e-20 1.0000999731091105e-20 -3.338247722695087e-08
29.999999999999996 3.000300019364487e-16 3.000300019364487e-16 3.000300019364487e-16 -3.338225695870278e-08
30.000099999999996 3.0003100778807355e-16 3.0003100778807355e-16 3.0003100778807355e-16 -3.336256071406751e-08
30.0003 3.0003299302154367e-16 3.0003299302154367e-16 3.0003299302154367e-16 -3.33431060539624e-08
30.0007 3.0003698995826353e-16 3.0003698995826353e-16 3.0003698995826353e-16 -3.3332813842434916e-08
30.000822963478928 1.413350825263393e-10 3.000382340379048e-16 3.000382340379048e-16 -3.333147446937801e-08
30.000893956646063 3.3540092925221643e-09 3.0003894872195405e-16 3.0003894872195405e-16 -2.11365733804314e-08
30.000929659150767 1.4141742887829878e-08 3.000392928290889e-16 3.000392928290889e-16 3.503812706640019e-08
30.000951227942235 3.7435697208820784e-08 3.000395045873257e-16 3.000395045873257e-16 1.9108726689864852e-07
30.000976226738597 9.993177485512206e-08 3.000397692851217e-16 3.000397692851217e-16 6.885942411827273e-07
30.001 1.9368597747870808e-07 3.000400075131381e-16 3.000400075131381e-16 1.4994600405771052e-06
30.041368875917733 0.0002689230896066874 3.004437245916232e-16 3.004437245916232e-16 0.0026145733427256346
30.08173775183546 0.0005359644419513643 3.008474681398879e-16 3.008474681398879e-16 0.005219950340688229
30.162477967666753 0.0010650199837982655 3.0165495523641725e-16 3.0165495523641725e-16 0.010407795198261738
30.32395839932935 0.0021059876307845116 3.032699029596964e-16 3.032699029596964e-16 0.020704731345176697
30.558333399329353 0.0035828277468681335 3.0561388135276544e-16 3.0561388135276544e-16 0.03549247235059738
30.79270839932935 0.005018552765250206 3.079578862156141e-16 3.079578862156141e-16 0.05008833855390549
31.027083399329346 0.006410059053450823 3.1030186460868317e-16 3.1030186460868317e-16 0.06447546184062958
31.261458399329342 0.007757796905934811 3.1264584300175224e-16 3.1264584300175224e-16 0.07865336537361145
31.495833399329342 0.009062279015779495 3.149898213948213e-16 3.149898213948213e-16 0.09262236207723618
31.73020839932934 0.010324032045900822 3.1733382625766997e-16 3.1733382625766997e-16 0.1063828319311142
31.964583399329335 0.011543563567101955 3.1967780465073903e-16 3.1967780465073903e-16 0.11993435770273209
32.198958399329335 0.012721407227218151 3.220217830438081e-16 3.220217830438081e-16 0.13327664136886597
32.43333339932933 0.013858148828148842 3.2436576143687716e-16 3.2436576143687716e-16 0.1464102566242218
32.66770839932933 0.01495438627898693 3.2670973982994623e-16 3.2670973982994623e-16 0.15933562815189362
32.90208339932932 0.016010716557502747 3.290537446927949e-16 3.290537446927949e-16 0.17205245792865753
33.13645839932932 0.01702777110040188 3.3139772308586396e-16 3.3139772308586396e-16 0.18456093966960907
33.605208399329314 0.018946703523397446 3.360856798720021e-16 3.360856798720021e-16 0.20895624160766602
33.839583399329314 0.01984994113445282 3.3842968473485075e-16 3.3842968473485075e-16 0.22084440290927887
34.07395839932931 0.020716629922389984 3.407736631279198e-16 3.407736631279198e-16 0.23252716660499573
34.30833339932931 0.021547483280301094 3.431176415209889e-16 3.431176415209889e-16 0.2440054565668106
34.89427089932931 0.02347264625132084 3.4897760073855134e-16 3.4897760073855134e-16 0.27181389927864075
35.48020839932929 0.025190383195877075 3.548375599561138e-16 3.548375599561138e-16 0.29836562275886536
35.71458339932929 0.02582220546901226 3.5718153834918287e-16 3.5718153834918287e-16 0.30863815546035767
35.948958399329285 0.02642369456589222 3.5952554321203153e-16 3.5952554321203153e-16 0.31871360540390015
36.183333399329285 0.026995649561285973 3.618695216051006e-16 3.618695216051006e-16 0.3285936713218689
37.12083339932927 0.02900475077331066 3.7124546164715646e-16 3.7124546164715646e-16 0.3661942481994629
37.35520839932927 0.02944166585803032 3.735894400402255e-16 3.735894400402255e-16 0.37512272596359253
37.58958339932927 0.029854193329811096 3.759334184332946e-16 3.759334184332946e-16 0.3838661015033722
37.823958399329264 0.030243143439292908 3.7827739682636365e-16 3.7827739682636365e-16 0.39242666959762573
38.058333399329264 0.03060932829976082 3.806214016892123e-16 3.806214016892123e-16 0.4008066654205322
38.29270839932926 0.030953645706176758 3.829653800822814e-16 3.829653800822814e-16 0.40900808572769165
38.52708339932926 0.03127698972821236 3.8530935847535044e-16 3.8530935847535044e-16 0.417032927274704
38.76145839932926 0.03158016502857208 3.876533368684195e-16 3.876533368684195e-16 0.4248836636543274
38.99583339932925 0.031863972544670105 3.8999734173126817e-16 3.8999734173126817e-16 0.43256276845932007
39.23020839932925 0.03212931379675865 3.9234132012433724e-16 3.9234132012433724e-16 0.44007232785224915
39.46458339932924 0.03237703815102577 3.946852985174063e-16 3.946852985174063e-16 0.44741472601890564
39.69895839932924 0.032607898116111755 3.9702927691047537e-16 3.9702927691047537e-16 0.45459261536598206
39.93333339932924 0.03282265365123749 3.9937325530354443e-16 3.9937325530354443e-16 0.4616086483001709
40.167708399329236 0.033022090792655945 4.017172601663931e-16 4.017172601663931e-16 0.4684653580188751
40.402083399329236 0.03320696949958801 4.0406123855946216e-16 4.0406123855946216e-16 0.47516539692878723
40.636458399329236 0.033378031104803085 4.0640521695253123e-16 4.0640521695253123e-16 0.48171135783195496
40.87083339932923 0.03353601321578026 4.087491953456003e-16 4.087491953456003e-16 0.4881058931350708
41.10520839932923 0.03368162363767624 4.1109320020844896e-16 4.1109320020844896e-16 0.49435174465179443
41.33958339932922 0.03381553292274475 4.13437178601518e-16 4.13437178601518e-16 0.5004516243934631
41.57395839932922 0.033938389271497726 4.157811569945871e-16 4.157811569945871e-16 0.5064082741737366
41.80833339932922 0.03405086696147919 4.1812513538765615e-16 4.1812513538765615e-16 0.5122244358062744
42.042708399329214 0.03415361046791077 4.204691137807252e-16 4.204691137807252e-16 0.5179027318954468
43.2145833993292 0.034541916102170944 4.3218905868562974e-16 4.3218905868562974e-16 0.544322669506073
43.4489583993292 0.03459841012954712 4.345330370786988e-16 4.345330370786988e-16 0.5492312908172607
43.68333339932919 0.03464905917644501 4.3687701547176787e-16 4.3687701547176787e-16 0.5540211200714111
43.91770839932919 0.03469427675008774 4.3922099386483693e-16 4.3922099386483693e-16 0.5586948394775391
44.15208339932919 0.03473446145653725 4.415649987276856e-16 4.415649987276856e-16 0.5632550716400146
44.386458399329186 0.03477005660533905 4.4390897712075466e-16 4.4390897712075466e-16 0.5677044987678528
44.620833399329186 0.03480149805545807 4.462529555138237e-16 4.462529555138237e-16 0.572045624256134
44.855208399329186 0.034829121083021164 4.485969603766724e-16 4.485969603766724e-16 0.5762810111045837
46.261458399329165 0.0349324569106102 4.626608307350868e-16 4.626608307350868e-16 0.5996131896972656
46.495833399329165 0.03494194895029068 4.650048355979354e-16 4.650048355979354e-16 0.6031776666641235
46.73020839932916 0.034949883818626404 4.673488404607841e-16 4.673488404607841e-16 0.6066557168960571
46.96458339932916 0.0349564366042614 4.696927923840736e-16 4.696927923840736e-16 0.6100494861602783
48.605208399329136 0.034976836293935776 4.861006676053366e-16 4.861006676053366e-16 0.6316252946853638
48.839583399329136 0.03497762978076935 4.884446724681853e-16 4.884446724681853e-16 0.6344201564788818
49.07395839932913 0.03497817739844322 4.90788677331034e-16 4.90788677331034e-16 0.637148916721344
49.30833339932913 0.034978531301021576 4.931326292543234e-16 4.931326292543234e-16 0.6398133039474487
51.18333339932911 0.03497891128063202 5.118845093384351e-16 5.118845093384351e-16 0.6590108275413513
51.41770839932911 0.03497891128063202 5.142285142012838e-16 5.142285142012838e-16 0.661169171333313
51.6520833993291 0.03497891128063202 5.165724661245733e-16 5.165724661245733e-16 0.6632787585258484
51.8864583993291 0.03497891128063202 5.189164709874219e-16 5.189164709874219e-16 0.6653409004211426
52.58958339932909 0.03497891128063202 5.259484326364087e-16 5.259484326364087e-16 0.6712549924850464
52.823958399329086 0.03497891128063202 5.282923845596982e-16 5.282923845596982e-16 0.6731398105621338
53.058333399329086 0.03497891128063202 5.306363894225469e-16 5.306363894225469e-16 0.6749832630157471
53.29270839932908 0.03497891128063202 5.329803942853955e-16 5.329803942853955e-16 0.6767865419387817
56.10520839932905 0.03497891128063202 5.611081879417835e-16 5.611081879417835e-16 0.6956565380096436
56.339583399329044 0.03497891128063202 5.634521928046322e-16 5.634521928046322e-16 0.6970258355140686
56.573958399329044 0.03497891128063202 5.657961447279216e-16 5.657961447279216e-16 0.6983675956726074
56.808333399329044 0.03497891128063202 5.681401495907703e-16 5.681401495907703e-16 0.6996825933456421
59.62083339932901 0.03497891128063202 5.962679432471583e-16 5.962679432471583e-16 0.7136086821556091
59.85520839932901 0.03497891128063202 5.986119481100069e-16 5.986119481100069e-16 0.7146339416503906
59.99999999999999 0.03497891128063202 6.000600038728974e-16 6.000600038728974e-16 0.7152597308158875
60.000099999999996 0.03497891128063202 6.000610097245222e-16 6.000610097245222e-16 0.7152590751647949
60.000299999999996 0.03497869893908501 6.00063021427772e-16 6.00063021427772e-16 0.7152584195137024
60.000699999999995 0.03497612476348877 6.000669918947122e-16 6.000669918947122e-16 0.7152581810951233
60.001000000000005 0.03497140109539032 6.000700094495868e-16 6.000700094495868e-16 0.7152581810951233
60.00108 0.03496414050459862 6.000708035429749e-16 6.000708035429749e-16 0.7152581810951233
60.00124000000001 0.03494961932301521 6.00072391729751e-16 6.00072391729751e-16 0.7152581810951233
60.16492000000147 0.02147892490029335 6.017093887794383e-16 6.017093887794383e-16 0.7152581810951233
60.328600000002936 0.010292458347976208 6.033463328895664e-16 6.033463328895664e-16 0.7152581810951233
60.449097146877364 0.003154434496536851 6.045513960757133e-16 6.045513960757133e-16 0.7152581810951233
60.51134099627691 0.00025956149329431355 6.05173912352386e-16 6.05173912352386e-16 0.7152581810951233
60.524670283112485 -3.338225695870278e-08 6.053072141624601e-16 6.053072141624601e-16 0.7152581810951233
89.99999999999999 -3.3340604943532526e-08 9.000900322791256e-16 9.000900322791256e-16 0.7152581810951233
90.0001 -3.334867670901076e-08 9.000909851911913e-16 9.000909851911913e-16 0.7152581810951233
90.0003 -3.333045839326587e-08 9.00092996894441e-16 9.00092996894441e-16 0.7152581810951233
90.0007 -3.3266708499013475e-08 9.000970203009405e-16 9.000970203009405e-16 0.7152581810951233
90.00082296429387 -3.3257435916311806e-08 1.4135473347387517e-10 9.00098184971243e-16 0.7152581810951233
90.0008939573099 -2.1062311006403434e-08 3.3541649457902167e-09 9.000989261250718e-16 0.7152581810951233
90.00092965974173 3.5114421592652434e-08 1.4142195858823925e-08 9.000993496415454e-16 0.7152581810951233
90.0009512284337 1.9116663452223293e-07 3.7436493016684835e-08 9.000995613997823e-16 0.7152581810951233
90.00097622706839 6.88676834670332e-07 9.993283356379834e-08 9.00099773158019e-16 0.7152581810951233
90.001 1.4995380297477823e-06 1.936863611717854e-07 9.000999849162559e-16 0.7152581810951233
90.08173924968153 0.005220049060881138 0.000535976083483547 9.00907419073226e-16 0.7152581810951233
90.16247849936306 0.010407829657196999 0.0010650234762579203 9.017149591093146e-16 0.7152581810951233
90.32395946273009 0.02070480026304722 0.002105994615703821 9.033299333023733e-16 0.7152581810951233
90.55833446273009 0.035492539405822754 0.003582834731787443 9.056738852256628e-16 0.7152581810951233
91.0270844627301 0.0644749104976654 0.0064100297167897224 9.103618949513601e-16 0.7152581810951233
91.2614594627301 0.07865282148122787 0.007757768500596285 9.127058468746496e-16 0.7152581810951233
91.4958344627301 0.09262203425168991 0.009062264114618301 9.15049798797939e-16 0.7152581810951233
91.73020946273012 0.10638188570737839 0.010323993861675262 9.17393856600347e-16 0.7152581810951233
91.96458446273012 0.11993219703435898 0.01154347788542509 9.197378085236364e-16 0.7152581810951233
92.43333446273012 0.1464061290025711 0.013858012855052948 9.244258182493337e-16 0.7152581810951233
92.66770946273013 0.159330353140831 0.014954233542084694 9.267697701726232e-16 0.7152581810951233
92.90208446273013 0.1720464676618576 0.01601056382060051 9.291137220959127e-16 0.7152581810951233
93.13645946273013 0.1845548450946808 0.017027631402015686 9.314577798983205e-16 0.7152581810951233
93.37083446273014 0.19685596227645874 0.018006086349487305 9.3380173182161e-16 0.7152581810951233
93.83958446273014 0.22083954513072968 0.01984984427690506 9.38489635668189e-16 0.7152581810951233
94.07395946273014 0.23252350091934204 0.020716525614261627 9.408336934705968e-16 0.7152581810951233
94.30833446273016 0.2440025806427002 0.02154737338423729 9.431776453938862e-16 0.7152581810951233
94.54270946273016 0.2552778720855713 0.022343119606375694 9.455215973171757e-16 0.7152581810951233
95.48020946273017 0.29836317896842957 0.025190306827425957 9.548976167685704e-16 0.7152581810951233
95.71458446273017 0.30863577127456665 0.02582213655114174 9.572415686918598e-16 0.7152581810951233
95.94895946273019 0.31871122121810913 0.026423633098602295 9.595855206151493e-16 0.7152581810951233
96.18333446273019 0.32859134674072266 0.026995595544576645 9.619295784175572e-16 0.7152581810951233
96.8864594627302 0.3570758104324341 0.0285426527261734 9.689614341874256e-16 0.7152581810951233
97.58958446273022 0.38386353850364685 0.02985425665974617 9.759933958364123e-16 0.7152581810951233
97.82395946273022 0.3924243748188019 0.0302431657910347 9.783374536388202e-16 0.7152581810951233
98.05833446273022 0.40080422163009644 0.030609402805566788 9.806814055621097e-16 0.7152581810951233
98.29270946273023 0.4090054929256439 0.030953774228692055 9.830253574853991e-16 0.7152581810951233
98.76145946273023 0.4248816668987274 0.031580179929733276 9.877133672110965e-16 0.7152581810951233
98.99583446273023 0.43256086111068726 0.03186396509408951 9.90057319134386e-16 0.7152581810951233
99.23020946273024 0.44007056951522827 0.032129283994436264 9.924013769367938e-16 0.7152581810951233
99.46458446273024 0.44741329550743103 0.032376907765865326 9.947453288600833e-16 0.7152581810951233
99.69895946273024 0.4545917510986328 0.03260758891701698 9.970892807833727e-16 0.7152581810951233
100.16770946273026 0.468465656042099 0.033021360635757446 1.00177729050907e-15 0.7152581810951233
100.40208446273026 0.47516611218452454 0.03320605307817459 1.0041212424323595e-15 0.7152581810951233
100.63645946273026 0.48171237111091614 0.03337698429822922 1.006465194355649e-15 0.7152581810951233
100.87083446273027 0.48810717463493347 0.033534832298755646 1.0088092521580569e-15 0.7152581810951233
101.10520946273027 0.4943532943725586 0.03368028625845909 1.0111532040813463e-15 0.7152581810951233
101.33958446273027 0.5004532933235168 0.03381411358714104 1.0134971560046358e-15 0.7152581810951233
101.57395946273027 0.5064098834991455 0.033937014639377594 1.0158412138070437e-15 0.7152581810951233
101.80833446273029 0.5122258067131042 0.03404959291219711 1.0181851657303331e-15 0.7152581810951233
102.04270946273029 0.5179039239883423 0.034152451902627945 1.0205291176536226e-15 0.7152581810951233
102.27708446273029 0.5234469175338745 0.034246206283569336 1.022873069576912e-15 0.7152581810951233
102.5114594627303 0.5288575887680054 0.03433144465088844 1.02521712737932e-15 0.7152581810951233
102.7458344627303 0.5341386198997498 0.03440874069929123 1.0275610793026094e-15 0.7152581810951233
102.9802094627303 0.5392928123474121 0.03447863459587097 1.0299050312258988e-15 0.7152581810951233
103.68333446273031 0.5540210604667664 0.03464905172586441 1.0369369928748856e-15 0.7152581810951233
103.91770946273031 0.5586947202682495 0.03469435125589371 1.0392810506772935e-15 0.7152581810951233
104.15208446273033 0.5632549524307251 0.03473460674285889 1.041625002600583e-15 0.7152581810951233
104.38645946273033 0.5677043199539185 0.03477028012275696 1.0439689545238724e-15 0.7152581810951233
105.08958446273034 0.5804131031036377 0.03485371917486191 1.0510009161728592e-15 0.7152581810951233
105.32395946273034 0.5844446420669556 0.03487478569149971 1.0533448680961487e-15 0.7152581810951233
105.55833446273034 0.5883780717849731 0.0348929800093174 1.0556889258985565e-15 0.7152581810951233
105.79270946273036 0.5922156572341919 0.03490862250328064 1.058032877821846e-15 0.7152581810951233
106.02708446273036 0.5959599018096924 0.03492201119661331 1.0603768297451355e-15 0.7152581810951233
106.26145946273036 0.5996131300926208 0.03493338078260422 1.0627208875475433e-15 0.7152581810951233
106.49583446273036 0.6031776666641235 0.034942954778671265 1.0650648394708328e-15 0.7152581810951233
106.73020946273037 0.6066557168960571 0.03495094180107117 1.0674087913941223e-15 0.7152581810951233
107.43333446273037 0.6165932416915894 0.03496730327606201 1.074440753043109e-15 0.7152581810951233
107.66770946273039 0.6197472810745239 0.03497077524662018 1.076784810845517e-15 0.7152581810951233
107.90208446273039 0.6228256225585938 0.034973498433828354 1.0791287627688064e-15 0.7152581810951233
108.13645946273039 0.6258302330970764 0.03497559577226639 1.0814727146920959e-15 0.7152581810951233
108.6052094627304 0.6316260099411011 0.034978337585926056 1.0861607244177932e-15 0.7152581810951233
108.8395844627304 0.6344209909439087 0.034979164600372314 1.0885046763410827e-15 0.7152581810951233
109.0739594627304 0.6371497511863708 0.03497973084449768 1.0908486282643721e-15 0.7152581810951233
109.30833446273041 0.6398141384124756 0.03498010337352753 1.09319268606678e-15 0.7152581810951233
109.54270946273041 0.6424159407615662 0.034980326890945435 1.0955366379900694e-15 0.7152581810951233
109.77708446273041 0.6449567079544067 0.034980446100234985 1.097880589913359e-15 0.7152581810951233
110.01145946273043 0.6474382281303406 0.03498050197958946 1.1002246477157668e-15 0.7152581810951233
110.24583446273043 0.6498620510101318 0.034980516880750656 1.1025685996390562e-15 0.7152581810951233
110.48020946273043 0.6522298455238342 0.034980520606040955 1.1049125515623457e-15 0.7152581810951233
110.71458446273043 0.6545430421829224 0.034980520606040955 1.1072566093647536e-15 0.7152581810951233
111.18333446273044 0.659011721611023 0.034980520606040955 1.1119445132113325e-15 0.7152581810951233
111.41770946273044 0.6611701250076294 0.034980520606040955 1.114288465134622e-15 0.7152581810951233
111.65208446273046 0.66327965259552 0.034980520606040955 1.1166325229370298e-15 0.7152581810951233
111.88645946273046 0.6653417348861694 0.034980520606040955 1.1189764748603193e-15 0.7152581810951233
112.12083446273046 0.6673576235771179 0.034980520606040955 1.1213204267836088e-15 0.7152581810951233
112.35520946273046 0.6693285703659058 0.034980520606040955 1.1236644845860166e-15 0.7152581810951233
112.58958446273047 0.671255886554718 0.034980520606040955 1.126008436509306e-15 0.7152581810951233
112.82395946273047 0.6731406450271606 0.034980520606040955 1.1283523884325956e-15 0.7152581810951233
114.2302094627305 0.6836193203926086 0.034980520606040955 1.1424163117305691e-15 0.7152581810951233
114.4645844627305 0.6852372288703918 0.034980520606040955 1.1447602636538586e-15 0.7152581810951233
114.6989594627305 0.6868211030960083 0.034980520606040955 1.1471043214562665e-15 0.7152581810951233
114.93333446273051 0.6883717775344849 0.034980520606040955 1.149448273379556e-15 0.7152581810951233
116.80833446273054 0.6996830701828003 0.034980520606040955 1.1682001005241084e-15 0.7152581810951233
117.04270946273054 0.7009720206260681 0.034980520606040955 1.1705441583265163e-15 0.7152581810951233
117.27708446273054 0.7022355198860168 0.034980520606040955 1.1728881102498058e-15 0.7152581810951233
117.51145946273056 0.7034742832183838 0.034980520606040955 1.1752320621730952e-15 0.7152581810951233
117.74583446273056 0.7046889662742615 0.034980520606040955 1.1775761199755031e-15 0.7152581810951233
117.98020946273056 0.7058801651000977 0.034980520606040955 1.1799200718987926e-15 0.7152581810951233
118.21458446273056 0.7070484161376953 0.034980520606040955 1.182264023822082e-15 0.7152581810951233
118.44895946273057 0.7081944346427917 0.034980520606040955 1.18460808162449e-15 0.7152581810951233
118.68333446273057 0.7093186974525452 0.034980520606040955 1.1869520335477794e-15 0.7152581810951233
118.91770946273057 0.7104218006134033 0.034980520606040955 1.1892959854710688e-15 0.7152581810951233
119.99999999999999 0.7152603268623352 0.034980520606040955 1.2001200077457947e-15 0.7152581810951233
120.0001 0.7152595520019531 0.034980520606040955 1.2001209606578604e-15 0.7152581810951233
120.0003 0.7152588367462158 0.034980520606040955 1.2001229723611101e-15 0.7152581810951233
120.0007 0.7152585387229919 0.034980520606040955 1.2001269957676096e-15 0.7152581810951233
120.00085446967239 0.7152585387229919 0.034980520606040955 1.2001285839543857e-15 0.7152581810951233
120.001 0.7152585387229919 0.034980520606040955 1.200129960382925e-15 0.7152581810951233
120.1781769373152 0.7152585387229919 0.034980520606040955 0.0012461644364520907 0.7152581810951233
120.35535928180644 0.7152585387229919 0.034980520606040955 0.002490108134225011 0.7152581810951233
120.58973428180644 0.7152585387229919 0.034980520606040955 0.004132719244807959 0.7152581810951233
120.82410928180644 0.7152585387229919 0.034980520606040955 0.005771898198872805 0.7152581810951233
121.05848428180644 0.7152585387229919 0.034980520606040955 0.0074074226431548595 0.7152581810951233
130.1991092818061 0.7152585387229919 0.034980520606040955 0.06837055832147598 0.7152581810951233
139.33973428180576 0.7152585387229919 0.034980520606040955 0.12395574897527695 0.7152581810951233
139.57410928180576 0.7152585387229919 0.034980520606040955 0.1253121793270111 0.7152581810951233
139.80848428180573 0.7152585387229919 0.034980520606040955 0.12666523456573486 0.7152581810951233
140.04285928180573 0.7152585387229919 0.034980520606040955 0.12801489233970642 0.7152581810951233
140.9803592818057 0.7152585387229919 0.034980520606040955 0.13337984681129456 0.7152581810951233
141.21473428180568 0.7152585387229919 0.034980520606040955 0.13471268117427826 0.7152581810951233
141.44910928180568 0.7152585387229919 0.034980520606040955 0.13604216277599335 0.7152581810951233
141.68348428180568 0.7152585387229919 0.034980520606040955 0.13736829161643982 0.7152581810951233
145.84174214090285 0.7152585387229919 0.034980520606040955 0.16034436225891113 0.7152581810951233
150.0 0.7152585387229919 0.034980520606040955 0.18229496479034424 0.7152581810951233
150.0001 0.7152585387229919 0.034980520606040955 0.18229565024375916 0.7152581810951233
150.0003 0.7152585387229919 0.034980520606040955 0.18229644000530243 0.7152581810951233
150.0007 0.7152585387229919 0.034980520606040955 0.18229538202285767 0.7152581810951233
150.001 0.7152585387229919 0.034980520606040955 0.18229299783706665 0.7152581810951233
150.08288000000132 0.7155274152755737 0.034980520606040955 0.18229299783706665 0.7152581810951233
150.1647600000026 0.7157945036888123 0.034980520606040955 0.18229299783706665 0.7152581810951233
150.32860000000517 0.7163245677947998 0.034980520606040955 0.18229299783706665 0.7152581810951233
150.56297500000517 0.7170742154121399 0.034980520606040955 0.18229299783706665 0.7152581810951233
150.79735000000514 0.7178136110305786 0.034980520606040955 0.18229299783706665 0.7152581810951233
151.03172500000514 0.7185420989990234 0.034980520606040955 0.18229299783706665 0.7152581810951233
152.20360000000508 0.7220288515090942 0.034980520606040955 0.18229299783706665 0.7152581810951233
152.43797500000508 0.7226965427398682 0.034980520606040955 0.18229299783706665 0.7152581810951233
152.67235000000508 0.723354697227478 0.034980520606040955 0.18229299783706665 0.7152581810951233
152.90672500000505 0.7240035533905029 0.034980520606040955 0.18229299783706665 0.7152581810951233
153.14110000000505 0.724643349647522 0.034980520606040955 0.18229299783706665 0.7152581810951233
153.37547500000505 0.7252743244171143 0.034980520606040955 0.18229299783706665 0.7152581810951233
153.60985000000503 0.7258964776992798 0.034980520606040955 0.18229299783706665 0.7152581810951233
155.95360000000494 0.731673538684845 0.034980520606040955 0.18229299783706665 0.7152581810951233
156.18797500000494 0.7322100400924683 0.034980520606040955 0.18229299783706665 0.7152581810951233
156.4223500000049 0.7327395677566528 0.034980520606040955 0.18229299783706665 0.7152581810951233
156.6567250000049 0.733262300491333 0.034980520606040955 0.18229299783706665 0.7152581810951233
158.29735000000485 0.73674076795578 0.034980520606040955 0.18229299783706665 0.7152581810951233
158.53172500000483 0.7372132539749146 0.034980520606040955 0.18229299783706665 0.7152581810951233
158.76610000000483 0.7376798987388611 0.034980520606040955 0.18229299783706665 0.7152581810951233
159.00047500000483 0.7381409406661987 0.034980520606040955 0.18229299783706665 0.7152581810951233
162.98485000000466 0.7451959848403931 0.034980520606040955 0.18229299783706665 0.7152581810951233
163.21922500000463 0.7455697059631348 0.034980520606040955 0.18229299783706665 0.7152581810951233
163.45360000000463 0.7459392547607422 0.034980520606040955 0.18229299783706665 0.7152581810951233
163.68797500000463 0.7463047504425049 0.034980520606040955 0.18229299783706665 0.7152581810951233
164.85985000000457 0.7480736970901489 0.034980520606040955 0.18229299783706665 0.7152581810951233
165.09422500000457 0.7484161853790283 0.034980520606040955 0.18229299783706665 0.7152581810951233
165.32860000000454 0.7487550377845764 0.034980520606040955 0.18229299783706665 0.7152581810951233
165.56297500000454 0.749090313911438 0.034980520606040955 0.18229299783706665 0.7152581810951233
168.8442250000044 0.7534379959106445 0.034980520606040955 0.18229299783706665 0.7152581810951233
169.0786000000044 0.7537257075309753 0.034980520606040955 0.18229299783706665 0.7152581810951233
169.3129750000044 0.7540106773376465 0.034980520606040955 0.18229299783706665 0.7152581810951233
169.54735000000437 0.7542928457260132 0.034980520606040955 0.18229299783706665 0.7152581810951233
172.1254750000043 0.7572246193885803 0.034980520606040955 0.18229299783706665 0.7152581810951233
172.35985000000426 0.7574764490127563 0.034980520606040955 0.18229299783706665 0.7152581810951233
172.59422500000426 0.7577260136604309 0.034980520606040955 0.18229299783706665 0.7152581810951233
172.82860000000426 0.757973313331604 0.034980520606040955 0.18229299783706665 0.7152581810951233
178.687975000004 0.763497531414032 0.034980520606040955 0.18229299783706665 0.7152581810951233
178.922350000004 0.7636951208114624 0.034980520606040955 0.18229299783706665 0.7152581810951233
179.156725000004 0.7638910412788391 0.034980520606040955 0.18229299783706665 0.7152581810951233
179.39110000000397 0.7640854716300964 0.034980520606040955 0.18229299783706665 0.7152581810951233
179.62547500000397 0.7642782926559448 0.034980520606040955 0.18229299783706665 0.7152581810951233
179.85985000000397 0.7644697427749634 0.034980520606040955 0.18229299783706665 0.7152581810951233
179.99999999999997 0.7645835876464844 0.034980520606040955 0.18229299783706665 0.7152581810951233
180.0001 0.7645833492279053 0.034980520606040955 0.18229299783706665 0.7152581810951233
180.0003 0.7645831108093262 0.034980520606040955 0.18229271471500397 0.7152581810951233
180.0007 0.7645829916000366 0.034980520606040955 0.18228916823863983 0.7152581810951233
180.001 0.7645829916000366 0.034980520606040955 0.18228261172771454 0.7152581810951233
180.02144000000035 0.7645829916000366 0.034980520606040955 0.17969003319740295 0.7152581810951233
180.04188000000067 0.7645829916000366 0.034980520606040955 0.17709672451019287 0.7152581810951233
180.0828400000013 0.7645829916000366 0.034980520606040955 0.1718984991312027 0.7152581810951233
180.1647600000026 0.7645829916000366 0.034980520606040955 0.16150516271591187 0.7152581810951233
180.32860000000517 0.7645829916000366 0.034980520606040955 0.140797957777977 0.7152581810951233
180.56297500000517 0.7645829916000366 0.034980520606040955 0.11157320439815521 0.7152581810951233
180.79735000000514 0.7645829916000366 0.034980520606040955 0.08338364958763123 0.7152581810951233
181.03172500000514 0.7645829916000366 0.034980520606040955 0.05729397013783455 0.7152581810951233
181.26610000000514 0.7645829916000366 0.034980520606040955 0.03454918786883354 0.7152581810951233
181.5004750000051 0.7645829916000366 0.034980520606040955 0.016056831926107407 0.7152581810951233
181.7348500000051 0.7645829916000366 0.034980520606040955 0.0019060305785387754 0.7152581810951233
181.789842192619 0.7645829916000366 0.034980520606040955 0.00024570824461989105 0.7152581810951233
181.84539188292797 0.7645829916000366 0.034980520606040955 -3.338225695870278e-08 0.7152581810951233
204.71570327086653 0.7645829916000366 0.034980520606040955 -3.338225695870278e-08 0.7152581810951233
209.99999999999997 0.7645829916000366 0.034980520606040955 -3.3396940324337265e-08 0.7152581810951233
210.00009999999997 0.7645829916000366 0.034980520606040955 -3.33674563535169e-08 0.7152581810951233
210.0003 0.7645829916000366 0.034980520606040955 -3.33431060539624e-08 0.7152581810951233
210.00070000000002 0.7645829916000366 0.034980520606040955 -3.332693054858282e-08 0.7152581810951233
210.00094402115803 0.7645829916000366 0.034980520606040955 -3.331299325282089e-08 0.7152581810951233
210.00100000000003 0.7645829916000366 0.034980520606040955 -3.3310900704464075e-08 0.7152581810951233
211.73977459508797 0.7645829916000366 0.034980520606040955 0.004884219728410244 0.7152581810951233
211.97414959508794 0.7645829916000366 0.034980520606040955 0.005539475940167904 0.7152581810951233
212.20852459508794 0.7645829916000366 0.034980520606040955 0.006193988956511021 0.7152581810951233
212.44289959508794 0.7645829916000366 0.034980520606040955 0.006847760174423456 0.7152581810951233
215.7241495950878 0.7645829916000366 0.034980520606040955 0.015922879800200462 0.7152581810951233
219.00539959508765 0.7645829916000366 0.034980520606040955 0.02485394850373268 0.7152581810951233
219.23977459508765 0.7645829916000366 0.034980520606040955 0.025486405938863754 0.7152581810951233
219.47414959508765 0.7645829916000366 0.034980520606040955 0.026118135079741478 0.7152581810951233
219.70852459508762 0.7645829916000366 0.034980520606040955 0.026749137789011 0.7152581810951233
229.66946209508723 0.7645829916000366 0.034980520606040955 0.05290190875530243 0.7152581810951233
239.63039959508683 0.7645829916000366 0.034980520606040955 0.07778313010931015 0.7152581810951233
239.8647745950868 0.7645829916000366 0.034980520606040955 0.07835367321968079 0.7152581810951233
239.99999999999997 0.7645829916000366 0.034980520606040955 0.07868259400129318 0.7152581810951233
