time a b c w1 w2
0.0 0.0 0.0 0.0 0.0 0.0
0.00014062499775757686 1.0 1.0 1.4063906124282356e-21 1.4063906124282356e-21 1.4063906124282356e-21
0.00028124999551515373 1.0 1.0 2.8127812248564712e-21 -5.556874516088328e-09 -5.556874516088328e-09
0.0005624999910303075 1.0 1.0 5.6255624497129424e-21 -2.3201602417088907e-08 -2.3201602417088907e-08
0.001 1.0 1.0 1.0000999731091105e-20 -3.338055520885064e-08 -3.338055520885064e-08
29.999999999999996 1.0 1.0 3.000300019364487e-16 -3.338031717703416e-08 -3.338031717703416e-08
30.000099999999996 1.0 1.0 3.0003100778807355e-16 -3.3361402529408224e-08 -3.3361402529408224e-08
30.0003 1.0 1.0 3.0003299302154367e-16 -3.334272591359877e-08 -3.334271880817141e-08
30.0007 1.0 1.0 3.0003698995826353e-16 -3.3332881343994814e-08 -3.333283515871699e-08
30.000822963453487 1.0 1.0 9.841443215918844e-09 -3.33316094724978e-08 -3.0888088531355606e-08
30.00089395652722 1.0 1.0 5.359383337122381e-08 -3.333121156856578e-08 2.5066441367016523e-08
30.000929689466297 1.0 1.0 1.1928237597658153e-07 -3.333121156856578e-08 5.1896780206561743e-08
30.000951756887414 1.0 1.0 1.9296830089388095e-07 -3.333121156856578e-08 2.734092596767823e-08
30.000964884933143 1.0 1.0 2.7262657908977417e-07 -3.333121156856578e-08 1.692926190344224e-07
30.000975274208944 1.0 1.0 3.8000479207767057e-07 -3.333121156856578e-08 5.931108830736775e-07
30.00098681595282 1.0 1.0 5.464984837999509e-07 -3.333121156856578e-08 1.4059253317100229e-06
30.001001331402637 1.0 1.0 8.003237894627091e-07 -3.333121156856578e-08 2.7414107535150833e-06
30.175509606528426 1.0 1.0 0.0036177090369164944 -3.333121156856578e-08 0.02029402367770672
30.350017881654207 1.0 1.0 0.007175353821367025 -3.333121156856578e-08 0.040396999567747116
30.69903709471105 1.0 1.0 0.013988986611366272 -3.333121156856578e-08 0.07963357120752335
31.39707552082474 1.0 1.0 0.026694783940911293 -3.333121156856578e-08 0.15509483218193054
32.275981770824735 1.0 1.0 0.04117627441883087 -3.333121156856578e-08 0.2450234442949295
33.154888020824735 1.0 1.0 0.05381683260202408 -3.333121156856578e-08 0.32855743169784546
34.033794270824735 1.0 1.0 0.06448444724082947 -3.333121156856578e-08 0.4049176871776581
34.912700520824735 1.0 1.0 0.0732373595237732 -3.333121156856578e-08 0.4738967716693878
35.79160677082473 1.0 1.0 0.08020199090242386 -3.333121156856578e-08 0.535469114780426
36.67051302082473 1.0 1.0 0.08552604168653488 -3.333121156856578e-08 0.58962082862854
37.54941927082473 1.0 1.0 0.08938364684581757 -3.333121156856578e-08 0.6363856792449951
38.42832552082472 1.0 1.0 0.0919998362660408 -3.333121156856578e-08 0.6760028004646301
39.30723177082472 1.0 1.0 0.09364844858646393 -3.333121156856578e-08 0.7090573906898499
40.18613802082472 1.0 1.0 0.09461356699466705 -3.333121156856578e-08 0.7364187240600586
41.06504427082472 1.0 1.0 0.09513188898563385 -3.333121156856578e-08 0.7589203715324402
41.943950520824714 1.0 1.0 0.09537610411643982 -3.333121156856578e-08 0.7772773504257202
42.822856770824714 1.0 1.0 0.09547222405672073 -3.333121156856578e-08 0.7922496795654297
43.701763020824714 1.0 1.0 0.09550245106220245 -3.333121156856578e-08 0.8045724630355835
44.580669270824714 1.0 1.0 0.0955093502998352 -3.333121156856578e-08 0.8148238062858582
45.45957552082471 1.0 1.0 0.09551019221544266 -3.333121156856578e-08 0.8234233856201172
46.33848177082471 1.0 1.0 0.09551021456718445 -3.333121156856578e-08 0.8306397795677185
47.21738802082471 1.0 1.0 0.09551021456718445 -3.333121156856578e-08 0.8366752862930298
48.0962942708247 1.0 1.0 0.09551021456718445 -3.333121156856578e-08 0.8417683243751526
50.7330130208247 1.0 1.0 0.09551021456718445 -3.333121156856578e-08 0.8533499836921692
52.49082552082469 1.0 1.0 0.09551021456718445 -3.333121156856578e-08 0.8588780164718628
53.36973177082469 1.0 1.0 0.09551021456718445 -3.333121156856578e-08 0.8611800670623779
54.24863802082469 1.0 1.0 0.09551021456718445 -3.333121156856578e-08 0.863234281539917
55.127544270824686 1.0 1.0 0.09551021456718445 -3.333121156856578e-08 0.8650791645050049
57.56377213541234 1.0 1.0 0.09551021456718445 -3.333121156856578e-08 0.8693323731422424
59.99999999999999 1.0 1.0 0.09551021456718445 -3.333121156856578e-08 0.8726499080657959
60.000099999999996 1.0 1.0 0.09551021456718445 -3.333121156856578e-08 0.872649610042572
60.000299999999996 1.0 1.0 0.09550987184047699 -3.333121156856578e-08 0.8726493120193481
60.000699999999995 1.0 1.0 0.09550594538450241 -3.333121156856578e-08 0.8726491928100586
60.001000000000005 1.0 1.0 0.09549885243177414 -3.333121156856578e-08 0.8726491928100586
60.29922402619556 1.0 1.0 0.05823986232280731 -3.333121156856578e-08 0.8726491928100586
60.597448052391115 1.0 1.0 0.028035249561071396 -3.333121156856578e-08 0.8726491928100586
60.89155426474567 1.0 1.0 0.005573040805757046 -3.333121156856578e-08 0.8726491928100586
61.00299703364511 1.0 1.0 0.0003163182991556823 -3.333121156856578e-08 0.8726491928100586
61.02392868450678 1.0 1.0 -3.338614362746739e-08 -3.333121156856578e-08 0.8726491928100586
89.99999999999999 1.0 1.0 -3.3398841026155424e-08 -3.333121156856578e-08 0.8726491928100586
90.0001 1.0 1.0 -3.3377329344830287e-08 -3.333159170892941e-08 0.8726491928100586
90.0003 1.0 1.0 -3.3355057382777886e-08 -3.3332703708310873e-08 0.8726491928100586
90.0007 1.0 1.0 -3.333048326226162e-08 -3.333235909508403e-08 0.8726491928100586
90.001 1.0 1.0 -3.3309955682625514e-08 -3.332980824666265e-08 0.8726491928100586
119.99999999999999 1.0 1.0 -3.3309955682625514e-08 -3.332980469394897e-08 0.8726491928100586
120.0001 1.0 1.0 -3.3309955682625514e-08 -3.332980469394897e-08 0.8726491928100586
120.0003 1.0 1.0 -3.3309955682625514e-08 -3.332980469394897e-08 0.8726491928100586
120.0007 0.9999999403953552 1.0 -3.3309955682625514e-08 -3.332980469394897e-08 0.8726491928100586
120.001 0.9999998807907104 1.0 -3.3309955682625514e-08 -3.332980469394897e-08 0.8726491928100586
120.15443966979468 0.9998193383216858 1.0 0.0005186841590330005 -3.332980469394897e-08 0.8726491928100586
120.30787933958936 0.9996281266212463 1.0 0.0010412797564640641 -3.332980469394897e-08 0.8726491928100586
120.61476804467874 0.9992159605026245 1.0 0.0021136770956218243 -3.332980469394897e-08 0.8726491928100586
121.02626063318804 0.9985770583152771 1.0 0.0035780901089310646 -3.332980469394897e-08 0.8726491928100586
121.84924581020667 0.9969692230224609 1.0 0.006509976461529732 -3.332980469394897e-08 0.8726491928100586
122.72815206020667 0.9945751428604126 1.0 0.009621144272387028 -3.332980469394897e-08 0.8726491928100586
123.60705831020668 0.9908628463745117 1.0 0.012715201824903488 -3.332980469394897e-08 0.8726491928100586
124.48596456020668 0.9845528602600098 1.0 0.015795493498444557 -3.332980469394897e-08 0.8726491928100586
125.3648708102067 0.9729197025299072 1.0 0.018862418830394745 -3.332980469394897e-08 0.8726491928100586
126.24377706020671 0.9511287212371826 1.0 0.02191569283604622 -3.332980469394897e-08 0.8726491928100586
127.12268331020672 0.9133370518684387 1.0 0.02495517022907734 -3.332980469394897e-08 0.8726491928100586
128.00158956020672 0.8558839559555054 1.0 0.027980975806713104 -3.332980469394897e-08 0.8726491928100586
128.88049581020675 0.7794471979141235 1.0 0.030993439257144928 -3.332980469394897e-08 0.8726491928100586
129.75940206020675 0.6877954006195068 1.0 0.033992916345596313 -3.332980469394897e-08 0.8726491928100586
130.63830831020678 0.5851558446884155 1.0 0.036979660391807556 -3.332980469394897e-08 0.8726491928100586
131.51721456020678 0.4748103618621826 1.0 0.03995383903384209 -3.332980469394897e-08 0.8726491928100586
132.39612081020678 0.3589966595172882 1.0 0.042915552854537964 -3.332980469394897e-08 0.8726491928100586
133.2750270602068 0.23963291943073273 1.0 0.045864880084991455 -3.332980469394897e-08 0.8726491928100586
134.1539333102068 0.1205105260014534 1.0 0.0488048680126667 -3.332980469394897e-08 0.8726491928100586
134.67299187601998 0.055112775415182114 1.0 0.05054023489356041 -3.332980469394897e-08 0.8726491928100586
134.95538592432308 0.025475095957517624 1.0 0.051486242562532425 -3.332980469394897e-08 0.8726491928100586
135.15611586207223 0.009132089093327522 1.0 0.05216006934642792 -3.332980469394897e-08 0.8726491928100586
135.27163818163075 0.0018764798296615481 1.0 0.052548252046108246 -3.332980469394897e-08 0.8726491928100586
135.31259612546867 0.00013092726294416934 1.0 0.052685994654893875 -3.332980469394897e-08 0.8726491928100586
135.32112276463033 -3.3386164943749463e-08 1.0 0.052714694291353226 -3.332980469394897e-08 0.8726491928100586
136.27757717257597 -3.3386164943749463e-08 1.0 0.055912844836711884 -3.332980469394897e-08 0.8726491928100586
137.23403158052164 -3.3386164943749463e-08 1.0 0.05907405912876129 -3.332980469394897e-08 0.8726491928100586
138.11293783052164 -3.3386164943749463e-08 1.0 0.061960674822330475 -3.332980469394897e-08 0.8726491928100586
140.31020345552167 -3.3386164943749463e-08 1.0 0.0691186785697937 -3.332980469394897e-08 0.8726491928100586
142.5074690805217 -3.3386164943749463e-08 1.0 0.07620079815387726 -3.332980469394897e-08 0.8726491928100586
143.38637533052173 -3.3386164943749463e-08 1.0 0.079012431204319 -3.332980469394897e-08 0.8726491928100586
144.26528158052173 -3.3386164943749463e-08 1.0 0.08181196451187134 -3.332980469394897e-08 0.8726491928100586
150.0 -3.336716858370892e-08 1.0 0.09979084879159927 -3.332980469394897e-08 0.8726491928100586
150.0001 -3.335856746389254e-08 1.0 0.09979240596294403 -3.332980469394897e-08 0.8726491928100586
150.0003 -3.3338888982825665e-08 1.0 0.09979868680238724 -3.333232001523356e-08 0.8726490139961243
150.0007 -3.330723785666123e-08 1.0 0.09981662034988403 -3.3344875305374444e-08 0.8726478219032288
150.00082296363726 -3.220143796056618e-08 1.0 0.09982210397720337 -3.334963238899036e-08 0.8726465106010437
150.0008939566697 1.30293908995327e-08 1.0 0.09982466697692871 -3.335265219561734e-08 0.87264484167099
150.00092967330426 1.7796752160847973e-07 1.0 0.09982569515705109 -3.335433618190109e-08 0.8726435303688049
150.00095161966084 4.811249709746335e-07 1.0 0.09982624650001526 -3.33554233122868e-08 0.8726425766944885
150.00096653539794 8.801465014585119e-07 1.0 0.09982659667730331 -3.3356183593014066e-08 0.8726418018341064
150.00097895649571 1.4552265383827034e-06 1.0 0.0998268648982048 -3.3356840845044644e-08 0.8726410865783691
150.0009925928421 2.422827719783527e-06 1.0 0.09982714802026749 -3.3357579809489835e-08 0.8726402521133423
150.001 3.106078793280176e-06 1.0 0.09982729703187943 -3.335798481884922e-08 0.8726397752761841
150.02461290224198 0.0026600861456245184 1.0 0.10028886795043945 -3.3358233508806734e-08 0.8710474967956543
150.04822580448396 0.005311912856996059 1.0 0.10074881464242935 -3.3358467987909535e-08 0.8694361448287964
150.09545305022908 0.01060023158788681 1.0 0.10166394710540771 -3.335887299726892e-08 0.8661649227142334
150.1899075417193 0.021114584058523178 1.0 0.1034749299287796 -3.335957288186364e-08 0.8594492673873901
150.37881652469974 0.04189150035381317 1.0 0.10701945424079895 -3.336100107276252e-08 0.8453342318534851
150.75663449066067 0.08247755467891693 1.0 0.11381442099809647 -3.336355547389758e-08 0.8146544694900513
151.51227042258247 0.16067244112491608 1.0 0.12651580572128296 -3.336766596362395e-08 0.7468706369400024
152.3911766725825 0.24683263897895813 1.0 0.13989600539207458 -3.337131460057208e-08 0.6601371765136719
153.2700829225825 0.3269795775413513 1.0 0.15158487856388092 -3.337400400482693e-08 0.5661834478378296
154.14898917258253 0.40055355429649353 1.0 0.16150809824466705 -3.337596155006395e-08 0.4666805565357208
155.02789542258253 0.46730658411979675 1.0 0.16970323026180267 -3.337741460995858e-08 0.3631090819835663
155.90680167258256 0.5270739793777466 1.0 0.1762489378452301 -3.3378544372908436e-08 0.2566210925579071
156.78570792258256 0.5798286199569702 1.0 0.18127448856830597 -3.337939702419135e-08 0.1509101390838623
157.66461417258256 0.6266943216323853 1.0 0.18512171506881714 -3.338003651265353e-08 0.05281080678105354
158.01868155767164 0.6437694430351257 1.0 0.1863401085138321 -3.338022125376483e-08 0.020312337204813957
158.22141213562975 0.6528335809707642 1.0 0.18691621720790863 -3.3380292308038406e-08 0.006343267858028412
158.3300994318971 0.6575033068656921 1.0 0.18719501793384552 -3.3380320729747837e-08 0.0007871786365285516
158.3593370077392 0.6587345004081726 1.0 0.18726618587970734 -3.3380320729747837e-08 7.030356209725142e-05
158.381947287569 0.6596792340278625 1.0 0.18732011318206787 -3.3380320729747837e-08 -3.3380324282461515e-08
158.40186338972194 0.6605075597763062 1.0 0.1873670518398285 -3.3380320729747837e-08 -3.3380324282461515e-08
158.4207514451494 0.6612890362739563 1.0 0.18741096556186676 -3.3380320729747837e-08 -3.3380324282461515e-08
158.45852755600433 0.6628413200378418 1.0 0.18749722838401794 -3.3380320729747837e-08 -3.3380324282461515e-08
158.5340797777142 0.6659035086631775 1.0 0.18766367435455322 -3.3380320729747837e-08 -3.3380324282461515e-08
158.6851842211339 0.6718616485595703 1.0 0.18797345459461212 -3.3380320729747837e-08 -3.3380324282461515e-08
158.98739310797336 0.6831761598587036 1.0 0.18851366639137268 -3.3380320729747837e-08 -3.3380324282461515e-08
159.59181088165224 0.7039190530776978 1.0 0.18936851620674133 -3.3380320729747837e-08 -3.3380324282461515e-08
160.47071713165226 0.73039710521698 1.0 0.19022956490516663 -3.3380324282461515e-08 -3.3380324282461515e-08
161.34962338165226 0.7525777220726013 1.0 0.1907230019569397 -3.3380324282461515e-08 -3.3380324282461515e-08
162.22852963165226 0.7707231044769287 1.0 0.190952330827713 -3.3380324282461515e-08 -3.3380324282461515e-08
163.1074358816523 0.7856769561767578 1.0 0.191044881939888 -3.3380324282461515e-08 -3.3380324282461515e-08
163.9863421316523 0.7980870008468628 1.0 0.19107595086097717 -3.3380324282461515e-08 -3.3380324282461515e-08
164.86524838165232 0.8084288239479065 1.0 0.19108334183692932 -3.3380324282461515e-08 -3.3380324282461515e-08
165.74415463165232 0.8170974254608154 1.0 0.19108431041240692 -3.3380324282461515e-08 -3.3380324282461515e-08
166.62306088165232 0.8244137167930603 1.0 0.1910843402147293 -3.3380324282461515e-08 -3.3380324282461515e-08
167.50196713165235 0.8306349515914917 1.0 0.1910843402147293 -3.3380324282461515e-08 -3.3380324282461515e-08
168.38087338165235 0.8359638452529907 1.0 0.1910843402147293 -3.3380324282461515e-08 -3.3380324282461515e-08
169.25977963165238 0.8405610918998718 1.0 0.1910843402147293 -3.3380324282461515e-08 -3.3380324282461515e-08
170.13868588165238 0.8445584177970886 1.0 0.1910843402147293 -3.3380324282461515e-08 -3.3380324282461515e-08
171.01759213165238 0.8480609655380249 1.0 0.1910843402147293 -3.3380324282461515e-08 -3.3380324282461515e-08
171.8964983816524 0.851150393486023 1.0 0.1910843402147293 -3.3380324282461515e-08 -3.3380324282461515e-08
173.65431088165244 0.8563371896743774 1.0 0.1910843402147293 -3.3380324282461515e-08 -3.3380324282461515e-08
174.53321713165244 0.8585315942764282 1.0 0.1910843402147293 -3.3380324282461515e-08 -3.3380324282461515e-08
175.41212338165246 0.8605116605758667 1.0 0.1910843402147293 -3.3380324282461515e-08 -3.3380324282461515e-08
176.29102963165246 0.8623065948486328 1.0 0.1910843402147293 -3.3380324282461515e-08 -3.3380324282461515e-08
177.16993588165246 0.8639408349990845 1.0 0.1910843402147293 -3.3380324282461515e-08 -3.3380324282461515e-08
178.9277483816525 0.8668054342269897 1.0 0.1910843402147293 -3.3380324282461515e-08 -3.3380324282461515e-08
179.99999999999997 0.8683552145957947 1.0 0.1910843402147293 -3.3380324282461515e-08 -3.3354947248653843e-08
180.0001 0.8683552145957947 1.0 0.1910843402147293 -3.3368714014159195e-08 -3.336025500288997e-08
180.0003 0.8683552145957947 1.0 0.1910843402147293 -3.3351092554312345e-08 -3.3351092554312345e-08
180.0004843334925 0.8683552145957947 1.0 0.1910843402147293 -2.4935173925655363e-08 -2.494297035582349e-08
180.00085300047746 0.8683552145957947 1.0 0.1910843402147293 1.710481534189512e-08 1.706470520446146e-08
180.001 0.8683552145957947 1.0 0.1910843402147293 3.721676833379206e-08 3.7169989752783295e-08
732.5097656250068 0.8683552145957947 1.0 0.1910843402147293 3.721677543921942e-08 3.716999685821065e-08
899.5019531250091 0.8683552145957947 1.0 0.1910843402147293 3.721677543921942e-08 3.717000041092433e-08
900.0000000000001 0.8683552145957947 1.0 0.1910843402147293 3.721677543921942e-08 3.717000041092433e-08
