time a b c w1
0.0 0.0 0.0 0.0 0.0
2.34374997708231e-06 1.0801570415496826 1.0801570415496826 2.34398437508335e-23 2.34398437508335e-23
2.3531289769906394e-06 1.0037916898727417 1.0037916898727417 2.35336424679079e-23 2.35336424679079e-23
2.3718869768072985e-06 0.9922298789024353 0.9922298789024353 2.372124147977851e-23 2.372124147977851e-23
2.449126245505041e-06 0.9876051545143127 0.9876051545143127 2.449371143311084e-23 2.449371143311084e-23
0.00019360463173130613 0.9876051545143127 0.9876051545143127 1.9362399824984054e-21 1.9362399824984054e-21
0.00038480681743822704 0.9876051545143127 0.9876051545143127 3.8484529531415596e-21 -5.559440463542842e-09
0.0007672111888520689 0.9876051545143127 0.9876051545143127 7.672878894427868e-21 -2.705469981378883e-08
0.001 0.9876051545143127 0.9876051545143127 1.0000999731091105e-20 -3.3386008624347596e-08
29.999999999999996 0.9876051545143127 0.9876051545143127 3.000300019364487e-16 -3.3385834541377335e-08
30.000099999999996 0.9876051545143127 0.9876051545143127 3.0003100778807355e-16 -3.336470300041583e-08
30.0003 0.9876051545143127 0.9876051545143127 3.0003299302154367e-16 -3.334382370212552e-08
30.0007 0.9876051545143127 0.9876051545143127 3.0003698995826353e-16 -3.333232001523356e-08
30.001 0.9876051545143127 0.9876051545143127 3.000400075131381e-16 -3.332738174322003e-08
59.99999999999999 0.9876051545143127 0.9876051545143127 6.000600038728974e-16 -3.332738174322003e-08
60.000099999999996 0.9876051545143127 0.9876051545143127 6.000610097245222e-16 -3.332738174322003e-08
60.000299999999996 0.9876051545143127 0.9876051545143127 6.00063021427772e-16 -3.332738174322003e-08
60.000699999999995 0.9876049160957336 0.9876051545143127 6.000669918947122e-16 -3.332738174322003e-08
60.001000000000005 0.9876046180725098 0.9876051545143127 6.000700094495868e-16 -3.332738174322003e-08
60.16480000000147 0.9864519238471985 0.9876051545143127 6.017081711695766e-16 -3.332738174322003e-08
60.328600000002936 0.9851633906364441 0.9876051545143127 6.033463328895664e-16 -3.332738174322003e-08
60.79735000000293 0.9807260036468506 0.9876051545143127 6.080342896757046e-16 -3.332738174322003e-08
61.03172500000293 0.9779530167579651 0.9876051545143127 6.103782945385532e-16 -3.332738174322003e-08
61.50047500000293 0.9708760976791382 0.9876051545143127 6.150662513246914e-16 -3.332738174322003e-08
61.969225000002936 0.9610497951507568 0.9876051545143127 6.197542081108295e-16 -3.332738174322003e-08
62.43797500000295 0.9474539160728455 0.9876051545143127 6.244421648969676e-16 -3.332738174322003e-08
62.67235000000295 0.9389058351516724 0.9876051545143127 6.267861697598163e-16 -3.332738174322003e-08
63.14110000000296 0.9177336692810059 0.9876051545143127 6.314741265459544e-16 -3.332738174322003e-08
63.375475000002965 0.9049562215805054 0.9876051545143127 6.338181314088031e-16 -3.332738174322003e-08
63.609850000002965 0.8906723260879517 0.9876051545143127 6.361621362716517e-16 -3.332738174322003e-08
63.84422500000297 0.8748908638954163 0.9876051545143127 6.385060881949412e-16 -3.332738174322003e-08
64.07860000000298 0.8576513528823853 0.9876051545143127 6.408500930577899e-16 -3.332738174322003e-08
64.31297500000298 0.8390169739723206 0.9876051545143127 6.431940449810793e-16 -3.332738174322003e-08
64.54735000000298 0.8190677165985107 0.9876051545143127 6.45538049843928e-16 -3.332738174322003e-08
64.781725000003 0.7978931069374084 0.9876051545143127 6.478820547067767e-16 -3.332738174322003e-08
65.016100000003 0.7755865454673767 0.9876051545143127 6.502260066300661e-16 -3.332738174322003e-08
65.250475000003 0.7522410154342651 0.9876051545143127 6.525700114929148e-16 -3.332738174322003e-08
65.484850000003 0.7279461026191711 0.9876051545143127 6.549139634162043e-16 -3.332738174322003e-08
65.71922500000301 0.702785849571228 0.9876051545143127 6.572579682790529e-16 -3.332738174322003e-08
65.95360000000301 0.6768382787704468 0.9876051545143127 6.596019731419016e-16 -3.332738174322003e-08
66.18797500000301 0.6501743793487549 0.9876051545143127 6.619459250651911e-16 -3.332738174322003e-08
66.42235000000302 0.6228585839271545 0.9876051545143127 6.642899299280397e-16 -3.332738174322003e-08
66.65672500000302 0.5949491262435913 0.9876051545143127 6.666338818513292e-16 -3.332738174322003e-08
66.89110000000302 0.5664982199668884 0.9876051545143127 6.689778867141778e-16 -3.332738174322003e-08
67.12547500000302 0.5375525951385498 0.9876051545143127 6.713218915770265e-16 -3.332738174322003e-08
67.35985000000304 0.5081542730331421 0.9876051545143127 6.73665843500316e-16 -3.332738174322003e-08
67.59422500000304 0.4783407151699066 0.9876051545143127 6.760098483631646e-16 -3.332738174322003e-08
67.82860000000304 0.44814568758010864 0.9876051545143127 6.783538532260133e-16 -3.332738174322003e-08
68.06297500000305 0.4175994098186493 0.9876051545143127 6.806978051493028e-16 -3.332738174322003e-08
68.29735000000305 0.3867291808128357 0.9876051545143127 6.830418100121514e-16 -3.332738174322003e-08
68.53172500000305 0.3555598855018616 0.9876051545143127 6.853857619354409e-16 -3.332738174322003e-08
68.76610000000305 0.3241145610809326 0.9876051545143127 6.877297667982896e-16 -3.332738174322003e-08
69.23485000000306 0.26048803329467773 0.9876051545143127 6.924177235844277e-16 -3.332738174322003e-08
69.46922500000306 0.22836415469646454 0.9876051545143127 6.947617284472764e-16 -3.332738174322003e-08
69.70360000000306 0.19609971344470978 0.9876051545143127 6.971056803705658e-16 -3.332738174322003e-08
69.93797500000308 0.16380861401557922 0.9876051545143127 6.994496852334145e-16 -3.332738174322003e-08
70.17235000000308 0.1317419558763504 0.9876051545143127 7.017936900962632e-16 -3.332738174322003e-08
70.40672500000308 0.10043613612651825 0.9876051545143127 7.041376420195526e-16 -3.332738174322003e-08
70.64110000000309 0.07088736444711685 0.9876051545143127 7.064816468824013e-16 -3.332738174322003e-08
70.87547500000309 0.0445212759077549 0.9876051545143127 7.0882565174524995e-16 -3.332738174322003e-08
71.10985000000309 0.02268703654408455 0.9876051545143127 7.111696036685394e-16 -3.332738174322003e-08
71.34422500000309 0.005390839651226997 0.9876051545143127 7.135136085313881e-16 -3.332738174322003e-08
71.43666328978769 0.00045582931488752365 0.9876051545143127 7.144380920537569e-16 -3.332738174322003e-08
71.45864118819803 -3.3385838094091014e-08 0.9876051545143127 7.146578441640102e-16 -3.332738174322003e-08
89.99999999999999 -3.342909238313041e-08 0.9876051545143127 9.000900322791256e-16 -3.332738174322003e-08
90.0001 -3.33791199125244e-08 0.9876051545143127 9.000909851911913e-16 -3.332738174322003e-08
90.0003 -3.334382370212552e-08 0.9876051545143127 9.00092996894441e-16 -3.332738174322003e-08
90.0007 -3.331378195525758e-08 0.9876051545143127 9.000970203009405e-16 -3.332738174322003e-08
90.001 -3.32624985333041e-08 0.9876051545143127 9.000999849162559e-16 -3.332738174322003e-08
119.99999999999999 -3.32624985333041e-08 0.9876051545143127 1.2001200077457947e-15 -3.332738174322003e-08
120.0001 -3.32624985333041e-08 0.9876051545143127 1.2001209606578604e-15 -3.332738174322003e-08
120.0003 -3.32624985333041e-08 0.9876051545143127 1.2001229723611101e-15 -3.332738174322003e-08
120.0007 -3.32624985333041e-08 0.9876051545143127 5.5085369154994623e-08 -3.332738174322003e-08
120.00082296359133 -3.32624985333041e-08 0.9876051545143127 3.7334862668103597e-07 -2.703734658382473e-08
120.00089395715415 -3.32624985333041e-08 0.9876051545143127 1.1221796967220143e-06 -1.793030790508965e-08
120.00093001718527 -3.32624985333041e-08 0.9876051545143127 2.0512820810836274e-06 7.561154369284395e-09
120.00096022839273 -3.32624985333041e-08 0.9876051545143127 3.5439034036244266e-06 1.2863824849773664e-07
120.00099160761755 -3.32624985333041e-08 0.9876051545143127 5.86922260481515e-06 4.2060514715558384e-07
120.001 -3.32624985333041e-08 0.9876051545143127 6.662286068603862e-06 5.414081556409656e-07
120.05330733440238 -3.32624985333041e-08 0.9876051545143127 0.005880126263946295 0.0010191700421273708
120.10561466880476 -3.32624985333041e-08 0.9876051545143127 0.011729875579476357 0.0020304324571043253
120.21023253029328 -3.32624985333041e-08 0.9876051545143127 0.02335778996348381 0.004030771087855101
120.41946825327032 -3.32624985333041e-08 0.9876051545143127 0.04639211669564247 0.007963166572153568
120.65384325327032 -3.32624985333041e-08 0.9876051545143127 0.0718671977519989 0.012267813086509705
120.88821825327032 -3.32624985333041e-08 0.9876051545143127 0.09695455431938171 0.016454428434371948
121.12259325327034 -3.32624985333041e-08 0.9876051545143127 0.12163569778203964 0.020518474280834198
121.35696825327034 -3.32624985333041e-08 0.9876051545143127 0.1459023654460907 0.024458670988678932
121.82571825327034 -3.32624985333041e-08 0.9876051545143127 0.1931620091199875 0.03196343034505844
122.06009325327035 -3.32624985333041e-08 0.9876051545143127 0.21614420413970947 0.035527098923921585
122.29446825327034 -3.32624985333041e-08 0.9876051545143127 0.23868465423583984 0.0389639213681221
122.52884325327032 -3.32624985333041e-08 0.9876051545143127 0.2607762813568115 0.04227330535650253
122.76321825327032 -3.32624985333041e-08 0.9876051545143127 0.28241315484046936 0.045454997569322586
122.99759325327031 -3.32624985333041e-08 0.9876051545143127 0.30358633399009705 0.048508353531360626
123.2319682532703 -3.32624985333041e-08 0.9876051545143127 0.3242872655391693 0.05143294483423233
123.70071825327028 -3.32624985333041e-08 0.9876051545143127 0.3642512261867523 0.05689716711640358
123.93509325327027 -3.32624985333041e-08 0.9876051545143127 0.38350170850753784 0.05943752080202103
124.16946825327027 -3.32624985333041e-08 0.9876051545143127 0.4022585153579712 0.0618511401116848
124.40384325327025 -3.32624985333041e-08 0.9876051545143127 0.42051833868026733 0.06413924694061279
124.63821825327024 -3.32624985333041e-08 0.9876051545143127 0.4382772743701935 0.06630316376686096
125.10696825327022 -3.32624985333041e-08 0.9876051545143127 0.47228482365608215 0.07026541233062744
125.34134325327021 -3.32624985333041e-08 0.9876051545143127 0.4885280728340149 0.07206765562295914
125.57571825327021 -3.32624985333041e-08 0.9876051545143127 0.5042610168457031 0.07375359535217285
125.8100932532702 -3.32624985333041e-08 0.9876051545143127 0.519486665725708 0.07532614469528198
126.04446825327018 -3.32624985333041e-08 0.9876051545143127 0.5342069268226624 0.07678834348917007
126.27884325327018 -3.32624985333041e-08 0.9876051545143127 0.5484205484390259 0.07814332842826843
126.74759325327015 -3.32624985333041e-08 0.9876051545143127 0.5753327012062073 0.08054639399051666
126.98196825327015 -3.32624985333041e-08 0.9876051545143127 0.5880422592163086 0.08160246163606644
127.21634325327014 -3.32624985333041e-08 0.9876051545143127 0.6002640724182129 0.08256709575653076
127.45071825327013 -3.32624985333041e-08 0.9876051545143127 0.6120058298110962 0.08344463258981705
127.68509325327011 -3.32624985333041e-08 0.9876051545143127 0.6232744455337524 0.0842396691441536
127.91946825327011 -3.32624985333041e-08 0.9876051545143127 0.6340780258178711 0.08495688438415527
128.38821825327008 -3.32624985333041e-08 0.9876051545143127 0.6543271541595459 0.08617734163999557
128.62259325327008 -3.32624985333041e-08 0.9876051545143127 0.663794755935669 0.08669014275074005
128.85696825327008 -3.32624985333041e-08 0.9876051545143127 0.6728408336639404 0.08714418113231659
129.09134325327005 -3.32624985333041e-08 0.9876051545143127 0.6814779043197632 0.08754409849643707
129.32571825327005 -3.32624985333041e-08 0.9876051545143127 0.6897189021110535 0.08789444714784622
129.56009325327005 -3.32624985333041e-08 0.9876051545143127 0.6975773572921753 0.08819948136806488
129.79446825327003 -3.32624985333041e-08 0.9876051545143127 0.7050673365592957 0.08846316486597061
130.02884325327003 -3.32624985333041e-08 0.9876051545143127 0.7122023105621338 0.08868966996669769
130.26321825327003 -3.32624985333041e-08 0.9876051545143127 0.7189953923225403 0.0888833999633789
130.49759325327 -3.32624985333041e-08 0.9876051545143127 0.7254605889320374 0.08904801309108734
130.73196825327 -3.32624985333041e-08 0.9876051545143127 0.7316123843193054 0.08918638527393341
130.96634325327 -3.32624985333041e-08 0.9876051545143127 0.7374646663665771 0.08930164575576782
131.20071825326997 -3.32624985333041e-08 0.9876051545143127 0.7430306673049927 0.08939708769321442
131.43509325326997 -3.32624985333041e-08 0.9876051545143127 0.748323917388916 0.08947540074586868
131.66946825326997 -3.32624985333041e-08 0.9876051545143127 0.7533574104309082 0.08953899145126343
131.90384325326994 -3.32624985333041e-08 0.9876051545143127 0.7581440210342407 0.08959005028009415
132.37259325326994 -3.32624985333041e-08 0.9876051545143127 0.7670255303382874 0.08966170251369476
132.6069682532699 -3.32624985333041e-08 0.9876051545143127 0.7711437940597534 0.08968570083379745
132.8413432532699 -3.32624985333041e-08 0.9876051545143127 0.7750621438026428 0.089703768491745
133.0757182532699 -3.32624985333041e-08 0.9876051545143127 0.778791069984436 0.0897170901298523
133.31009325326988 -3.32624985333041e-08 0.9876051545143127 0.7823405265808105 0.08972654491662979
134.24759325326986 -3.32624985333041e-08 0.9876051545143127 0.7949318289756775 0.08974135667085648
134.48196825326986 -3.32624985333041e-08 0.9876051545143127 0.7977207899093628 0.08974214643239975
134.71634325326983 -3.32624985333041e-08 0.9876051545143127 0.8003817796707153 0.08974247425794601
134.95071825326983 -3.32624985333041e-08 0.9876051545143127 0.8029220104217529 0.08974259346723557
135.1850932532698 -3.32624985333041e-08 0.9876051545143127 0.80534827709198 0.08974263817071915
135.4194682532698 -3.32624985333041e-08 0.9876051545143127 0.8076665997505188 0.08974264562129974
135.6538432532698 -3.32624985333041e-08 0.9876051545143127 0.8098828792572021 0.08974264562129974
135.88821825326977 -3.32624985333041e-08 0.9876051545143127 0.8120026588439941 0.08974264562129974
136.12259325326977 -3.32624985333041e-08 0.9876051545143127 0.8140311241149902 0.08974264562129974
136.59134325326974 -3.32624985333041e-08 0.9876051545143127 0.8178338408470154 0.08974264562129974
136.82571825326974 -3.32624985333041e-08 0.9876051545143127 0.819616973400116 0.08974264562129974
137.2944682532697 -3.32624985333041e-08 0.9876051545143127 0.8229672908782959 0.08974264562129974
137.5288432532697 -3.32624985333041e-08 0.9876051545143127 0.8245422840118408 0.08974264562129974
137.7632182532697 -3.32624985333041e-08 0.9876051545143127 0.8260552883148193 0.08974264562129974
137.99759325326968 -3.32624985333041e-08 0.9876051545143127 0.8275094032287598 0.08974264562129974
138.23196825326968 -3.32624985333041e-08 0.9876051545143127 0.8289075493812561 0.08974264562129974
138.46634325326968 -3.32624985333041e-08 0.9876051545143127 0.8302526473999023 0.08974264562129974
138.93509325326966 -3.32624985333041e-08 0.9876051545143127 0.8327940702438354 0.08974264562129974
139.16946825326966 -3.32624985333041e-08 0.9876051545143127 0.8339953422546387 0.08974264562129974
139.40384325326963 -3.32624985333041e-08 0.9876051545143127 0.8351535797119141 0.08974264562129974
139.63821825326963 -3.32624985333041e-08 0.9876051545143127 0.8362706899642944 0.08974264562129974
139.87259325326963 -3.32624985333041e-08 0.9876051545143127 0.8373486995697021 0.08974264562129974
140.1069682532696 -3.32624985333041e-08 0.9876051545143127 0.8383894562721252 0.08974264562129974
140.5757182532696 -3.32624985333041e-08 0.9876051545143127 0.8403662443161011 0.08974264562129974
140.81009325326957 -3.32624985333041e-08 0.9876051545143127 0.8413053750991821 0.08974264562129974
141.04446825326957 -3.32624985333041e-08 0.9876051545143127 0.8422136306762695 0.08974264562129974
141.63040575326954 -3.32624985333041e-08 0.9876051545143127 0.844358503818512 0.08974264562129974
142.2163432532695 -3.32624985333041e-08 0.9876051545143127 0.8463395237922668 0.08974264562129974
142.4507182532695 -3.32624985333041e-08 0.9876051545143127 0.8470900058746338 0.08974264562129974
142.6850932532695 -3.32624985333041e-08 0.9876051545143127 0.8478180170059204 0.08974264562129974
144.56009325326943 -3.32624985333041e-08 0.9876051545143127 0.852938175201416 0.08974264562129974
145.0288432532694 -3.32624985333041e-08 0.9876051545143127 0.8540500402450562 0.08974264562129974
145.4975932532694 -3.32624985333041e-08 0.9876051545143127 0.8551046252250671 0.08974264562129974
145.73196825326937 -3.32624985333041e-08 0.9876051545143127 0.8556118011474609 0.08974264562129974
145.96634325326937 -3.32624985333041e-08 0.9876051545143127 0.856106162071228 0.08974264562129974
146.20071825326937 -3.32624985333041e-08 0.9876051545143127 0.8565883636474609 0.08974264562129974
146.43509325326934 -3.32624985333041e-08 0.9876051545143127 0.8570586442947388 0.08974264562129974
146.66946825326934 -3.32624985333041e-08 0.9876051545143127 0.8575176000595093 0.08974264562129974
146.90384325326934 -3.32624985333041e-08 0.9876051545143127 0.8579654693603516 0.08974264562129974
147.13821825326932 -3.32624985333041e-08 0.9876051545143127 0.858402669429779 0.08974264562129974
147.37259325326932 -3.32624985333041e-08 0.9876051545143127 0.8588296175003052 0.08974264562129974
147.8413432532693 -3.32624985333041e-08 0.9876051545143127 0.8596540093421936 0.08974264562129974
148.0757182532693 -3.32624985333041e-08 0.9876051545143127 0.860052227973938 0.08974264562129974
148.3100932532693 -3.32624985333041e-08 0.9876051545143127 0.8604415059089661 0.08974264562129974
148.54446825326926 -3.32624985333041e-08 0.9876051545143127 0.8608221411705017 0.08974264562129974
148.77884325326926 -3.32624985333041e-08 0.9876051545143127 0.861194372177124 0.08974264562129974
149.01321825326926 -3.32624985333041e-08 0.9876051545143127 0.8615585565567017 0.08974264562129974
149.71634325326923 -3.32624985333041e-08 0.9876051545143127 0.8626050353050232 0.08974264562129974
149.9507182532692 -3.32624985333041e-08 0.9876051545143127 0.8629406690597534 0.08974264562129974
150.0 -3.32624985333041e-08 0.9876051545143127 0.8630104660987854 0.08974264562129974
150.0001 -3.32624985333041e-08 0.9876051545143127 0.8630105257034302 0.08974264562129974
150.0003 -3.32624985333041e-08 0.9876051545143127 0.8630106449127197 0.08974264562129974
150.0007 -3.32624985333041e-08 0.9876051545143127 0.8630107641220093 0.08974264562129974
150.001 -3.32624985333041e-08 0.9876051545143127 0.8630107641220093 0.08974264562129974
165.00050000000002 0.05593763291835785 0.9876051545143127 0.8630107641220093 0.08974264562129974
179.99999999999997 0.10855622589588165 0.9876051545143127 0.8630107641220093 0.08974264562129974
180.0001 0.10855583101511002 0.9876051545143127 0.8630107641220093 0.08974264562129974
180.0003 0.1085553914308548 0.9876051545143127 0.863010585308075 0.08974264562129974
180.0007 0.10855512320995331 0.9876051545143127 0.8630083799362183 0.08974264562129974
180.001 0.10855509340763092 0.9876051545143127 0.8630044460296631 0.08974264562129974
180.00156 0.10855509340763092 0.9876051545143127 0.8629624843597412 0.08974264562129974
180.00220000000002 0.10855509340763092 0.9876051545143127 0.8629144430160522 0.08974264562129974
180.00348000000002 0.10855509340763092 0.9876051545143127 0.8628183603286743 0.08974264562129974
180.02140000000034 0.10855509340763092 0.9876051545143127 0.8614677786827087 0.08974264562129974
180.04188000000067 0.10855509340763092 0.9876051545143127 0.8599116802215576 0.08974264562129974
180.0828400000013 0.10855509340763092 0.9876051545143127 0.8567594289779663 0.08974264562129974
180.1647600000026 0.10855509340763092 0.9876051545143127 0.8502978086471558 0.08974264562129974
180.32860000000517 0.10855509340763092 0.9876051545143127 0.8368579149246216 0.08974264562129974
180.56297500000517 0.10855509340763092 0.9876051545143127 0.8166603446006775 0.08974264562129974
180.79735000000514 0.10855509340763092 0.9876051545143127 0.7953488826751709 0.08974264562129974
181.03172500000514 0.10855509340763092 0.9876051545143127 0.7729164361953735 0.08974264562129974
181.26610000000514 0.10855509340763092 0.9876051545143127 0.7494556903839111 0.08974264562129974
181.5004750000051 0.10855509340763092 0.9876051545143127 0.7250556945800781 0.08974264562129974
181.7348500000051 0.10855509340763092 0.9876051545143127 0.6997997760772705 0.08974264562129974
181.9692250000051 0.10855509340763092 0.9876051545143127 0.6737651228904724 0.08974264562129974
182.20360000000508 0.10855509340763092 0.9876051545143127 0.647022008895874 0.08974264562129974
182.43797500000508 0.10855509340763092 0.9876051545143127 0.6196341514587402 0.08974264562129974
182.67235000000508 0.10855509340763092 0.9876051545143127 0.5916589498519897 0.08974264562129974
182.90672500000505 0.10855509340763092 0.9876051545143127 0.5631480813026428 0.08974264562129974
183.14110000000505 0.10855509340763092 0.9876051545143127 0.5341476202011108 0.08974264562129974
183.60985000000503 0.10855509340763092 0.9876051545143127 0.47483929991722107 0.08974264562129974
183.84422500000503 0.10855509340763092 0.9876051545143127 0.444601833820343 0.08974264562129974
184.078600000005 0.10855509340763092 0.9876051545143127 0.4140164256095886 0.08974264562129974
184.312975000005 0.10855509340763092 0.9876051545143127 0.3831101059913635 0.08974264562129974
184.547350000005 0.10855509340763092 0.9876051545143127 0.3519074618816376 0.08974264562129974
184.78172500000497 0.10855509340763092 0.9876051545143127 0.3204314112663269 0.08974264562129974
185.01610000000497 0.10855509340763092 0.9876051545143127 0.2887045741081238 0.08974264562129974
185.48485000000494 0.10855509340763092 0.9876051545143127 0.22460821270942688 0.08974264562129974
185.71922500000494 0.10855509340763092 0.9876051545143127 0.19233310222625732 0.08974264562129974
185.95360000000494 0.10855509340763092 0.9876051545143127 0.1600514054298401 0.08974264562129974
186.1879750000049 0.10855509340763092 0.9876051545143127 0.1280384212732315 0.08974264562129974
186.4223500000049 0.10855509340763092 0.9876051545143127 0.09687615931034088 0.08974264562129974
186.6567250000049 0.10855509340763092 0.9876051545143127 0.06761994957923889 0.08974264562129974
186.89110000000488 0.10855509340763092 0.9876051545143127 0.04172221198678017 0.08974264562129974
187.12547500000488 0.10855509340763092 0.9876051545143127 0.02047240361571312 0.08974264562129974
187.35985000000488 0.10855509340763092 0.9876051545143127 0.004097496159374714 0.08974264562129974
187.44401884214864 0.10855509340763092 0.9876051545143127 0.00026942644035443664 0.08974264562129974
187.46145288812218 0.10855509340763092 0.9876051545143127 -3.3385838094091014e-08 0.08974264562129974
205.52803789545067 0.10855509340763092 0.9876051545143127 -3.3385838094091014e-08 0.08974264562129974
209.99999999999997 0.10855509340763092 0.9876051545143127 -3.3403367183382215e-08 0.08974264562129974
210.00009999999997 0.10855509340763092 0.9876051545143127 -3.3370547214417456e-08 0.08974264562129974
210.0003 0.10855509340763092 0.9876051545143127 -3.334382370212552e-08 0.08974264562129974
210.00070000000002 0.10855509340763092 0.9876051545143127 -3.332865361471704e-08 0.08974264562129974
210.00082296333977 0.10855510085821152 0.9876051545143127 -3.2056178156381065e-08 0.08974264562129974
210.0008939565172 0.1085551306605339 0.9876051545143127 1.2638052382385467e-08 0.08974264562129974
210.00092967614685 0.10855519771575928 0.9876051545143127 1.7327150203527708e-07 0.08974264562129974
210.00095164846812 0.10855529457330704 0.9876051545143127 5.089722208140302e-07 0.08974264562129974
210.00097222678852 0.10855545848608017 0.9876051545143127 1.210089635605982e-06 0.08974264562129974
210.00099022773887 0.10855565965175629 0.9876051545143127 2.267920081067132e-06 0.08974264562129974
210.00100000000003 0.10855580121278763 0.9876051545143127 3.0739886369701708e-06 0.08974264562129974
210.06437650162098 0.10967982560396194 0.9876051545143127 0.0067603569477796555 0.08974264562129974
210.127753003242 0.11079404503107071 0.9876051545143127 0.01348516158759594 0.08974264562129974
210.2545079406108 0.11299409717321396 0.9876051545143127 0.026840494945645332 0.08974264562129974
210.4888829406108 0.11698593199253082 0.9876051545143127 0.051280662417411804 0.08974264562129974
210.7232579406108 0.120881587266922 0.9876051545143127 0.07539789378643036 0.08974264562129974
211.19200794061078 0.12834393978118896 0.9876051545143127 0.12251613289117813 0.08974264562129974
211.66075794061075 0.13536085188388824 0.9876051545143127 0.168096125125885 0.08974264562129974
211.89513294061075 0.13870108127593994 0.9876051545143127 0.19029581546783447 0.08974264562129974
212.12950794061075 0.14192886650562286 0.9876051545143127 0.21209575235843658 0.08974264562129974
212.36388294061072 0.14504404366016388 0.9876051545143127 0.23349128663539886 0.08974264562129974
212.59825794061072 0.14804670214653015 0.9876051545143127 0.25447869300842285 0.08974264562129974
212.83263294061072 0.15093667805194855 0.9876051545143127 0.27505263686180115 0.08974264562129974
213.0670079406107 0.15371368825435638 0.9876051545143127 0.2952061891555786 0.08974264562129974
213.3013829406107 0.1563776135444641 0.9876051545143127 0.31493261456489563 0.08974264562129974
213.5357579406107 0.15892863273620605 0.9876051545143127 0.3342263698577881 0.08974264562129974
213.77013294061067 0.16136738657951355 0.9876051545143127 0.35308393836021423 0.08974264562129974
214.00450794061067 0.16369450092315674 0.9876051545143127 0.37150105834007263 0.08974264562129974
214.23888294061067 0.16591067612171173 0.9876051545143127 0.389473021030426 0.08974264562129974
214.47325794061064 0.16801702976226807 0.9876051545143127 0.4069973826408386 0.08974264562129974
214.70763294061064 0.17001491785049438 0.9876051545143127 0.42407214641571045 0.08974264562129974
214.94200794061064 0.17190569639205933 0.9876051545143127 0.44069480895996094 0.08974264562129974
215.4107579406106 0.17537260055541992 0.9876051545143127 0.4725765883922577 0.08974264562129974
215.6451329406106 0.17695258557796478 0.9876051545143127 0.4878344237804413 0.08974264562129974
215.87950794061058 0.17843325436115265 0.9876051545143127 0.5026384592056274 0.08974264562129974
216.11388294061058 0.17981696128845215 0.9876051545143127 0.5169890522956848 0.08974264562129974
216.34825794061058 0.18110620975494385 0.9876051545143127 0.5308855772018433 0.08974264562129974
216.58263294061055 0.18230390548706055 0.9876051545143127 0.544328510761261 0.08974264562129974
216.81700794061055 0.18341311812400818 0.9876051545143127 0.5573192834854126 0.08974264562129974
217.05138294061055 0.18443718552589417 0.9876051545143127 0.5698615908622742 0.08974264562129974
217.28575794061052 0.18537940084934235 0.9876051545143127 0.581961989402771 0.08974264562129974
217.52013294061052 0.18624326586723328 0.9876051545143127 0.5936270356178284 0.08974264562129974
217.75450794061052 0.1870325207710266 0.9876051545143127 0.6048612594604492 0.08974264562129974
217.9888829406105 0.18775096535682678 0.9876051545143127 0.6156699061393738 0.08974264562129974
218.2232579406105 0.18840235471725464 0.9876051545143127 0.6260614395141602 0.08974264562129974
218.4576329406105 0.18899039924144745 0.9876051545143127 0.6360450983047485 0.08974264562129974
218.69200794061047 0.18951916694641113 0.9876051545143127 0.6456284523010254 0.08974264562129974
219.39513294061044 0.19078941643238068 0.9876051545143127 0.6720676422119141 0.08974264562129974
219.62950794061044 0.191119983792305 0.9876051545143127 0.6801455616950989 0.08974264562129974
219.86388294061044 0.19141025841236115 0.9876051545143127 0.6878739595413208 0.08974264562129974
220.0982579406104 0.19166366755962372 0.9876051545143127 0.6952642798423767 0.08974264562129974
220.3326329406104 0.19188347458839417 0.9876051545143127 0.7023282051086426 0.08974264562129974
220.5670079406104 0.19207315146923065 0.9876051545143127 0.7090767621994019 0.08974264562129974
220.80138294061038 0.19223597645759583 0.9876051545143127 0.7155214548110962 0.08974264562129974
221.03575794061038 0.19237476587295532 0.9876051545143127 0.7216739654541016 0.08974264562129974
221.27013294061038 0.19249209761619568 0.9876051545143127 0.7275463342666626 0.08974264562129974
221.50450794061035 0.19259050488471985 0.9876051545143127 0.7331499457359314 0.08974264562129974
221.97325794061035 0.192739799618721 0.9876051545143127 0.743596613407135 0.08974264562129974
222.20763294061032 0.1927947998046875 0.9876051545143127 0.7484618425369263 0.08974264562129974
222.44200794061032 0.1928391456604004 0.9876051545143127 0.7531027793884277 0.08974264562129974
222.67638294061032 0.19287444651126862 0.9876051545143127 0.7575298547744751 0.08974264562129974
223.1451329406103 0.19292357563972473 0.9876051545143127 0.7657827138900757 0.08974264562129974
223.3795079406103 0.19293978810310364 0.9876051545143127 0.7696276903152466 0.08974264562129974
223.61388294061027 0.19295182824134827 0.9876051545143127 0.7732973694801331 0.08974264562129974
223.84825794061027 0.19296053051948547 0.9876051545143127 0.7768005132675171 0.08974264562129974
224.08263294061027 0.19296662509441376 0.9876051545143127 0.7801454663276672 0.08974264562129974
224.31700794061024 0.19297073781490326 0.9876051545143127 0.7833402752876282 0.08974264562129974
224.78575794061024 0.1929749846458435 0.9876051545143127 0.7893097400665283 0.08974264562129974
225.2545079406102 0.1929762363433838 0.9876051545143127 0.7947657108306885 0.08974264562129974
225.4888829406102 0.19297640025615692 0.9876051545143127 0.7973177433013916 0.08974264562129974
225.72325794061018 0.1929764598608017 0.9876051545143127 0.7997604608535767 0.08974264562129974
225.95763294061018 0.1929764747619629 0.9876051545143127 0.802099347114563 0.08974264562129974
226.19200794061018 0.1929764598608017 0.9876051545143127 0.8043397665023804 0.08974264562129974
226.42638294061015 0.1929764598608017 0.9876051545143127 0.806486964225769 0.08974264562129974
226.66075794061015 0.1929764598608017 0.9876051545143127 0.8085458278656006 0.08974264562129974
226.89513294061015 0.1929764598608017 0.9876051545143127 0.8105208873748779 0.08974264562129974
227.36388294061013 0.1929764598608017 0.9876051545143127 0.814236044883728 0.08974264562129974
227.59825794061013 0.1929764598608017 0.9876051545143127 0.8159841299057007 0.08974264562129974
227.8326329406101 0.1929764598608017 0.9876051545143127 0.8176642060279846 0.08974264562129974
228.0670079406101 0.1929764598608017 0.9876051545143127 0.819279670715332 0.08974264562129974
228.3013829406101 0.1929764598608017 0.9876051545143127 0.820833683013916 0.08974264562129974
229.00450794061007 0.1929764598608017 0.9876051545143127 0.8251563310623169 0.08974264562129974
229.23888294061004 0.1929764598608017 0.9876051545143127 0.8264932632446289 0.08974264562129974
229.47325794061004 0.1929764598608017 0.9876051545143127 0.8277824521064758 0.08974264562129974
229.70763294061004 0.1929764598608017 0.9876051545143127 0.8290261626243591 0.08974264562129974
230.41075794061 0.1929764598608017 0.9876051545143127 0.8325048685073853 0.08974264562129974
230.64513294060998 0.1929764598608017 0.9876051545143127 0.8335866332054138 0.08974264562129974
230.87950794060998 0.1929764598608017 0.9876051545143127 0.834632396697998 0.08974264562129974
231.34825794060995 0.1929764598608017 0.9876051545143127 0.8366224765777588 0.08974264562129974
231.58263294060995 0.1929764598608017 0.9876051545143127 0.8375698924064636 0.08974264562129974
231.81700794060995 0.1929764598608017 0.9876051545143127 0.8384873867034912 0.08974264562129974
232.05138294060993 0.1929764598608017 0.9876051545143127 0.8393762111663818 0.08974264562129974
232.28575794060993 0.1929764598608017 0.9876051545143127 0.8402376174926758 0.08974264562129974
232.52013294060993 0.1929764598608017 0.9876051545143127 0.8410727977752686 0.08974264562129974
233.69200794060987 0.1929764598608017 0.9876051545143127 0.8448925018310547 0.08974264562129974
233.92638294060987 0.1929764598608017 0.9876051545143127 0.8455918431282043 0.08974264562129974
234.16075794060984 0.1929764598608017 0.9876051545143127 0.8462716341018677 0.08974264562129974
234.39513294060984 0.1929764598608017 0.9876051545143127 0.8469327092170715 0.08974264562129974
234.6295079406098 0.1929764598608017 0.9876051545143127 0.8475757241249084 0.08974264562129974
234.8638829406098 0.1929764598608017 0.9876051545143127 0.8482015132904053 0.08974264562129974
235.0982579406098 0.1929764598608017 0.9876051545143127 0.8488105535507202 0.08974264562129974
236.73888294060973 0.1929764598608017 0.9876051545143127 0.8526571393013 0.08974264562129974
237.20763294060973 0.1929764598608017 0.9876051545143127 0.8536378741264343 0.08974264562129974
237.4420079406097 0.1929764598608017 0.9876051545143127 0.8541107177734375 0.08974264562129974
237.6763829406097 0.1929764598608017 0.9876051545143127 0.8545724749565125 0.08974264562129974
237.9107579406097 0.1929764598608017 0.9876051545143127 0.8550235033035278 0.08974264562129974
238.14513294060967 0.1929764598608017 0.9876051545143127 0.8554641604423523 0.08974264562129974
239.7857579406096 0.1929764598608017 0.9876051545143127 0.8582861423492432 0.08974264562129974
239.99999999999997 0.1929764598608017 0.9876051545143127 0.858625590801239 0.08974264562129974
