time a b c w1
0.0 0.0 0.0 0.0 0.0
2.34374997708231e-06 1.0801570415496826 1.0801570415496826 2.34398437508335e-23 2.34398437508335e-23
2.3531289769906394e-06 1.0037916898727417 1.0037916898727417 2.35336424679079e-23 2.35336424679079e-23
2.3718869768072985e-06 0.9922298789024353 0.9922298789024353 2.372124147977851e-23 2.372124147977851e-23
2.449126245505041e-06 0.9876051545143127 0.9876051545143127 2.449371143311084e-23 2.449371143311084e-23
0.00019360463173130613 0.9876051545143127 0.9876051545143127 1.9362399824984054e-21 1.9362399824984054e-21
0.00038480681743822704 0.9876051545143127 0.9876051545143127 3.8484529531415596e-21 -5.559464444360174e-09
0.0007672111888520689 0.9876051545143127 0.9876051545143127 7.672878894427868e-21 -2.705487389675909e-08
0.001 0.9876051545143127 0.9876051545143127 1.0000999731091105e-20 -3.338633192129237e-08
29.999999999999996 0.9876051545143127 0.9876051545143127 3.000300019364487e-16 -3.3386157838322106e-08
30.000099999999996 0.9876051545143127 0.9876051545143127 3.0003100778807355e-16 -3.3364894846954485e-08
30.0003 0.9876051545143127 0.9876051545143127 3.0003299302154367e-16 -3.3343891203685416e-08
30.0007 0.9876051545143127 0.9876051545143127 3.0003698995826353e-16 -3.3332312909806205e-08
30.001 0.9876051545143127 0.9876051545143127 3.000400075131381e-16 -3.332734621608324e-08
59.99999999999999 0.9876051545143127 0.9876051545143127 6.000600038728974e-16 -3.332734621608324e-08
60.000099999999996 0.9876051545143127 0.9876051545143127 6.000610097245222e-16 -3.332734621608324e-08
60.000299999999996 0.9876051545143127 0.9876051545143127 6.00063021427772e-16 -3.332734621608324e-08
60.000699999999995 0.9876049160957336 0.9876051545143127 6.000669918947122e-16 -3.332734621608324e-08
60.001000000000005 0.9876046180725098 0.9876051545143127 6.000700094495868e-16 -3.332734621608324e-08
60.00608000000005 0.9875705242156982 0.9876051545143127 6.001207784868629e-16 -3.332734621608324e-08
60.01116000000009 0.9875363111495972 0.9876051545143127 6.001716004636981e-16 -3.332734621608324e-08
60.082840000000736 0.9870387315750122 0.9876051545143127 6.008885079744305e-16 -3.332734621608324e-08
60.16476000000147 0.9864342212677002 0.9876051545143127 6.01707747653103e-16 -3.332734621608324e-08
60.328600000002936 0.9851167798042297 0.9876051545143127 6.033463328895664e-16 -3.332734621608324e-08
60.562975000002936 0.9829905033111572 0.9876051545143127 6.056903377524151e-16 -3.332734621608324e-08
61.03172500000293 0.9776122570037842 0.9876051545143127 6.103782945385532e-16 -3.332734621608324e-08
61.26610000000293 0.9741671085357666 0.9876051545143127 6.127222464618427e-16 -3.332734621608324e-08
61.734850000002936 0.9652060866355896 0.9876051545143127 6.1741025618754e-16 -3.332734621608324e-08
61.969225000002936 0.9594184160232544 0.9876051545143127 6.197542081108295e-16 -3.332734621608324e-08
62.20360000000294 0.9525604248046875 0.9876051545143127 6.220982129736782e-16 -3.332734621608324e-08
62.67235000000295 0.9350470304489136 0.9876051545143127 6.267861697598163e-16 -3.332734621608324e-08
62.90672500000296 0.9241428375244141 0.9876051545143127 6.2913017462266495e-16 -3.332734621608324e-08
63.14110000000296 0.9116921424865723 0.9876051545143127 6.314741265459544e-16 -3.332734621608324e-08
63.375475000002965 0.8976578116416931 0.9876051545143127 6.338181314088031e-16 -3.332734621608324e-08
63.609850000002965 0.8820436000823975 0.9876051545143127 6.361621362716517e-16 -3.332734621608324e-08
63.84422500000297 0.8648898005485535 0.9876051545143127 6.385060881949412e-16 -3.332734621608324e-08
64.07860000000298 0.8462650775909424 0.9876051545143127 6.408500930577899e-16 -3.332734621608324e-08
64.31297500000298 0.8262574672698975 0.9876051545143127 6.431940449810793e-16 -3.332734621608324e-08
64.54735000000298 0.804966390132904 0.9876051545143127 6.45538049843928e-16 -3.332734621608324e-08
64.781725000003 0.782495379447937 0.9876051545143127 6.478820547067767e-16 -3.332734621608324e-08
65.016100000003 0.7589471936225891 0.9876051545143127 6.502260066300661e-16 -3.332734621608324e-08
65.250475000003 0.7344199419021606 0.9876051545143127 6.525700114929148e-16 -3.332734621608324e-08
65.484850000003 0.7090051770210266 0.9876051545143127 6.549139634162043e-16 -3.332734621608324e-08
65.71922500000301 0.6827870011329651 0.9876051545143127 6.572579682790529e-16 -3.332734621608324e-08
65.95360000000301 0.6558416485786438 0.9876051545143127 6.596019731419016e-16 -3.332734621608324e-08
66.18797500000301 0.6282376646995544 0.9876051545143127 6.619459250651911e-16 -3.332734621608324e-08
66.42235000000302 0.6000363826751709 0.9876051545143127 6.642899299280397e-16 -3.332734621608324e-08
66.65672500000302 0.5712924599647522 0.9876051545143127 6.666338818513292e-16 -3.332734621608324e-08
66.89110000000302 0.5420547723770142 0.9876051545143127 6.689778867141778e-16 -3.332734621608324e-08
67.12547500000302 0.5123666524887085 0.9876051545143127 6.713218915770265e-16 -3.332734621608324e-08
67.35985000000304 0.4822668135166168 0.9876051545143127 6.73665843500316e-16 -3.332734621608324e-08
67.59422500000304 0.4517897069454193 0.9876051545143127 6.760098483631646e-16 -3.332734621608324e-08
67.82860000000304 0.4209662079811096 0.9876051545143127 6.783538532260133e-16 -3.332734621608324e-08
68.06297500000305 0.3898240327835083 0.9876051545143127 6.806978051493028e-16 -3.332734621608324e-08
68.29735000000305 0.3583882451057434 0.9876051545143127 6.830418100121514e-16 -3.332734621608324e-08
68.53172500000305 0.32668203115463257 0.9876051545143127 6.853857619354409e-16 -3.332734621608324e-08
69.00047500000306 0.26255008578300476 0.9876051545143127 6.900737716611382e-16 -3.332734621608324e-08
69.23485000000306 0.23018082976341248 0.9876051545143127 6.924177235844277e-16 -3.332734621608324e-08
69.46922500000306 0.19767457246780396 0.9876051545143127 6.947617284472764e-16 -3.332734621608324e-08
69.70360000000306 0.16514302790164948 0.9876051545143127 6.971056803705658e-16 -3.332734621608324e-08
69.93797500000308 0.1328340619802475 0.9876051545143127 6.994496852334145e-16 -3.332734621608324e-08
70.17235000000308 0.10128124058246613 0.9876051545143127 7.017936900962632e-16 -3.332734621608324e-08
70.40672500000308 0.07148393243551254 0.9876051545143127 7.041376420195526e-16 -3.332734621608324e-08
70.64110000000309 0.044884249567985535 0.9876051545143127 7.064816468824013e-16 -3.332734621608324e-08
70.87547500000309 0.022858023643493652 0.9876051545143127 7.0882565174524995e-16 -3.332734621608324e-08
71.10985000000309 0.005425434559583664 0.9876051545143127 7.111696036685394e-16 -3.332734621608324e-08
71.20232480371399 0.0004578812513500452 0.9876051545143127 7.120944577678227e-16 -3.332734621608324e-08
71.22429691995585 -3.3386157838322106e-08 0.9876051545143127 7.12314209878076e-16 -3.332734621608324e-08
89.99999999999999 -3.3342825389581776e-08 0.9876051545143127 9.000900322791256e-16 -3.332734621608324e-08
90.0001 -3.335044951313648e-08 0.9876051545143127 9.000909851911913e-16 -3.332734621608324e-08
90.0003 -3.3330778137496964e-08 0.9876051545143127 9.00092996894441e-16 -3.332734621608324e-08
90.0007 -3.327220454707458e-08 0.9876051545143127 9.000970203009405e-16 -3.332734621608324e-08
90.001 -3.3254654141501305e-08 0.9876051545143127 9.000999849162559e-16 -3.332734621608324e-08
119.99999999999999 -3.3254654141501305e-08 0.9876051545143127 1.2001200077457947e-15 -3.332734621608324e-08
120.0001 -3.3254654141501305e-08 0.9876051545143127 1.2001209606578604e-15 -3.332734621608324e-08
120.0003 -3.3254654141501305e-08 0.9876051545143127 1.2001229723611101e-15 -3.332734621608324e-08
120.0007 -3.3254654141501305e-08 0.9876051545143127 6.287797305049025e-08 -3.332734621608324e-08
120.00082296358333 -3.3254654141501305e-08 0.9876051545143127 4.105017978872638e-07 -2.54263756716e-08
120.0008939570996 -3.3254654141501305e-08 0.9876051545143127 1.250280547537841e-06 -3.9975107668510645e-09
120.00093234191937 -3.3254654141501305e-08 0.9876051545143127 2.392570195297594e-06 5.637333444497017e-08
120.0009648777399 -3.3254654141501305e-08 0.9876051545143127 4.243283910909668e-06 2.494725208634918e-07
120.00099689408158 -3.3254654141501305e-08 0.9876051545143127 6.883935384394135e-06 6.209034495441301e-07
120.001 -3.3254654141501305e-08 0.9876051545143127 7.202569122455316e-06 6.728008656864404e-07
120.06228033355598 -3.3254654141501305e-08 0.9876051545143127 0.007201752159744501 0.0012927019270136952
120.12356066711195 -3.3254654141501305e-08 0.9876051545143127 0.01436254195868969 0.002573994919657707
120.24612507459275 -3.3254654141501305e-08 0.9876051545143127 0.028584936633706093 0.005105084273964167
120.48050007459277 -3.3254654141501305e-08 0.9876051545143127 0.05550195649266243 0.009856823831796646
120.71487507459277 -3.3254654141501305e-08 0.9876051545143127 0.08205822110176086 0.014495405368506908
120.94925007459277 -3.3254654141501305e-08 0.9876051545143127 0.10819630324840546 0.01900380477309227
121.18362507459277 -3.3254654141501305e-08 0.9876051545143127 0.13390688598155975 0.023380305618047714
121.41800007459278 -3.3254654141501305e-08 0.9876051545143127 0.15918123722076416 0.02762341871857643
121.65237507459278 -3.3254654141501305e-08 0.9876051545143127 0.18401050567626953 0.03173172473907471
121.88675007459278 -3.3254654141501305e-08 0.9876051545143127 0.20838582515716553 0.03570389002561569
122.1211250745928 -3.3254654141501305e-08 0.9876051545143127 0.23229831457138062 0.03953868895769119
122.58987507459277 -3.3254654141501305e-08 0.9876051545143127 0.27869951725006104 0.046791937202215195
122.82425007459277 -3.3254654141501305e-08 0.9876051545143127 0.30117082595825195 0.05020863190293312
123.29300007459274 -3.3254654141501305e-08 0.9876051545143127 0.34461265802383423 0.05661912262439728
123.99612507459271 -3.3254654141501305e-08 0.9876051545143127 0.4059056043624878 0.0651751160621643
124.4648750745927 -3.3254654141501305e-08 0.9876051545143127 0.4441061317920685 0.07017683982849121
125.16800007459267 -3.3254654141501305e-08 0.9876051545143127 0.4973059892654419 0.07664883136749268
125.87112507459264 -3.3254654141501305e-08 0.9876051545143127 0.5455094575881958 0.08193492889404297
126.33987507459263 -3.3254654141501305e-08 0.9876051545143127 0.5748624801635742 0.08484093844890594
126.8086250745926 -3.3254654141501305e-08 0.9876051545143127 0.6020127534866333 0.08728956431150436
127.04300007459258 -3.3254654141501305e-08 0.9876051545143127 0.6147745251655579 0.08835393935441971
127.27737507459258 -3.3254654141501305e-08 0.9876051545143127 0.6270034313201904 0.0893184170126915
127.51175007459257 -3.3254654141501305e-08 0.9876051545143127 0.6387079954147339 0.09018830955028534
127.98050007459256 -3.3254654141501305e-08 0.9876051545143127 0.6605849266052246 0.09166642278432846
128.68362507459253 -3.3254654141501305e-08 0.9876051545143127 0.6897497177124023 0.09331418573856354
128.91800007459253 -3.3254654141501305e-08 0.9876051545143127 0.6985524296760559 0.09373416751623154
129.1523750745925 -3.3254654141501305e-08 0.9876051545143127 0.7069206833839417 0.09409868717193604
129.3867500745925 -3.3254654141501305e-08 0.9876051545143127 0.7148701548576355 0.09441300481557846
129.85550007459247 -3.3254654141501305e-08 0.9876051545143127 0.7295778393745422 0.09491097927093506
130.32425007459247 -3.3254654141501305e-08 0.9876051545143127 0.7428069114685059 0.0952654704451561
131.4961250745924 -3.3254654141501305e-08 0.9876051545143127 0.7702667117118835 0.09572722017765045
131.96487507459238 -3.3254654141501305e-08 0.9876051545143127 0.7793313264846802 0.0958058163523674
132.90237507459236 -3.3254654141501305e-08 0.9876051545143127 0.7947860360145569 0.09587371349334717
133.13675007459236 -3.3254654141501305e-08 0.9876051545143127 0.7981643676757812 0.09588006138801575
133.37112507459233 -3.3254654141501305e-08 0.9876051545143127 0.8013708591461182 0.09588409960269928
133.60550007459233 -3.3254654141501305e-08 0.9876051545143127 0.8044155836105347 0.09588649868965149
133.83987507459233 -3.3254654141501305e-08 0.9876051545143127 0.8073081970214844 0.09588779509067535
134.54300007459227 -3.3254654141501305e-08 0.9876051545143127 0.8151602745056152 0.0958886370062828
135.01175007459227 -3.3254654141501305e-08 0.9876051545143127 0.8197856545448303 0.09588859975337982
135.24612507459224 -3.3254654141501305e-08 0.9876051545143127 0.8219366073608398 0.09588859230279922
135.71487507459224 -3.3254654141501305e-08 0.9876051545143127 0.8259462118148804 0.09588859230279922
135.94925007459221 -3.3254654141501305e-08 0.9876051545143127 0.8278160691261292 0.09588859230279922
136.41800007459221 -3.3254654141501305e-08 0.9876051545143127 0.8313111662864685 0.09588859230279922
136.6523750745922 -3.3254654141501305e-08 0.9876051545143127 0.832945704460144 0.09588859230279922
136.8867500745922 -3.3254654141501305e-08 0.9876051545143127 0.8345104455947876 0.09588859230279922
137.1211250745922 -3.3254654141501305e-08 0.9876051545143127 0.8360093832015991 0.09588859230279922
137.35550007459216 -3.3254654141501305e-08 0.9876051545143127 0.8374461531639099 0.09588859230279922
137.58987507459216 -3.3254654141501305e-08 0.9876051545143127 0.8388241529464722 0.09588859230279922
138.05862507459213 -3.3254654141501305e-08 0.9876051545143127 0.8414165377616882 0.09588859230279922
138.29300007459213 -3.3254654141501305e-08 0.9876051545143127 0.8426367044448853 0.09588859230279922
138.52737507459213 -3.3254654141501305e-08 0.9876051545143127 0.8438097238540649 0.09588859230279922
138.9961250745921 -3.3254654141501305e-08 0.9876051545143127 0.8460241556167603 0.09588859230279922
139.2305000745921 -3.3254654141501305e-08 0.9876051545143127 0.8470699787139893 0.09588859230279922
139.46487507459207 -3.3254654141501305e-08 0.9876051545143127 0.8480777144432068 0.09588859230279922
139.69925007459207 -3.3254654141501305e-08 0.9876051545143127 0.8490492701530457 0.09588859230279922
139.93362507459207 -3.3254654141501305e-08 0.9876051545143127 0.8499863743782043 0.09588859230279922
140.16800007459204 -3.3254654141501305e-08 0.9876051545143127 0.8508907556533813 0.09588859230279922
140.40237507459204 -3.3254654141501305e-08 0.9876051545143127 0.8517639636993408 0.09588859230279922
140.63675007459204 -3.3254654141501305e-08 0.9876051545143127 0.8526074886322021 0.09588859230279922
141.33987507459202 -3.3254654141501305e-08 0.9876051545143127 0.8549740314483643 0.09588859230279922
141.574250074592 -3.3254654141501305e-08 0.9876051545143127 0.8557122945785522 0.09588859230279922
141.808625074592 -3.3254654141501305e-08 0.9876051545143127 0.8564271926879883 0.09588859230279922
142.043000074592 -3.3254654141501305e-08 0.9876051545143127 0.8571197390556335 0.09588859230279922
142.74612507459196 -3.3254654141501305e-08 0.9876051545143127 0.8590731620788574 0.09588859230279922
142.98050007459193 -3.3254654141501305e-08 0.9876051545143127 0.8596857786178589 0.09588859230279922
143.21487507459193 -3.3254654141501305e-08 0.9876051545143127 0.8602805137634277 0.09588859230279922
143.44925007459193 -3.3254654141501305e-08 0.9876051545143127 0.860858142375946 0.09588859230279922
144.62112507459187 -3.3254654141501305e-08 0.9876051545143127 0.8635128140449524 0.09588859230279922
144.85550007459187 -3.3254654141501305e-08 0.9876051545143127 0.8640012741088867 0.09588859230279922
145.08987507459184 -3.3254654141501305e-08 0.9876051545143127 0.8644769191741943 0.09588859230279922
145.32425007459184 -3.3254654141501305e-08 0.9876051545143127 0.8649401664733887 0.09588859230279922
146.7305000745918 -3.3254654141501305e-08 0.9876051545143127 0.8674847483634949 0.09588859230279922
146.9648750745918 -3.3254654141501305e-08 0.9876051545143127 0.8678734302520752 0.09588859230279922
147.43362507459176 -3.3254654141501305e-08 0.9876051545143127 0.8686234354972839 0.09588859230279922
148.13675007459173 -3.3254654141501305e-08 0.9876051545143127 0.8696850538253784 0.09588859230279922
148.37112507459173 -3.3254654141501305e-08 0.9876051545143127 0.8700231313705444 0.09588859230279922
148.6055000745917 -3.3254654141501305e-08 0.9876051545143127 0.8703536987304688 0.09588859230279922
148.8398750745917 -3.3254654141501305e-08 0.9876051545143127 0.87067711353302 0.09588859230279922
149.30862507459167 -3.3254654141501305e-08 0.9876051545143127 0.8713032007217407 0.09588859230279922
149.77737507459167 -3.3254654141501305e-08 0.9876051545143127 0.8719031810760498 0.09588859230279922
150.0 -3.3254654141501305e-08 0.9876051545143127 0.8721808195114136 0.09588859230279922
150.0001 -3.3254654141501305e-08 0.9876051545143127 0.8721808791160583 0.09588859230279922
150.0003 -3.3254654141501305e-08 0.9876051545143127 0.8721809387207031 0.09588859230279922
150.0007 -3.3254654141501305e-08 0.9876051545143127 0.8721810579299927 0.09588859230279922
150.001 -3.3254654141501305e-08 0.9876051545143127 0.8721810579299927 0.09588859230279922
150.14562767921356 0.0005186006310395896 0.9876051545143127 0.8721810579299927 0.09588859230279922
150.29026418633893 0.00103696808218956 0.9876051545143127 0.8721810579299927 0.09588859230279922
150.52463918633893 0.0018764566630125046 0.9876051545143127 0.8721810579299927 0.09588859230279922
150.7590141863389 0.0027153322007507086 0.9876051545143127 0.8721810579299927 0.09588859230279922
165.37950709316942 0.05369756743311882 0.9876051545143127 0.8721810579299927 0.09588859230279922
179.99999999999997 0.10200600326061249 0.9876051545143127 0.8721810579299927 0.09588859230279922
180.0001 0.10200562328100204 0.9876051545143127 0.8721810579299927 0.09588859230279922
180.0003 0.10200520604848862 0.9876051545143127 0.8721808791160583 0.09588859230279922
180.0007 0.10200496017932892 0.9876051545143127 0.8721787333488464 0.09588859230279922
180.001 0.10200493037700653 0.9876051545143127 0.872174859046936 0.09588859230279922
180.02144000000035 0.10200493037700653 0.9876051545143127 0.8706550598144531 0.09588859230279922
180.04188000000067 0.10200493037700653 0.9876051545143127 0.8691209554672241 0.09588859230279922
180.0828400000013 0.10200493037700653 0.9876051545143127 0.8660041093826294 0.09588859230279922
180.1647600000026 0.10200493037700653 0.9876051545143127 0.8596038818359375 0.09588859230279922
180.32860000000517 0.10200493037700653 0.9876051545143127 0.8462561368942261 0.09588859230279922
180.56297500000517 0.10200493037700653 0.9876051545143127 0.8261337280273438 0.09588859230279922
180.79735000000514 0.10200493037700653 0.9876051545143127 0.8048352003097534 0.09588859230279922
181.03172500000514 0.10200493037700653 0.9876051545143127 0.7823574542999268 0.09588859230279922
181.26610000000514 0.10200493037700653 0.9876051545143127 0.758803129196167 0.09588859230279922
181.5004750000051 0.10200493037700653 0.9876051545143127 0.7342702150344849 0.09588859230279922
181.7348500000051 0.10200493037700653 0.9876051545143127 0.7088504433631897 0.09588859230279922
181.9692250000051 0.10200493037700653 0.9876051545143127 0.6826276779174805 0.09588859230279922
182.20360000000508 0.10200493037700653 0.9876051545143127 0.6556782126426697 0.09588859230279922
182.43797500000508 0.10200493037700653 0.9876051545143127 0.6280704736709595 0.09588859230279922
182.67235000000508 0.10200493037700653 0.9876051545143127 0.599865734577179 0.09588859230279922
182.90672500000505 0.10200493037700653 0.9876051545143127 0.5711187720298767 0.09588859230279922
183.14110000000505 0.10200493037700653 0.9876051545143127 0.5418782830238342 0.09588859230279922
183.37547500000505 0.10200493037700653 0.9876051545143127 0.5121876001358032 0.09588859230279922
183.84422500000503 0.10200493037700653 0.9876051545143127 0.4516060948371887 0.09588859230279922
184.078600000005 0.10200493037700653 0.9876051545143127 0.42078062891960144 0.09588859230279922
184.547350000005 0.10200493037700653 0.9876051545143127 0.3581991493701935 0.09588859230279922
185.01610000000497 0.10200493037700653 0.9876051545143127 0.2945358157157898 0.09588859230279922
185.48485000000494 0.10200493037700653 0.9876051545143127 0.22998648881912231 0.09588859230279922
185.95360000000494 0.10200493037700653 0.9876051545143127 0.1649484932422638 0.09588859230279922
186.1879750000049 0.10200493037700653 0.9876051545143127 0.13264209032058716 0.09588859230279922
186.4223500000049 0.10200493037700653 0.9876051545143127 0.10109628736972809 0.09588859230279922
186.6567250000049 0.10200493037700653 0.9876051545143127 0.0713135376572609 0.09588859230279922
186.89110000000488 0.10200493037700653 0.9876051545143127 0.044737618416547775 0.09588859230279922
187.12547500000488 0.10200493037700653 0.9876051545143127 0.022741569206118584 0.09588859230279922
187.35985000000488 0.10200493037700653 0.9876051545143127 0.005355540197342634 0.09588859230279922
187.4518506393759 0.10200493037700653 0.9876051545143127 0.00044837818131782115 0.09588859230279922
187.47362710270636 0.10200493037700653 0.9876051545143127 -3.3386157838322106e-08 0.09588859230279922
205.90294419083213 0.10200493037700653 0.9876051545143127 -3.3386157838322106e-08 0.09588859230279922
209.99999999999997 0.10200493037700653 0.9876051545143127 -3.3344008443236817e-08 0.09588859230279922
210.00009999999997 0.10200493037700653 0.9876051545143127 -3.335084386435483e-08 0.09588859230279922
210.0003 0.10200493037700653 0.9876051545143127 -3.333117248871531e-08 0.09588859230279922
210.00070000000002 0.10200493037700653 0.9876051545143127 -3.326637099121399e-08 0.09588859230279922
210.00082296391187 0.10200493782758713 0.9876051545143127 -3.1368770692097314e-08 0.09588859230279922
210.00089395690247 0.10200498253107071 0.9876051545143127 1.9665705508487008e-08 0.09588859230279922
210.00092968367056 0.10200505703687668 0.9876051545143127 1.9770845938182902e-07 0.09588859230279922
210.00095171025166 0.10200516134500504 0.9876051545143127 5.653881771650049e-07 0.09588859230279922
210.00097212481737 0.10200534015893936 0.9876051545143127 1.3212724070399418e-06 0.09588859230279922
210.0009904326136 0.10200557857751846 0.9876051545143127 2.4760395263001556e-06 0.09588859230279922
210.00100000000003 0.1020057275891304 0.9876051545143127 3.314727791803307e-06 0.09588859230279922
210.12521971794106 0.10441159456968307 0.9876051545143127 0.013909191824495792 0.09588859230279922
210.24943943588215 0.10677749663591385 0.9876051545143127 0.027686120942234993 0.09588859230279922
210.48381443588215 0.11116001754999161 0.9876051545143127 0.053415991365909576 0.09588859230279922
210.95256443588212 0.11959804594516754 0.9876051545143127 0.10380499809980392 0.09588859230279922
211.18693943588212 0.12363726645708084 0.9876051545143127 0.1284043937921524 0.09588859230279922
211.42131443588212 0.1275552213191986 0.9876051545143127 0.1525975465774536 0.09588859230279922
211.8900644358821 0.1350235939025879 0.9876051545143127 0.1997368037700653 0.09588859230279922
212.1244394358821 0.1385723501443863 0.9876051545143127 0.22266876697540283 0.09588859230279922
212.35881443588207 0.14199653267860413 0.9876051545143127 0.24516618251800537 0.09588859230279922
212.59318943588207 0.14529556035995483 0.9876051545143127 0.2672221064567566 0.09588859230279922
212.82756443588207 0.1484690010547638 0.9876051545143127 0.2888296842575073 0.09588859230279922
213.53068943588204 0.15723352134227753 0.9876051545143127 0.3508957624435425 0.09588859230279922
213.999439435882 0.1624475121498108 0.9876051545143127 0.389913946390152 0.09588859230279922
214.233814435882 0.1648670881986618 0.9876051545143127 0.40869832038879395 0.09588859230279922
214.70256443588198 0.16933584213256836 0.9876051545143127 0.4447937607765198 0.09588859230279922
215.99162693588192 0.17916904389858246 0.9876051545143127 0.5337343215942383 0.09588859230279922
217.28068943588187 0.18574093282222748 0.9876051545143127 0.6074953079223633 0.09588859230279922
217.51506443588187 0.18663042783737183 0.9876051545143127 0.6193100214004517 0.09588859230279922
217.74943943588184 0.18743665516376495 0.9876051545143127 0.6306489109992981 0.09588859230279922
217.98381443588184 0.18816418945789337 0.9876051545143127 0.6415202617645264 0.09588859230279922
218.21818943588184 0.18881770968437195 0.9876051545143127 0.6519330739974976 0.09588859230279922
218.4525644358818 0.18940195441246033 0.9876051545143127 0.6618974208831787 0.09588859230279922
219.62443943588178 0.19144891202449799 0.9876051545143127 0.7053924798965454 0.09588859230279922
220.09318943588175 0.19194424152374268 0.9876051545143127 0.7200758457183838 0.09588859230279922
221.96818943588167 0.19284984469413757 0.9876051545143127 0.7660612463951111 0.09588859230279922
223.8431894358816 0.19298520684242249 0.9876051545143127 0.7966481447219849 0.09588859230279922
224.07756443588158 0.19298750162124634 0.9876051545143127 0.7996816635131836 0.09588859230279922
224.31193943588158 0.192988783121109 0.9876051545143127 0.8025705218315125 0.09588859230279922
224.54631443588158 0.19298939406871796 0.9876051545143127 0.8053228259086609 0.09588859230279922
224.78068943588156 0.19298961758613586 0.9876051545143127 0.8079462051391602 0.09588859230279922
225.01506443588156 0.19298967719078064 0.9876051545143127 0.8104479908943176 0.09588859230279922
225.48381443588153 0.19298964738845825 0.9876051545143127 0.815113365650177 0.09588859230279922
225.71818943588153 0.19298963248729706 0.9876051545143127 0.8172894716262817 0.09588859230279922
226.1869394358815 0.19298963248729706 0.9876051545143127 0.8213571310043335 0.09588859230279922
226.4213144358815 0.19298963248729706 0.9876051545143127 0.8232589960098267 0.09588859230279922
226.89006443588147 0.19298963248729706 0.9876051545143127 0.826822817325592 0.09588859230279922
227.12443943588147 0.19298963248729706 0.9876051545143127 0.8284932971000671 0.09588859230279922
227.59318943588144 0.19298963248729706 0.9876051545143127 0.8316311836242676 0.09588859230279922
227.82756443588144 0.19298963248729706 0.9876051545143127 0.833105742931366 0.09588859230279922
228.06193943588144 0.19298963248729706 0.9876051545143127 0.8345217704772949 0.09588859230279922
228.2963144358814 0.19298963248729706 0.9876051545143127 0.8358824253082275 0.09588859230279922
228.5306894358814 0.19298963248729706 0.9876051545143127 0.8371905088424683 0.09588859230279922
228.7650644358814 0.19298963248729706 0.9876051545143127 0.8384487628936768 0.09588859230279922
228.99943943588138 0.19298963248729706 0.9876051545143127 0.8396596908569336 0.09588859230279922
229.46818943588138 0.19298963248729706 0.9876051545143127 0.8419489860534668 0.09588859230279922
229.70256443588136 0.19298963248729706 0.9876051545143127 0.8430317640304565 0.09588859230279922
229.93693943588136 0.19298963248729706 0.9876051545143127 0.8440760374069214 0.09588859230279922
230.17131443588136 0.19298963248729706 0.9876051545143127 0.8450835943222046 0.09588859230279922
230.40568943588133 0.19298963248729706 0.9876051545143127 0.8460562229156494 0.09588859230279922
230.64006443588133 0.19298963248729706 0.9876051545143127 0.8469955325126648 0.09588859230279922
230.87443943588133 0.19298963248729706 0.9876051545143127 0.8479032516479492 0.09588859230279922
231.1088144358813 0.19298963248729706 0.9876051545143127 0.8487806916236877 0.09588859230279922
231.81193943588127 0.19298963248729706 0.9876051545143127 0.8512455224990845 0.09588859230279922
232.04631443588127 0.19298963248729706 0.9876051545143127 0.8520153760910034 0.09588859230279922
232.28068943588127 0.19298963248729706 0.9876051545143127 0.8527613282203674 0.09588859230279922
232.51506443588124 0.19298963248729706 0.9876051545143127 0.8534842729568481 0.09588859230279922
233.21818943588121 0.19298963248729706 0.9876051545143127 0.8555254340171814 0.09588859230279922
233.45256443588121 0.19298963248729706 0.9876051545143127 0.8561662435531616 0.09588859230279922
233.68693943588121 0.19298963248729706 0.9876051545143127 0.8567885160446167 0.09588859230279922
233.9213144358812 0.19298963248729706 0.9876051545143127 0.8573931455612183 0.09588859230279922
235.09318943588116 0.19298963248729706 0.9876051545143127 0.8601748943328857 0.09588859230279922
235.32756443588113 0.19298963248729706 0.9876051545143127 0.860687255859375 0.09588859230279922
235.56193943588113 0.19298963248729706 0.9876051545143127 0.8611862659454346 0.09588859230279922
235.79631443588113 0.19298963248729706 0.9876051545143127 0.8616724610328674 0.09588859230279922
236.96818943588107 0.19298963248729706 0.9876051545143127 0.8639267683029175 0.09588859230279922
237.20256443588107 0.19298963248729706 0.9876051545143127 0.8643452525138855 0.09588859230279922
237.43693943588104 0.19298963248729706 0.9876051545143127 0.864753782749176 0.09588859230279922
237.67131443588104 0.19298963248729706 0.9876051545143127 0.8651527166366577 0.09588859230279922
239.54631443588096 0.19298963248729706 0.9876051545143127 0.8680362701416016 0.09588859230279922
239.78068943588096 0.19298963248729706 0.9876051545143127 0.8683624267578125 0.09588859230279922
239.99999999999997 0.19298963248729706 0.9876051545143127 0.8686628341674805 0.09588859230279922
