time a b c w1
0.0 0.0 0.0 0.0 0.0
0.00018749998775824395 1.0 1.8751873486053863e-21 1.0 1.8751873486053863e-21
0.0003749999755164879 1.0 3.7503746972107726e-21 1.0 -5.559274374178358e-09
0.0007499999510329758 1.0 7.500749394421545e-21 1.0 -2.66940372029012e-08
0.001 1.0 1.0000999731091105e-20 1.0 -3.338738352454129e-08
29.999999999999996 1.0 3.000300019364487e-16 1.0 -3.338720588885735e-08
30.000099999999996 1.0 3.0003100778807355e-16 1.0 -3.336552367727563e-08
30.0003 1.0 3.0003299302154367e-16 1.0 -3.3344100813792465e-08
30.0007 1.0 3.0003698995826353e-16 1.0 -3.333276410444341e-08
30.000822963430668 1.0 1.805405069887911e-08 1.0 -2.7230175447812144e-08
30.000893956489676 1.0 9.097741582309027e-08 1.0 5.5738890836209976e-08
30.00092972432653 1.0 1.9897242964361794e-07 1.0 1.445339563588277e-07
30.000951818819228 1.0 3.180483076903329e-07 1.0 2.010553146192251e-07
30.00096425604077 1.0 4.28411084385516e-07 1.0 4.022680286652758e-07
30.00098525400675 1.0 7.753595241410949e-07 1.0 1.777146849235578e-06
30.00099860250479 1.0 1.0728271035986836e-06 1.0 3.150535576423863e-06
30.001 1.0 1.1077951285187737e-06 1.0 3.31968999489618e-06
30.44367895010725 1.0 0.011638293042778969 1.0 0.058979254215955734
30.8863579002145 1.0 0.0227423794567585 1.0 0.11637295037508011
31.32581102521449 1.0 0.033225733786821365 1.0 0.17172175645828247
31.472295400214488 1.0 0.036583736538887024 1.0 0.18975567817687988
31.618779775214485 1.0 0.039878904819488525 1.0 0.20759646594524384
31.765264150214485 1.0 0.0431101992726326 1.0 0.22523963451385498
32.35120165021447 1.0 0.05542205274105072 1.0 0.2938953638076782
32.93713915021446 1.0 0.06669385731220245 1.0 0.3592348098754883
33.303350087714456 1.0 0.07310818135738373 1.0 0.3980100452899933
33.66956102521445 1.0 0.07904081791639328 1.0 0.4351673424243927
33.96252977521444 1.0 0.08341445028781891 1.0 0.4636114835739136
34.328740712714435 1.0 0.08844895660877228 1.0 0.49764102697372437
34.694951650214435 1.0 0.09306131303310394 1.0 0.530139684677124
34.98792040021443 1.0 0.09640344232320786 1.0 0.5548391342163086
35.28088915021442 1.0 0.09945222735404968 1.0 0.5784094333648682
35.57385790021441 1.0 0.10219153761863708 1.0 0.6007460355758667
35.86682665021441 1.0 0.1046280711889267 1.0 0.6218315362930298
36.306279775214406 1.0 0.10776924341917038 1.0 0.6512356400489807
36.5992485252144 1.0 0.10956460237503052 1.0 0.6694761514663696
37.03870165021439 1.0 0.11179234832525253 1.0 0.694568932056427
37.478154775214385 1.0 0.11352753639221191 1.0 0.7170710563659668
37.62463915021438 1.0 0.11401064693927765 1.0 0.7240291833877563
37.77112352521438 1.0 0.11445394903421402 1.0 0.7307488918304443
37.91760790021438 1.0 0.11486463993787766 1.0 0.7372653484344482
38.650029775214364 1.0 0.11639027297496796 1.0 0.7662429809570312
38.79651415021436 1.0 0.11660143733024597 1.0 0.7713257074356079
39.08948290021436 1.0 0.11694763600826263 1.0 0.7808222770690918
39.38245165021435 1.0 0.11721403896808624 1.0 0.7895505428314209
40.041631337714335 1.0 0.11759032309055328 1.0 0.8065949082374573
40.70081102521433 1.0 0.11776954680681229 1.0 0.8206863403320312
41.14026415021432 1.0 0.11782734841108322 1.0 0.8287198543548584
41.79944383771431 1.0 0.11786212772130966 1.0 0.8389714956283569
42.45862352521429 1.0 0.11786875128746033 1.0 0.8473295569419861
42.898076650214286 1.0 0.11786922067403793 1.0 0.8521682620048523
43.33752977521428 1.0 0.11786926537752151 1.0 0.8565325736999512
43.77698290021427 1.0 0.11786926537752151 1.0 0.8603851795196533
44.43616258771426 1.0 0.11786926537752151 1.0 0.8653557300567627
45.09534227521425 1.0 0.11786926537752151 1.0 0.8696210384368896
45.53479540021424 1.0 0.11786926537752151 1.0 0.8721160888671875
45.974248525214236 1.0 0.11786926537752151 1.0 0.8744313716888428
46.77991258771422 1.0 0.11786926537752151 1.0 0.878242552280426
47.58557665021421 1.0 0.11786926537752151 1.0 0.8814414739608765
48.17151415021419 1.0 0.11786926537752151 1.0 0.8835223317146301
48.757451650214186 1.0 0.11786926537752151 1.0 0.8853752613067627
49.19690477521418 1.0 0.11786926537752151 1.0 0.886623740196228
49.48987352521417 1.0 0.11786926537752151 1.0 0.8874140977859497
49.929326650214165 1.0 0.11786926537752151 1.0 0.888530969619751
50.73499071271415 1.0 0.11786926537752151 1.0 0.8903530836105347
51.540654775214136 1.0 0.11786926537752151 1.0 0.8919358253479004
52.19983446271412 1.0 0.11786926537752151 1.0 0.8931593298912048
52.859014150214115 1.0 0.11786926537752151 1.0 0.8942743539810181
54.10413133771409 1.0 0.11786926537752151 1.0 0.896160364151001
55.349248525214065 1.0 0.11786926537752151 1.0 0.8977397680282593
55.642217275214065 1.0 0.11786926537752151 1.0 0.8980739712715149
56.08167040021406 1.0 0.11786926537752151 1.0 0.898551881313324
56.667607900214044 1.0 0.11786926537752151 1.0 0.8991726040840149
57.25354540021404 1.0 0.11786926537752151 1.0 0.899786651134491
57.40002977521403 1.0 0.11786926537752151 1.0 0.8999332189559937
57.54651415021403 1.0 0.11786926537752151 1.0 0.9000771045684814
57.69299852521403 1.0 0.11786926537752151 1.0 0.9002184867858887
58.352178212714016 1.0 0.11786926537752151 1.0 0.9008249044418335
59.011357900214 1.0 0.11786926537752151 1.0 0.9013864994049072
59.450811025213994 1.0 0.11786926537752151 1.0 0.9017385244369507
59.99999999999999 1.0 0.11786926537752151 1.0 0.9021570086479187
60.000099999999996 1.0 0.11786926537752151 1.0 0.9021571278572083
60.000299999999996 1.0 0.11786926537752151 1.0 0.902156412601471
60.000699999999995 1.0 0.11786926537752151 1.0 0.9021522402763367
60.001000000000005 1.0 0.11786926537752151 1.0 0.9021483659744263
89.99999999999999 1.0 0.11786926537752151 1.0 0.9021483659744263
90.0001 1.0 0.11786926537752151 1.0 0.9021483659744263
90.0003 1.0 0.11786926537752151 1.0 0.9021483659744263
90.0007 0.9999999403953552 0.11786926537752151 1.0 0.9021483659744263
90.001 0.9999998807907104 0.11786926537752151 1.0 0.9021483659744263
90.0828800000013 0.9998495578765869 0.11786926537752151 1.0 0.9021483659744263
90.16476000000259 0.9996926188468933 0.11786926537752151 1.0 0.9021483659744263
90.31124437500259 0.9993981719017029 0.11786926537752151 1.0 0.9021483659744263
90.45772875000259 0.9990854263305664 0.11786926537752151 1.0 0.9021483659744263
90.60421312500257 0.9987502098083496 0.11786926537752151 1.0 0.9021483659744263
90.75069750000257 0.9983901381492615 0.11786926537752151 1.0 0.9021483659744263
90.89718187500257 0.9980024099349976 0.11786926537752151 1.0 0.9021483659744263
91.04366625000257 0.9975839257240295 0.11786926537752151 1.0 0.9021483659744263
91.19015062500257 0.9971310496330261 0.11786926537752151 1.0 0.9021483659744263
91.33663500000257 0.9966395497322083 0.11786926537752151 1.0 0.9021483659744263
91.48311937500256 0.9961045980453491 0.11786926537752151 1.0 0.9021483659744263
91.62960375000256 0.9955207109451294 0.11786926537752151 1.0 0.9021483659744263
91.77608812500256 0.9948813319206238 0.11786926537752151 1.0 0.9021483659744263
91.92257250000256 0.9941788911819458 0.11786926537752151 1.0 0.9021483659744263
92.06905687500256 0.9934046268463135 0.11786926537752151 1.0 0.9021483659744263
92.21554125000254 0.9925481677055359 0.11786926537752151 1.0 0.9021483659744263
92.36202562500254 0.9915974736213684 0.11786926537752151 1.0 0.9021483659744263
92.50851000000254 0.9905382990837097 0.11786926537752151 1.0 0.9021483659744263
92.65499437500254 0.9893540740013123 0.11786926537752151 1.0 0.9021483659744263
92.80147875000254 0.9880252480506897 0.11786926537752151 1.0 0.9021483659744263
92.94796312500254 0.9865291118621826 0.11786926537752151 1.0 0.9021483659744263
93.09444750000253 0.9848392009735107 0.11786926537752151 1.0 0.9021483659744263
93.24093187500253 0.98292475938797 0.11786926537752151 1.0 0.9021483659744263
93.38741625000253 0.9807507395744324 0.11786926537752151 1.0 0.9021483659744263
93.68038500000253 0.9754601120948792 0.11786926537752151 1.0 0.9021483659744263
94.11983812500252 0.9644440412521362 0.11786926537752151 1.0 0.9021483659744263
94.26632250000252 0.959739625453949 0.11786926537752151 1.0 0.9021483659744263
94.55929125000252 0.9484734535217285 0.11786926537752151 1.0 0.9021483659744263
94.8522600000025 0.9344580173492432 0.11786926537752151 1.0 0.9021483659744263
95.1452287500025 0.9174978137016296 0.11786926537752151 1.0 0.9021483659744263
95.2917131250025 0.9078996777534485 0.11786926537752151 1.0 0.9021483659744263
95.43819750000249 0.8975697159767151 0.11786926537752151 1.0 0.9021483659744263
95.58468187500249 0.8865288496017456 0.11786926537752151 1.0 0.9021483659744263
95.73116625000249 0.8748043775558472 0.11786926537752151 1.0 0.9021483659744263
95.87765062500249 0.8624283075332642 0.11786926537752151 1.0 0.9021483659744263
96.02413500000249 0.8494357466697693 0.11786926537752151 1.0 0.9021483659744263
96.17061937500249 0.8358631134033203 0.11786926537752151 1.0 0.9021483659744263
96.31710375000247 0.8217473030090332 0.11786926537752151 1.0 0.9021483659744263
96.46358812500247 0.8071245551109314 0.11786926537752151 1.0 0.9021483659744263
96.61007250000247 0.7920299172401428 0.11786926537752151 1.0 0.9021483659744263
96.75655687500247 0.7764966487884521 0.11786926537752151 1.0 0.9021483659744263
96.90304125000247 0.7605562806129456 0.11786926537752151 1.0 0.9021483659744263
97.04952562500246 0.7442380785942078 0.11786926537752151 1.0 0.9021483659744263
97.34249437500246 0.7105753421783447 0.11786926537752151 1.0 0.9021483659744263
97.48897875000246 0.6932792067527771 0.11786926537752151 1.0 0.9021483659744263
97.63546312500246 0.6757022738456726 0.11786926537752151 1.0 0.9021483659744263
97.78194750000246 0.6578642129898071 0.11786926537752151 1.0 0.9021483659744263
98.07491625000245 0.6214747428894043 0.11786926537752151 1.0 0.9021483659744263
98.22140062500245 0.6029549837112427 0.11786926537752151 1.0 0.9021483659744263
98.36788500000245 0.5842373371124268 0.11786926537752151 1.0 0.9021483659744263
98.51436937500245 0.5653345584869385 0.11786926537752151 1.0 0.9021483659744263
98.66085375000243 0.546258270740509 0.11786926537752151 1.0 0.9021483659744263
98.80733812500243 0.5270190834999084 0.11786926537752151 1.0 0.9021483659744263
99.10030687500243 0.4880909025669098 0.11786926537752151 1.0 0.9021483659744263
99.24679125000243 0.46841925382614136 0.11786926537752151 1.0 0.9021483659744263
99.39327562500243 0.4486197531223297 0.11786926537752151 1.0 0.9021483659744263
99.68624437500242 0.40866515040397644 0.11786926537752151 1.0 0.9021483659744263
99.83272875000242 0.3885224163532257 0.11786926537752151 1.0 0.9021483659744263
99.97921312500242 0.36827632784843445 0.11786926537752151 1.0 0.9021483659744263
100.12569750000242 0.34793227910995483 0.11786926537752151 1.0 0.9021483659744263
100.5651506250024 0.28636837005615234 0.11786926537752151 1.0 0.9021483659744263
100.7116350000024 0.2656870484352112 0.11786926537752151 1.0 0.9021483659744263
100.8581193750024 0.24493560194969177 0.11786926537752151 1.0 0.9021483659744263
101.0046037500024 0.2241205871105194 0.11786926537752151 1.0 0.9021483659744263
101.44405687500239 0.1614130139350891 0.11786926537752151 1.0 0.9021483659744263
101.88351000000237 0.09944397211074829 0.11786926537752151 1.0 0.9021483659744263
102.02999437500237 0.07970205694437027 0.11786926537752151 1.0 0.9021483659744263
102.17647875000237 0.0610526017844677 0.11786926537752151 1.0 0.9021483659744263
102.32296312500237 0.04397707059979439 0.11786926537752151 1.0 0.9021483659744263
102.46944750000237 0.02893904410302639 0.11786926537752151 1.0 0.9021483659744263
102.61593187500237 0.016230396926403046 0.11786926537752151 1.0 0.9021483659744263
102.76241625000236 0.005607736296951771 0.11786926537752151 1.0 0.9021483659744263
102.83656298351377 0.0011807127157226205 0.11786926537752151 1.0 0.9021483659744263
102.86309056886948 7.81933413236402e-05 0.11786926537752151 1.0 0.9021483659744263
102.8682698678737 -3.338721654699839e-08 0.11786926537752151 1.0 0.9021483659744263
119.99999999999999 -3.3370437080293414e-08 0.11786926537752151 1.0 0.9021483659744263
120.0001 -3.335993881137256e-08 0.11786926537752151 1.0 0.9021481871604919
120.0003 -3.334438858360045e-08 0.11786926537752151 1.0 0.9021472334861755
120.0007 -3.3334888627223336e-08 0.11786926537752151 1.0 0.9021419286727905
120.001 -3.333333253863202e-08 0.11786926537752151 1.0 0.9021331667900085
120.08288000000128 -3.333333253863202e-08 0.11786926537752151 1.0 0.8961874842643738
120.16476000000259 -3.333333253863202e-08 0.11786926537752151 1.0 0.8899669051170349
120.31124437500259 -3.333333253863202e-08 0.11786926537752151 1.0 0.8783552646636963
120.45772875000257 -3.333333253863202e-08 0.11786926537752151 1.0 0.8661525249481201
120.60421312500257 -3.333333253863202e-08 0.11786926537752151 1.0 0.8533363342285156
120.75069750000257 -3.333333253863202e-08 0.11786926537752151 1.0 0.8399521708488464
120.89718187500257 -3.333333253863202e-08 0.11786926537752151 1.0 0.8260072469711304
121.04366625000257 -3.333333253863202e-08 0.11786926537752151 1.0 0.8115224838256836
121.19015062500256 -3.333333253863202e-08 0.11786926537752151 1.0 0.7965455055236816
121.33663500000256 -3.333333253863202e-08 0.11786926537752151 1.0 0.7811212539672852
121.62960375000256 -3.333333253863202e-08 0.11786926537752151 1.0 0.7490615844726562
121.77608812500256 -3.333333253863202e-08 0.11786926537752151 1.0 0.7324857115745544
122.06905687500254 -3.333333253863202e-08 0.11786926537752151 1.0 0.6983762979507446
122.21554125000256 -3.333333253863202e-08 0.11786926537752151 1.0 0.6808688044548035
122.36202562500257 -3.333333253863202e-08 0.11786926537752151 1.0 0.6630859971046448
122.65499437500259 -3.333333253863202e-08 0.11786926537752151 1.0 0.6267950534820557
122.94796312500262 -3.333333253863202e-08 0.11786926537752151 1.0 0.5896593332290649
123.24093187500264 -3.333333253863202e-08 0.11786926537752151 1.0 0.551790177822113
123.53390062500266 -3.333333253863202e-08 0.11786926537752151 1.0 0.5132492184638977
123.97335375000269 -3.333333253863202e-08 0.11786926537752151 1.0 0.4543300271034241
124.26632250000272 -3.333333253863202e-08 0.11786926537752151 1.0 0.4144119322299957
124.55929125000274 -3.333333253863202e-08 0.11786926537752151 1.0 0.37407562136650085
124.99874437500277 -3.333333253863202e-08 0.11786926537752151 1.0 0.3128819167613983
125.4381975000028 -3.333333253863202e-08 0.11786926537752151 1.0 0.25092238187789917
125.95089281250286 -3.333333253863202e-08 0.11786926537752151 1.0 0.1779194176197052
126.46358812500289 -3.333333253863202e-08 0.11786926537752151 1.0 0.10534811019897461
126.61007250000289 -3.333333253863202e-08 0.11786926537752151 1.0 0.08539547771215439
126.7565568750029 -3.333333253863202e-08 0.11786926537752151 1.0 0.066391721367836
126.90304125000291 -3.333333253863202e-08 0.11786926537752151 1.0 0.048804864287376404
127.04952562500293 -3.333333253863202e-08 0.11786926537752151 1.0 0.033126115798950195
127.19601000000293 -3.333333253863202e-08 0.11786926537752151 1.0 0.019718164578080177
127.34249437500294 -3.333333253863202e-08 0.11786926537752151 1.0 0.008835923857986927
127.48897875000296 -3.333333253863202e-08 0.11786926537752151 1.0 0.0006536937435157597
127.51710016140613 -3.333333253863202e-08 0.11786926537752151 1.0 -3.3387223652425746e-08
134.83529693870955 -3.333333253863202e-08 0.11786926537752151 1.0 -3.3387223652425746e-08
149.92318756371068 -3.333332898591834e-08 0.11786926537752151 1.0 -3.3387223652425746e-08
150.0 -3.333332898591834e-08 0.11786926537752151 1.0 -3.3387223652425746e-08
