time a b c w1
0.0 0.0 0.0 0.0 0.0
2.34374997708231e-06 1.0801570415496826 2.34398437508335e-23 1.0801570415496826 2.34398437508335e-23
2.3531289769906394e-06 1.0037916898727417 2.35336424679079e-23 1.0037916898727417 2.35336424679079e-23
2.3718869768072985e-06 0.9922298789024353 2.372124147977851e-23 0.9922298789024353 2.372124147977851e-23
2.449126245505041e-06 0.9876051545143127 2.449371143311084e-23 0.9876051545143127 2.449371143311084e-23
0.00019360463173130613 0.9876051545143127 1.9362399824984054e-21 0.9876051545143127 1.9362399824984054e-21
0.00038480681743822704 0.9876051545143127 3.8484529531415596e-21 0.9876051545143127 -5.559351645700872e-09
0.0007672111888520689 0.9876051545143127 7.672878894427868e-21 0.9876051545143127 -2.7054065654397164e-08
0.001 0.9876051545143127 1.0000999731091105e-20 0.9876051545143127 -3.338482201797888e-08
29.999999999999996 0.9876051545143127 3.000300019364487e-16 0.9876051545143127 -3.3384647935008616e-08
30.000099999999996 0.9876051545143127 3.0003100778807355e-16 0.9876051545143127 -3.336399245768007e-08
30.0003 0.9876051545143127 3.0003299302154367e-16 0.9876051545143127 -3.334358567030904e-08
30.0007 0.9876051545143127 3.0003698995826353e-16 0.9876051545143127 -3.3332344884229315e-08
30.001 0.9876051545143127 3.000400075131381e-16 0.9876051545143127 -3.3327516746339825e-08
59.99999999999999 0.9876051545143127 6.000600038728974e-16 0.9876051545143127 -3.3327516746339825e-08
60.000099999999996 0.9876051545143127 6.000610097245222e-16 0.9876051545143127 -3.3327516746339825e-08
60.000299999999996 0.9876051545143127 6.00063021427772e-16 0.9876051545143127 -3.3327516746339825e-08
60.000699999999995 0.9876050353050232 6.000669918947122e-16 0.9876051545143127 -3.3327516746339825e-08
60.001000000000005 0.9876047968864441 6.000700094495868e-16 0.9876051545143127 -3.3327516746339825e-08
60.00124000000001 0.9876037240028381 6.00072391729751e-16 0.9876051545143127 -3.3327516746339825e-08
60.00620000000005 0.9875817894935608 6.001219960967245e-16 0.9876051545143127 -3.3327516746339825e-08
60.01116000000009 0.9875597953796387 6.001716004636981e-16 0.9876051545143127 -3.3327516746339825e-08
60.28706750000151 0.9862422347068787 6.029309691080566e-16 0.9876051545143127 -3.3327516746339825e-08
60.562975000002936 0.9847536087036133 6.056903377524151e-16 0.9876051545143127 -3.3327516746339825e-08
60.79735000000293 0.9833435416221619 6.080342896757046e-16 0.9876051545143127 -3.3327516746339825e-08
61.26610000000293 0.9799925088882446 6.127222464618427e-16 0.9876051545143127 -3.3327516746339825e-08
61.734850000002936 0.9757289290428162 6.1741025618754e-16 0.9876051545143127 -3.3327516746339825e-08
61.969225000002936 0.9731543064117432 6.197542081108295e-16 0.9876051545143127 -3.3327516746339825e-08
62.67235000000295 0.9629930853843689 6.267861697598163e-16 0.9876051545143127 -3.3327516746339825e-08
62.90672500000296 0.9585601091384888 6.2913017462266495e-16 0.9876051545143127 -3.3327516746339825e-08
63.14110000000296 0.9534659385681152 6.314741265459544e-16 0.9876051545143127 -3.3327516746339825e-08
63.609850000002965 0.9409141540527344 6.361621362716517e-16 0.9876051545143127 -3.3327516746339825e-08
63.84422500000297 0.9332613348960876 6.385060881949412e-16 0.9876051545143127 -3.3327516746339825e-08
64.07860000000298 0.9245656728744507 6.408500930577899e-16 0.9876051545143127 -3.3327516746339825e-08
64.31297500000298 0.9147449135780334 6.431940449810793e-16 0.9876051545143127 -3.3327516746339825e-08
64.781725000003 0.8914784789085388 6.478820547067767e-16 0.9876051545143127 -3.3327516746339825e-08
65.016100000003 0.8779574632644653 6.502260066300661e-16 0.9876051545143127 -3.3327516746339825e-08
65.250475000003 0.863163411617279 6.525700114929148e-16 0.9876051545143127 -3.3327516746339825e-08
65.484850000003 0.8471111059188843 6.549139634162043e-16 0.9876051545143127 -3.3327516746339825e-08
65.71922500000301 0.8298324942588806 6.572579682790529e-16 0.9876051545143127 -3.3327516746339825e-08
65.95360000000301 0.8113735914230347 6.596019731419016e-16 0.9876051545143127 -3.3327516746339825e-08
66.18797500000301 0.7917903661727905 6.619459250651911e-16 0.9876051545143127 -3.3327516746339825e-08
66.42235000000302 0.7711454629898071 6.642899299280397e-16 0.9876051545143127 -3.3327516746339825e-08
66.65672500000302 0.7495049238204956 6.666338818513292e-16 0.9876051545143127 -3.3327516746339825e-08
66.89110000000302 0.7269356846809387 6.689778867141778e-16 0.9876051545143127 -3.3327516746339825e-08
67.12547500000302 0.7035034894943237 6.713218915770265e-16 0.9876051545143127 -3.3327516746339825e-08
67.35985000000304 0.6792718172073364 6.73665843500316e-16 0.9876051545143127 -3.3327516746339825e-08
67.59422500000304 0.6543009281158447 6.760098483631646e-16 0.9876051545143127 -3.3327516746339825e-08
67.82860000000304 0.6286472082138062 6.783538532260133e-16 0.9876051545143127 -3.3327516746339825e-08
68.06297500000305 0.6023629903793335 6.806978051493028e-16 0.9876051545143127 -3.3327516746339825e-08
68.29735000000305 0.5754965543746948 6.830418100121514e-16 0.9876051545143127 -3.3327516746339825e-08
68.53172500000305 0.5480924844741821 6.853857619354409e-16 0.9876051545143127 -3.3327516746339825e-08
68.76610000000305 0.5201912522315979 6.877297667982896e-16 0.9876051545143127 -3.3327516746339825e-08
69.00047500000306 0.49183011054992676 6.900737716611382e-16 0.9876051545143127 -3.3327516746339825e-08
69.23485000000306 0.46304285526275635 6.924177235844277e-16 0.9876051545143127 -3.3327516746339825e-08
69.46922500000306 0.4338603615760803 6.947617284472764e-16 0.9876051545143127 -3.3327516746339825e-08
69.70360000000306 0.4043108820915222 6.971056803705658e-16 0.9876051545143127 -3.3327516746339825e-08
69.93797500000308 0.37442025542259216 6.994496852334145e-16 0.9876051545143127 -3.3327516746339825e-08
70.17235000000308 0.3442124128341675 7.017936900962632e-16 0.9876051545143127 -3.3327516746339825e-08
70.40672500000308 0.31370997428894043 7.041376420195526e-16 0.9876051545143127 -3.3327516746339825e-08
70.64110000000309 0.2829357087612152 7.064816468824013e-16 0.9876051545143127 -3.3327516746339825e-08
70.87547500000309 0.25191530585289 7.0882565174524995e-16 0.9876051545143127 -3.3327516746339825e-08
71.10985000000309 0.2206842005252838 7.111696036685394e-16 0.9876051545143127 -3.3327516746339825e-08
71.34422500000309 0.18930375576019287 7.135136085313881e-16 0.9876051545143127 -3.3327516746339825e-08
71.5786000000031 0.15789884328842163 7.158575604546775e-16 0.9876051545143127 -3.3327516746339825e-08
71.8129750000031 0.1267390102148056 7.182015653175262e-16 0.9876051545143127 -3.3327516746339825e-08
72.0473500000031 0.09638218581676483 7.205455701803749e-16 0.9876051545143127 -3.3327516746339825e-08
72.28172500000312 0.06782615184783936 7.228895221036643e-16 0.9876051545143127 -3.3327516746339825e-08
72.51610000000312 0.0424409881234169 7.25233526966513e-16 0.9876051545143127 -3.3327516746339825e-08
72.75047500000312 0.021463477984070778 7.275774788898025e-16 0.9876051545143127 -3.3327516746339825e-08
72.98485000000312 0.0049057952128350735 7.299214837526511e-16 0.9876051545143127 -3.3327516746339825e-08
73.07466561443383 0.0004318759893067181 7.308197092536551e-16 0.9876051545143127 -3.3327516746339825e-08
73.09777126079067 -3.3384647935008616e-08 7.310507904295779e-16 0.9876051545143127 -3.3327516746339825e-08
89.99999999999999 -3.3347980377129716e-08 9.000900322791256e-16 0.9876051545143127 -3.3327516746339825e-08
90.0001 -3.3351771122624996e-08 9.000909851911913e-16 0.9876051545143127 -3.3327516746339825e-08
90.0003 -3.333265752303305e-08 9.00092996894441e-16 0.9876051545143127 -3.3327516746339825e-08
90.0007 -3.3275835420454314e-08 9.000970203009405e-16 0.9876051545143127 -3.3327516746339825e-08
90.00082296393472 -3.2857862208857114e-08 3.644456292306586e-09 0.9876051545143127 -3.3327516746339825e-08
90.00089395694317 1.3749630600745633e-10 2.3725236886207313e-08 0.9876051545143127 -3.3327516746339825e-08
90.00092966564746 1.2650617975396017e-07 6.763291082734213e-08 0.9876051545143127 -3.3327516746339825e-08
90.00095152521978 3.960122683110967e-07 1.368832442949497e-07 0.9876051545143127 -3.3327516746339825e-08
90.00097253881356 9.840806569627603e-07 2.589957830423373e-07 0.9876051545143127 -3.3327516746339825e-08
90.0009902170067 1.8663290575204883e-06 4.1531959027452103e-07 0.9876051545143127 -3.3327516746339825e-08
90.001 2.57055262409267e-06 5.288274564918538e-07 0.9876051545143127 -3.3327516746339825e-08
90.00200422986303 9.773302008397877e-05 1.4851098967483267e-05 0.9876051545143127 -3.3327516746339825e-08
90.00300845972608 0.00019288808107376099 2.9171273126848973e-05 0.9876051545143127 -3.3327516746339825e-08
90.00501888275589 0.00038336197030730546 5.783331653219648e-05 0.9876051545143127 -3.3327516746339825e-08
90.00903972881551 0.0007642206037417054 0.00011513219214975834 0.9876051545143127 -3.3327516746339825e-08
90.01708142093473 0.0015255812322720885 0.00022962909133639187 0.9876051545143127 -3.3327516746339825e-08
90.0331648051732 0.0030468760523945093 0.0004582195542752743 0.9876051545143127 -3.3327516746339825e-08
90.12966511060395 0.01213458925485611 0.001818463671952486 0.9876051545143127 -3.3327516746339825e-08
90.25833218451163 0.024148736149072647 0.0036032311618328094 0.9876051545143127 -3.3327516746339825e-08
90.49270718451163 0.045802872627973557 0.006789838429540396 0.9876051545143127 -3.3327516746339825e-08
90.72708218451164 0.06716399639844894 0.009895103983581066 0.9876051545143127 -3.3327516746339825e-08
90.96145718451164 0.08818965405225754 0.012908181175589561 0.9876051545143127 -3.3327516746339825e-08
91.19583218451164 0.10887574404478073 0.015828900039196014 0.9876051545143127 -3.3327516746339825e-08
91.43020718451164 0.1292199343442917 0.01865745522081852 0.9876051545143127 -3.3327516746339825e-08
91.66458218451166 0.14921939373016357 0.021394003182649612 0.9876051545143127 -3.3327516746339825e-08
91.89895718451166 0.16887083649635315 0.02403866872191429 0.9876051545143127 -3.3327516746339825e-08
92.13333218451166 0.18817169964313507 0.026591742411255836 0.9876051545143127 -3.3327516746339825e-08
92.36770718451167 0.20711953938007355 0.029053600504994392 0.9876051545143127 -3.3327516746339825e-08
92.60208218451167 0.22571085393428802 0.03142450749874115 0.9876051545143127 -3.3327516746339825e-08
93.07083218451167 0.2618131637573242 0.03589535504579544 0.9876051545143127 -3.3327516746339825e-08
93.30520718451169 0.27931803464889526 0.037996359169483185 0.9876051545143127 -3.3327516746339825e-08
93.53958218451169 0.29645615816116333 0.04000875726342201 0.9876051545143127 -3.3327516746339825e-08
93.77395718451169 0.3132268786430359 0.04193355515599251 0.9876051545143127 -3.3327516746339825e-08
94.00833218451169 0.3296273946762085 0.04377160593867302 0.9876051545143127 -3.3327516746339825e-08
94.2427071845117 0.34565526247024536 0.04552391916513443 0.9876051545143127 -3.3327516746339825e-08
94.4770821845117 0.361310213804245 0.047191791236400604 0.9876051545143127 -3.3327516746339825e-08
94.7114571845117 0.37659162282943726 0.04877657815814018 0.9876051545143127 -3.3327516746339825e-08
94.94583218451172 0.39149928092956543 0.050279729068279266 0.9876051545143127 -3.3327516746339825e-08
95.18020718451172 0.4060344994068146 0.05170289799571037 0.9876051545143127 -3.3327516746339825e-08
95.41458218451172 0.42019718885421753 0.05304775759577751 0.9876051545143127 -3.3327516746339825e-08
95.64895718451172 0.4339871406555176 0.054316066205501556 0.9876051545143127 -3.3327516746339825e-08
95.88333218451173 0.44740626215934753 0.0555097721517086 0.9876051545143127 -3.3327516746339825e-08
96.11770718451173 0.46045687794685364 0.05663092061877251 0.9876051545143127 -3.3327516746339825e-08
96.35208218451173 0.4731411337852478 0.05768163129687309 0.9876051545143127 -3.3327516746339825e-08
96.58645718451174 0.48546212911605835 0.058664094656705856 0.9876051545143127 -3.3327516746339825e-08
96.82083218451174 0.4974237084388733 0.059580545872449875 0.9876051545143127 -3.3327516746339825e-08
97.05520718451174 0.5090288519859314 0.06043335795402527 0.9876051545143127 -3.3327516746339825e-08
97.28958218451174 0.5202795267105103 0.061225101351737976 0.9876051545143127 -3.3327516746339825e-08
97.52395718451176 0.5311800837516785 0.06195828318595886 0.9876051545143127 -3.3327516746339825e-08
97.75833218451176 0.541736900806427 0.06263528764247894 0.9876051545143127 -3.3327516746339825e-08
97.99270718451176 0.5519553422927856 0.06325863301753998 0.9876051545143127 -3.3327516746339825e-08
98.22708218451177 0.5618396401405334 0.06383106857538223 0.9876051545143127 -3.3327516746339825e-08
98.46145718451177 0.5713947415351868 0.06435542553663254 0.9876051545143127 -3.3327516746339825e-08
98.69583218451177 0.580626904964447 0.0648343488574028 0.9876051545143127 -3.3327516746339825e-08
98.93020718451177 0.5895432829856873 0.0652703270316124 0.9876051545143127 -3.3327516746339825e-08
99.16458218451179 0.5981508493423462 0.06566588580608368 0.9876051545143127 -3.3327516746339825e-08
99.39895718451179 0.6064566373825073 0.0660235807299614 0.9876051545143127 -3.3327516746339825e-08
99.63333218451179 0.6144679188728333 0.06634590029716492 0.9876051545143127 -3.3327516746339825e-08
99.8677071845118 0.6221919655799866 0.06663531810045242 0.9876051545143127 -3.3327516746339825e-08
100.1020821845118 0.6296364068984985 0.06689421087503433 0.9876051545143127 -3.3327516746339825e-08
100.3364571845118 0.6368088722229004 0.06712488830089569 0.9876051545143127 -3.3327516746339825e-08
100.80520718451181 0.6503696441650391 0.06751015037298203 0.9876051545143127 -3.3327516746339825e-08
101.03958218451181 0.656773567199707 0.06766894459724426 0.9876051545143127 -3.3327516746339825e-08
101.27395718451181 0.6629370450973511 0.06780783832073212 0.9876051545143127 -3.3327516746339825e-08
101.50833218451183 0.668867826461792 0.06792862713336945 0.9876051545143127 -3.3327516746339825e-08
101.74270718451183 0.6745737791061401 0.06803319603204727 0.9876051545143127 -3.3327516746339825e-08
101.97708218451183 0.6800625324249268 0.06812340021133423 0.9876051545143127 -3.3327516746339825e-08
102.21145718451183 0.6853418350219727 0.0682007372379303 0.9876051545143127 -3.3327516746339825e-08
102.44583218451184 0.6904193758964539 0.0682663694024086 0.9876051545143127 -3.3327516746339825e-08
102.68020718451184 0.6953027248382568 0.0683215856552124 0.9876051545143127 -3.3327516746339825e-08
102.91458218451184 0.6999989748001099 0.06836777925491333 0.9876051545143127 -3.3327516746339825e-08
103.14895718451184 0.7045154571533203 0.06840621680021286 0.9876051545143127 -3.3327516746339825e-08
103.38333218451186 0.7088591456413269 0.06843782216310501 0.9876051545143127 -3.3327516746339825e-08
103.61770718451186 0.7130367755889893 0.06846344470977783 0.9876051545143127 -3.3327516746339825e-08
103.85208218451186 0.7170551419258118 0.06848400831222534 0.9876051545143127 -3.3327516746339825e-08
104.32083218451187 0.7246395349502563 0.06851322203874588 0.9876051545143127 -3.3327516746339825e-08
104.55520718451187 0.7282178401947021 0.0685230940580368 0.9876051545143127 -3.3327516746339825e-08
104.78958218451187 0.7316614985466003 0.06853055953979492 0.9876051545143127 -3.3327516746339825e-08
105.02395718451189 0.7349759936332703 0.06853601336479187 0.9876051545143127 -3.3327516746339825e-08
105.25833218451189 0.7381666898727417 0.06853984296321869 0.9876051545143127 -3.3327516746339825e-08
105.49270718451189 0.7412390112876892 0.06854245811700821 0.9876051545143127 -3.3327516746339825e-08
105.7270821845119 0.7441980838775635 0.06854419410228729 0.9876051545143127 -3.3327516746339825e-08
105.9614571845119 0.7470486164093018 0.06854528188705444 0.9876051545143127 -3.3327516746339825e-08
106.1958321845119 0.749795138835907 0.0685458779335022 0.9876051545143127 -3.3327516746339825e-08
106.4302071845119 0.7524422407150269 0.06854617595672607 0.9876051545143127 -3.3327516746339825e-08
106.66458218451191 0.7549941539764404 0.06854628771543503 0.9876051545143127 -3.3327516746339825e-08
106.89895718451191 0.7574551105499268 0.06854631751775742 0.9876051545143127 -3.3327516746339825e-08
107.13333218451191 0.759829044342041 0.06854631751775742 0.9876051545143127 -3.3327516746339825e-08
107.60208218451193 0.7643306255340576 0.06854631751775742 0.9876051545143127 -3.3327516746339825e-08
108.07083218451193 0.7685263156890869 0.06854631751775742 0.9876051545143127 -3.3327516746339825e-08
108.30520718451194 0.7705174088478088 0.06854631751775742 0.9876051545143127 -3.3327516746339825e-08
108.53958218451194 0.7724415063858032 0.06854631751775742 0.9876051545143127 -3.3327516746339825e-08
108.77395718451194 0.7743016481399536 0.06854631751775742 0.9876051545143127 -3.3327516746339825e-08
109.00833218451196 0.776100218296051 0.06854631751775742 0.9876051545143127 -3.3327516746339825e-08
109.24270718451196 0.7778398394584656 0.06854631751775742 0.9876051545143127 -3.3327516746339825e-08
109.47708218451196 0.7795228958129883 0.06854631751775742 0.9876051545143127 -3.3327516746339825e-08
109.71145718451196 0.7811518907546997 0.06854631751775742 0.9876051545143127 -3.3327516746339825e-08
109.94583218451197 0.7827290296554565 0.06854631751775742 0.9876051545143127 -3.3327516746339825e-08
110.18020718451197 0.7842565774917603 0.06854631751775742 0.9876051545143127 -3.3327516746339825e-08
110.41458218451197 0.7857364416122437 0.06854631751775742 0.9876051545143127 -3.3327516746339825e-08
110.64895718451197 0.7871706485748291 0.06854631751775742 0.9876051545143127 -3.3327516746339825e-08
110.88333218451199 0.7885610461235046 0.06854631751775742 0.9876051545143127 -3.3327516746339825e-08
111.586457184512 0.792486310005188 0.06854631751775742 0.9876051545143127 -3.3327516746339825e-08
111.820832184512 0.7937180995941162 0.06854631751775742 0.9876051545143127 -3.3327516746339825e-08
112.055207184512 0.7949142456054688 0.06854631751775742 0.9876051545143127 -3.3327516746339825e-08
112.289582184512 0.7960759401321411 0.06854631751775742 0.9876051545143127 -3.3327516746339825e-08
112.52395718451201 0.7972046732902527 0.06854631751775742 0.9876051545143127 -3.3327516746339825e-08
112.75833218451201 0.7983015775680542 0.06854631751775742 0.9876051545143127 -3.3327516746339825e-08
114.16458218451204 0.8042792677879333 0.06854631751775742 0.9876051545143127 -3.3327516746339825e-08
114.39895718451204 0.8051847219467163 0.06854631751775742 0.9876051545143127 -3.3327516746339825e-08
114.63333218451204 0.8060666918754578 0.06854631751775742 0.9876051545143127 -3.3327516746339825e-08
114.86770718451206 0.8069261312484741 0.06854631751775742 0.9876051545143127 -3.3327516746339825e-08
115.10208218451206 0.8077636361122131 0.06854631751775742 0.9876051545143127 -3.3327516746339825e-08
115.57083218451206 0.8093762397766113 0.06854631751775742 0.9876051545143127 -3.3327516746339825e-08
115.80520718451207 0.8101528882980347 0.06854631751775742 0.9876051545143127 -3.3327516746339825e-08
116.03958218451207 0.8109105229377747 0.06854631751775742 0.9876051545143127 -3.3327516746339825e-08
116.27395718451207 0.8116499185562134 0.06854631751775742 0.9876051545143127 -3.3327516746339825e-08
116.50833218451208 0.8123716115951538 0.06854631751775742 0.9876051545143127 -3.3327516746339825e-08
116.74270718451208 0.8130762577056885 0.06854631751775742 0.9876051545143127 -3.3327516746339825e-08
116.97708218451208 0.8137642741203308 0.06854631751775742 0.9876051545143127 -3.3327516746339825e-08
117.21145718451208 0.8144363760948181 0.06854631751775742 0.9876051545143127 -3.3327516746339825e-08
117.4458321845121 0.8150930404663086 0.06854631751775742 0.9876051545143127 -3.3327516746339825e-08
117.6802071845121 0.81573486328125 0.06854631751775742 0.9876051545143127 -3.3327516746339825e-08
117.9145821845121 0.8163621425628662 0.06854631751775742 0.9876051545143127 -3.3327516746339825e-08
118.85208218451211 0.8187359571456909 0.06854631751775742 0.9876051545143127 -3.3327516746339825e-08
119.08645718451213 0.8192976117134094 0.06854631751775742 0.9876051545143127 -3.3327516746339825e-08
119.32083218451213 0.8198473453521729 0.06854631751775742 0.9876051545143127 -3.3327516746339825e-08
119.55520718451213 0.8203855752944946 0.06854631751775742 0.9876051545143127 -3.3327516746339825e-08
119.99999999999999 0.8213790655136108 0.06854631751775742 0.9876051545143127 -3.3327516746339825e-08
120.0001 0.8213785886764526 0.06854631751775742 0.9876051545143127 -3.3327516746339825e-08
120.0003 0.8213780522346497 0.06854631751775742 0.9876051545143127 -3.3327516746339825e-08
120.0007 0.8213778138160706 0.06854631751775742 0.9876051545143127 -3.3327516746339825e-08
120.001 0.8213778138160706 0.06854631751775742 0.9876051545143127 -3.3327516746339825e-08
150.0 0.8213778138160706 0.06854631751775742 0.9876051545143127 -3.3327513193626146e-08
150.0001 0.8213778138160706 0.06854631751775742 0.9876051545143127 -3.3327513193626146e-08
150.0003 0.8213778138160706 0.06854631751775742 0.9876051545143127 -3.3327513193626146e-08
150.0007 0.8213778138160706 0.06854631751775742 0.9876051545143127 -3.3327513193626146e-08
150.001 0.8213778138160706 0.06854631751775742 0.9876051545143127 -3.3327513193626146e-08
179.99999999999997 0.8213778138160706 0.06854631751775742 0.9876051545143127 -3.3327513193626146e-08
180.0001 0.8213778138160706 0.06854631751775742 0.9876051545143127 -3.3327513193626146e-08
180.0003 0.8213778138160706 0.06854631751775742 0.9876051545143127 -3.3327513193626146e-08
180.0007 0.8213778138160706 0.06854631751775742 0.9876050353050232 -3.3327513193626146e-08
180.001 0.8213778138160706 0.06854631751775742 0.9876048564910889 -3.3327513193626146e-08
180.16480000000257 0.8213778138160706 0.06854631751775742 0.9868484735488892 -3.3327513193626146e-08
180.32860000000517 0.8213778138160706 0.06854631751775742 0.9860281348228455 -3.3327513193626146e-08
181.03172500000514 0.8213778138160706 0.06854631751775742 0.9817668199539185 -3.3327513193626146e-08
181.7348500000051 0.8213778138160706 0.06854631751775742 0.9757260680198669 -3.3327513193626146e-08
182.20360000000508 0.8213778138160706 0.06854631751775742 0.970207691192627 -3.3327513193626146e-08
182.43797500000508 0.8213778138160706 0.06854631751775742 0.966841995716095 -3.3327513193626146e-08
183.14110000000505 0.8213778138160706 0.06854631751775742 0.9534504413604736 -3.3327513193626146e-08
183.84422500000503 0.8213778138160706 0.06854631751775742 0.9332383275032043 -3.3327513193626146e-08
184.078600000005 0.8213778138160706 0.06854631751775742 0.9245396852493286 -3.3327513193626146e-08
184.547350000005 0.8213778138160706 0.06854631751775742 0.9036992788314819 -3.3327513193626146e-08
184.78172500000497 0.8213778138160706 0.06854631751775742 0.8914422988891602 -3.3327513193626146e-08
185.01610000000497 0.8213778138160706 0.06854631751775742 0.8779178261756897 -3.3327513193626146e-08
185.25047500000497 0.8213778138160706 0.06854631751775742 0.8631203770637512 -3.3327513193626146e-08
185.48485000000494 0.8213778138160706 0.06854631751775742 0.8470646142959595 -3.3327513193626146e-08
185.71922500000494 0.8213778138160706 0.06854631751775742 0.8297826051712036 -3.3327513193626146e-08
185.95360000000494 0.8213778138160706 0.06854631751775742 0.811320424079895 -3.3327513193626146e-08
186.1879750000049 0.8213778138160706 0.06854631751775742 0.7917342185974121 -3.3327513193626146e-08
186.4223500000049 0.8213778138160706 0.06854631751775742 0.7710864543914795 -3.3327513193626146e-08
186.6567250000049 0.8213778138160706 0.06854631751775742 0.7494432330131531 -3.3327513193626146e-08
186.89110000000488 0.8213778138160706 0.06854631751775742 0.7268714308738708 -3.3327513193626146e-08
187.12547500000488 0.8213778138160706 0.06854631751775742 0.7034369707107544 -3.3327513193626146e-08
187.35985000000488 0.8213778138160706 0.06854631751775742 0.6792032122612 -3.3327513193626146e-08
187.59422500000485 0.8213778138160706 0.06854631751775742 0.6542302966117859 -3.3327513193626146e-08
187.82860000000485 0.8213778138160706 0.06854631751775742 0.6285747289657593 -3.3327513193626146e-08
188.06297500000485 0.8213778138160706 0.06854631751775742 0.6022887825965881 -3.3327513193626146e-08
188.29735000000483 0.8213778138160706 0.06854631751775742 0.5754208564758301 -3.3327513193626146e-08
188.53172500000483 0.8213778138160706 0.06854631751775742 0.548015296459198 -3.3327513193626146e-08
188.76610000000483 0.8213778138160706 0.06854631751775742 0.5201127529144287 -3.3327513193626146e-08
189.0004750000048 0.8213778138160706 0.06854631751775742 0.4917503893375397 -3.3327513193626146e-08
189.2348500000048 0.8213778138160706 0.06854631751775742 0.46296197175979614 -3.3327513193626146e-08
189.70360000000477 0.8213778138160706 0.06854631751775742 0.40422794222831726 -3.3327513193626146e-08
189.93797500000477 0.8213778138160706 0.06854631751775742 0.3743363916873932 -3.3327513193626146e-08
190.17235000000477 0.8213778138160706 0.06854631751775742 0.34412768483161926 -3.3327513193626146e-08
190.40672500000474 0.8213778138160706 0.06854631751775742 0.31362447142601013 -3.3327513193626146e-08
190.64110000000474 0.8213778138160706 0.06854631751775742 0.2828494906425476 -3.3327513193626146e-08
190.87547500000474 0.8213778138160706 0.06854631751775742 0.25182846188545227 -3.3327513193626146e-08
191.1098500000047 0.8213778138160706 0.06854631751775742 0.2205968201160431 -3.3327513193626146e-08
191.3442250000047 0.8213778138160706 0.06854631751775742 0.18921606242656708 -3.3327513193626146e-08
191.81297500000468 0.8213778138160706 0.06854631751775742 0.1266528218984604 -3.3327513193626146e-08
192.04735000000468 0.8213778138160706 0.06854631751775742 0.0962994247674942 -3.3327513193626146e-08
192.28172500000468 0.8213778138160706 0.06854631751775742 0.0677502304315567 -3.3327513193626146e-08
192.51610000000466 0.8213778138160706 0.06854631751775742 0.04237588122487068 -3.3327513193626146e-08
192.75047500000466 0.8213778138160706 0.06854631751775742 0.02141176536679268 -3.3327513193626146e-08
192.98485000000466 0.8213778138160706 0.06854631751775742 0.004875082056969404 -3.3327513193626146e-08
193.0744574166486 0.8213778138160706 0.06854631751775742 0.0004263558948878199 -3.3327513193626146e-08
193.0973975860008 0.8213778138160706 0.06854631751775742 -3.3384647935008616e-08 -3.3327513193626146e-08
206.11866559388557 0.8213778138160706 0.06854631751775742 -3.3384647935008616e-08 -3.3327513193626146e-08
209.99999999999997 0.8213778138160706 0.06854631751775742 -3.3348552364032e-08 -3.3327513193626146e-08
210.00009999999997 0.8213778138160706 0.06854631751775742 -3.335195941644997e-08 -3.3327513193626146e-08
210.0003 0.8213778138160706 0.06854631751775742 -3.3332849369571704e-08 -3.3327513193626146e-08
210.00070000000002 0.8213778138160706 0.06854631751775742 -3.3283381384308086e-08 -3.3327513193626146e-08
210.00100000000003 0.8213778138160706 0.06854631751775742 -3.3268904076066974e-08 -3.3327513193626146e-08
212.4419025607761 0.8213778138160706 0.06854631751775742 0.011738826520740986 -3.3327513193626146e-08
214.88280512155217 0.8213778138160706 0.06854631751775742 0.023323360830545425 -3.3327513193626146e-08
215.11718012155217 0.8213778138160706 0.06854631751775742 0.02442755550146103 -3.3327513193626146e-08
215.35155512155214 0.8213778138160706 0.06854631751775742 0.025530323386192322 -3.3327513193626146e-08
215.58593012155214 0.8213778138160706 0.06854631751775742 0.026631664484739304 -3.3327513193626146e-08
223.7890551215518 0.8213778138160706 0.06854631751775742 0.06427982449531555 -3.3327513193626146e-08
231.99218012155148 0.8213778138160706 0.06854631751775742 0.10018451511859894 -3.3327513193626146e-08
232.22655512155146 0.8213778138160706 0.06854631751775742 0.10118483752012253 -3.3327513193626146e-08
232.46093012155146 0.8213778138160706 0.06854631751775742 0.1021837443113327 -3.3327513193626146e-08
232.69530512155146 0.8213778138160706 0.06854631751775742 0.10318124294281006 -3.3327513193626146e-08
235.03905512155134 0.8213778138160706 0.06854631751775742 0.11307850480079651 -3.3327513193626146e-08
235.27343012155134 0.8213778138160706 0.06854631751775742 0.11406047642230988 -3.3327513193626146e-08
235.50780512155134 0.8213778138160706 0.06854631751775742 0.11504103243350983 -3.3327513193626146e-08
235.7421801215513 0.8213778138160706 0.06854631751775742 0.11602018773555756 -3.3327513193626146e-08
239.96093012155114 0.8213778138160706 0.06854631751775742 0.13340477645397186 -3.3327513193626146e-08
239.99999999999997 0.8213778138160706 0.06854631751775742 0.13356371223926544 -3.3327513193626146e-08
